    3,1        1,3                # harmonic with-HN
    1.202211233857687e+00
    3,2        1,3    
   -1.245365323524865e+00
    3,3        1,3    
    4.112937884029382e-01
    3,4        1,3    
    1.169294698738128e-02
    3,5        1,3    
    1.725241099311817e-02
    3,6        1,3    
    4.609023109854388e-02
    3,7        1,3    
    5.325034738764683e-02
    3,8        1,3    
    1.985229978154854e-02
    3,9        1,3    
   -1.589682697567569e-02
    3,10       1,3    
    7.593286041488252e-02
    3,1        1,14   
   -5.219256659240654e-01
    3,2        1,14   
   -2.005070733271383e-02
    3,3        1,14   
    2.651427232384579e+00
    3,4        1,14   
   -2.730293380448504e-01
    3,5        1,14   
    8.442822176336841e-02
    3,6        1,14   
    8.183800518899730e-02
    3,7        1,14   
   -7.007773755986262e-03
    3,8        1,14   
    2.366535553213040e-02
    3,9        1,14   
    2.187472028625349e-02
    3,10       1,14   
   -3.096047274462461e-01
    5,1        2,1    
   -2.999126240652955e-01
    5,1        2,2    
    8.271986193606468e-02
    8,1        6,1    
   -5.619127345878043e-01
    5,1        2,1        1,1    # C2v-planar B2 x A1 <- G8 irred-5 x irred-2 x irred-1
   -3.004735064697170e-01
    5,1        2,1        1,2    
    2.632287997328145e-02
    5,1        2,1        1,3    
   -4.896316433389988e-01
    5,1        2,1        1,5    
    2.292382571698550e-01
    5,1        2,1        1,6    
   -1.546266659608263e-01
    5,1        2,1        1,7    
   -4.157862049396923e-02
    5,1        2,1        1,8    
    1.157855867530987e-03
    5,1        2,1        1,9    
   -1.128238933986677e-02
    5,1        2,1        1,10   
   -2.354458117651079e-02
    5,1        2,1        1,11   
   -8.118825313590509e-03
    5,1        2,1        1,12   
    1.168442112850774e-02
    5,1        2,1        1,13   
    1.570897466543031e-03
    5,1        2,1        1,14   
    5.377632402969290e-02
    5,1        2,2        1,1    
   -6.522860017555392e-02
    5,1        2,2        1,2    
   -1.177887226110173e-01
    5,1        2,2        1,3    
   -1.591334063662475e-01
    5,1        2,2        1,5    
   -2.464430307649862e-01
    5,1        2,2        1,6    
    2.107181138773728e-01
    5,1        2,2        1,7    
    4.894117800325586e-02
    5,1        2,2        1,8    
   -6.152258964760745e-02
    5,1        2,2        1,9    
   -5.679653824300036e-02
    5,1        2,2        1,10   
   -7.664093424517529e-02
    5,1        2,2        1,11   
   -2.525274973634071e-02
    5,1        2,2        1,12   
    2.322344529670710e-02
    5,1        2,2        1,13   
   -6.107773945822752e-03
    5,1        2,2        1,14   
    8.934511122810114e-02
    5,1        6,1        4,1    # C2v-planar B1 x A2 <- G8 irred-5 x irred-6 x irred-4
   -1.600967996771429e-01
    5,1        6,1        4,2    
    1.035507920014859e-01
    5,1        6,1        4,3    
    7.920687536402782e-02
    5,1        8,1        7,1    # C2v-planar / C2v-perpendicular A2 x B1 <- G8 irred-5 x irred-8 x irred-7
    3.429504312360913e-01
    5,1        8,1        7,2    
   -1.802513871772445e-01
    5,1        8,1        7,3    
   -1.483664233320501e-01
    5,1        8,1        7,4    
    1.797267477196643e-01
    5,1        8,1        7,5    
    3.492093035871635e-02
    5,1        8,1        7,6    
    3.961502222043874e-01
    1,22       3,1               # 1st-scaling bias replacing an irred-1 HN coord
    2.179667409282994e-01
    1,22       3,2    
   -8.101037556393359e-03
    1,22       3,3    
   -3.607557893104994e-03
    1,22       3,4    
    5.363357458752950e-02
    1,22       3,5    
   -4.535906310688095e-02
    1,22       3,6    
   -2.281349565569376e-02
    1,22       3,7    
   -8.367567966618682e-02
    1,22       3,8    
   -6.830680167965184e-02
    1,22       3,9    
    6.880970591836433e-02
    1,22       3,10   
   -2.095058020521044e-01
    1,22       5,1        2,1    
    1.142435288595727e-01
    1,22       5,1        2,2    
    5.060890528768970e-02
    2,6        5,1               # 1st-scaling bias replacing an irred-2 HN coord
   -9.384096228163048e-01
    2,6        5,1        1,1    
   -6.140987584312494e-01
    2,6        5,1        1,2    
    1.011053991102320e-01
    2,6        5,1        1,3    
   -8.351853988833288e-01
    2,6        5,1        1,5    
    4.830788742039432e-01
    2,6        5,1        1,6    
   -7.710675334871591e-01
    2,6        5,1        1,7    
   -3.265932859378956e-01
    2,6        5,1        1,8    
   -1.266344068053128e-01
    2,6        5,1        1,9    
   -3.325649969856207e-02
    2,6        5,1        1,10   
   -3.200067529421922e-02
    2,6        5,1        1,11   
   -3.173954545521378e-02
    2,6        5,1        1,12   
   -2.388124708857484e-02
    2,6        5,1        1,13   
   -1.539241784406379e-02
    2,6        5,1        1,14   
   -2.787877902218961e-01
    1,23       3,1               # 1st-scaling redundancy bias replacing an irred-1 HN coord
   -1.244040960471284e+00
    1,23       3,2    
    1.484989280421212e+00
    1,23       3,3    
   -1.372798356853794e+00
    1,23       3,4    
   -2.958358927113245e-02
    1,23       3,5    
    2.227529899677719e-01
    1,23       3,6    
   -2.408505074086808e-02
    1,23       3,7    
    1.278841699275162e-01
    1,23       3,8    
    2.848898152482082e-01
    1,23       3,9    
   -1.649101761747213e-01
    1,23       3,10   
    1.327412157276761e-01
    1,23       5,1        2,1    
   -4.274185763216509e-02
    1,23       5,1        2,2    
   -1.745913456871175e-01
    3,1        1,18               # 2nd-scaling harmonic with-HN
   -1.385998137910774e+00
    3,2        1,18   
    1.694714300920980e+00
    3,3        1,18   
   -1.026823095549494e+00
    3,4        1,18   
    1.124957011978393e-02
    3,5        1,18   
    8.781016659219887e-02
    3,6        1,18   
   -4.295458281207152e-02
    3,7        1,18   
   -1.507599088543162e-03
    3,8        1,18   
    1.361522666402583e-01
    3,9        1,18   
   -4.538143855656574e-02
    3,10       1,18   
   -2.063142166132027e-01
    3,1        1,19   
   -3.702052825018929e+01
    3,2        1,19   
    3.028160865248667e+01
    3,3        1,19   
   -2.976930107630134e+00
    3,4        1,19   
   -3.088405857727058e+00
    3,5        1,19   
   -1.965929248210256e-01
    3,6        1,19   
   -5.275751235024704e-01
    3,7        1,19   
    1.323016564339247e-01
    3,8        1,19   
    3.485435011298662e-01
    3,9        1,19   
   -4.020876867117132e-01
    3,10       1,19   
   -6.885689596306577e-01
    5,2        2,3    
   -6.193887901104521e-01
    5,2        2,4    
    7.142313919560813e-01
    7,8        4,1    
   -1.172368501978580e+00
    7,8        4,2    
    6.763909628202245e-01
    7,8        4,3    
    7.094555936547837e-01
    5,2        2,3        1,1    # 2nd-scaling C2v-planar B2 x A1 <- G8 irred-5 x irred-2 x irred-1
   -8.596495196553229e-01
    5,2        2,3        1,2    
    9.668829751508808e-02
    5,2        2,3        1,18   
    4.367780769130475e-03
    5,2        2,3        1,19   
    2.454443083882005e+00
    5,2        2,3        1,5    
    4.200046556867679e-01
    5,2        2,3        1,6    
   -7.871425607066319e-01
    5,2        2,3        1,7    
   -6.841633808407166e-01
    5,2        2,3        1,8    
   -3.017319082487544e-01
    5,2        2,3        1,9    
   -5.531476925066939e-02
    5,2        2,3        1,10   
   -4.573394267137931e-02
    5,2        2,3        1,11   
   -7.853435293180047e-02
    5,2        2,3        1,12   
   -9.226894755031555e-02
    5,2        2,3        1,13   
   -7.713962668971037e-02
    5,2        2,4        1,1    
    2.686361707971880e-01
    5,2        2,4        1,2    
    1.907989328543384e+00
    5,2        2,4        1,18   
   -9.816597730265815e-01
    5,2        2,4        1,19   
    3.076846951387950e+00
    5,2        2,4        1,5    
    3.421071457247252e+00
    5,2        2,4        1,6    
   -6.485189820443648e+00
    5,2        2,4        1,7    
   -3.672482788928005e+00
    5,2        2,4        1,8    
   -2.770246848595756e+00
    5,2        2,4        1,9    
    1.047474235390697e+00
    5,2        2,4        1,10   
    1.640427690475064e-01
    5,2        2,4        1,11   
   -2.550034435795226e+00
    5,2        2,4        1,12   
   -1.343451872857917e+00
    5,2        2,4        1,13   
   -6.938078326456256e-01
    5,2        8,2        7,1    # 2nd-scaling C2v-planar / C2v-perpendicular A2 x B1 <- G8 irred-5 x irred-8 x irred-7
   -2.040542677012559e+00
    5,2        8,2        7,2    
    8.076459790864350e-01
    5,2        8,2        7,3    
    4.427310543380170e-01
    5,2        8,2        7,4    
    4.349592354931856e-01
    5,2        8,2        7,5    
   -6.846254079561422e-01
    5,2        8,2        7,6    
   -3.011867139563722e+00
    5,2        8,2        7,8    
   -2.402341093149198e+00
    1,24       3,1                # 2nd-scaling bias replacing an irred-1 HN coord
   -2.681249370737159e+00
    1,24       3,2    
    2.261071171834283e+00
    1,24       3,3    
   -1.048934018416599e-01
    1,24       3,4    
   -1.234925545950727e-01
    1,24       3,5    
   -8.931434172737668e-02
    1,24       3,6    
   -3.317721415862410e-02
    1,24       3,7    
   -2.878163457889648e-02
    1,24       3,8    
   -5.515596869295513e-06
    1,24       3,9    
   -5.395508722988927e-03
    1,24       3,10   
   -3.141353551781707e-01
    1,24       5,2        2,3    
   -1.471428914426144e-01
    1,24       5,2        2,4    
   -7.613100349343980e-01
    2,7        5,2               # 2nd-scaling bias replacing an irred-2 HN coord
    1.730517297491303e+00
    2,7        5,2        1,1    
   -8.811138788812547e-01
    2,7        5,2        1,2    
    4.835393993226755e-01
    2,7        5,2        1,18   
    1.252514477396657e+00
    2,7        5,2        1,19   
   -3.171751659361314e+00
    2,7        5,2        1,5    
    2.455422611323520e+00
    2,7        5,2        1,6    
   -1.526858270759682e+00
    2,7        5,2        1,7    
   -1.017002925038374e+00
    2,7        5,2        1,8    
    1.400293743139199e-01
    2,7        5,2        1,9    
    1.442234086281937e-01
    2,7        5,2        1,10   
    1.567258442463353e-01
    2,7        5,2        1,11   
    3.727126898787713e-01
    2,7        5,2        1,12   
    1.048130496015777e-01
    2,7        5,2        1,13   
    2.322929500217763e-02
    8,1        2,1        4,1               # C2v-perpendicular B1 x A2 <- G8 irred-8 x irred-2 x irred-4
    6.825848071862815e-01
    8,1        2,1        4,2    
    6.576995639337694e-01
    8,1        2,1        4,3    
   -3.513798839106558e-02
    8,1        2,2        4,1    
   -1.155775145282226e+00
    8,1        2,2        4,2    
    2.518967463684744e+00
    8,1        2,2        4,3    
   -7.369398789239313e-01
    8,1        6,1        1,1               # C2v-perpendicular B2 x A1 <- G8 irred-8 x irred-6 x irred-1
   -6.113296836077775e-01
    8,1        6,1        1,2    
    9.960475351442649e-02
    8,1        6,1        1,3    
   -1.745496463503063e-01
    8,1        6,1        1,5    
    4.684075753407719e-01
    8,1        6,1        1,6    
   -1.371790238747130e+00
    8,1        6,1        1,7    
    1.784384624973238e-01
    8,1        6,1        1,8    
   -7.984801475812989e-02
    8,1        6,1        1,9    
   -2.948192865152380e-02
    8,1        6,1        1,10   
   -6.028463741837900e-02
    8,1        6,1        1,11   
   -1.322238253655302e-02
    8,1        6,1        1,12   
    7.474537377737913e-03
    8,1        6,1        1,13   
    1.544013407955887e-02
    8,1        6,1        1,14   
    1.001041767231869e-02
    3,13                                     # HN spherical coordinate angles
    1.290690276622709e+00
    3,13       1,4    
    1.025537483876789e-01
    1,22       8,1        6,1    # 1st-scaling bias replacing an irred-1 HN coord    
    5.213373368250361e-01
    1,22       3,13   
   -1.089716340510765e+00
    2,6        8,1        4,1    # 1st-scaling bias replacing an irred-2 HN coord
   -1.284971948430281e+00
    2,6        8,1        4,2    
    4.138556224202681e+00
    2,6        8,1        4,3    
   -3.075213661609121e+00
    3,14                         # 2nd-scaling harmonic with-HN
    6.979042785479780e-01
    3,14       1,1    
    1.469821025583209e+00
    3,14       1,2    
   -3.264319004146274e-01
    3,14       1,18   
   -1.966134142939670e-01
    3,14       1,19   
    1.797683178870369e-02
    3,14       1,5    
   -1.986214821712680e+00
    3,14       1,6    
    1.471146834847443e+00
    3,14       1,7    
    1.007768054611947e+00
    3,14       1,8    
   -3.224006043139841e-02
    3,14       1,9    
   -7.339713603275670e-03
    3,14       1,10   
   -5.323622562303966e-02
    3,14       1,11   
   -3.451465007622154e-01
    3,14       1,12   
   -8.925942385897766e-02
    3,14       1,13   
   -5.739489774683804e-03
    8,2        2,3        4,1    # 2nd-scaling C2v-perpendicular B1 x A2 <- G8 irred-8 x irred-2 x irred-4
   -1.017103534456227e+00
    8,2        2,3        4,2    
    4.809453735427731e-01
    8,2        2,3        4,3    
    1.052976692608748e+00
    8,2        2,4        4,1    
    1.600702253692432e+01
    8,2        2,4        4,2    
   -2.070519598062896e+00
    8,2        2,4        4,3    
   -1.728191054357858e+01
    1,24       3,14              # 2nd-scaling bias replacing an irred-1 HN coord    
   -1.189779346260623e+00
    2,7        8,2        4,1    # 2nd-scaling bias replacing an irred-2 HN coord
   -1.163779076205329e+00
    2,7        8,2        4,2    
    1.112777724344087e-01
    2,7        8,2        4,3    
    6.142026394607649e-01
