    1    1,1    
0.183809
    1    1,2    
-0.255319
    1    1,3    
-0.0378632
    1    1,4    
0.00306979
    1    1,5    
-0.000537712
    1    1,6    
0.000907583
    1    1,7    
-0.0432947
    1    1,8    
0.0263985
    1    1,9    
0.16081
    1    1,10   
0.117475
    1    1,11   
0.00176589
    1    1,12   
-0.000188597
    1    1,13   
-0.000927888
    2    1,1        1,1    
3.43761
    2    1,2        1,1    
0.0408708
    2    1,3        1,1    
-3.35824
    2    1,4        1,1    
0.0409541
    2    1,5        1,1    
0.0261735
    2    1,6        1,1    
0.108939
    2    1,7        1,1    
-0.380448
    2    1,8        1,1    
0.0215977
    2    1,9        1,1    
4.70274
    2    1,10       1,1    
4.67957
    2    1,11       1,1    
0.134643
    2    1,12       1,1    
-0.309158
    2    1,13       1,1    
-0.044543
    2    1,2        1,2    
1.81557
    2    1,3        1,2    
0.221537
    2    1,4        1,2    
-0.0126847
    2    1,5        1,2    
0.0184969
    2    1,6        1,2    
0.0231309
    2    1,7        1,2    
-0.0125566
    2    1,8        1,2    
-0.00440248
    2    1,9        1,2    
-0.258091
    2    1,10       1,2    
-0.16088
    2    1,11       1,2    
-0.0933399
    2    1,12       1,2    
0.0951873
    2    1,13       1,2    
-0.00647938
    2    1,3        1,3    
3.31013
    2    1,4        1,3    
-0.0166473
    2    1,5        1,3    
-0.0153091
    2    1,6        1,3    
-0.0946777
    2    1,7        1,3    
0.792851
    2    1,8        1,3    
-0.134424
    2    1,9        1,3    
-4.59265
    2    1,10       1,3    
-4.66141
    2    1,11       1,3    
-0.0580049
    2    1,12       1,3    
0.227544
    2    1,13       1,3    
0.0529315
    2    1,4        1,4    
0.797837
    2    1,5        1,4    
0.0134596
    2    1,6        1,4    
0.00612847
    2    1,7        1,4    
-0.00453598
    2    1,8        1,4    
0.00178477
    2    1,9        1,4    
-0.0194151
    2    1,10       1,4    
0.0330343
    2    1,11       1,4    
-0.00194677
    2    1,12       1,4    
0.00074728
    2    1,13       1,4    
0.000837135
    2    1,5        1,5    
0.802126
    2    1,6        1,5    
0.0164611
    2    1,7        1,5    
-0.0206598
    2    1,8        1,5    
-0.0039453
    2    1,9        1,5    
0.0324486
    2    1,10       1,5    
-0.0151364
    2    1,11       1,5    
-0.00101444
    2    1,12       1,5    
-0.0075669
    2    1,13       1,5    
-0.00487815
    2    1,6        1,6    
0.807873
    2    1,7        1,6    
-0.00285339
    2    1,8        1,6    
0.00838588
    2    1,9        1,6    
0.159527
    2    1,10       1,6    
0.176568
    2    1,11       1,6    
-0.00192911
    2    1,12       1,6    
-0.00362345
    2    1,13       1,6    
0.00506134
    2    1,7        1,7    
1.71685
    2    1,8        1,7    
-0.0549497
    2    1,9        1,7    
-0.488618
    2    1,10       1,7    
-0.405437
    2    1,11       1,7    
0.0223104
    2    1,12       1,7    
-0.0227335
    2    1,13       1,7    
0.151126
    2    1,8        1,8    
0.817763
    2    1,9        1,8    
0.0546075
    2    1,10       1,8    
0.0516472
    2    1,11       1,8    
0.000802344
    2    1,12       1,8    
-0.00381654
    2    1,13       1,8    
-0.0385436
    2    1,9        1,9    
3.31095
    2    1,10       1,9    
6.40726
    2    1,11       1,9    
0.0985477
    2    1,12       1,9    
-0.498903
    2    1,13       1,9    
-0.0546561
    2    1,10       1,10   
3.42832
    2    1,11       1,10   
0.193434
    2    1,12       1,10   
-0.478704
    2    1,13       1,10   
-0.0477995
    2    1,11       1,11   
0.141498
    2    1,12       1,11   
0.00729515
    2    1,13       1,11   
0.00114664
    2    1,12       1,12   
0.141861
    2    1,13       1,12   
-0.00994633
    2    1,13       1,13   
0.173952
    2    2,1        2,1    
0.071943
    2    2,2        2,1    
-0.0644514
    2    2,3        2,1    
0.0353374
    2    2,4        2,1    
0.00559833
    2    2,5        2,1    
0.0534213
    2    2,6        2,1    
-0.0402852
    2    2,7        2,1    
-0.00399318
    2    2,2        2,2    
0.0566923
    2    2,3        2,2    
-0.0256534
    2    2,4        2,2    
0.00514418
    2    2,5        2,2    
0.00556004
    2    2,6        2,2    
-0.00238381
    2    2,7        2,2    
-0.000325874
    2    2,3        2,3    
0.049182
    2    2,4        2,3    
-0.00077635
    2    2,5        2,3    
-0.00775817
    2    2,6        2,3    
-0.0036937
    2    2,7        2,3    
-0.000558073
    2    2,4        2,4    
0.0324041
    2    2,5        2,4    
-0.0254709
    2    2,6        2,4    
-0.0117206
    2    2,7        2,4    
-0.000718664
    2    2,5        2,5    
0.073948
    2    2,6        2,5    
-0.070726
    2    2,7        2,5    
-0.0074126
    2    2,6        2,6    
0.0808886
    2    2,7        2,6    
0.0144589
    2    2,7        2,7    
0.000824355
    2    3,1        3,1    
1.46512
    2    3,2        3,1    
0.335478
    2    3,3        3,1    
0.165317
    2    3,4        3,1    
0.0116004
    2    3,5        3,1    
0.00876911
    2    3,6        3,1    
-0.00591991
    2    3,7        3,1    
0.325951
    2    3,8        3,1    
0.0951656
    2    3,9        3,1    
0.0737983
    2    3,10       3,1    
-0.0404353
    2    3,11       3,1    
0.0798052
    2    3,12       3,1    
0.00584617
    2    3,2        3,2    
1.31201
    2    3,3        3,2    
0.309531
    2    3,4        3,2    
0.00821326
    2    3,5        3,2    
0.0439067
    2    3,6        3,2    
0.00921465
    2    3,7        3,2    
0.346315
    2    3,8        3,2    
0.0255783
    2    3,9        3,2    
-0.0601714
    2    3,10       3,2    
-0.0575457
    2    3,11       3,2    
-0.0578495
    2    3,12       3,2    
-0.00282754
    2    3,3        3,3    
1.44087
    2    3,4        3,3    
-0.00619691
    2    3,5        3,3    
0.0133148
    2    3,6        3,3    
0.0153109
    2    3,7        3,3    
0.158137
    2    3,8        3,3    
0.000683232
    2    3,9        3,3    
-0.002756
    2    3,10       3,3    
-0.145043
    2    3,11       3,3    
0.084225
    2    3,12       3,3    
-0.0154819
    2    3,4        3,4    
0.799854
    2    3,5        3,4    
0.0106875
    2    3,6        3,4    
-0.00184016
    2    3,7        3,4    
-0.0388636
    2    3,8        3,4    
-0.0024972
    2    3,9        3,4    
-0.00623857
    2    3,10       3,4    
-0.00335289
    2    3,11       3,4    
0.00372114
    2    3,12       3,4    
-0.000651831
    2    3,5        3,5    
0.799881
    2    3,6        3,5    
0.00061525
    2    3,7        3,5    
0.0356296
    2    3,8        3,5    
0.000950812
    2    3,9        3,5    
0.00266603
    2    3,10       3,5    
0.00114296
    2    3,11       3,5    
-0.00969315
    2    3,12       3,5    
0.000465457
    2    3,6        3,6    
0.800056
    2    3,7        3,6    
0.00590887
    2    3,8        3,6    
-1.11721e-05
    2    3,9        3,6    
-0.000864684
    2    3,10       3,6    
-0.00274747
    2    3,11       3,6    
-0.00318222
    2    3,12       3,6    
0.0641553
    2    3,7        3,7    
0.374216
    2    3,8        3,7    
0.0242501
    2    3,9        3,7    
0.168843
    2    3,10       3,7    
-0.0959634
    2    3,11       3,7    
-0.0300408
    2    3,12       3,7    
0.0106018
    2    3,8        3,8    
0.0690252
    2    3,9        3,8    
-0.00416423
    2    3,10       3,8    
0.00644539
    2    3,11       3,8    
-0.000373162
    2    3,12       3,8    
-0.000149879
    2    3,9        3,9    
0.134417
    2    3,10       3,9    
0.00300781
    2    3,11       3,9    
-0.00470786
    2    3,12       3,9    
0.00140323
    2    3,10       3,10   
0.134899
    2    3,11       3,10   
0.00154388
    2    3,12       3,10   
-0.00332004
    2    3,11       3,11   
0.119199
    2    3,12       3,11   
-0.0122131
    2    3,12       3,12   
0.0653247
    2    4,1        4,1    
0.209842
    2    4,2        4,1    
0.0748501
    2    4,3        4,1    
0.0838349
    2    4,4        4,1    
-0.00382431
    2    4,2        4,2    
0.0606965
    2    4,3        4,2    
-0.00236596
    2    4,4        4,2    
0.000319475
    2    4,3        4,3    
0.0460024
    2    4,4        4,3    
0.00316178
    2    4,4        4,4    
0.00599015
    4    2,7        2,7        2,7        2,7    
0.0
bias
0.0796234
