-285.9209074078
-285.9200918067
-285.9213619298
-285.9213779324
-285.9202576555
-285.9203852572
-285.9211242687
-285.9208460500
-285.9208304989
-285.9208824553
-285.9207947024
-285.9209216264
-285.9207552274
-285.9218297219
-285.9198673756
-285.9204678332
-285.9211965770
-285.9198993255
-285.9212405156
-285.9200693811
-285.9210612202
-285.9208730605
-285.9209131322
-285.9208737919
-285.9209123505
-285.9206716127
-285.9211183929
-285.9209328189
-285.9208720363
-285.9208958444
-285.9208727917
-285.9208736975
-285.9208898830
-285.9209102453
-285.9208575339
-285.9209597312
-285.9208353596
-285.9214196828
-285.9203168235
-285.9213004272
-285.9204967892
-285.9208401571
-285.9208265629
-285.9208209980
-285.9208389163
-285.9208389032
-285.9208327395
-285.9208713435
-285.9209005035
-285.9208936999
-285.9208936872
-285.9208923152
-285.9208998992
-285.9208973110
-285.9208826154
-285.9208938793
-285.9209059251
