    1,3                                     # harmonic with-HN
    1,3        1,1    
    1,3        1,2    
    1,3        1,3    
    1,3        1,5    
    1,3        1,6    
    1,3        1,7    
    1,3        1,8    
    1,3        1,9    
    1,3        1,10   
    1,3        1,11   
    1,3        1,12   
    1,3        1,13   
    2,1        2,1    
    2,2        2,1    
    2,2        2,2    
    5,1        2,1        3,1               # C2v-planar B2 x B2 <- G8 irred-5 x irred-2 x irred-3
    5,1        2,1        3,2    
    5,1        2,1        3,3    
    5,1        2,1        3,4    
    5,1        2,1        3,5    
    5,1        2,1        3,6    
    5,1        2,1        3,7    
    5,1        2,1        3,8    
    5,1        2,1        3,9    
    5,1        2,1        3,10   
    5,1        2,2        3,1    
    5,1        2,2        3,2    
    5,1        2,2        3,3    
    5,1        2,2        3,4    
    5,1        2,2        3,5    
    5,1        2,2        3,6    
    5,1        2,2        3,7    
    5,1        2,2        3,8    
    5,1        2,2        3,9    
    5,1        2,2        3,10   
    8,1        2,1        7,1               # C2v-perpendicular B1 x B1 <- G8 irred-8 x irred-2 x irred-7
    8,1        2,1        7,2    
    8,1        2,1        7,3    
    8,1        2,1        7,4    
    8,1        2,1        7,5    
    8,1        2,1        7,6    
    8,1        2,2        7,1    
    8,1        2,2        7,2    
    8,1        2,2        7,3    
    8,1        2,2        7,4    
    8,1        2,2        7,5    
    8,1        2,2        7,6    
    5,1        8,1        4,1               # C2v-planar / C2v-perpendicular A2 x A2 <- G8 irred-4 x irred-5 x irred-8
    5,1        8,1        4,2    
    5,1        8,1        4,3    
    1,4                                     # HN spherical coordinate angles
    1,4        1,4    
    3,13       3,13   
    5,1        5,1    
    7,7        7,7    
    8,1        8,1    
    1,4        1,4        1,4    
    2,2        2,2        1,4    
    3,13       3,13       1,4    
    5,1        5,1        1,4    
    7,7        7,7        1,4    
    8,1        8,1        1,4    
    5,1        3,13       2,2    
    8,1        7,7        2,2    
    1,4        1,4        1,4        1,4    
    2,2        2,2        1,4        1,4    
    3,13       3,13       1,4        1,4    
    5,1        5,1        1,4        1,4    
    7,7        7,7        1,4        1,4    
    8,1        8,1        1,4        1,4    
    5,1        3,13       2,2        1,4    
    8,1        7,7        2,2        1,4    
    2,2        2,2        2,2        2,2    
    3,13       3,13       2,2        2,2    
    5,1        5,1        2,2        2,2    
    7,7        7,7        2,2        2,2    
    8,1        8,1        2,2        2,2    
    3,13       3,13       3,13       3,13   
    5,1        5,1        3,13       3,13   
    7,7        7,7        3,13       3,13   
    8,1        8,1        3,13       3,13   
    8,1        7,7        5,1        3,13   
    5,1        5,1        5,1        5,1    
    7,7        7,7        5,1        5,1    
    8,1        8,1        5,1        5,1    
    7,7        7,7        7,7        7,7    
    8,1        8,1        7,7        7,7    
    8,1        8,1        8,1        8,1    
    1,4        1,1                          # 1st-order terms coupled with NH2 rotation
    1,4        1,2    
    1,4        1,3    
    1,4        1,5    
    1,4        1,6    
    1,4        1,7    
    1,4        1,8    
    1,4        1,9    
    1,4        1,10   
    1,4        1,11   
    1,4        1,12   
    1,4        1,13   
    3,13       3,1    
    3,13       3,2    
    3,13       3,3    
    3,13       3,4    
    3,13       3,5    
    3,13       3,6    
    3,13       3,7    
    3,13       3,8    
    3,13       3,9    
    3,13       3,10   
    7,7        7,1    
    7,7        7,2    
    7,7        7,3    
    7,7        7,4    
    7,7        7,5    
    7,7        7,6    
    1,4        1,4        1,1    
    1,4        1,4        1,2    
    1,4        1,4        1,3    
    1,4        1,4        1,5    
    1,4        1,4        1,6    
    1,4        1,4        1,7    
    1,4        1,4        1,8    
    1,4        1,4        1,9    
    1,4        1,4        1,10   
    1,4        1,4        1,11   
    1,4        1,4        1,12   
    1,4        1,4        1,13   
    2,2        2,2        1,1    
    2,2        2,2        1,2    
    2,2        2,2        1,3    
    2,2        2,2        1,5    
    2,2        2,2        1,6    
    2,2        2,2        1,7    
    2,2        2,2        1,8    
    2,2        2,2        1,9    
    2,2        2,2        1,10   
    2,2        2,2        1,11   
    2,2        2,2        1,12   
    2,2        2,2        1,13   
    3,13       3,13       1,1    
    3,13       3,13       1,2    
    3,13       3,13       1,3    
    3,13       3,13       1,5    
    3,13       3,13       1,6    
    3,13       3,13       1,7    
    3,13       3,13       1,8    
    3,13       3,13       1,9    
    3,13       3,13       1,10   
    3,13       3,13       1,11   
    3,13       3,13       1,12   
    3,13       3,13       1,13   
    5,1        5,1        1,1    
    5,1        5,1        1,2    
    5,1        5,1        1,3    
    5,1        5,1        1,5    
    5,1        5,1        1,6    
    5,1        5,1        1,7    
    5,1        5,1        1,8    
    5,1        5,1        1,9    
    5,1        5,1        1,10   
    5,1        5,1        1,11   
    5,1        5,1        1,12   
    5,1        5,1        1,13   
    7,7        7,7        1,1    
    7,7        7,7        1,2    
    7,7        7,7        1,3    
    7,7        7,7        1,5    
    7,7        7,7        1,6    
    7,7        7,7        1,7    
    7,7        7,7        1,8    
    7,7        7,7        1,9    
    7,7        7,7        1,10   
    7,7        7,7        1,11   
    7,7        7,7        1,12   
    7,7        7,7        1,13   
    8,1        8,1        1,1    
    8,1        8,1        1,2    
    8,1        8,1        1,3    
    8,1        8,1        1,5    
    8,1        8,1        1,6    
    8,1        8,1        1,7    
    8,1        8,1        1,8    
    8,1        8,1        1,9    
    8,1        8,1        1,10   
    8,1        8,1        1,11   
    8,1        8,1        1,12   
    8,1        8,1        1,13   
