    1,21                                    # 4th-order Morse
   -4.095735671239403e-01
    1,21       1,21   
   -5.274752271122531e-01
    2,5        2,5    
   -1.150777460421522e+00
    1,21       1,21       1,21   
   -2.357271117577533e-01
    2,5        2,5        1,21   
    5.554771433537279e-01
    1,21       1,21       1,21       1,21   
    1.201585522205660e-01
    2,5        2,5        1,21       1,21   
    1.834909705340502e-01
    2,5        2,5        2,5        2,5    
    1.168363749722988e-01
    1,22                                    # 1st-scaling bias
   -3.071939989113032e-01
    1,22       1,22   
   -9.022326874547685e-01
    2,6        2,6    
   -1.080101871653455e+00
    1,22       1,1                          # 1st-scaling bias replacing an irred-1 HN coord
    8.913899483003228e-02
    1,22       1,2    
   -6.809204234481224e-04
    1,22       1,3    
   -9.459137026304367e-01
    1,22       1,4    
    2.475660241542028e-01
    1,22       1,5    
    3.016966828951620e-02
    1,22       1,6    
    1.076960230676031e-02
    1,22       1,7    
    4.268319704450135e-02
    1,22       1,8    
    1.453103155512605e-02
    1,22       1,9    
    3.038910016656238e-03
    1,22       1,10   
   -2.267976491045536e-03
    1,22       1,11   
   -3.758332869840034e-03
    1,22       1,12   
   -7.279221543610503e-04
    1,22       1,13   
    3.316375257620342e-04
    1,22       1,14   
    1.644028108007827e-01
    2,6        2,1                          # 1st-scaling bias replacing an irred-2 HN coord
    2.006789004461784e-01
    2,6        2,2    
   -3.142755326792523e-01
    2,6        5,1        3,1    
   -3.676603932439025e-02
    2,6        5,1        3,2    
    3.316971119977440e-02
    2,6        5,1        3,3    
   -4.330004480699545e-02
    2,6        5,1        3,4    
    1.244996629634320e-02
    2,6        5,1        3,5    
    2.211239196441800e-03
    2,6        5,1        3,6    
    4.884390699292639e-02
    2,6        5,1        3,7    
   -3.433814420527139e-03
    2,6        5,1        3,8    
    5.554062751939273e-03
    2,6        5,1        3,9    
    4.095112553109318e-03
    2,6        5,1        3,10   
    8.360965206062977e-02
    1,23                                    # 1st-scaling redundancy bias
    1.293111866348301e-01
    1,23       1,23   
   -3.599296727108445e-01
    1,23       1,1                          # 1st-scaling redundancy bias replacing an irred-1 HN coord
   -9.728302591325724e-02
    1,23       1,2    
   -1.045673653595723e-03
    1,23       1,3    
    7.236863281424101e-01
    1,23       1,4    
   -3.512021802431318e-01
    1,23       1,5    
   -6.997027131643892e-02
    1,23       1,6    
   -7.867233661143955e-02
    1,23       1,7    
   -3.813076552859372e-03
    1,23       1,8    
   -1.926969786800770e-02
    1,23       1,9    
   -1.032369020990283e-03
    1,23       1,10   
    2.269838780830371e-03
    1,23       1,11   
    4.258709654878329e-03
    1,23       1,12   
    4.598495607692985e-04
    1,23       1,13   
    3.256724737811678e-03
    1,23       1,14   
   -2.332854580277612e-01
    1,24                                    # 2nd-scaling bias
   -8.519675666237411e-01
    1,24       1,24   
    8.849023908538116e-02
    2,7        2,7    
    3.104178028408842e-02
    1,18                                    # 2nd-scaling harmonic with-HN
   -2.828756353434645e-01
    1,19   
    1.784382151136243e-01
    1,18       1,1    
    2.757799822451264e-02
    1,18       1,2    
   -2.137069194271336e-03
    1,18       1,18   
    3.060195597090353e-01
    1,18       1,19   
    1.312468006576956e-01
    1,18       1,5    
   -1.557054471804407e-02
    1,18       1,6    
   -4.572690442640104e-02
    1,18       1,7    
    4.238098054925210e-02
    1,18       1,8    
    1.548359687339690e-03
    1,18       1,9    
    2.214675023506420e-03
    1,18       1,10   
   -1.961067628557464e-03
    1,18       1,11   
   -3.956034799434938e-03
    1,18       1,12   
   -4.844214765585689e-04
    1,18       1,13   
    3.177424069300261e-03
    1,19       1,1    
    1.402808726440152e-01
    1,19       1,2    
   -2.130642375858702e-02
    1,19       1,19   
   -6.104962889367916e-04
    1,19       1,5    
    5.746792916413795e-02
    1,19       1,6    
   -6.421719463166008e-02
    1,19       1,7    
    7.306446002618586e-03
    1,19       1,8    
   -7.388323719413548e-03
    1,19       1,9    
   -6.151391331117913e-04
    1,19       1,10   
   -2.084294474665969e-02
    1,19       1,11   
   -5.914876967499659e-02
    1,19       1,12   
   -8.021446306124159e-03
    1,19       1,13   
    7.128976156645647e-03
    2,3        2,3    
   -2.758814149884093e-01
    2,4        2,3    
   -1.497168628648552e-01
    2,4        2,4    
    9.486777725134375e-02
    3,14       3,1    
    1.038609985791273e-02
    3,14       3,2    
   -5.366237963551546e-02
    3,14       3,3    
    3.402327614754951e-02
    3,14       3,4    
   -9.802560354607989e-03
    3,14       3,5    
   -5.499460916934564e-03
    3,14       3,6    
   -5.248945371115692e-02
    3,14       3,7    
    4.395213312027966e-03
    3,14       3,8    
   -7.199151159658532e-03
    3,14       3,9    
   -9.697549084486383e-03
    3,14       3,10   
   -2.363540605793240e-02
    3,14       3,14   
    7.176391668136367e-02
    7,8        7,1    
   -8.271606439947792e-04
    7,8        7,2    
    2.427722050633597e-03
    7,8        7,3    
   -1.416910333522068e-03
    7,8        7,4    
   -8.040598223667517e-04
    7,8        7,5    
   -1.935794044860187e-03
    7,8        7,6    
   -2.713096468053119e-03
    7,8        7,8    
    4.572885552154404e-02
    5,2        2,3        3,1               # 2nd-scaling C2v-planar B2 x B2 <- G8 irred-5 x irred-2 x irred-3
   -1.875394645173139e-02
    5,2        2,3        3,2    
   -5.815170685736274e-03
    5,2        2,3        3,3    
    8.249907438726285e-03
    5,2        2,3        3,4    
   -4.795555081904210e-03
    5,2        2,3        3,5    
    7.639671128378406e-04
    5,2        2,3        3,6    
    1.658162243444931e-02
    5,2        2,3        3,7    
   -3.316313153823053e-04
    5,2        2,3        3,8    
    1.160451346911231e-03
    5,2        2,3        3,9    
    1.323410048181697e-03
    5,2        2,3        3,10   
    5.527694029492573e-03
    5,2        2,4        3,1    
    2.140873450075177e-01
    5,2        2,4        3,2    
   -3.193687386392559e-01
    5,2        2,4        3,3    
    2.672636529172189e-01
    5,2        2,4        3,4    
    1.875107253092310e-02
    5,2        2,4        3,5    
   -5.765529220958573e-03
    5,2        2,4        3,6    
    9.573543472791649e-02
    5,2        2,4        3,7    
    9.454616591404327e-03
    5,2        2,4        3,8    
    1.097528940991944e-02
    5,2        2,4        3,9    
    3.856288243440234e-02
    5,2        2,4        3,10   
   -1.306877649054621e-01
    5,2        8,2        4,1               # 2nd-scaling C2v-planar / C2v-perpendicular A2 x A2 <- G8 irred-4 x irred-5 x irred-8
    1.471786026888834e-01
    5,2        8,2        4,2    
   -1.251005220709067e-01
    5,2        8,2        4,3    
   -3.751874443274408e-02
    8,2        8,2                          # 2nd-scaling NH2 rotation
   -1.101722874145463e-02
    1,24       1,1                          # 2nd-scaling bias replacing an irred-1 HN coord
    2.913105471312164e-02
    1,24       1,2    
   -4.041744604937437e-03
    1,24       1,18   
    4.884750360739316e-01
    1,24       1,19   
    1.179803005009512e-03
    1,24       1,5    
    3.263821173957907e-02
    1,24       1,6    
    1.310894418521259e-03
    1,24       1,7    
    1.790603502359952e-02
    1,24       1,8    
   -8.508270963945311e-05
    1,24       1,9    
   -1.740890422324988e-03
    1,24       1,10   
   -5.758237947278181e-03
    1,24       1,11   
   -1.604159456726039e-02
    1,24       1,12   
   -4.752849049058893e-04
    1,24       1,13   
    2.411811467827998e-03
    2,7        2,3                          # 2nd-scaling bias replacing an irred-2 HN coord
    5.841625211241136e-01
    2,7        2,4    
   -9.211946204841673e-02
    2,7        5,2        3,1    
   -3.368810521996740e-02
    2,7        5,2        3,2    
    1.102169498865328e-01
    2,7        5,2        3,3    
   -6.267152221477357e-03
    2,7        5,2        3,4    
    2.038447994102423e-02
    2,7        5,2        3,5    
    9.800593709876182e-03
    2,7        5,2        3,6    
    4.825529811845842e-02
    2,7        5,2        3,7    
   -7.449282281173924e-03
    2,7        5,2        3,8    
    1.382010096589454e-02
    2,7        5,2        3,9    
    1.835303252792999e-02
    2,7        5,2        3,10   
   -2.952775345095914e-02
bias
    3.590901206738006e+00
