 N    0.00000001   -0.03105125   -4.29100467
 C   -0.00000001   -0.01882728   -1.77752461
 C    0.00000000   -2.35107611   -0.40004388
 C   -0.00000002    2.32670929   -0.42279365
 C   -0.00000000   -2.29949994    2.17475890
 C    0.00000000    2.30017937    2.15238899
 C    0.00000000    0.00671845    3.47516208
 H   -0.00000000   -1.68879456   -5.30259589
 H    0.00000001    1.61677441   -5.31867207
 H   -0.00000000   -4.01492189   -1.54564648
 H   -0.00000002    4.12658154   -1.33998938
 H   -0.00000001   -4.03665449    3.21568694
 H    0.00000002    4.04737633    3.17637136
 H    0.00000001    0.01657397    5.50164650
 N   -0.00000000   -0.06203345   -4.29180809
 C   -0.00000000   -0.03760518   -1.77841702
 C   -0.00000001   -2.36313803   -0.38962808
 C   -0.00000000    2.31448177   -0.43509102
 C    0.00000000   -2.29906026    2.18489392
 C   -0.00000000    2.30045620    2.14019008
 C    0.00000000    0.01344517    3.47408370
 H   -0.00000000   -1.72466910   -5.29533805
 H    0.00000001    1.58078284   -5.32746456
 H   -0.00000001   -3.94798795   -1.64224088
 H   -0.00000001    4.17081084   -1.23185353
 H    0.00000001   -4.03114000    3.23424461
 H   -0.00000000    4.05260461    3.15567670
 H    0.00000000    0.03314038    5.50049637
 N   -0.00000001   -0.09284013   -4.29314465
 C    0.00000001   -0.05626171   -1.77990105
 C    0.00000000   -2.37505360   -0.37988607
 C    0.00000003    2.30229178   -0.44796141
 C    0.00000000   -2.29853061    2.19429606
 C   -0.00000000    2.30071600    2.12735740
 C   -0.00000001    0.02018010    3.47229148
 H   -0.00000001   -1.76030770   -5.28862524
 H   -0.00000003    1.54495031   -5.33673085
 H    0.00000001   -3.87400796   -1.73411055
 H    0.00000003    4.20704422   -1.12079588
 H    0.00000001   -4.02551726    3.25200786
 H   -0.00000002    4.05775308    3.13436178
 H   -0.00000002    0.04967132    5.49858526
 N   -0.00000000   -0.12338089   -4.29501084
 C   -0.00000000   -0.07473528   -1.78197184
 C   -0.00000001   -2.38677812   -0.37083907
 C    0.00000001    2.29018647   -0.46137240
 C    0.00000000   -2.29789579    2.20294596
 C   -0.00000000    2.30097639    2.11392428
 C   -0.00000000    0.02692463    3.46979311
 H    0.00000001   -1.79560914   -5.28247343
 H   -0.00000001    1.50937978   -5.34644904
 H   -0.00000001   -3.79328688   -1.82084638
 H    0.00000000    4.23511707   -1.00729645
 H    0.00000001   -4.01978382    3.26893788
 H   -0.00000001    4.06282845    3.11248045
 H   -0.00000000    0.06614498    5.49592192
 N   -0.00000001   -0.15356704   -4.29740165
 C   -0.00000001   -0.09296519   -1.78462254
 C    0.00000001   -2.39826785   -0.36250531
 C   -0.00000001    2.27821308   -0.47529015
 C   -0.00000000   -2.29714071    2.21082769
 C    0.00000000    2.30125586    2.09992605
 C    0.00000000    0.03368093    3.46659923
 H    0.00000002   -1.83047461   -5.27689676
 H   -0.00000002    1.47417252   -5.35659645
 H    0.00000001   -3.70615607   -1.90205607
 H   -0.00000000    4.25489432   -0.89184672
 H   -0.00000002   -4.01393736    3.28500011
 H    0.00000001    4.06783902    3.09008821
 H    0.00000001    0.08254095    5.49251851
 N   -0.00000001   -0.18331032   -4.30031078
 C   -0.00000000   -0.11089121   -1.78784449
 C   -0.00000000   -2.40947993   -0.35490079
 C    0.00000001    2.26641879   -0.48967850
 C    0.00000000   -2.29625120    2.21792814
 C   -0.00000000    2.30157292    2.08540085
 C   -0.00000000    0.04045072    3.46272363
 H   -0.00000001   -1.86480604   -5.27190834
 H    0.00000000    1.43942969   -5.36714935
 H   -0.00000000   -3.61297178   -1.97736665
 H    0.00000000    4.26627130   -0.77494684
 H    0.00000001   -4.00797688    3.30016300
 H   -0.00000001    4.07279341    3.06724357
 H   -0.00000000    0.09883838    5.48839071
 N   -0.00000000   -0.21252371   -4.30373032
 C   -0.00000000   -0.12845391   -1.79162688
 C    0.00000000   -2.42037270   -0.34803898
 C   -0.00000001    2.25485073   -0.50449955
 C   -0.00000000   -2.29521378    2.22423719
 C   -0.00000000    2.30194632    2.07038908
 C    0.00000001    0.04723571    3.45818292
 H    0.00000000   -1.89850710   -5.26751955
 H    0.00000001    1.40525142   -5.37808281
 H   -0.00000000   -3.51411496   -2.04642527
 H   -0.00000001    4.26917437   -0.65710489
 H   -0.00000002   -4.00190223    3.31439848
 H   -0.00000001    4.07770101    3.04400728
 H    0.00000002    0.11501669    5.48355744
 N    0.00000000   -0.24112171   -4.30765093
 C   -0.00000001   -0.14559492   -1.79595707
 C   -0.00000001   -2.43090560   -0.34193065
 C   -0.00000002    2.24355562   -0.51971358
 C   -0.00000000   -2.29401564    2.22974791
 C   -0.00000000    2.30239493    2.05493346
 C    0.00000001    0.05403758    3.45299674
 H    0.00000003   -1.93148347   -5.26374027
 H    0.00000001    1.37173641   -5.38937103
 H   -0.00000002   -3.40999011   -2.10890027
 H   -0.00000002    4.26356118   -0.53883560
 H   -0.00000001   -3.99571405    3.32768218
 H    0.00000001    4.08257189    3.02044221
 H    0.00000003    0.13105572    5.47804104
 N   -0.00000001   -0.26902488   -4.31206368
 C   -0.00000001   -0.16226294   -1.80082230
 C    0.00000000   -2.44104611   -0.33658698
 C   -0.00000002    2.23257295   -0.53527941
 C    0.00000000   -2.29265311    2.23445346
 C    0.00000000    2.30292942    2.03907865
 C   -0.00000000    0.06084884    3.44718601
 H    0.00000001   -1.96364681   -5.26058159
 H   -0.00000000    1.33897801   -5.40098810
 H    0.00000000   -3.30103012   -2.16448622
 H   -0.00000001    4.24941455   -0.42065793
 H    0.00000000   -3.98942286    3.33998932
 H    0.00000002    4.08740779    2.99661408
 H   -0.00000001    0.14692528    5.47186551
 N    0.00000002   -0.29614207   -4.31694968
 C    0.00000002   -0.17839080   -1.80619958
 C    0.00000008   -2.45074398   -0.33200528
 C   -0.00000003    2.22196076   -0.55114971
 C    0.00000005   -2.29110034    2.23836110
 C   -0.00000003    2.30358313    2.02287578
 C   -0.00000000    0.06768655    3.44078203
 H    0.00000007   -1.99489891   -5.25804206
 H   -0.00000002    1.30707979   -5.41290103
 H    0.00000011   -3.18767328   -2.21288893
 H   -0.00000005    4.22676895   -0.30309284
 H    0.00000008   -3.98301551    3.35131222
 H   -0.00000005    4.09223503    2.97259233
 H   -0.00000003    0.16262309    5.46506543
