    15.375368     0.065227    -7.839724     0.107071    -0.000275     0.294420    -0.929358     0.194002
    15.998839    16.107948     0.518806    -1.010729    -0.176084     0.000000     0.000000     0.000000
     0.000000     0.000000     0.000000     0.000000     0.000000     0.000000     0.000000     0.000000
     0.000000     0.000000     0.000000     0.000000     0.000000     0.000000     0.000000     0.000000
     0.000000     0.000000     0.000000     0.000000
     0.065227     6.297979     0.930639    -0.014788     0.044401     0.038772    -0.176262    -0.110332
    -1.493924    -1.300838    -0.267053     0.233941     0.012967     0.000000     0.000000     0.000000
     0.000000     0.000000     0.000000     0.000000     0.000000     0.000000     0.000000     0.000000
     0.000000     0.000000     0.000000     0.000000     0.000000     0.000000     0.000000     0.000000
     0.000000     0.000000     0.000000     0.000000
    -7.839724     0.930639    13.946129    -0.016743     0.033146    -0.277633     2.219311    -0.220743
   -14.681459   -15.022808    -0.245950     0.723551     0.243427     0.000000     0.000000     0.000000
     0.000000     0.000000     0.000000     0.000000     0.000000     0.000000     0.000000     0.000000
     0.000000     0.000000     0.000000     0.000000     0.000000     0.000000     0.000000     0.000000
     0.000000     0.000000     0.000000     0.000000
     0.107071    -0.014788    -0.016743     5.993938     0.056989     0.015616    -0.010544    -0.004455
    -0.099183     0.100505    -0.010772     0.008955    -0.000302     0.000000     0.000000     0.000000
     0.000000     0.000000     0.000000     0.000000     0.000000     0.000000     0.000000     0.000000
     0.000000     0.000000     0.000000     0.000000     0.000000     0.000000     0.000000     0.000000
     0.000000     0.000000     0.000000     0.000000
    -0.000275     0.044401     0.033146     0.056989     6.117140     0.049856     0.001688    -0.012445
    -0.019765    -0.221014     0.005593    -0.009170     0.001043     0.000000     0.000000     0.000000
     0.000000     0.000000     0.000000     0.000000     0.000000     0.000000     0.000000     0.000000
     0.000000     0.000000     0.000000     0.000000     0.000000     0.000000     0.000000     0.000000
     0.000000     0.000000     0.000000     0.000000
     0.294420     0.038772    -0.277633     0.015616     0.049856     6.118972     0.004690     0.008879
     0.585313     0.656741     0.009544    -0.029444     0.007643     0.000000     0.000000     0.000000
     0.000000     0.000000     0.000000     0.000000     0.000000     0.000000     0.000000     0.000000
     0.000000     0.000000     0.000000     0.000000     0.000000     0.000000     0.000000     0.000000
     0.000000     0.000000     0.000000     0.000000
    -0.929358    -0.176262     2.219311    -0.010544     0.001688     0.004690     6.800182    -0.321971
    -2.138152    -2.059026    -0.017596     0.038986     0.418826     0.000000     0.000000     0.000000
     0.000000     0.000000     0.000000     0.000000     0.000000     0.000000     0.000000     0.000000
     0.000000     0.000000     0.000000     0.000000     0.000000     0.000000     0.000000     0.000000
     0.000000     0.000000     0.000000     0.000000
     0.194002    -0.110332    -0.220743    -0.004455    -0.012445     0.008879    -0.321971     6.969264
     0.329952     0.292890     0.005084    -0.000657    -0.123326     0.000000     0.000000     0.000000
     0.000000     0.000000     0.000000     0.000000     0.000000     0.000000     0.000000     0.000000
     0.000000     0.000000     0.000000     0.000000     0.000000     0.000000     0.000000     0.000000
     0.000000     0.000000     0.000000     0.000000
    15.998839    -1.493924   -14.681459    -0.099183    -0.019765     0.585313    -2.138152     0.329952
    31.280627    30.544448     0.567275    -2.283000    -0.331214     0.000000     0.000000     0.000000
     0.000000     0.000000     0.000000     0.000000     0.000000     0.000000     0.000000     0.000000
     0.000000     0.000000     0.000000     0.000000     0.000000     0.000000     0.000000     0.000000
     0.000000     0.000000     0.000000     0.000000
    16.107948    -1.300838   -15.022808     0.100505    -0.221014     0.656741    -2.059026     0.292890
    30.544448    32.717301     0.985102    -2.224947    -0.329584     0.000000     0.000000     0.000000
     0.000000     0.000000     0.000000     0.000000     0.000000     0.000000     0.000000     0.000000
     0.000000     0.000000     0.000000     0.000000     0.000000     0.000000     0.000000     0.000000
     0.000000     0.000000     0.000000     0.000000
     0.518806    -0.267053    -0.245950    -0.010772     0.005593     0.009544    -0.017596     0.005084
     0.567275     0.985102     1.193046     0.022666    -0.006003     0.000000     0.000000     0.000000
     0.000000     0.000000     0.000000     0.000000     0.000000     0.000000     0.000000     0.000000
     0.000000     0.000000     0.000000     0.000000     0.000000     0.000000     0.000000     0.000000
     0.000000     0.000000     0.000000     0.000000
    -1.010729     0.233941     0.723551     0.008955    -0.009170    -0.029444     0.038986    -0.000657
    -2.283000    -2.224947     0.022666     1.191094    -0.018919     0.000000     0.000000     0.000000
     0.000000     0.000000     0.000000     0.000000     0.000000     0.000000     0.000000     0.000000
     0.000000     0.000000     0.000000     0.000000     0.000000     0.000000     0.000000     0.000000
     0.000000     0.000000     0.000000     0.000000
    -0.176084     0.012967     0.243427    -0.000302     0.001043     0.007643     0.418826    -0.123326
    -0.331214    -0.329584    -0.006003    -0.018919     1.492263     0.000000     0.000000     0.000000
     0.000000     0.000000     0.000000     0.000000     0.000000     0.000000     0.000000     0.000000
     0.000000     0.000000     0.000000     0.000000     0.000000     0.000000     0.000000     0.000000
     0.000000     0.000000     0.000000     0.000000
     0.000000     0.000000     0.000000     0.000000     0.000000     0.000000     0.000000     0.000000
     0.000000     0.000000     0.000000     0.000000     0.000000     0.558314    -0.425520     0.330514
     0.236286     0.332543    -0.232888     0.002038     0.000000     0.000000     0.000000     0.000000
     0.000000     0.000000     0.000000     0.000000     0.000000     0.000000     0.000000     0.000000
     0.000000     0.000000     0.000000     0.000000
     0.000000     0.000000     0.000000     0.000000     0.000000     0.000000     0.000000     0.000000
     0.000000     0.000000     0.000000     0.000000     0.000000    -0.425520     1.963284    -0.356998
    -0.070031     0.052666    -0.022656     0.002001     0.000000     0.000000     0.000000     0.000000
     0.000000     0.000000     0.000000     0.000000     0.000000     0.000000     0.000000     0.000000
     0.000000     0.000000     0.000000     0.000000
     0.000000     0.000000     0.000000     0.000000     0.000000     0.000000     0.000000     0.000000
     0.000000     0.000000     0.000000     0.000000     0.000000     0.330514    -0.356998     2.144643
    -0.375882    -0.338974    -0.126142    -0.016865     0.000000     0.000000     0.000000     0.000000
     0.000000     0.000000     0.000000     0.000000     0.000000     0.000000     0.000000     0.000000
     0.000000     0.000000     0.000000     0.000000
     0.000000     0.000000     0.000000     0.000000     0.000000     0.000000     0.000000     0.000000
     0.000000     0.000000     0.000000     0.000000     0.000000     0.236286    -0.070031    -0.375882
     1.900920     0.147065    -0.145199     0.010655     0.000000     0.000000     0.000000     0.000000
     0.000000     0.000000     0.000000     0.000000     0.000000     0.000000     0.000000     0.000000
     0.000000     0.000000     0.000000     0.000000
     0.000000     0.000000     0.000000     0.000000     0.000000     0.000000     0.000000     0.000000
     0.000000     0.000000     0.000000     0.000000     0.000000     0.332543     0.052666    -0.338974
     0.147065     0.932141    -0.366979     0.011106     0.000000     0.000000     0.000000     0.000000
     0.000000     0.000000     0.000000     0.000000     0.000000     0.000000     0.000000     0.000000
     0.000000     0.000000     0.000000     0.000000
     0.000000     0.000000     0.000000     0.000000     0.000000     0.000000     0.000000     0.000000
     0.000000     0.000000     0.000000     0.000000     0.000000    -0.232888    -0.022656    -0.126142
    -0.145199    -0.366979     2.132734     0.293817     0.000000     0.000000     0.000000     0.000000
     0.000000     0.000000     0.000000     0.000000     0.000000     0.000000     0.000000     0.000000
     0.000000     0.000000     0.000000     0.000000
     0.000000     0.000000     0.000000     0.000000     0.000000     0.000000     0.000000     0.000000
     0.000000     0.000000     0.000000     0.000000     0.000000     0.002038     0.002001    -0.016865
     0.010655     0.011106     0.293817     0.154798     0.000000     0.000000     0.000000     0.000000
     0.000000     0.000000     0.000000     0.000000     0.000000     0.000000     0.000000     0.000000
     0.000000     0.000000     0.000000     0.000000
     0.000000     0.000000     0.000000     0.000000     0.000000     0.000000     0.000000     0.000000
     0.000000     0.000000     0.000000     0.000000     0.000000     0.000000     0.000000     0.000000
     0.000000     0.000000     0.000000     0.000000     5.110494     2.052668    -0.211290     0.031744
     0.055969     0.008100     0.751956     0.251330     0.245695    -0.148469    -0.135109     0.027576
     0.000000     0.000000     0.000000     0.000000
     0.000000     0.000000     0.000000     0.000000     0.000000     0.000000     0.000000     0.000000
     0.000000     0.000000     0.000000     0.000000     0.000000     0.000000     0.000000     0.000000
     0.000000     0.000000     0.000000     0.000000     2.052668     5.601350     0.954139     0.042037
     0.120594     0.020851     1.232094     0.080467    -0.153558    -0.222247    -0.069865     0.008293
     0.000000     0.000000     0.000000     0.000000
     0.000000     0.000000     0.000000     0.000000     0.000000     0.000000     0.000000     0.000000
     0.000000     0.000000     0.000000     0.000000     0.000000     0.000000     0.000000     0.000000
     0.000000     0.000000     0.000000     0.000000    -0.211290     0.954139     6.201220    -0.011678
     0.050522     0.036461     0.413166    -0.011873    -0.013579    -0.464320     0.384007    -0.012168
     0.000000     0.000000     0.000000     0.000000
     0.000000     0.000000     0.000000     0.000000     0.000000     0.000000     0.000000     0.000000
     0.000000     0.000000     0.000000     0.000000     0.000000     0.000000     0.000000     0.000000
     0.000000     0.000000     0.000000     0.000000     0.031744     0.042037    -0.011678     6.092939
     0.040161    -0.006588    -0.151778    -0.009210    -0.009672    -0.010481     0.011095    -0.001994
     0.000000     0.000000     0.000000     0.000000
     0.000000     0.000000     0.000000     0.000000     0.000000     0.000000     0.000000     0.000000
     0.000000     0.000000     0.000000     0.000000     0.000000     0.000000     0.000000     0.000000
     0.000000     0.000000     0.000000     0.000000     0.055969     0.120594     0.050522     0.040161
     6.087639     0.001773     0.158177     0.006351     0.009594    -0.010548    -0.031220     0.004755
     0.000000     0.000000     0.000000     0.000000
     0.000000     0.000000     0.000000     0.000000     0.000000     0.000000     0.000000     0.000000
     0.000000     0.000000     0.000000     0.000000     0.000000     0.000000     0.000000     0.000000
     0.000000     0.000000     0.000000     0.000000     0.008100     0.020851     0.036461    -0.006588
     0.001773     6.809423     0.022226    -0.000800    -0.003892    -0.011078    -0.014592     0.227220
     0.000000     0.000000     0.000000     0.000000
     0.000000     0.000000     0.000000     0.000000     0.000000     0.000000     0.000000     0.000000
     0.000000     0.000000     0.000000     0.000000     0.000000     0.000000     0.000000     0.000000
     0.000000     0.000000     0.000000     0.000000     0.751956     1.232094     0.413166    -0.151778
     0.158177     0.022226     3.102249     0.111204     0.685666    -0.427112    -0.216718     0.049296
     0.000000     0.000000     0.000000     0.000000
     0.000000     0.000000     0.000000     0.000000     0.000000     0.000000     0.000000     0.000000
     0.000000     0.000000     0.000000     0.000000     0.000000     0.000000     0.000000     0.000000
     0.000000     0.000000     0.000000     0.000000     0.251330     0.080467    -0.011873    -0.009210
     0.006351    -0.000800     0.111204     0.609467    -0.020629     0.028517     0.002031    -0.001156
     0.000000     0.000000     0.000000     0.000000
     0.000000     0.000000     0.000000     0.000000     0.000000     0.000000     0.000000     0.000000
     0.000000     0.000000     0.000000     0.000000     0.000000     0.000000     0.000000     0.000000
     0.000000     0.000000     0.000000     0.000000     0.245695    -0.153558    -0.013579    -0.009672
     0.009594    -0.003892     0.685666    -0.020629     1.139301     0.015418    -0.033495     0.007519
     0.000000     0.000000     0.000000     0.000000
     0.000000     0.000000     0.000000     0.000000     0.000000     0.000000     0.000000     0.000000
     0.000000     0.000000     0.000000     0.000000     0.000000     0.000000     0.000000     0.000000
     0.000000     0.000000     0.000000     0.000000    -0.148469    -0.222247    -0.464320    -0.010481
    -0.010548    -0.011078    -0.427112     0.028517     0.015418     1.137614    -0.003648    -0.018979
     0.000000     0.000000     0.000000     0.000000
     0.000000     0.000000     0.000000     0.000000     0.000000     0.000000     0.000000     0.000000
     0.000000     0.000000     0.000000     0.000000     0.000000     0.000000     0.000000     0.000000
     0.000000     0.000000     0.000000     0.000000    -0.135109    -0.069865     0.384007     0.011095
    -0.031220    -0.014592    -0.216718     0.002031    -0.033495    -0.003648     1.011211    -0.056567
     0.000000     0.000000     0.000000     0.000000
     0.000000     0.000000     0.000000     0.000000     0.000000     0.000000     0.000000     0.000000
     0.000000     0.000000     0.000000     0.000000     0.000000     0.000000     0.000000     0.000000
     0.000000     0.000000     0.000000     0.000000     0.027576     0.008293    -0.012168    -0.001994
     0.004755     0.227220     0.049296    -0.001156     0.007519    -0.018979    -0.056567     0.565012
     0.000000     0.000000     0.000000     0.000000
     0.000000     0.000000     0.000000     0.000000     0.000000     0.000000     0.000000     0.000000
     0.000000     0.000000     0.000000     0.000000     0.000000     0.000000     0.000000     0.000000
     0.000000     0.000000     0.000000     0.000000     0.000000     0.000000     0.000000     0.000000
     0.000000     0.000000     0.000000     0.000000     0.000000     0.000000     0.000000     0.000000
     1.681350     0.932382     0.383076     0.061594
     0.000000     0.000000     0.000000     0.000000     0.000000     0.000000     0.000000     0.000000
     0.000000     0.000000     0.000000     0.000000     0.000000     0.000000     0.000000     0.000000
     0.000000     0.000000     0.000000     0.000000     0.000000     0.000000     0.000000     0.000000
     0.000000     0.000000     0.000000     0.000000     0.000000     0.000000     0.000000     0.000000
     0.932382     2.120227    -0.220512     0.022048
     0.000000     0.000000     0.000000     0.000000     0.000000     0.000000     0.000000     0.000000
     0.000000     0.000000     0.000000     0.000000     0.000000     0.000000     0.000000     0.000000
     0.000000     0.000000     0.000000     0.000000     0.000000     0.000000     0.000000     0.000000
     0.000000     0.000000     0.000000     0.000000     0.000000     0.000000     0.000000     0.000000
     0.383076    -0.220512     1.560895     0.044995
     0.000000     0.000000     0.000000     0.000000     0.000000     0.000000     0.000000     0.000000
     0.000000     0.000000     0.000000     0.000000     0.000000     0.000000     0.000000     0.000000
     0.000000     0.000000     0.000000     0.000000     0.000000     0.000000     0.000000     0.000000
     0.000000     0.000000     0.000000     0.000000     0.000000     0.000000     0.000000     0.000000
     0.061594     0.022048     0.044995     0.158192
