    1.95597154286044    1.95788459540803    1.96777151155477
    1.07368691722913    1.51827746487623    1.51660215928253
    1.46551750500463    1.46674613899129    2.08943311646849
    2.96802017029046    2.96130866293068    2.97040268289407
    2.57505453562798   -0.00000150651921   -0.00000139506873
    0.00000137142469   -0.00000031745897    0.00000175818040
    0.00000119617192    0.95377048526029   -0.00261769557675
    0.00260917284578   -0.00455426069433   -0.00035272229509
   -0.00158045137931   -0.00000038022803    0.00145038147028
    0.00150857545377   -0.00105472280499    0.01009330752916
   -0.07477427586022    0.00000049740407    0.00000006256670
   -0.00000020960106   -0.00000023843213    2.22144177874021
