    1    1,1    
   -4.129064056893258e-03    1.899979420079245e-02   -1.393073921410258e-02   -4.226929916769379e-02    2.349954154052963e-02   -1.720523774360981e-02   -1.556215795489399e-02   -3.220346552969744e-02   -6.337758332842764e-03
    1    1,2    
    2.948192752025134e-01   -1.627964213720839e-02    3.987255499844130e-01    8.745377739026347e-02   -5.760882544613107e-02   -1.781627901112166e-01   -4.600540043888315e-02    9.783249997872178e-03   -2.157643735050886e-01
    1    1,3    
   -4.204088087721108e-02    8.707646717596774e-02   -1.123199701173085e-01    6.032476310912169e-02   -3.956542894512811e-02    4.734422505155136e-02    3.482831469456779e-02    2.219277704361952e-02   -8.732907472491676e-02
    1    1,4    
    1.310660925445727e-02   -2.304935420572791e-02    1.365964477450891e-02    6.288877636421299e-02   -3.863887023665999e-02   -6.118264167043044e-03    3.708483301784952e-02    5.967367161897381e-02   -3.388801845268159e-02
    1    1,5    
   -1.539014529769390e-02    2.146726166662501e-02    1.051011405433019e-02    6.436436949790292e-02    6.254050955793203e-03    8.906969003993575e-03    6.102116770365452e-02   -1.017422949801598e-03    3.813702105647414e-02
    1    1,6    
   -4.847458195558108e-02   -2.610513177145935e-02    8.464096190520930e-03   -2.276745407928340e-02   -1.823277882981829e-02    5.370078344681346e-02   -2.006813443864179e-03   -2.812602066780120e-02    6.836757808319621e-02
    1    1,7    
    2.014530725219862e-01   -6.643586017662620e-02    3.455982056326971e-01    1.043492315223886e-01   -3.099439968578053e-02    1.629751429210266e-02    1.301909094100449e-02   -8.308265758152307e-02   -2.795205390840593e-02
    1    1,8    
   -6.946768390238613e-02    9.277591593553404e-03   -1.899616883881519e-01   -7.456537327839759e-02    3.013220004767477e-03    1.022783467168321e-02    2.113667586109613e-02    7.813076046867727e-02    1.460859159008472e-03
    1    1,9    
    3.443744941371001e-02    4.937409475489693e-02   -1.042695793330167e-02    1.074898835080891e-02   -6.435477515096162e-03   -3.454994829256396e-02   -2.874847472499724e-02    9.378925440097280e-02    1.856654874573249e-02
    1    1,10   
    3.296492337672286e-02   -2.559479015122491e-02    9.427003366877540e-02    4.181582190142070e-03   -6.482573936589330e-02    3.056034171785363e-02    1.959167351295565e-02    2.448171057825944e-02    1.700177435206247e-02
    1    1,11   
    5.397141485821138e-02   -2.291551592783842e-02    7.564012916523487e-02   -1.227301642386651e-02    2.075609983005607e-02   -4.138315144768929e-02    3.172861804555443e-02   -7.925210264914047e-02   -8.102459485059468e-02
    1    1,12   
   -1.162188889505487e-01    4.888089669905276e-02   -2.093094165667378e-01    8.848032065233982e-05    7.475720868049829e-02    2.025118949877431e-02    9.204941766172666e-03    2.500211593995338e-02    9.197555282076612e-02
    1    1,13   
   -2.006121780303400e-01    5.049306685919542e-02   -2.269580920960881e-01   -4.035620226150379e-02   -6.226092189263247e-02   -6.431886930330728e-02   -8.604446132231502e-03    8.835766914243565e-02   -7.670709630405598e-02
    2    1,1        1,1    
   -3.660015814798668e-01    1.684352133815565e-01    2.846585014790453e-01   -3.124345243668013e-02    2.612830306685306e-01    6.715644176353187e-02   -1.074742740364470e-01    1.466801886172211e-01   -9.463786443898331e-02
    2    1,2        1,1    
   -1.749646076712243e-02    7.872018619210155e-05   -8.036619372479271e-02   -4.774813027194028e-02    5.852312528627043e-02    4.893711990739830e-02    7.636651004595328e-02   -5.520906416386354e-02    1.257868289993275e-02
    2    1,3        1,1    
    1.461780616376806e-01   -1.196287966077514e-02   -3.017111995186788e-01    3.682243538816189e-02   -2.927615211569722e-01   -1.118769415542086e-01    6.138087162927380e-03   -1.217673164780265e-01    1.802571676879267e-01
    2    1,4        1,1    
   -2.037931808902100e-02   -7.773028814469614e-02    3.568957583212799e-02   -3.710647295751973e-02   -3.621968549483913e-02   -1.501890740131465e-02    7.476595964138504e-03    5.844330668349970e-02    4.691923737826464e-02
    2    1,5        1,1    
   -5.083655733858723e-02   -2.208072261218640e-02   -3.564619634280690e-02    8.629155569028676e-03   -1.440208480981117e-02   -5.295092676202130e-02    4.271299652873178e-02    8.033271560463062e-02    2.787341756420502e-02
    2    1,6        1,1    
   -2.461312226487316e-02   -8.005229290371742e-02   -3.961848263930295e-02   -6.511960270748952e-02    2.081111212671787e-02    5.902189289173707e-02   -2.194112944181567e-02   -9.429150322538271e-03    2.058767618032731e-02
    2    1,7        1,1    
   -2.985695080697863e-03   -4.064967655435899e-02   -2.523833460183461e-02    2.161364173166124e-02   -1.261098773099063e-02   -5.851079581485442e-02    1.982911044360263e-02   -2.762141184228718e-02    6.853402215262577e-04
    2    1,8        1,1    
   -1.588488151686056e-02    1.281883062979102e-02   -4.103301121974558e-02   -1.097824514916347e-02   -1.988389112244471e-02    6.674173807896613e-02   -4.980941705760852e-02    4.764338111327786e-02    5.892146237030856e-02
    2    1,9        1,1    
   -3.553604166697059e-01    2.240597985533557e-01    3.904843169224167e-01    8.186581586708926e-04    3.146374235946622e-01    2.072470455367716e-01   -1.198991969164475e-01    2.530885079505915e-01   -2.738981532593860e-01
    2    1,10       1,1    
   -2.772204585428032e-01    1.001200030820917e-02    3.329815950444419e-01   -5.807725718717336e-02    4.344788565920263e-01    1.974761570009746e-01    5.445981563856444e-02    2.930316586948892e-01   -1.543449111673457e-01
    2    1,11       1,1    
    5.031419901554772e-02   -1.081483451542389e-01   -3.583050736063507e-02   -4.917359599206212e-02    2.380736374565737e-03    3.262015339666938e-02    1.043065681915920e-01    9.283966259240692e-02   -2.603980512298746e-02
    2    1,12       1,1    
   -9.440860211333664e-02    1.563180525007445e-01   -8.139333946891351e-02    3.454267451670271e-02   -7.077721641737368e-02   -1.593660574916926e-02   -4.749401305926640e-02   -2.318735380338700e-02    2.326057417009418e-02
    2    1,13       1,1    
    3.899909039000845e-02    1.795918909830635e-03   -5.008710821348283e-02    3.944615668014882e-02    1.870318548245304e-02   -9.328924966644111e-03    4.704279762134910e-02    5.804891696924832e-02   -1.531316718971124e-02
    2    1,2        1,2    
   -4.259239404810928e-01    5.559205303730370e-01    5.124209977025164e-01    1.394895547093769e-01   -1.868715282013374e-01   -6.278853761366372e-02   -3.532355786502465e-01   -8.637860781393972e-02   -1.977146766012933e-01
    2    1,3        1,2    
    6.660976617138109e-02   -3.129221512013248e-02    8.445508417570091e-02   -8.992262436722390e-02    1.055707458901582e-01   -3.981552714798012e-02    5.898792584421839e-02   -3.690881946597486e-02    4.165925445435585e-02
    2    1,4        1,2    
   -1.200618394300504e-02   -4.729542219078943e-02   -5.486313941498953e-02    5.104463178679457e-03    3.716344456024863e-02   -1.283679698816128e-02   -3.272131112434550e-03    2.461410861246373e-02    1.941618675767946e-02
    2    1,5        1,2    
    7.917775308870667e-03   -1.524390860023708e-02   -3.413847730282862e-02   -9.348029731107071e-03   -1.885854928451992e-02    7.968202905141943e-02    3.645596770224970e-02    3.960179423381998e-02    4.590620123409540e-02
    2    1,6        1,2    
    3.562654631078681e-02   -4.030516993356716e-02   -7.497504321236144e-02   -3.309766182187140e-02    8.067559333028868e-02    6.375488764120101e-02    4.172413511544792e-02   -2.180426067188117e-02    6.028429064825318e-02
    2    1,7        1,2    
   -7.214048496601033e-02    3.755138102261671e-02   -4.060263700271582e-02   -2.284677199630875e-02   -2.568745357909037e-02   -9.867228783270654e-04   -5.667320051356743e-02    7.596797013204662e-02   -6.299260869503454e-02
    2    1,8        1,2    
    7.789003888529967e-03   -1.257960887835504e-01    9.749110351699826e-02    3.192321057406627e-02   -4.717725982452707e-02    9.910072950520757e-03    7.978095471338199e-02   -1.506037281867251e-03    8.299345725507036e-02
    2    1,9        1,2    
    2.402003084935811e-02    1.790965809956510e-02    4.664414250524209e-02   -5.963689163129464e-03   -4.835110225283329e-02    2.743092912392510e-02   -2.947764274375412e-02   -7.031074245061267e-02    1.023856715308174e-01
    2    1,10       1,2    
    6.496323655471195e-03    5.108370530285537e-02   -2.582710953535269e-02    6.332595502283959e-02   -2.243030266196607e-02   -2.613981563228279e-02    1.101894197369026e-02   -5.378686709281048e-02   -6.145291810787317e-02
    2    1,11       1,2    
   -1.013662958996508e-01    1.336227082703381e-01    1.050008384227681e-01   -3.410145568100283e-03   -7.808486823889846e-02   -9.574373287277989e-02   -6.963636732044330e-02   -1.490492732038262e-02    2.036234924430550e-02
    2    1,12       1,2    
    1.063128190457650e-01   -1.770846623192630e-01   -2.158499300568558e-02   -4.270868156301825e-02    7.309252731410734e-02   -7.102119992099526e-04    8.616655746045521e-02    1.342893964854135e-02    3.177830491110844e-02
    2    1,13       1,2    
    1.285532766882909e-01   -5.819264339916631e-02    8.930423918278398e-02   -5.461794894486208e-02   -9.811298955883721e-03    6.027960055245415e-02    2.125869652810785e-02    4.851148299497577e-03    7.676504995668167e-02
    2    1,3        1,3    
   -3.668701696867959e-01    3.032502088703089e-01    1.389391864623599e-01   -5.762660418569340e-02    1.567280259976564e-01    1.556468742948142e-01   -1.454540260384440e-01    1.371655173418172e-01   -1.810692866924012e-01
    2    1,4        1,3    
    3.240039813922257e-02   -7.211345315539599e-03    1.208959486092582e-02    6.049581616129120e-03    3.028624571554024e-02   -3.196947176175424e-02   -2.059169033394619e-02    4.580090093237120e-03    3.128218228588651e-03
    2    1,5        1,3    
    8.195424972216303e-02   -8.678591664127638e-02    1.663510767042009e-02   -9.205215669016105e-04    2.371773054494194e-02    4.076130288591180e-02    4.466692840236665e-02    3.411615669720029e-02    2.054933609829777e-02
    2    1,6        1,3    
    2.767523711606289e-02    1.095215096383272e-02    2.427384483351941e-02   -7.005630616788171e-02   -1.301917173495594e-02   -7.057230050168356e-03    1.894216127976736e-02   -3.522460652573857e-02    1.209067045095049e-02
    2    1,7        1,3    
    1.762025996045005e-02   -1.336905857393189e-01   -1.902233770144387e-02   -1.268241337509354e-01    1.635689513190839e-01    3.893021184389370e-02    1.613921971554008e-01    9.677240040731427e-02   -1.487372018856777e-03
    2    1,8        1,3    
    8.588695727138520e-03    1.587105274156853e-01   -5.869601266714086e-02    8.180651870178177e-02    5.642661197037981e-02    6.198786808692250e-02   -1.254791243962139e-01   -4.957236990653696e-02   -1.993363488655414e-03
    2    1,9        1,3    
    2.883948437916098e-01   -8.423172461246892e-02   -3.005167463555768e-01    9.115041982915910e-02   -3.274488567437907e-01   -1.865733110817570e-01   -3.720574048036391e-02   -2.525942057290974e-01    1.806928428968768e-01
    2    1,10       1,3    
    3.200906803924489e-01   -1.084990619195358e-01   -2.907255842647790e-01    1.094242776681704e-01   -3.251833945837507e-01   -2.470403019054849e-01    6.221564830484894e-02   -2.113865341406720e-01    2.173084126052878e-01
    2    1,11       1,3    
   -1.166262268651862e-02   -4.513920748666363e-02    2.017956114274646e-02    5.070346574194258e-02   -1.271442431699420e-02   -1.909506256917880e-02    8.571163266916722e-02    3.791224371024303e-02    6.858049321199569e-02
    2    1,12       1,3    
   -1.520973113996885e-01    1.509856849141317e-01   -5.847261555134325e-02    5.974915266436824e-02   -4.760338922154644e-02    5.171345721216689e-02   -1.042397523179572e-01   -2.855654804315973e-02   -9.809443873604591e-02
    2    1,13       1,3    
   -2.931810050328715e-02    7.532942809235341e-03    5.078229544348750e-03   -4.288467376970763e-02    1.151067448263003e-02   -5.434584548723038e-02    4.650602206701314e-03   -5.056780127799766e-02   -1.053298885028313e-01
    2    1,4        1,4    
   -1.219841857814635e-01    8.549012855724705e-02    1.099088192700624e-01    5.756697686668804e-02    9.197381404961910e-04   -2.013814668255694e-02    3.079165877508229e-02    6.654154284263140e-02   -3.611154716868078e-02
    2    1,5        1,4    
   -3.748280665644690e-02    2.304560097442665e-02    4.568499265743728e-02   -5.533215879107757e-02   -5.856388396554238e-02   -7.211457883795702e-02   -2.555483107813446e-02    2.114828865673130e-02   -3.301862816889478e-02
    2    1,6        1,4    
    1.085178644111129e-02    3.030996542885182e-02    9.063296905727179e-03    5.269109968524748e-02    2.031349582364808e-03   -3.210769496195491e-03   -4.537818671728033e-04    1.484603000530698e-03   -1.646734822159299e-02
    2    1,7        1,4    
    6.057144692502760e-02    3.051264420103047e-02    3.251805845837905e-02   -3.006156495593241e-02   -1.114330573491621e-02    5.949522820293087e-03   -6.071977572022320e-02    2.698358596359114e-02   -5.436229903854093e-03
    2    1,8        1,4    
   -4.138231670637667e-02    8.401739978560485e-02   -2.314746985020768e-03   -4.415604631658913e-03   -3.209659851340125e-02    1.924831280371499e-02    1.850622812396671e-02   -3.637276187317560e-02   -4.326223313274847e-03
    2    1,9        1,4    
    6.168906623160304e-02    5.752295708197092e-02   -2.688108567872758e-02   -6.021437631168078e-02    4.220476389297239e-02    8.558227608591403e-03   -6.781500625407456e-02    1.131477543073787e-02    3.812325281833790e-02
    2    1,10       1,4    
   -2.398408349705637e-02    2.204816286245742e-02    3.840931557094589e-03    4.287285530101957e-02    2.637131243291758e-02    5.310391393739472e-02    5.395145519631734e-02   -6.147187132382846e-02    4.499599683897679e-02
    2    1,11       1,4    
    4.948688257514084e-02   -1.857167986006439e-02   -6.600133830142203e-02   -6.109227765455875e-02   -2.127315128089909e-02    5.065301362631595e-02   -6.481297748527040e-02    5.211014970861439e-02   -5.622046622721837e-02
    2    1,12       1,4    
    3.395895703945126e-02    4.283616906203780e-02    3.873643673055217e-03   -2.556820922594847e-02    2.029944328642362e-02    2.015229207653913e-02   -2.284430010914129e-03   -7.097521452015701e-02   -4.586746404740143e-02
    2    1,13       1,4    
   -5.914801504063700e-02   -4.260442891174567e-02   -1.666070249843156e-03   -2.514012213002043e-02    1.307773118414794e-02   -8.333842601437637e-03    3.577577721173265e-02   -5.090802084281435e-02    2.711140450934845e-02
    2    1,5        1,5    
   -9.293304106331783e-02    1.440868066470485e-01    6.645319445988793e-02   -3.931612137429747e-02    6.752628283316253e-02   -1.680366129702680e-02    2.504240045691070e-02   -1.918672641141946e-02   -5.442656594773383e-02
    2    1,6        1,5    
    5.995356303371018e-02    5.964757719679004e-02    2.223317404890493e-02    9.377854345306245e-03    1.883373391946471e-02    1.700388937683516e-02    2.722037045424227e-02   -3.309266486499380e-02   -3.171249193015900e-02
    2    1,7        1,5    
    4.498031750585849e-02   -5.354712765244767e-02    1.983822015078497e-02    1.969178817582322e-02    9.445625762108991e-03   -7.988298556086940e-03   -5.450340055596230e-02    5.528164071767319e-02    6.077648870998857e-03
    2    1,8        1,5    
    4.331090119055868e-03   -2.902436959407166e-02    4.936811610023055e-04    5.791253912333515e-02   -1.829462723091014e-02    3.541486388156304e-02    5.277546059927672e-02    3.938409704039530e-02    2.649751433345784e-02
    2    1,9        1,5    
    1.344329536196030e-02    4.761439305849664e-02   -3.803490394108701e-02   -3.634433244770328e-02   -7.536979119440197e-03   -1.258814643291839e-03    6.613666970623204e-02    4.131998193739496e-02    4.373239969966777e-03
    2    1,10       1,5    
    1.348350962040139e-02    9.687099004952028e-03    4.049751352364044e-02    2.719846729863536e-02    3.405835598284115e-02    1.259067527549458e-03   -6.535954439849787e-02   -6.603805078250276e-02    1.241132899827805e-02
    2    1,11       1,5    
    1.871310105430045e-02   -5.469868257600574e-02   -2.017253715565686e-03   -2.522718173333956e-02    3.736861104960839e-02   -2.392060927196691e-02   -5.963485514362132e-02    4.436880555815250e-02    6.158566803973890e-02
    2    1,12       1,5    
   -8.296725428194722e-03   -5.571340129147135e-02    5.367150222036241e-03    1.891132512982603e-02   -2.895486317938660e-02   -1.438556532761120e-02    4.219837232148283e-02    6.539214114130845e-02    2.817076777749490e-02
    2    1,13       1,5    
    2.777287485328743e-02    5.421940609184647e-02    4.953772865596051e-02   -3.314281823964106e-02   -5.356142363339545e-02   -1.788170953385578e-02   -4.171975114374863e-02    4.277628247486441e-02   -7.985021629654176e-03
    2    1,6        1,6    
   -6.391700354681240e-02    4.411143716675304e-02    4.734461138159461e-02   -2.602009472679882e-02    3.862913208299772e-02    4.516550522661205e-02   -7.994167320540399e-02    7.565944048622955e-02   -2.811716071281206e-02
    2    1,7        1,6    
   -2.971353818450340e-02   -3.322323192014004e-02    8.122444885138283e-02    2.509097037301276e-02   -2.145420845360318e-02   -5.677785146251348e-02   -6.549165257607358e-02   -2.945045433918817e-02   -4.456257149285157e-02
    2    1,8        1,6    
   -1.398448904040049e-02    3.298580902480193e-03    2.412449266685077e-02    4.080737420634962e-02    7.934078230651361e-04   -3.394174119079797e-02   -2.795660875225691e-02    2.802476992175279e-02    3.392907668124798e-02
    2    1,9        1,6    
    6.706803370104537e-02   -1.266612924529220e-01    9.769753842961368e-03   -6.574147125138649e-02    2.237623590960267e-02    3.684807165716494e-02    6.874018504850535e-03    4.632608811479012e-02   -2.462840801580023e-02
    2    1,10       1,6    
    2.856669396789227e-02    3.615144189240452e-02    5.062255809874412e-02   -5.206040213775925e-02   -9.412869408014606e-03    4.311125868998797e-02   -2.531089085189005e-02   -3.390336734983843e-02   -5.651609224802950e-02
    2    1,11       1,6    
   -4.446933088678460e-02    5.640883378272290e-02    1.636460082712379e-02   -4.807800183754463e-02    7.339939749048540e-04   -6.732816411203812e-03    2.962939885469157e-02   -3.790206216141855e-02    5.966825575338873e-02
    2    1,12       1,6    
   -2.912862604813317e-02   -1.007761110532778e-01   -1.209247788954267e-02   -2.546577577688524e-02    6.235961866665858e-03   -6.395255734510683e-02    1.924711414175556e-02    3.236441546513643e-02    7.528542961442614e-03
    2    1,13       1,6    
   -4.149680275457552e-02   -5.493003614819529e-03   -8.873698249943676e-03    2.054375107327747e-02   -4.841883574417677e-02    1.521099378338316e-02    3.393549645105391e-02    2.563350512874827e-02    4.533363757225716e-03
    2    1,7        1,7    
   -2.560668262847304e-01    2.508197966298661e-01    4.749485444363474e-01    1.465082320168143e-01   -2.367410457179757e-02    2.013460672895088e-02   -1.681064986340960e-01   -9.416841814691768e-03   -3.491750984796702e-02
    2    1,8        1,7    
    1.809343637665012e-01   -1.986242344880897e-01   -2.027544131142412e-01   -5.225933563104889e-02    1.998137799730836e-01    4.147244895447083e-02    1.684959457332766e-01    6.836904318366444e-02    9.400629413460369e-02
    2    1,9        1,7    
   -4.112135013715060e-02   -1.265631372934378e-02   -5.019125587875255e-02    6.183438716488679e-03   -7.268937429193474e-02   -7.940831417552847e-02   -6.613769338065446e-03   -9.416397658851283e-02   -3.826339999907143e-02
    2    1,10       1,7    
    2.796368975628117e-02    2.089128782669928e-03   -7.373529904500759e-02   -3.366532309627738e-02   -2.372888733737967e-02   -1.835561221988406e-02    7.274473407298608e-02   -5.300525536776220e-02    1.124769289799734e-02
    2    1,11       1,7    
   -1.062405093613512e-02    1.205246165112159e-02   -5.168582345509154e-02   -3.269453074807869e-02    9.021443116844885e-03    5.213842452262594e-02    9.969458528488484e-03   -1.093423656159313e-02    6.111926438819055e-03
    2    1,12       1,7    
   -5.506421660201211e-03   -1.092296028950073e-02   -2.230648001790455e-02   -3.133385843899167e-02    3.146829162434804e-02   -8.468275443308723e-02    1.999466894350057e-02    1.859579445082980e-02    5.497633600399703e-02
    2    1,13       1,7    
   -1.077084636695849e-02   -1.237772234663368e-01   -1.990605065767928e-01    7.831576188803969e-03    7.391706581882783e-02   -3.464168934695267e-02    9.592081183805802e-02    1.145779297337086e-01   -2.991366311861826e-02
    2    1,8        1,8    
    1.984632264808041e-02    9.036924070710280e-02   -1.729995633230442e-02   -4.655717726618301e-02   -5.912392992854934e-03    2.192765364003636e-02   -2.396376401629203e-02    6.409142816622687e-02    5.533970367742510e-02
    2    1,9        1,8    
    5.209493224031071e-02   -8.389140051895082e-03    5.875572754688040e-03   -2.355591757686492e-02    4.052105134665038e-03    4.071742665790913e-02   -3.080638080886867e-03    6.020179396155328e-02    6.646227327970586e-02
    2    1,10       1,8    
   -2.665357130456238e-02    7.448176187764281e-02   -7.488561527375569e-02   -1.373521320992303e-02   -2.673279500766612e-02    5.202514495007715e-02   -2.141582517118122e-02    1.825321606714397e-02    5.963541940098637e-03
    2    1,11       1,8    
    1.864743471710591e-02   -1.355827825731247e-02    5.598924503633943e-04    3.758004965916308e-02    1.363171278813808e-03   -1.305159988782631e-02    3.275159412239306e-02    1.526266533717508e-03   -3.758105242718181e-02
    2    1,12       1,8    
    4.815608726698676e-02    7.932465460507548e-02    1.503938348617801e-02    6.651193917194556e-02    4.616174353512911e-02    2.656724581982171e-02   -5.882098880990164e-02    1.188834276908301e-02    2.865893679167844e-02
    2    1,13       1,8    
    4.188710529688970e-02    7.978215428378566e-02   -8.481838552544708e-02   -6.054952860375058e-03    3.402178248828093e-02    2.181017678008013e-02   -7.433072292733772e-02    5.332557220667508e-02   -3.057774714746368e-02
    2    1,9        1,9    
   -2.862340268759163e-01    2.012850497262022e-01    2.060929124981657e-01   -7.444509341587075e-03    2.436702665499285e-01    1.745807313930984e-01   -2.102701455463377e-02    1.200588052054033e-01   -1.837051754984717e-01
    2    1,10       1,9    
   -4.020798051568151e-01    1.704494802940250e-01    3.876431737435713e-01   -6.355044401593027e-02    4.864453543004027e-01    3.190246578228479e-01    9.340747712227569e-03    3.971464342563701e-01   -3.346792529489722e-01
    2    1,11       1,9    
   -2.152531415251462e-02   -8.543930852450195e-02    8.871907194671529e-03    4.420989859185973e-03    6.101356740922916e-02   -1.773666480595160e-02    8.565510838656705e-02    3.697350084154454e-03    7.091284241731874e-02
    2    1,12       1,9    
    9.493050512131538e-03   -3.650384463511561e-02   -1.456099386733178e-01   -4.424862586197979e-02   -2.291402138915755e-03   -4.316953878426694e-02    1.955335154735663e-02    2.669246300567906e-02    5.316267937477399e-02
    2    1,13       1,9    
    5.498550538301693e-03   -1.952767793610035e-02    2.897907787649200e-02   -4.886192111803691e-02    4.801646846386719e-03    1.678148253395187e-02    4.952371131252740e-02   -2.269820369355253e-02    8.186121133498563e-02
    2    1,10       1,10   
   -2.667279852905734e-01    1.717706538206346e-01    2.012406431810500e-01   -1.838680260541298e-02    2.515565012861072e-01    2.106202992194232e-01   -6.451628387365194e-02    1.224809961973380e-01   -1.949925943401204e-01
    2    1,11       1,10   
   -6.149962413674786e-02   -1.666901513243006e-03   -5.241788743918167e-03    1.226894223845450e-02    4.158782705620398e-02    4.816437122068438e-02    1.496237780532899e-03   -4.069640039242632e-02    2.887839275237027e-02
    2    1,12       1,10   
    1.436600661891896e-02    3.807044012189029e-02   -1.043949024922755e-01    2.099148288323267e-02   -2.736167052843351e-02    6.404381598012667e-03   -7.639133620054316e-02   -6.937252191858632e-02   -2.832919377260977e-02
    2    1,13       1,10   
   -2.456252402480155e-02    5.703410887160702e-02   -2.511405238135533e-02    3.419468770215937e-02   -1.346752048799413e-02    3.289410254077303e-02   -1.671079766597472e-02   -3.548332486392607e-02    2.180058685186260e-02
    2    1,11       1,11   
   -4.389352505371395e-02    1.173059223374196e-02    2.256347416127158e-02    1.609578461923159e-02    2.615098493258626e-02   -2.490023171565255e-02   -8.939750975814732e-02   -2.229112211886889e-02   -8.990807081620797e-03
    2    1,12       1,11   
    3.195855909268136e-02   -8.263265853513123e-02    2.923440609873772e-02   -1.299745771009869e-02    3.279893753518005e-03   -3.847538474640692e-02   -8.025603221013679e-03    5.096100721515892e-02    2.210488902658579e-02
    2    1,13       1,11   
   -2.496811887477561e-02    3.495611299213060e-02   -3.248669724771338e-02   -5.153327316990582e-02    2.110893452677199e-02    2.923885947233973e-02   -4.034749741718793e-02   -6.032690756291142e-02    2.540359786665321e-02
    2    1,12       1,12   
   -4.649106778275005e-02    7.547365485795081e-02   -3.299010918878156e-02    7.010204704364467e-02    3.981986365892511e-02   -4.079021598304283e-02   -3.714456223554018e-02    1.842824267070003e-02   -3.762331549348447e-02
    2    1,13       1,12   
    2.053900546960272e-02   -2.118111165829257e-02   -2.127625683950903e-02   -6.135812381935518e-02    1.114782850243751e-02    5.470693956534865e-02   -4.448419956520894e-02   -4.837519360991062e-02   -5.735770797878325e-02
    2    1,13       1,13   
   -4.182271695067934e-02    1.098618956190108e-02    4.242865010842518e-03   -3.485087483385263e-02   -3.182288097877600e-02    4.012988385479078e-02   -8.103778330759183e-02   -2.623238474748075e-02   -7.980245604705927e-02
    2    2,1        2,1    
    5.542609424676378e-03   -3.247068550905038e-02    4.018258717776500e-02    6.346792817798200e-02    2.306839840702611e-02    2.673957163393078e-02   -4.009024234219127e-02   -2.216215303279021e-02    2.845330881690418e-02
    2    2,2        2,1    
   -1.977754302979532e-02   -8.771954892120758e-03    8.599365824300773e-03   -4.621084783237237e-03    1.164768848531198e-02    4.241987671081613e-02   -2.490961143424116e-03   -6.126921389094772e-02    4.653716481925216e-02
    2    2,3        2,1    
    2.721059248325668e-02   -4.286284358135414e-02    9.027453535563877e-03   -1.054115813612958e-02    1.969055001047209e-02   -1.253134202411306e-02   -5.026187088519359e-02    4.341676648657926e-02    2.319889120778532e-02
    2    2,4        2,1    
   -3.280258872411308e-02    3.812669859887909e-02    2.949032198208278e-02    2.481204969110020e-02   -1.653313218653128e-02   -1.015091416453975e-02   -6.136288051354357e-02   -2.623427642025651e-02   -1.368367556349252e-02
    2    2,5        2,1    
    3.398739000530897e-02    1.843607225648795e-02    4.591092775878600e-03    5.395422821742521e-02    2.854039735949629e-02    7.952042866147608e-03   -1.118522067183243e-02   -2.001684070436719e-02   -2.880494205463166e-02
    2    2,6        2,1    
   -6.424085547212262e-02    5.421801862558288e-02   -3.236940067300767e-02    1.816463391973659e-02   -5.918155879108893e-03   -9.294491153490379e-03   -1.578269900432294e-02   -3.643567351368832e-02   -2.797036908785998e-02
    2    2,7        2,1    
    9.452693961713846e-04   -3.882928448939796e-02    4.653431717709731e-03   -6.053604911165488e-02    3.226530712561269e-02   -1.559828706030853e-02   -6.781468868061474e-02   -1.198391797436330e-02    3.831562712306336e-02
    2    2,2        2,2    
   -6.252614256302057e-02    1.601554046164214e-02   -2.628678890124733e-02   -2.926693221405865e-02   -3.632750889634450e-02    1.691381060751514e-02   -3.277335352434035e-02   -1.479076265370806e-03   -1.639928420297017e-02
    2    2,3        2,2    
   -2.755547065697305e-02   -2.234964128667629e-02    1.422328340309556e-02   -2.090462382014359e-02   -2.399187912261803e-02   -3.840569992123700e-02   -4.884747986091910e-03   -3.099956495975937e-03   -2.432504789485763e-02
    2    2,4        2,2    
   -2.996297138464427e-02   -2.245194142640733e-02    6.477111377747402e-03    2.761409348431116e-02    4.229001517523768e-02   -3.826076650781867e-02   -2.911896644547232e-02   -5.633660999971474e-02   -9.686452026632158e-03
    2    2,5        2,2    
    4.351457258327372e-02   -6.086606152755141e-02    1.666214729515019e-02   -6.235968119686859e-02   -8.301426203673414e-03   -2.772671993222005e-02   -5.329806903435356e-02    4.967422683800258e-02   -1.915568653116324e-02
    2    2,6        2,2    
    4.157733997737947e-02   -4.380878082287922e-02    2.806489831134782e-02   -6.257148446850054e-02    9.243586253372372e-03   -1.331390921990728e-02   -3.091155269917188e-02    1.434553157438775e-02    2.100578016025799e-02
    2    2,7        2,2    
   -1.235063439879960e-02    4.515626615105942e-03   -1.158636730032040e-04   -4.013213922329021e-03   -4.760717120452345e-03    1.040752366840216e-02   -6.385201824591906e-02   -1.260128638844873e-03    1.387518568583388e-02
    2    2,3        2,3    
   -2.115755476141240e-02   -1.432172541209069e-02   -2.933344169276162e-03   -3.769164575414318e-03    1.850355454784088e-02   -5.451636263710966e-02    4.295902819524577e-02    7.024598419774178e-02    6.140203094046478e-02
    2    2,4        2,3    
   -3.112432239319802e-02   -4.135468355495555e-02    2.703046764283869e-02   -1.921019371247114e-02   -3.368227114522452e-02    1.414973493953830e-02    6.802169119765041e-02    7.396532092919664e-03    5.732468012714566e-02
    2    2,5        2,3    
   -3.429880895552243e-02   -4.093852924006978e-02    5.269742455134612e-02    4.032412778236612e-02    1.037892205442424e-02   -6.081051719930142e-02    1.640851544912479e-02   -4.108724907160245e-02    2.648936308984791e-03
    2    2,6        2,3    
   -3.054227051067562e-02    6.189065570429721e-02   -3.324111882618267e-02    4.715972906004760e-02   -2.978500134616976e-02   -8.762847786083466e-03   -6.054126281872301e-02    5.824415542646245e-02    1.215496883395386e-03
    2    2,7        2,3    
    1.293805931604835e-02   -5.036892842797427e-02    4.602657527097404e-04    1.018345605723054e-02    6.747137428667108e-04   -2.181777675444162e-02   -1.541377709221943e-02    2.928211602839961e-02   -2.106826314827542e-02
    2    2,4        2,4    
   -3.872506166783060e-02    3.650550606081486e-03    4.039717010816687e-02    5.497798354711804e-02   -7.639742139946833e-02    5.493251167649284e-02   -1.746946361057333e-02    2.840112706522909e-03   -3.175078689554683e-02
    2    2,5        2,4    
   -3.165789255228996e-02   -1.222848849602881e-02   -2.041114015662178e-02   -5.704442693162996e-02    3.464193806027191e-03   -1.439220942865872e-02    4.258586243969948e-02   -2.372292857389876e-02   -7.018026070784811e-04
    2    2,6        2,4    
    6.808602990574971e-03   -3.349280928096913e-03    5.462644931480741e-02   -2.075155123996809e-02   -1.523233433051423e-02   -4.222848588905543e-02    1.782444181795724e-02    4.387626135302772e-02    5.907538369324409e-02
    2    2,7        2,4    
   -3.276027583426190e-03    4.306481315456476e-02    8.624792886400620e-03   -9.682553830357106e-04    2.358933704371866e-02    3.773296285755533e-03   -2.469294305525030e-02   -5.892637009901638e-02   -4.710146095357182e-03
    2    2,5        2,5    
    3.814213822875900e-02    7.721629904105302e-02    1.130565555309455e-02    4.675130287105994e-02   -8.187674916976469e-03    6.779193653182194e-02   -5.158498596231290e-02    3.079052221541055e-02    3.037459341742906e-02
    2    2,6        2,5    
   -4.374957049646613e-02    7.920009458733522e-03   -3.893105906092355e-02    5.017525633552768e-02    1.127191008850898e-02    5.827418808146821e-02    4.697890048705700e-02   -3.257119006816216e-02    2.528453794687183e-02
    2    2,7        2,5    
    8.116553868584580e-03    1.780217866068784e-02    1.193967602754864e-02    2.326440029197028e-02   -1.677088324046862e-02    2.874477428968818e-02   -1.927236905561839e-02    3.945136798717629e-02    4.079907734476559e-02
    2    2,6        2,6    
    5.852484817491616e-02   -5.627134503510962e-03    6.430355477794442e-02   -6.017532582769746e-02   -3.193867929142431e-02   -2.051056273981346e-02   -6.983653139034905e-02    3.394100663230476e-02   -3.469813401420283e-02
    2    2,7        2,6    
   -3.229345066182605e-02   -4.756349954021914e-02   -1.203458194107224e-02    7.551573092950238e-02   -9.217752161247733e-03    1.535415190746044e-02    3.608171625876999e-02    1.273636236218898e-02    4.919764141561910e-04
    2    2,7        2,7    
   -1.339520647553991e-01    2.985313108046477e-02   -2.394470356468682e-02    6.980171417507345e-03   -8.323935637910737e-02    1.418219145353744e-01   -1.610254066522325e-02   -1.793263658045126e-02    1.249807493978809e-01
    2    3,1        3,1    
   -8.766807761878076e-02    8.751353169779552e-02    1.345191122718864e-01   -5.785882773158915e-02    7.265445315673524e-02    1.051649255369366e-01    4.850505307854362e-02    1.006287230843949e-01   -7.776698616530821e-02
    2    3,2        3,1    
    1.928401448520522e-02   -5.071620060189867e-03    2.350091795994202e-03   -7.931079133307235e-02    6.435343648380194e-02    5.751268222056821e-02   -2.227825004210544e-02    4.439611523804718e-02   -2.348582199119321e-02
    2    3,3        3,1    
    6.843743566467363e-02   -1.072896297804444e-02    5.303432449047304e-02   -5.559943697918103e-02    1.598894609099562e-02   -6.658239311944794e-02    2.542200296594494e-02   -6.112277221736850e-02   -4.418749686147387e-03
    2    3,4        3,1    
   -1.877484315814196e-02    1.303148689870457e-02    2.100611426929933e-02   -6.226321657512243e-02   -3.378900820313215e-02   -3.516269615281570e-02   -8.474404129855898e-03    4.886554923877166e-02    3.735825238868884e-02
    2    3,5        3,1    
    4.395914792314873e-02   -6.156204009471743e-02    5.085861697424926e-03   -3.791544893056837e-02    6.094303362070248e-02   -3.684008149932075e-02   -2.755327575358414e-02   -2.488499056636203e-02   -1.800613251672775e-02
    2    3,6        3,1    
    8.864354341833374e-03    3.184280719626170e-02   -1.983925966220707e-03    9.684252680374039e-03   -6.112772133940700e-02    5.528880775681345e-02    1.238214907213026e-02    9.184885465163991e-03   -5.257010443170234e-02
    2    3,7        3,1    
   -6.609113992159694e-02    5.525786270005741e-02    6.248950466052225e-02    1.403797647043587e-02    3.661906287944319e-02   -3.111815214198548e-02   -1.922242895149306e-02    1.001230260453424e-02    3.506845305558511e-02
    2    3,8        3,1    
    1.449717654216168e-02   -1.089387134919346e-02    4.228546838033023e-02    6.066577806291407e-02   -2.475411966521137e-02   -9.640663398549423e-03    2.106666751412923e-02    4.464237791599765e-02   -4.126841134263539e-02
    2    3,9        3,1    
    2.459609841369004e-02    2.040430448693868e-02   -4.701908954507968e-02   -1.699167216963957e-02    4.515985543511307e-02    2.614677232645603e-02    5.184513163008337e-02   -4.476641222798411e-02   -5.589146155383666e-02
    2    3,10       3,1    
    4.424858671524071e-03   -7.014241204961391e-02   -3.904038083259400e-02   -2.003916259743741e-02   -5.068618751340423e-03    1.354810618475690e-02   -2.757985480570003e-02    3.518996161995557e-02    1.304858258669157e-02
    2    3,11       3,1    
    2.085322420370276e-03   -5.619373850784945e-02   -2.197405503829747e-04    5.062278140637862e-02    1.463059725099817e-02   -2.898101359363220e-02    6.665756476165068e-02   -2.016463540131220e-02   -5.003384156501733e-02
    2    3,12       3,1    
    5.255949535303794e-02   -3.006087964984781e-03    1.902840819361987e-02   -3.408071943171274e-02    3.749346290004356e-02    6.006992307064720e-03    3.650736704268454e-02    3.573460897458467e-03    6.060275772855663e-02
    2    3,2        3,2    
   -2.094599191932822e-01    1.474224851781460e-01    1.306166457359657e-01    3.854389022807301e-02    1.044824342107937e-01    4.423206128908529e-02   -3.493668303870762e-02    9.709260674373116e-02   -5.035940563629127e-02
    2    3,3        3,2    
    3.949407232324428e-02   -4.443744196331803e-02    1.974719491060387e-02   -2.034403750578258e-02    6.489485027216342e-02    6.761911377127258e-02   -3.855121191362081e-02    1.978014809595670e-02   -7.813087613618354e-02
    2    3,4        3,2    
   -3.167701987501557e-02    3.067952397881765e-02   -3.636130641890615e-02    6.362068244727991e-03   -3.925286608621142e-02    3.060791068856883e-02    5.888768345532799e-02    1.025893104871735e-02   -2.906729387564445e-02
    2    3,5        3,2    
    4.271914096946149e-02    4.416433935546352e-02    4.954953254573399e-02   -4.619915290667196e-03   -9.561164818399949e-04    2.803155810243174e-02   -5.232065584715252e-02   -1.186636637637673e-02    4.114956865734716e-03
    2    3,6        3,2    
   -7.546975628817480e-03   -5.269748941118374e-02   -3.575053308022076e-02   -3.786134764945077e-02   -2.497096767946292e-02    6.784348825182959e-02   -2.575539259351452e-02    9.559608391765839e-04   -7.505164552357450e-03
    2    3,7        3,2    
   -3.954994793552341e-02    8.870228733244128e-03   -4.063938563688012e-02    4.488344956281704e-03    4.362146850155783e-02    2.442265193341165e-02   -3.241156246199636e-03    1.496640397660758e-02   -2.484038770593083e-02
    2    3,8        3,2    
   -3.570040749881274e-02    6.271819026454779e-03    3.757604441569289e-02    4.225752201131695e-03   -8.420707456930163e-02    2.313503657069984e-02    3.074334503969451e-02    5.267455623680820e-02    2.579218389690158e-02
    2    3,9        3,2    
   -1.958512399749799e-02   -1.290664131379357e-02    5.726391135357753e-03    2.834121563758727e-03   -2.722209054956865e-02    3.918324393677385e-02   -4.330120678152238e-02   -5.542695367573905e-02   -3.197373396792539e-02
    2    3,10       3,2    
   -1.879117146489822e-02   -6.253516495110881e-02   -3.884564856108515e-02   -4.211832766435960e-02    2.412371288852653e-02    2.283615631728329e-02   -5.747117537067133e-02   -4.384296267581170e-02    1.458710014625552e-02
    2    3,11       3,2    
    9.267900637280818e-02   -4.886059890394687e-02   -7.658799826970173e-03   -4.986143908065657e-02    2.430304014134689e-02   -4.031873394057413e-02    7.415714418014373e-03    4.287391518937896e-02   -4.973215668069279e-02
    2    3,12       3,2    
   -8.021009054512382e-03    5.451947013335576e-02   -4.258012035394415e-03    1.451760634372751e-02    2.864772519708864e-02    6.939565187547148e-03   -2.727806798801374e-03   -4.471079624721220e-02    1.238792739188056e-02
    2    3,3        3,3    
   -1.579641153314708e-01    5.032795147231194e-02    1.024216668462068e-01   -7.428291916794448e-02    9.654229845844328e-02    4.891564235948694e-02   -7.502319397535631e-02    1.204800368495776e-02   -1.224767816048417e-01
    2    3,4        3,3    
   -4.946280194642343e-03    4.157098725802053e-02   -3.848212174829886e-02    3.163559798112212e-02    6.120168797362934e-02   -3.623994017992783e-02    6.378456534299222e-02   -5.552669343681745e-02   -3.478969720530720e-02
    2    3,5        3,3    
   -3.457498306213474e-02   -3.778818423676090e-02   -4.119837214999676e-02   -9.650676506575811e-03   -9.107371388434773e-03    2.965444556996361e-03    6.569401899378742e-02   -1.293789375426817e-02   -5.143504800380726e-02
    2    3,6        3,3    
   -2.448494964998321e-02   -4.422179241090893e-02   -3.339191265069333e-02   -5.269674329237557e-02   -5.816747359893087e-02    6.247364624243736e-02   -4.413792801531634e-03   -1.580292602691053e-02   -6.374891193193510e-02
    2    3,7        3,3    
   -6.136683863683394e-02    7.393150497139472e-04    3.873469933329549e-02    1.749221291231527e-02   -4.874420089125089e-02   -2.361962437344440e-02   -2.638311415179772e-02    4.594722499843166e-02    1.794530519363817e-03
    2    3,8        3,3    
    3.800981337691903e-02    1.100157268164053e-02   -2.725098579073152e-03   -3.838209071333060e-02   -1.036484257939960e-03    4.644486349976698e-02   -2.860156255956152e-02   -2.871978440488293e-02   -2.070844203173376e-02
    2    3,9        3,3    
    8.524215184803865e-03    8.793426621403439e-03   -3.521337318051408e-02   -5.615841242869982e-02    4.895654024759695e-02   -2.727936116273807e-02   -5.166483260364647e-02   -2.375662107136324e-02   -1.298564267795728e-03
    2    3,10       3,3    
   -1.440154871607374e-02    6.120038002934922e-02   -8.555319470227331e-02   -3.343330716915899e-02   -7.809526493272182e-03    3.115863737116102e-02   -3.038254687038447e-02   -3.905932020615104e-02   -1.403528752980097e-02
    2    3,11       3,3    
    7.804320868744848e-02   -2.603482049442800e-02   -5.993150064981931e-02   -6.216480571932426e-02    6.641710752724565e-02    3.250996423976606e-02    2.536544365015445e-02    3.560233106456975e-02   -8.809711279087931e-03
    2    3,12       3,3    
    1.938497184255412e-02    2.976470775840170e-02    1.868039855609099e-02   -4.339464666361596e-02   -7.359235861306777e-02    4.363500140315352e-02    4.600124417940631e-02    4.170489540924766e-02   -2.358949688516952e-03
    2    3,4        3,4    
   -8.890893706942221e-02    1.050385089111453e-01    8.563567543383090e-02    3.863266267602332e-02    4.575910808778431e-02   -9.720628097082002e-03   -8.503715681483985e-02    1.115200684572552e-02   -8.798584427207631e-02
    2    3,5        3,4    
   -7.644124139417449e-02   -4.634817678413507e-02   -1.346154885397872e-02    5.024393992845728e-02    8.462537891411293e-03   -4.524248971879596e-02   -5.821154720758356e-02   -4.997225904707318e-02   -6.639255179048162e-02
    2    3,6        3,4    
    3.881457368629434e-02    6.428725921808877e-02   -9.880426035577315e-03    2.879309772312644e-02    2.705149805812831e-02    2.422613269374461e-02   -1.944646642138217e-02   -3.698430572978860e-02   -3.276872936466762e-02
    2    3,7        3,4    
    1.470203337474414e-02    1.627785470860788e-02   -1.683140350773337e-03    4.468539974311307e-04    3.768895284354728e-02   -3.795966563177915e-02    4.906601367901153e-02   -3.399040237931858e-02   -5.712759413203402e-03
    2    3,8        3,4    
   -1.389298118824855e-02   -3.392665001876425e-02    4.548497554534892e-02   -4.762265265960132e-02   -6.018924547920167e-02    1.604787127022627e-02   -2.432109621366082e-02    3.567345126160391e-02    4.039969509469096e-02
    2    3,9        3,4    
   -9.439770504363940e-03   -9.207236102199052e-03   -1.982381612497837e-02    4.027660232865842e-02    2.630101692460858e-02   -8.544016919418895e-03    6.464967394051090e-02   -3.049822571385917e-02   -2.550851625839963e-02
    2    3,10       3,4    
   -2.224934524894173e-02    1.225297447993522e-02    3.710331211437887e-02   -5.503949669580571e-02   -6.299713782776936e-02    4.499826009693392e-02   -3.118462262056053e-02    8.615419797729661e-03    4.849099021051569e-02
    2    3,11       3,4    
    2.801278844446078e-02   -3.054037927554416e-02    4.281128926363653e-02    4.910559883851996e-02    4.935952014851325e-02    4.630298453728632e-02    8.862424460886854e-03   -7.242017830500498e-02    3.732417978076628e-02
    2    3,12       3,4    
   -3.747857358093811e-03   -2.065401310530951e-03    3.091512182936033e-02    3.245595308618838e-02   -1.438068762068322e-02    4.399019022559353e-02    6.366538937499266e-02    1.291897513350282e-02    7.699407601079641e-02
    2    3,5        3,5    
   -1.761716950758867e-02    9.884051110805603e-02    1.211628137073648e-01   -4.978212945960732e-02    2.049024327665954e-02    4.069213871229922e-02    2.926661555341815e-02    1.910616076932998e-02   -6.673224269200315e-02
    2    3,6        3,5    
    4.830901766683190e-02    2.913686870822328e-02   -1.695387562928064e-02   -3.197687087535463e-02   -1.194598134255022e-02    3.202944871113596e-02   -3.861024403906467e-02    2.973061317292194e-02   -1.579822279941518e-02
    2    3,7        3,5    
    2.117763576473068e-02   -4.158157412831815e-02    5.481680309894527e-02   -6.263021931204625e-02    1.719401369571689e-02   -2.531344436202194e-02   -4.337437272003015e-02   -7.919473904408772e-03    3.029253843327955e-02
    2    3,8        3,5    
    6.722036772835348e-02   -9.555294833857780e-03    8.202638694659778e-03   -8.169124766304889e-03    3.600797235265405e-02    5.635465076969765e-02    6.186108278319338e-03   -2.415350900488675e-02    2.259698560163189e-02
    2    3,9        3,5    
    3.189674420200018e-02   -5.424769578905086e-02    7.120648456137459e-02    2.509489155021044e-02   -1.013249492816997e-02   -4.786887956566815e-02    1.965675568627221e-02    7.429363566648735e-03   -3.917188647965004e-02
    2    3,10       3,5    
    8.803025513602057e-03    3.979120460649045e-02    6.114287932055840e-02    2.265616111371102e-02   -1.878798817417309e-02    1.245165021482058e-02    6.456818337576152e-02   -1.436376770992472e-02    3.669732664348708e-02
    2    3,11       3,5    
    4.575426653306569e-03    1.185103578357003e-02   -8.747364523848065e-02    1.188958660159562e-02    1.306566484790660e-03    3.518098802161468e-02   -2.963898555783585e-02    2.838987367537470e-02   -4.394662770811498e-02
    2    3,12       3,5    
   -1.261769087550151e-02    6.126502968338114e-02    5.070776388650861e-02   -2.342857026125129e-02   -5.489957595371587e-02    9.332145634042600e-03    2.253018766449340e-02    1.697526368483382e-02    4.244909429581171e-02
    2    3,6        3,6    
    2.566480352850992e-02    3.116464922494648e-02   -4.131901427228040e-03    3.805633317784696e-02    1.508594017631577e-02   -3.237445790868419e-02    3.710666578949835e-02    3.858349089715762e-02   -1.836722757577951e-02
    2    3,7        3,6    
    3.143308713847638e-03    1.368397597838961e-02    1.573149212113449e-03    1.146853735042725e-02   -1.146257157586889e-02    4.158147815627042e-02   -4.945193278531513e-02   -1.928696276174658e-02   -1.084619665273770e-02
    2    3,8        3,6    
    9.198941275288530e-04   -3.636580365806411e-02   -1.907632519274710e-02   -3.504601903753518e-02    1.820448176492029e-02   -4.819073605032661e-02   -3.089934747435516e-02    6.716153462109458e-03   -3.421099456217602e-02
    2    3,9        3,6    
   -3.030561898943264e-02   -2.605318430498359e-02    7.569919826218031e-03    8.268126570364619e-03   -2.294821681644304e-02    3.184623931779869e-02   -6.023551005522368e-02   -8.786936794843287e-03    1.269438100447690e-02
    2    3,10       3,6    
   -3.586512591124014e-02    3.929246500829028e-02   -2.264240666487174e-02    2.311040432529380e-02    4.335448237844487e-03   -2.709538394530712e-04   -2.011002677762692e-02   -3.545815652644421e-02   -2.292917978067699e-02
    2    3,11       3,6    
    3.848461703551918e-02    6.465510319818360e-03   -5.479355486830618e-02   -4.863224607887704e-02    4.757210059645575e-02   -3.627693588025407e-02   -6.071711034249926e-02    5.493770964257458e-02    1.725198747294487e-02
    2    3,12       3,6    
    2.314866448265759e-02   -5.691392649443601e-02   -2.541034041560770e-02   -5.847684920399206e-02   -7.012707232951235e-03    4.507774782510988e-02    1.877543420538483e-02    3.941192144877521e-02    3.377997646674680e-02
    2    3,7        3,7    
    7.328673105116956e-03    9.634939966419574e-02    2.399507260458908e-02   -6.818616685486922e-03   -1.561218416183872e-02    7.844172211957699e-02   -1.980446162478024e-02    8.772225716018860e-02    3.229587990800976e-02
    2    3,8        3,7    
   -1.387653587989588e-02   -3.354469981196202e-02   -1.777211107841111e-02    1.644476889214011e-02   -2.900379083590222e-04    4.496474986697674e-02   -5.842860048043783e-03    3.877680014669716e-02    6.494472046672456e-02
    2    3,9        3,7    
   -5.390178520552402e-02    5.001757459495160e-02    5.377206849418337e-02    3.264306919092277e-02   -3.864448201965092e-02   -1.377789197394274e-02   -5.010442966925759e-02    2.647415134593656e-02   -3.059489125410890e-03
    2    3,10       3,7    
   -1.673075530350735e-02   -2.239629806658417e-02    3.314268233699433e-02    5.672935875586894e-02   -9.334912012819112e-04   -4.021186400643998e-03    6.201874866876024e-02   -3.499437867612720e-02    4.150937669702677e-02
    2    3,11       3,7    
   -3.930455913276315e-02    4.862378061056611e-02   -7.196198567042875e-02   -5.857343057956009e-02    9.387890194868184e-03   -1.629887184974458e-02   -4.877791501819131e-02    1.120719078062175e-02    3.383650186660499e-02
    2    3,12       3,7    
   -2.437228298963654e-02   -1.853858817867879e-02   -4.539183159653920e-02   -5.101837795150287e-02    3.171049692556970e-02   -4.888655103212454e-02   -2.709296779688275e-02    4.044850677046789e-02    4.395513921157762e-02
    2    3,8        3,8    
   -5.500754777704459e-03    3.760835724398099e-02   -1.320211346582371e-02   -3.171713378859685e-03   -3.204015895406766e-04    1.006593605630297e-02   -1.761604644684532e-02    2.239473501196192e-03   -2.255136660081088e-02
    2    3,9        3,8    
   -4.803301955208334e-02    2.078748473677818e-02   -3.416354366094467e-02    2.098536420269317e-02   -2.703332778950478e-02   -1.348149105259849e-02    4.306760256022419e-03    4.690648581171229e-02    1.347269908097258e-02
    2    3,10       3,8    
    3.952093102890158e-02   -1.465941865899650e-02   -3.736854384538949e-02    3.465905937262748e-02   -1.405431573413621e-02    5.668308190825892e-02   -1.549615948735309e-02    4.477009035738354e-02   -3.215518085250243e-02
    2    3,11       3,8    
    4.727069910553795e-02    6.374229609921047e-03    9.202555605020998e-03    5.195933258926905e-02    2.718506222375617e-02   -2.443017821509884e-03    1.516494064464243e-02   -6.384995878764197e-03   -3.199328824960423e-02
    2    3,12       3,8    
   -3.237351813621547e-02   -5.134005307338420e-02   -3.250710390541740e-02    1.055512188325265e-02    9.965174299686255e-03   -3.640323980667192e-02   -4.155405032133207e-02    3.068023391339803e-02   -4.686780064107611e-03
    2    3,9        3,9    
   -2.335959281463202e-02    4.774683559792747e-02   -3.271108357990752e-03   -4.403454633798167e-02    5.149346052167291e-02   -1.048348026442759e-02   -3.897290245441629e-02   -2.386593179852797e-02    4.204805156544281e-02
    2    3,10       3,9    
   -1.105901521768111e-02    3.715110666516203e-02   -1.697358295439747e-02   -1.276413202229612e-02   -3.453449954206068e-02    1.872241510601047e-02   -4.943144563321407e-02    4.522830882865202e-02    1.664691353675266e-02
    2    3,11       3,9    
   -1.199851062866236e-02    5.321080492412022e-02    1.938537989463434e-02    3.952207792296255e-02   -6.242857285085885e-02    4.562918004694272e-02   -5.263298905087439e-02   -3.852168802271014e-03   -3.808699574910551e-02
    2    3,12       3,9    
   -1.159032538307973e-02   -4.755986706167627e-02    2.601798244050104e-02   -1.916429222060001e-03   -5.761187350836957e-02   -9.877197502135112e-03    5.485776149923612e-02    2.448575530984070e-02   -4.686538622655756e-02
    2    3,10       3,10   
   -2.030959127020069e-02    7.140118984354370e-02    2.090665934186289e-02   -5.638615803474005e-02   -1.438888608450087e-02   -4.115574386393335e-02   -6.036804843162723e-02    4.298590191164554e-02    7.866433761667131e-03
    2    3,11       3,10   
   -3.156793968225954e-02    2.515669139137391e-02    1.526405253286697e-02   -2.354279930355925e-02   -3.295468153641990e-03   -4.500331228006584e-02   -2.113116106836179e-02   -2.592933136700259e-02   -1.323209464780963e-02
    2    3,12       3,10   
   -4.337230043447711e-02    2.667615834329081e-03   -4.439477248604597e-02   -5.270793058669686e-02   -5.054013626272653e-02    3.205979176296428e-02    1.609495113537915e-02    6.040369978825991e-02    4.898079829344279e-02
    2    3,11       3,11   
    1.634849741781623e-02   -3.029188709269157e-02    2.622698309208765e-02    5.811470017698278e-02   -4.569182883242142e-03    1.939543073348870e-02   -2.657437591225106e-02    4.871699989564414e-02   -8.824945972451266e-03
    2    3,12       3,11   
    7.705168210738959e-02   -5.294940225324416e-02   -4.554741684270192e-02    4.210167942437178e-03    3.522141974579609e-02   -1.473020393018133e-03   -1.509461127461913e-02    4.457853913919593e-02   -5.104404178203099e-02
    2    3,12       3,12   
    2.510456460759294e-02   -4.785499281562335e-02   -9.130199248851138e-03   -3.882908552241071e-03    3.851142680670879e-02    5.972857105320886e-02    5.898204789268717e-02   -5.102564189355094e-02   -1.076886871207340e-02
    2    4,1        4,1    
    5.793405539581148e-03   -1.970551767477848e-02    2.328672118340730e-02    3.560455118082392e-02   -2.378872112830549e-03    1.853921825575258e-03   -4.676663159840599e-02    2.889788915489506e-02   -6.224053034948894e-02
    2    4,2        4,1    
    3.090932080140817e-02   -4.159535584682700e-03   -4.718409894011444e-02   -3.910972416778393e-03    6.930761680797709e-02   -3.157102197505818e-02   -9.747714020443986e-03    5.240773127706327e-02    1.050048329776686e-02
    2    4,3        4,1    
   -1.675214685727393e-02   -3.666160510797523e-02    1.395573575573783e-02   -3.104255883179051e-03    6.147629764127201e-03    6.223583720919851e-03   -6.455889923550034e-02    1.638361299579827e-02    3.445596918307711e-02
    2    4,4        4,1    
    1.019924375642549e-02    1.592065035900737e-03    6.541900077348399e-02   -6.218639588116059e-02   -2.740772540997803e-02   -2.478088554420038e-02   -7.501816793763439e-03   -2.169680466357766e-02   -1.111725872289503e-02
    2    4,2        4,2    
   -3.912561397353094e-02    3.053213082595044e-02   -9.000911174016780e-03    6.189701107688943e-03    2.757919131895314e-04    3.700117409331519e-02   -6.353088857407889e-02    6.990113085945509e-03    5.812893053848581e-02
    2    4,3        4,2    
    7.386540564362765e-03   -6.604575602146250e-02    2.175059447966879e-02    1.810625230829105e-02   -4.788264863414612e-02    4.817699371813675e-02   -2.415000226273563e-02    3.190874905959431e-02    2.036195873359401e-03
    2    4,4        4,2    
   -4.658713534599321e-02    3.761028347495841e-02    4.850037961579406e-02    3.432593323462688e-02   -4.781522338538949e-02   -6.187337821347134e-02   -4.036866198499779e-02    2.369231183380984e-02   -1.535162005757006e-02
    2    4,3        4,3    
    4.605097529460848e-02   -5.011317065565154e-02    3.579993248564318e-02   -2.584194514177941e-02    3.094946508726192e-02    6.081035754808040e-02   -6.430121131837371e-02   -4.937333249910061e-02    1.326728890998052e-02
    2    4,4        4,3    
   -2.545266599506285e-02    2.033813988637113e-02    2.408616250826442e-02    5.002182690111813e-02    6.619638809848760e-02   -5.767837446407593e-02   -3.237504327471203e-02   -5.456513632790928e-02    3.350964991686418e-02
    2    4,4        4,4    
   -4.150127580142750e-02   -3.920489381792318e-02   -6.244287304010915e-04   -3.759023652743289e-02    7.547937864798892e-03    1.632596004414854e-02   -3.201358902051343e-02   -3.024565451008094e-02    4.643358479121776e-02
bias
    3.912267314806579e-01   -2.005049182485244e-02    5.445447797894394e-01    4.557072154999519e-02   -1.349625796668519e-01    7.786106910178905e-02   -1.701152947533479e-02   -4.010201285032032e-02   -2.046089501601972e-01
