transposed transformation matrix
    1.580577782614526e-02   -3.909813518033914e-01   -5.027779412962662e-01   -5.689460096046846e-01
   -2.253152599034547e-01    2.727722687057726e-01    4.264107314475421e-01    2.711743844731981e-01
   -1.465866064482373e-01   -2.069138995927940e-01   -4.425115521357279e-01   -5.500916204661334e-01
    8.434511900000359e-03   -1.575023168123239e-01   -2.549882938928349e-01   -3.098958127646050e-01
   -1.370746793939312e-01   -3.894618704174331e-01   -3.473339652698489e-01   -1.472860842887004e-02
    1.855018345392829e-01   -5.952053420877647e-01   -5.494274911150943e-01   -7.569525846889048e-01
   -1.661626862297126e-01    3.631662791760707e-01    5.046872210178668e-01   -7.716541189495060e-02
    8.579680032040876e-02    1.550855699732641e-01    3.816222199195893e-01    3.592511807833418e-01
    8.394172238824857e-02    3.031028265599031e-01    1.863658626671859e-01    4.557046599323162e-01
bias
    2.317824071361849e-02   -6.937291195456326e-02   -1.139539436452215e-01    1.460905614261167e-01
