    1.95576941253541    1.95771282522267    1.96845767259947
    1.07367386452218    1.51832986106157    1.51669707531479
    1.46019485070863    1.46275436761442    2.08848428973701
    2.96891943053489    2.96108506477702    2.96893738179167
    2.59650412638948    0.00113829279550   -0.00069731413302
   -0.00334396317849   -0.00522080799110   -0.00485921342777
   -0.03031235266419    0.94682737628780   -0.00128837956681
    0.00137115815426   -0.00352411141680   -0.00030500451541
   -0.00142956620955    0.01490947285946    0.00162338863531
    0.00091972741008   -0.00149650733574    0.00977742231866
   -0.06927016078689    0.00920428807237    0.00736219568419
   -0.01058468305011   -0.02069439897947    1.81754214926462
