 N      7.   -4.45191508    0.16456951   -0.00000044   14.00307401
 C      6.   -1.76950920   -0.01450960   -0.00000017   12.00000000
 C      6.   -0.42709272   -0.00614023   -2.26915461   12.00000000
 C      6.   -0.42709311   -0.00613911    2.26915449   12.00000000
 C      6.    2.18899559   -0.00048238   -2.25663889   12.00000000
 C      6.    2.18899521   -0.00048127    2.25663921   12.00000000
 C      6.    3.51497150    0.00220900    0.00000027   12.00000000
 H      1.   -5.18553783   -0.71262666   -1.55719571    1.00782504
 H      1.   -5.18553809   -0.71262589    1.55719514    1.00782504
 H      1.   -1.43053445   -0.00050735   -4.03181437    1.00782504
 H      1.   -1.43053512   -0.00050537    4.03181408    1.00782504
 H      1.    3.19141204   -0.00106990   -4.02099761    1.00782504
 H      1.    3.19141137   -0.00106792    4.02099809    1.00782504
 H      1.    5.54283323    0.00502507    0.00000044    1.00782504
