    1,21                                    # 4th-order Morse
    7.730137355649157e-02
    1,21       1,21   
    7.078702888781516e-02
    2,5        2,5    
   -5.325798154672261e-01
    1,21       1,21       1,21   
   -2.764740694799860e-01
    2,5        2,5        1,21   
   -2.460312180742788e-02
    1,21       1,21       1,21       1,21   
    8.796147338094280e-02
    2,5        2,5        1,21       1,21   
    2.955761232081607e-01
    2,5        2,5        2,5        2,5    
   -2.027942629437623e-02
    1,22                                    # 1st-scaling bias
   -3.256241965461017e-01
    1,22       1,22   
   -4.425766428256138e-01
    2,6        2,6    
   -3.682246357427556e-01
    1,22       1,1                          # 1st-scaling bias replacing an irred-1 HN coord
    3.063973284934714e-02
    1,22       1,2    
    4.995657419660362e-03
    1,22       1,3    
   -9.597559608831857e-02
    1,22       1,4    
   -3.322971300096529e-01
    1,22       1,5    
    6.011714395298837e-02
    1,22       1,6    
   -1.840799165102243e-02
    1,22       1,7    
    4.841446484985953e-02
    1,22       1,8    
   -2.429037119748004e-02
    1,22       1,9    
   -1.748615837016222e-02
    1,22       1,10   
    3.858127437681972e-03
    1,22       1,11   
   -1.500035707085546e-02
    1,22       1,12   
   -3.941078207679966e-03
    1,22       1,13   
   -5.017421560205538e-03
    1,22       1,14   
    3.039868815314232e-01
    2,6        2,1                          # 1st-scaling bias replacing an irred-2 HN coord
   -2.189544948784312e-03
    2,6        2,2    
   -3.219362109941465e-01
    2,6        5,1        3,1    
   -8.125119657098570e-02
    2,6        5,1        3,2    
    6.358738749238517e-02
    2,6        5,1        3,3    
    1.330936095931088e-02
    2,6        5,1        3,4    
   -9.471407791538742e-03
    2,6        5,1        3,5    
    1.543216687905065e-02
    2,6        5,1        3,6    
    4.205091964379035e-02
    2,6        5,1        3,7    
   -9.254769018351985e-04
    2,6        5,1        3,8    
    9.871308239258034e-03
    2,6        5,1        3,9    
    5.975525307809603e-03
    2,6        5,1        3,10   
   -1.146595677557608e-03
    1,23                                    # 1st-scaling redundancy bias
   -6.478052047576932e-02
    1,23       1,23   
    1.742913143933227e-01
    1,23       1,1                          # 1st-scaling redundancy bias replacing an irred-1 HN coord
   -7.365405375576739e-02
    1,23       1,2    
   -4.980778739409848e-03
    1,23       1,3    
    1.351006511800118e-01
    1,23       1,4    
    4.659299663473663e-01
    1,23       1,5    
   -1.168094244258850e-01
    1,23       1,6    
    1.155552037173698e-02
    1,23       1,7    
    9.822354076500971e-03
    1,23       1,8    
    5.684609397428256e-02
    1,23       1,9    
    3.417042345046445e-02
    1,23       1,10   
   -5.083786635145048e-03
    1,23       1,11   
    1.656550179128976e-02
    1,23       1,12   
    1.137661926709425e-02
    1,23       1,13   
    6.230943480494670e-03
    1,23       1,14   
   -4.332651855826265e-01
    1,24                                    # 2nd-scaling bias
   -3.690354202797655e-01
    1,24       1,24   
    3.077318165622542e-02
    2,7        2,7    
   -1.337824313392931e-01
    1,18                                    # 2nd-scaling harmonic with-HN
   -9.699689653920990e-02
    1,19   
    3.217475474606626e-01
    1,18       1,1    
   -1.734458111732622e-02
    1,18       1,2    
    2.864979265245930e-03
    1,18       1,18   
    1.275588930091029e-01
    1,18       1,19   
    2.080770570522783e-01
    1,18       1,5    
   -2.056261399151743e-02
    1,18       1,6    
   -9.168195679784896e-03
    1,18       1,7    
    4.471117208433822e-02
    1,18       1,8    
    1.337181607447256e-02
    1,18       1,9    
    5.205712166869985e-03
    1,18       1,10   
    9.342932529482605e-04
    1,18       1,11   
   -6.910294805664029e-03
    1,18       1,12   
    3.161676592597693e-03
    1,18       1,13   
    1.926624634331462e-04
    1,19       1,1    
   -1.139793254993597e-01
    1,19       1,2    
    1.688143702763826e-02
    1,19       1,19   
    2.680228152730558e-01
    1,19       1,5    
    1.774778560127208e-02
    1,19       1,6    
   -5.388151643793544e-02
    1,19       1,7    
   -2.329621723973948e-01
    1,19       1,8    
   -5.968912132355271e-02
    1,19       1,9    
   -1.944782440154365e-02
    1,19       1,10   
    1.682506378895226e-02
    1,19       1,11   
   -7.600038836044715e-02
    1,19       1,12   
   -1.191869814490156e-02
    1,19       1,13   
   -4.242586092729271e-03
    2,3        2,3    
   -1.317007641694533e-01
    2,4        2,3    
   -1.604910705077567e-01
    2,4        2,4    
    4.175628995105150e-02
    3,14       3,1    
    2.769037963470091e-02
    3,14       3,2    
   -4.418659941278449e-02
    3,14       3,3    
    2.022080666546053e-02
    3,14       3,4    
   -1.562734480010990e-03
    3,14       3,5    
   -7.622350431096012e-03
    3,14       3,6    
   -4.258059336776394e-02
    3,14       3,7    
    2.723866449494245e-03
    3,14       3,8    
   -4.857907126753658e-03
    3,14       3,9    
   -5.779135108098282e-03
    3,14       3,10   
   -1.349339161273754e-02
    3,14       3,14   
    1.388823263557314e-01
    7,8        7,1    
    9.977681613011050e-03
    7,8        7,2    
   -4.757467890072423e-03
    7,8        7,3    
   -2.465274446866032e-03
    7,8        7,4    
    1.703269945418397e-03
    7,8        7,5    
   -2.561064482747681e-03
    7,8        7,6    
    2.555362100707653e-02
    7,8        7,8    
    5.692523300062336e-02
    5,2        2,3        3,1               # 2nd-scaling C2v-planar B2 x B2 <- G8 irred-5 x irred-2 x irred-3
   -1.250343161437990e-02
    5,2        2,3        3,2    
    1.437228054064711e-02
    5,2        2,3        3,3    
    2.118724692325782e-03
    5,2        2,3        3,4    
   -4.704552814809305e-03
    5,2        2,3        3,5    
    4.728650593884070e-03
    5,2        2,3        3,6    
    1.749454636757801e-02
    5,2        2,3        3,7    
   -1.173312861076118e-03
    5,2        2,3        3,8    
    4.360064602586223e-03
    5,2        2,3        3,9    
    4.963529028802430e-03
    5,2        2,3        3,10   
   -2.690769701185713e-02
    5,2        2,4        3,1    
   -8.563448342712307e-02
    5,2        2,4        3,2    
   -5.294823308530820e-02
    5,2        2,4        3,3    
   -2.451104504083566e-01
    5,2        2,4        3,4    
   -2.725379437064248e-02
    5,2        2,4        3,5    
    2.771685471506111e-03
    5,2        2,4        3,6    
    4.324665823214732e-02
    5,2        2,4        3,7    
    2.857173625279661e-03
    5,2        2,4        3,8    
    1.078630992386715e-02
    5,2        2,4        3,9    
   -3.309949334652407e-02
    5,2        2,4        3,10   
    5.096385823345658e-02
    5,2        8,2        4,1               # 2nd-scaling C2v-planar / C2v-perpendicular A2 x A2 <- G8 irred-4 x irred-5 x irred-8
   -4.271031727016932e-01
    5,2        8,2        4,2    
    1.815447169959735e-01
    5,2        8,2        4,3    
    2.929825823288656e-01
    8,2        8,2                          # 2nd-scaling NH2 rotation
   -2.116641193605746e-02
    1,24       1,1                          # 2nd-scaling bias replacing an irred-1 HN coord
    5.048107966765686e-02
    1,24       1,2    
    1.004415465946867e-02
    1,24       1,18   
    1.860402953499472e-01
    1,24       1,19   
   -2.484753540927211e-01
    1,24       1,5    
    1.823916147792128e-02
    1,24       1,6    
    2.922854013864389e-02
    1,24       1,7    
   -4.867226592917056e-02
    1,24       1,8    
   -1.285534855891828e-02
    1,24       1,9    
   -7.537380699812402e-03
    1,24       1,10   
    6.655159454967390e-03
    1,24       1,11   
   -1.775769141077845e-02
    1,24       1,12   
   -2.058316376759138e-03
    1,24       1,13   
    3.268592412050414e-03
    2,7        2,3                          # 2nd-scaling bias replacing an irred-2 HN coord
    2.935238705233023e-01
    2,7        2,4    
    5.361176458726771e-02
    2,7        5,2        3,1    
   -1.058162777485544e-02
    2,7        5,2        3,2    
    3.478299297248624e-02
    2,7        5,2        3,3    
    3.906894925104305e-03
    2,7        5,2        3,4    
    1.319987892234952e-02
    2,7        5,2        3,5    
    7.058405465634006e-03
    2,7        5,2        3,6    
    2.959180909025131e-02
    2,7        5,2        3,7    
   -3.964697423457396e-03
    2,7        5,2        3,8    
    5.947035120226954e-03
    2,7        5,2        3,9    
    3.213211528508998e-03
    2,7        5,2        3,10   
    1.579001150462181e-02
bias
    1.152416215182145e+00
