    1,21                                    # 4th-order Morse
   -4.139877847138971e-01
    1,21       1,21   
   -5.277755021495318e-01
    2,5        2,5    
   -1.159747182656288e+00
    1,21       1,21       1,21   
   -2.356664449995608e-01
    2,5        2,5        1,21   
    5.586074529108214e-01
    1,21       1,21       1,21       1,21   
    1.202674767047223e-01
    2,5        2,5        1,21       1,21   
    1.873785784032775e-01
    2,5        2,5        2,5        2,5    
    9.702772981574954e-02
    1,22                                    # 1st-scaling bias
   -3.117520645163030e-01
    1,22       1,22   
   -9.032371494053926e-01
    2,6        2,6    
   -1.139804939506480e+00
    1,22       1,1                          # 1st-scaling bias replacing an irred-1 HN coord
    8.450519208975676e-02
    1,22       1,2    
   -1.038035323290504e-03
    1,22       1,3    
   -9.447978127832675e-01
    1,22       1,4    
    2.478022219377210e-01
    1,22       1,5    
    2.747271657387109e-02
    1,22       1,6    
    7.588400102895036e-02
    1,22       1,7    
    1.638898676156878e-02
    1,22       1,8    
    6.980164049008526e-03
    1,22       1,9    
    3.728320472558674e-03
    1,22       1,10   
    5.527082209288879e-05
    1,22       1,11   
   -5.674688025376964e-04
    1,22       1,12   
   -3.716298535620320e-03
    1,22       1,13   
    2.955847271398567e-03
    1,22       1,14   
    1.617015001657665e-01
    2,6        2,1                          # 1st-scaling bias replacing an irred-2 HN coord
    2.013342996854341e-01
    2,6        2,2    
   -3.067340451673106e-01
    2,6        5,1        3,1    
   -6.062462707298625e-02
    2,6        5,1        3,2    
    2.073507833292026e-02
    2,6        5,1        3,3    
   -7.031825734749897e-02
    2,6        5,1        3,4    
    1.612161513637701e-02
    2,6        5,1        3,5    
    2.425940181083133e-03
    2,6        5,1        3,6    
    4.652482224779958e-02
    2,6        5,1        3,7    
    1.067461368685943e-03
    2,6        5,1        3,8    
    1.099707471110315e-02
    2,6        5,1        3,9    
    1.034668433337360e-03
    2,6        5,1        3,10   
    9.377644116326313e-02
    1,23                                    # 1st-scaling redundancy bias
    1.305347113456961e-01
    1,23       1,23   
   -3.597040060328773e-01
    1,23       1,1                          # 1st-scaling redundancy bias replacing an irred-1 HN coord
   -7.893831553096643e-02
    1,23       1,2    
    2.300039774475729e-03
    1,23       1,3    
    7.237129545975590e-01
    1,23       1,4    
   -3.514438074026879e-01
    1,23       1,5    
   -5.809203157771816e-02
    1,23       1,6    
   -1.288612655966059e-01
    1,23       1,7    
    2.312627644150285e-02
    1,23       1,8    
   -7.780335387254830e-03
    1,23       1,9    
    8.252297046728387e-04
    1,23       1,10   
    3.574579085867951e-03
    1,23       1,11   
    3.008976546190467e-03
    1,23       1,12   
    4.870949515658080e-03
    1,23       1,13   
    7.156423061384481e-04
    1,23       1,14   
   -2.292702910137092e-01
    1,24                                    # 2nd-scaling bias
   -8.867531097173952e-01
    1,24       1,24   
    9.483846338989803e-02
    2,7        2,7    
    3.748660204256179e-02
    1,18                                    # 2nd-scaling harmonic with-HN
   -2.736272455353585e-01
    1,19   
    1.816297832252577e-01
    1,18       1,1    
    3.554892379380318e-02
    1,18       1,2    
   -9.476816912978388e-05
    1,18       1,18   
    3.037275045567653e-01
    1,18       1,19   
    1.330671753400027e-01
    1,18       1,5    
   -9.989632505065895e-03
    1,18       1,6    
   -1.800641024763861e-02
    1,18       1,7    
    3.512485211523651e-02
    1,18       1,8    
    2.322650862646455e-03
    1,18       1,9    
    4.121075656997069e-03
    1,18       1,10   
    1.204796119459572e-03
    1,18       1,11   
   -1.723332700666889e-03
    1,18       1,12   
   -2.460522686834553e-04
    1,18       1,13   
    3.833546220574287e-03
    1,19       1,1    
    1.129709276376368e-01
    1,19       1,2    
   -2.599797893124947e-02
    1,19       1,19   
    9.446211321540750e-03
    1,19       1,5    
    5.022813023157949e-02
    1,19       1,6    
   -1.609434718346263e-02
    1,19       1,7    
   -2.950673982283849e-02
    1,19       1,8    
   -2.059616298205365e-02
    1,19       1,9    
   -6.228626325034183e-03
    1,19       1,10   
   -2.501489555967080e-02
    1,19       1,11   
   -5.780182607500453e-02
    1,19       1,12   
   -7.899509641648232e-03
    1,19       1,13   
   -9.585598015159233e-04
    2,3        2,3    
   -2.699955300633224e-01
    2,4        2,3    
   -1.372770103044135e-01
    2,4        2,4    
    1.010438267864513e-01
    3,14       3,1    
    4.060631115135140e-03
    3,14       3,2    
   -6.623796694035171e-02
    3,14       3,3    
    4.623514855825255e-02
    3,14       3,4    
   -7.090244336826013e-03
    3,14       3,5    
   -5.747963144896551e-03
    3,14       3,6    
   -5.076343240625090e-02
    3,14       3,7    
    3.605667374132585e-03
    3,14       3,8    
   -4.801317234820431e-03
    3,14       3,9    
   -9.540568141350406e-03
    3,14       3,10   
   -3.607784926923343e-02
    3,14       3,14   
    7.720448358338947e-02
    7,8        7,1    
   -4.200459432863532e-03
    7,8        7,2    
    4.087738641315750e-03
    7,8        7,3    
   -1.564965238262096e-03
    7,8        7,4    
   -1.064835208798470e-03
    7,8        7,5    
   -7.033998602969054e-04
    7,8        7,6    
   -1.083113611677442e-02
    7,8        7,8    
    5.191816579335412e-02
    5,2        2,3        3,1               # 2nd-scaling C2v-planar B2 x B2 <- G8 irred-5 x irred-2 x irred-3
    1.149958780782133e-02
    5,2        2,3        3,2    
   -3.836118457950401e-02
    5,2        2,3        3,3    
    3.615635978344473e-02
    5,2        2,3        3,4    
   -3.453709339867028e-03
    5,2        2,3        3,5    
    2.088356452910805e-03
    5,2        2,3        3,6    
    1.779511749074453e-02
    5,2        2,3        3,7    
    1.345825031122403e-03
    5,2        2,3        3,8    
    4.932706487814722e-03
    5,2        2,3        3,9    
    2.791774088452312e-04
    5,2        2,3        3,10   
   -7.459624321626009e-04
    5,2        2,4        3,1    
    9.084535290520319e-03
    5,2        2,4        3,2    
   -1.468693052223108e-01
    5,2        2,4        3,3    
    1.027435130040537e-01
    5,2        2,4        3,4    
    1.903872994381181e-02
    5,2        2,4        3,5    
   -3.150580424518750e-03
    5,2        2,4        3,6    
    9.597044238289429e-02
    5,2        2,4        3,7    
   -6.808090065388395e-03
    5,2        2,4        3,8    
    2.356938929329262e-02
    5,2        2,4        3,9    
    3.549995690808438e-02
    5,2        2,4        3,10   
   -1.365292223169619e-01
    5,2        8,2        4,1               # 2nd-scaling C2v-planar / C2v-perpendicular A2 x A2 <- G8 irred-4 x irred-5 x irred-8
    1.473197337890643e-01
    5,2        8,2        4,2    
   -1.278815025260332e-01
    5,2        8,2        4,3    
   -3.266686232728774e-02
    8,2        8,2                          # 2nd-scaling NH2 rotation
   -1.072340400818714e-02
    1,24       1,1                          # 2nd-scaling bias replacing an irred-1 HN coord
    2.925164744364423e-02
    1,24       1,2    
   -3.369202356447762e-03
    1,24       1,18   
    4.732701041368861e-01
    1,24       1,19   
   -2.598293603655028e-03
    1,24       1,5    
    3.342015261915252e-02
    1,24       1,6    
   -1.416194846257378e-02
    1,24       1,7    
    2.059545603683472e-02
    1,24       1,8    
    2.361571431637281e-03
    1,24       1,9    
   -1.962477505015462e-03
    1,24       1,10   
   -5.867796778851329e-03
    1,24       1,11   
   -1.655301619941065e-02
    1,24       1,12   
    4.395642933972306e-04
    1,24       1,13   
    1.382841933268860e-03
    2,7        2,3                          # 2nd-scaling bias replacing an irred-2 HN coord
    5.823851606357984e-01
    2,7        2,4    
   -9.699046006996667e-02
    2,7        5,2        3,1    
   -1.177647793157704e-02
    2,7        5,2        3,2    
    8.562746075895768e-02
    2,7        5,2        3,3    
   -2.401134972808844e-02
    2,7        5,2        3,4    
    1.454586334690060e-02
    2,7        5,2        3,5    
    1.054698535716709e-02
    2,7        5,2        3,6    
    4.459082290226209e-02
    2,7        5,2        3,7    
   -3.089402639439017e-03
    2,7        5,2        3,8    
    8.280396250341786e-03
    2,7        5,2        3,9    
    1.611192065649759e-02
    2,7        5,2        3,10   
    1.025072499155971e-02
bias
    3.624063270272661e+00
