    2,6        8,1        7,1    # 1st-scaling bias replacing an irred-2 HN coord
   -2.495795466311321e-01
    2,6        8,1        7,2    
    2.011443350573848e-01
    2,6        8,1        7,3    
    3.961415013621838e-02
    2,6        8,1        7,4    
   -1.217806654196938e-01
    2,6        8,1        7,5    
   -9.290557795422201e-02
    2,6        8,1        7,6    
   -5.359049394195919e-01
    1,22       1,4        1,1    # 1st-scaling bias replacing an irred-1 HN coord
    2.626072482883820e-02
    1,22       1,4        1,2    
    2.094239670728420e-03
    1,22       1,4        1,3    
   -2.087147001645192e-02
    1,22       1,4        1,4    
    2.632497746226029e-03
    1,22       1,4        1,5    
    2.567976641325009e-03
    1,22       1,4        1,6    
    1.423406689289566e-02
    1,22       1,4        1,7    
   -4.529422693728030e-03
    1,22       1,4        1,8    
    9.644258426700867e-03
    1,22       1,4        1,9    
    5.091475331735209e-03
    1,22       1,4        1,10   
    2.288765762711956e-04
    1,22       1,4        1,11   
   -5.939909499392506e-03
    1,22       1,4        1,12   
    5.786787979144736e-04
    1,22       1,4        1,13   
   -9.150528047975486e-04
    1,22       1,4        1,14    
    2.034833270684547e-03
    1,22       1,22       1,1    # 1st-scaling bias replacing a square of HN coord
    2.322604566495006e-02
    1,22       1,22       1,2    
    1.607136860799438e-02
    1,22       1,22       1,3    
    1.476097493533646e-03
    1,22       1,22       1,4    
   -1.495064431500631e-01
    1,22       1,22       1,5    
   -4.214245112537453e-02
    1,22       1,22       1,6    
    6.233998345871099e-03
    1,22       1,22       1,7    
    5.773929775880383e-02
    1,22       1,22       1,8    
    3.489068149115795e-02
    1,22       1,22       1,9    
    1.488925830591388e-02
    1,22       1,22       1,10   
    1.272262661899139e-02
    1,22       1,22       1,11   
    1.764831162666303e-02
    1,22       1,22       1,12   
    4.763580957016253e-03
    1,22       1,22       1,13   
    7.816411320605310e-03
    1,22       1,22       1,14    
   -4.894464669115117e-02
    2,6        2,6        1,1    
   -3.899089733934705e-02
    2,6        2,6        1,2    
   -2.024479772664247e-02
    2,6        2,6        1,3    
    6.778193247912553e-03
    2,6        2,6        1,4    
    1.497958542383808e-01
    2,6        2,6        1,5    
    4.446279958790583e-02
    2,6        2,6        1,6    
   -1.229643823598705e-02
    2,6        2,6        1,7    
   -7.269092479433133e-02
    2,6        2,6        1,8    
   -4.322230919024487e-02
    2,6        2,6        1,9    
   -1.972130077836652e-02
    2,6        2,6        1,10   
   -1.281435143305050e-02
    2,6        2,6        1,11   
   -1.693617513780805e-02
    2,6        2,6        1,12   
   -3.585735840110420e-03
    2,6        2,6        1,13   
   -1.500629045252354e-02
    2,6        2,6        1,14   
   -9.707014366638301e-01
    1,23       1,23       1,1    # 1st-scaling redundancy bias replacing a square of HN coord
   -5.279604160970450e-02
    1,23       1,23       1,2    
   -3.267720236955866e-02
    1,23       1,23       1,3    
   -2.211649200828425e-03
    1,23       1,23       1,4    
    2.897045058671436e-01
    1,23       1,23       1,5    
    8.389408127055277e-02
    1,23       1,23       1,6    
   -1.383313037325455e-02
    1,23       1,23       1,7    
   -1.146066017800792e-01
    1,23       1,23       1,8    
   -7.386749060047589e-02
    1,23       1,23       1,9    
   -3.132925016951707e-02
    1,23       1,23       1,10   
   -2.472498067854252e-02
    1,23       1,23       1,11   
   -3.183998092705433e-02
    1,23       1,23       1,12   
   -9.928186432226475e-03
    1,23       1,23       1,13   
   -1.507059617875579e-02
    1,23       1,23       1,14   
    9.674925502201268e-02
    8,2        2,3        7,1    # 2nd-scaling C2v-perpendicular B1 x B1 <- G8 irred-8 x irred-2 x irred-7
   -7.915410475801303e-02
    8,2        2,3        7,2    
    9.072085692788973e-02
    8,2        2,3        7,3    
    5.875038462920749e-03
    8,2        2,3        7,4    
   -7.059401736124690e-02
    8,2        2,3        7,5    
   -3.560983739890745e-02
    8,2        2,3        7,6    
   -1.367912674279746e-01
    8,2        2,4        7,1    
   -2.723894664380389e-01
    8,2        2,4        7,2    
   -2.662860770920149e-01
    8,2        2,4        7,3    
    2.251579795304470e-01
    8,2        2,4        7,4    
    3.023594035254840e-01
    8,2        2,4        7,5    
    2.143147967767999e-02
    8,2        2,4        7,6    
    7.969743367428096e-02
    5,2        5,2               # 2nd-scaling HN spherical coordinate angles
   -1.167023594821658e-02
    1,19       1,19       1,1    # 2nd-scaling 1st-order terms coupled with NH2 rotation
   -1.776177887689809e-01
    1,19       1,19       1,2    
    1.324150067929853e-02
    1,19       1,19       1,18   
    3.330222881039491e-01
    1,19       1,19       1,19    
    2.411287754188288e+00
    1,19       1,19       1,5    
   -1.223181602856918e+00
    1,19       1,19       1,6    
    5.683231150239336e-01
    1,19       1,19       1,7    
   -4.877799242858890e+00
    1,19       1,19       1,8    
    1.682129343954347e+00
    1,19       1,19       1,9    
    4.974020070062837e-01
    1,19       1,19       1,10   
   -7.142715365567411e-01
    1,19       1,19       1,11   
   -1.313181696282985e+00
    1,19       1,19       1,12   
    5.250906403177773e-02
    1,19       1,19       1,13   
   -3.723628879270123e-01
    2,4        2,4        1,1    
   -7.380244366112694e-01
    2,4        2,4        1,2    
   -2.126447790553883e-01
    2,4        2,4        1,18   
    7.905506720111750e-02
    2,4        2,4        1,19    
    6.071671177742352e-01
    2,4        2,4        1,5    
    3.698094613019253e-01
    2,4        2,4        1,6    
    5.701738581855182e-01
    2,4        2,4        1,7    
   -4.529298249318842e-02
    2,4        2,4        1,8    
    6.904663582160367e-02
    2,4        2,4        1,9    
    3.305200544328969e-01
    2,4        2,4        1,10   
   -1.877962070263620e-01
    2,4        2,4        1,11   
   -6.426316970250866e-01
    2,4        2,4        1,12   
    2.649455165702862e-01
    2,4        2,4        1,13   
   -3.762164336148321e-01
    3,14       3,14       1,1    
    1.401374819136815e+00
    3,14       3,14       1,2    
   -2.198233710181101e-01
    3,14       3,14       1,18   
    1.507649462589063e-01
    3,14       3,14       1,19    
   -3.256886968507823e-01
    3,14       3,14       1,5    
   -2.228405355466122e-02
    3,14       3,14       1,6    
    5.816721595075641e-02
    3,14       3,14       1,7    
   -1.601427296963065e+00
    3,14       3,14       1,8    
    6.765162668819564e-01
    3,14       3,14       1,9    
    3.174205598956368e-01
    3,14       3,14       1,10   
   -6.141085221974797e-01
    3,14       3,14       1,11   
   -1.448197257131561e+00
    3,14       3,14       1,12   
    6.638682507081628e-02
    3,14       3,14       1,13   
   -2.104683628012672e-01
    5,2        5,2        1,1    
    7.631187766600684e-01
    5,2        5,2        1,2    
   -1.777767197630788e-01
    5,2        5,2        1,18   
    7.449151245538510e-02
    5,2        5,2        1,19    
   -7.176628962904572e-01
    5,2        5,2        1,5    
    3.493244766652996e-01
    5,2        5,2        1,6    
   -1.949213380604126e-02
    5,2        5,2        1,7    
   -7.839796067507612e-01
    5,2        5,2        1,8    
    2.633889509391087e-01
    5,2        5,2        1,9    
    1.699849823779954e-01
    5,2        5,2        1,10   
   -2.871615843526947e-01
    5,2        5,2        1,11   
   -7.149016345467533e-01
    5,2        5,2        1,12   
    2.147946272658920e-03
    5,2        5,2        1,13   
   -1.162574242899041e-01
    7,8        7,8        1,1    
    1.292096150125382e+00
    7,8        7,8        1,2    
   -2.618924540312522e-01
    7,8        7,8        1,18   
    8.123624653699495e-02
    7,8        7,8        1,19    
   -7.553556866585596e-01
    7,8        7,8        1,5    
    3.413913722930843e-01
    7,8        7,8        1,6    
   -2.128789528660196e-03
    7,8        7,8        1,7    
   -1.361910551498413e+00
    7,8        7,8        1,8    
    3.818709005635032e-01
    7,8        7,8        1,9    
    2.416505266601958e-01
    7,8        7,8        1,10   
   -4.870976955457374e-01
    7,8        7,8        1,11   
   -1.241634880156188e+00
    7,8        7,8        1,12   
    7.440240794457220e-03
    7,8        7,8        1,13   
   -1.887724181538875e-01
    8,2        8,2        1,1    
    9.060516532196995e-01
    8,2        8,2        1,2    
   -1.372635186833539e-01
    8,2        8,2        1,18   
    7.837840018819608e-02
    8,2        8,2        1,19    
   -5.281263987601319e-01
    8,2        8,2        1,5    
    1.088734722216839e-01
    8,2        8,2        1,6    
    7.889852962387806e-03
    8,2        8,2        1,7    
   -8.268542945273575e-01
    8,2        8,2        1,8    
    4.762640191177239e-01
    8,2        8,2        1,9    
    2.121158517750905e-01
    8,2        8,2        1,10   
   -3.361558429763393e-01
    8,2        8,2        1,11   
   -7.970932038885714e-01
    8,2        8,2        1,12   
    3.100597351300631e-02
    8,2        8,2        1,13   
   -1.111619242078925e-01
    2,7        8,2        7,1    # 2nd-scaling bias replacing an irred-2 HN coord
    3.381875259399414e-02
    2,7        8,2        7,2    
    6.766154103041844e-02
    2,7        8,2        7,3    
   -4.095912766168093e-02
    2,7        8,2        7,4    
   -5.114644389125953e-02
    2,7        8,2        7,5    
   -2.264213880866087e-02
    2,7        8,2        7,6    
   -5.808599121780388e-02
    1,24       1,19       1,1    # 2nd-scaling bias replacing an irred-1 HN coord
   -2.056245202286986e+00
    1,24       1,19       1,2    
    3.446903433151275e-01
    1,24       1,19       1,18   
   -3.705482494710580e-01
    1,24       1,19       1,19    
    4.713709802315125e-01
    1,24       1,19       1,5    
   -1.420696414777957e-01
    1,24       1,19       1,6    
   -2.580116828455962e-01
    1,24       1,19       1,7    
    3.144727378506799e+00
    1,24       1,19       1,8    
   -9.648376976667086e-01
    1,24       1,19       1,9    
   -4.753611095358454e-01
    1,24       1,19       1,10   
    8.557294059592305e-01
    1,24       1,19       1,11   
    2.085876540378133e+00
    1,24       1,19       1,12   
   -4.731915280234988e-02
    1,24       1,19       1,13   
    3.585839854515754e-01
    1,24       1,24       1,1    # 2nd-scaling bias replacing a square of HN coord
   -4.496957429316753e-01
    1,24       1,24       1,2    
    1.122105233871647e-01
    1,24       1,24       1,18   
   -5.555776307293933e-02
    1,24       1,24       1,19    
    6.181696701448438e-02
    1,24       1,24       1,5    
   -2.140990736844000e-01
    1,24       1,24       1,6    
    4.329312796959063e-03
    1,24       1,24       1,7    
    4.950723594496397e-01
    1,24       1,24       1,8    
   -1.575448622969143e-01
    1,24       1,24       1,9    
   -1.087268622092137e-01
    1,24       1,24       1,10   
    1.722244597817054e-01
    1,24       1,24       1,11   
    4.237522036801161e-01
    1,24       1,24       1,12   
   -8.503402493849110e-04
    1,24       1,24       1,13   
    7.586373305425638e-02
    2,7        2,7        1,1    
   -1.137415243276949e+00
    2,7        2,7        1,2    
    1.575055878018987e-01
    2,7        2,7        1,18   
   -1.128855756586091e-01
    2,7        2,7        1,19    
    5.948865372826062e-01
    2,7        2,7        1,5    
   -6.300922359670667e-03
    2,7        2,7        1,6    
   -4.113046522477953e-02
    2,7        2,7        1,7    
    1.142891455229764e+00
    2,7        2,7        1,8    
   -5.556295182658161e-01
    2,7        2,7        1,9    
   -2.589007764995660e-01
    2,7        2,7        1,10   
    4.585303565866377e-01
    2,7        2,7        1,11   
    1.116910466009529e+00
    2,7        2,7        1,12   
   -5.151580304891222e-02
    2,7        2,7        1,13   
    1.492565421911981e-01
bias
    3.723905477848750e-04
