    1,1                                     # harmonic no-HN
   -9.859175191549632e-04
    1,2    
    1.079624316608193e-03
    1,5    
    1.369645121248189e-03
    1,6    
   -6.523655301789435e-03
    1,7    
    6.356748416919815e-03
    1,8    
    1.319705846993563e-03
    1,9    
    7.784598897873252e-04
    1,10   
    7.619776401866002e-04
    1,11   
   -3.137102240272444e-04
    1,12   
    1.627879859653425e-03
    1,13   
   -3.752991805163984e-03
    1,1        1,1    
    1.665725544913335e+00
    1,2        1,1    
    5.771816963261917e-03
    1,5        1,1    
    1.312569596313884e-02
    1,6        1,1    
   -3.326079819263224e-02
    1,7        1,1    
    3.888741503191381e-03
    1,8        1,1    
    2.607839459948713e-03
    1,9        1,1    
    1.677372723031224e-03
    1,10       1,1    
    4.604730729715813e-03
    1,11       1,1    
    5.242156659967303e-03
    1,12       1,1    
    4.000280268637346e-04
    1,13       1,1    
   -5.977862892575699e-04
    1,2        1,2    
    9.394991157534247e-01
    1,5        1,2    
   -6.664213612677322e-03
    1,6        1,2    
    6.174372546687092e-03
    1,7        1,2    
   -6.579937539140841e-03
    1,8        1,2    
    5.513219671531900e-04
    1,9        1,2    
    6.356170974204108e-04
    1,10       1,2    
    2.581155223375824e-02
    1,11       1,2    
    1.880315678218119e-02
    1,12       1,2    
    2.928435403018483e-04
    1,13       1,2    
   -6.091685363659700e-05
    1,5        1,5    
    1.466130198055497e+00
    1,6        1,5    
    1.368308289834208e-02
    1,7        1,5    
    8.140269675212454e-03
    1,8        1,5    
    3.291278613350847e-04
    1,9        1,5    
   -2.921493398762246e-04
    1,10       1,5    
   -2.253201147252452e-02
    1,11       1,5    
   -1.462106980979523e-02
    1,12       1,5    
   -7.816763803303044e-04
    1,13       1,5    
   -3.169694143034313e-04
    1,6        1,6    
    1.756679833602695e+00
    1,7        1,6    
    3.861898314429114e-02
    1,8        1,6    
   -4.382862623242796e-04
    1,9        1,6    
   -7.924683313166022e-04
    1,10       1,6    
    6.244395420391371e-03
    1,11       1,6    
   -2.390733276047391e-04
    1,12       1,6    
    1.810304715883267e-04
    1,13       1,6    
    4.432489291393167e-04
    1,7        1,7    
    2.039656897179748e+00
    1,8        1,7    
    8.724737088085089e-05
    1,9        1,7    
    1.037487497296308e-03
    1,10       1,7    
   -1.980555736054181e-02
    1,11       1,7    
   -7.085349117266077e-03
    1,12       1,7    
   -1.606716307950227e-04
    1,13       1,7    
    1.403239875904326e-03
    1,8        1,8    
    1.834255050550298e-01
    1,9        1,8    
   -3.963044600093008e-04
    1,10       1,8    
   -2.898383576137967e-04
    1,11       1,8    
    5.192648492852632e-04
    1,12       1,8    
    4.382949126185097e-04
    1,13       1,8    
   -3.815529841329947e-04
    1,9        1,9    
    1.829453242797330e-01
    1,10       1,9    
   -6.327448011198263e-04
    1,11       1,9    
   -6.081676946509814e-04
    1,12       1,9    
   -1.603295389436716e-04
    1,13       1,9    
   -2.471816435727250e-04
    1,10       1,10   
    8.871640635784922e-01
    1,11       1,10   
    1.701087697112030e-02
    1,12       1,10   
   -7.389428174722454e-05
    1,13       1,10   
   -8.466157314337110e-05
    1,11       1,11   
    4.614852495647697e-01
    1,12       1,11   
    1.479314360248194e-04
    1,13       1,11   
   -1.625904252792144e-04
    1,12       1,12   
    9.948782314234091e-02
    1,13       1,12   
   -4.528858674566527e-04
    1,13       1,13   
    9.811828248962592e-02
    3,1        3,1    
    7.355282175043116e-01
    3,2        3,1    
   -8.061105426240121e-02
    3,3        3,1    
    7.764226685538446e-02
    3,4        3,1    
    1.420076100316996e-03
    3,5        3,1    
   -1.579103559438494e-02
    3,6        3,1    
    2.611407788636954e-02
    3,7        3,1    
   -1.389476995455642e-03
    3,8        3,1    
   -5.476031682752641e-04
    3,9        3,1    
   -2.681328411492729e-04
    3,10       3,1    
    1.663401913935573e-03
    3,2        3,2    
    1.591018904577463e+00
    3,3        3,2    
    1.249702131357025e-02
    3,4        3,2    
   -3.237401030176380e-05
    3,5        3,2    
   -2.190411500835968e-04
    3,6        3,2    
   -1.073908219947003e-02
    3,7        3,2    
    1.291650470622822e-04
    3,8        3,2    
    7.055142255796601e-04
    3,9        3,2    
   -2.484206131352567e-04
    3,10       3,2    
    6.195421945053960e-03
    3,3        3,3    
   -5.935506854704088e-03
    3,4        3,3    
   -1.265201300235367e-03
    3,5        3,3    
    1.835707607044825e-02
    3,6        3,3    
   -9.940381214019341e-04
    3,7        3,3    
    4.421234690342099e-04
    3,8        3,3    
    3.814746692601118e-04
    3,9        3,3    
    5.608625111728291e-04
    3,10       3,3    
   -1.760084847431839e-03
    3,4        3,4    
    2.011402807607184e-01
    3,5        3,4    
   -8.401361836398585e-05
    3,6        3,4    
   -9.484177849141483e-05
    3,7        3,4    
   -3.997501211384537e-04
    3,8        3,4    
   -5.386470326362701e-04
    3,9        3,4    
   -1.203419718797495e-04
    3,10       3,4    
    2.335499855798480e-04
    3,5        3,5    
    5.533175177294346e-01
    3,6        3,5    
    2.651364697378360e-03
    3,7        3,5    
   -1.321381319665176e-04
    3,8        3,5    
   -1.009544893214586e-04
    3,9        3,5    
    9.242707216177082e-05
    3,10       3,5    
   -1.797162294436436e-03
    3,6        3,6    
    1.006736079208290e+00
    3,7        3,6    
   -6.460701048429381e-05
    3,8        3,6    
    6.158830498613432e-05
    3,9        3,6    
   -1.418462850286907e-04
    3,10       3,6    
    2.730525985990567e-03
    3,7        3,7    
    9.899195097094719e-02
    3,8        3,7    
    1.896684606663318e-04
    3,9        3,7    
   -9.194889813399195e-05
    3,10       3,7    
    2.637256302840280e-04
    3,8        3,8    
    9.606054689265793e-02
    3,9        3,8    
   -3.495050481065736e-04
    3,10       3,8    
    1.664297406484956e-05
    3,9        3,9    
    1.027899872582530e-01
    3,10       3,9    
    6.147936626932670e-05
    3,10       3,10   
    2.461293809211650e-01
    4,1        4,1    
    2.814823933928718e-02
    4,2        4,1    
    1.173775833323487e-05
    4,3        4,1    
    3.411856465350954e-04
    4,2        4,2    
    5.938970531567366e-02
    4,3        4,2    
    4.728503032771255e-04
    4,3        4,3    
    5.046548355549901e-02
    7,1        7,1    
    2.330331831292938e-02
    7,2        7,1    
    6.077640516650663e-05
    7,3        7,1    
   -8.133898846871367e-05
    7,4        7,1    
   -1.669659132334470e-04
    7,5        7,1    
    6.528252793871808e-07
    7,6        7,1    
    3.515941140075476e-05
    7,2        7,2    
    2.341269103122536e-02
    7,3        7,2    
   -1.691512861188995e-04
    7,4        7,2    
   -1.036902323199903e-04
    7,5        7,2    
    1.681152139888004e-04
    7,6        7,2    
    1.450213010308962e-04
    7,3        7,3    
    6.169286706164166e-02
    7,4        7,3    
    8.251043895496213e-04
    7,5        7,3    
    2.997606355523997e-04
    7,6        7,3    
   -1.876207026763505e-04
    7,4        7,4    
    5.060529258082807e-02
    7,5        7,4    
    2.349991710754854e-04
    7,6        7,4    
    1.215512965390908e-04
    7,5        7,5    
    5.702083582255302e-02
    7,6        7,5    
    4.736064665166947e-04
    7,6        7,6    
    8.234414836238418e-02
    1,8        1,8        1,8               # 4th-order benzene angles
   -3.963295134372762e-02
    1,8        1,8        1,8        1,8    
    8.064934327214095e-02
    1,9        1,9        1,9    
    8.072644246261990e-05
    1,9        1,9        1,9        1,9    
    5.625592350782450e-02
    3,4        3,4        3,4        3,4    
    6.335605516519895e-02
    4,1        4,1        4,1        4,1    
    1.456669447865053e-03
    7,1        7,1        7,1        7,1    
    6.204426346701988e-03
    7,2        7,2        7,2        7,2    
    1.328720551024130e-03
    7,6        7,6        7,6        7,6    # 4th-order N out of benzene
    8.283650007135182e-02
    1,15                                    # no-HN redundancy
   -3.120265950169175e-02
    1,15       1,15   
    9.511882436514024e-02
    1,15       1,15       1,15   
    1.850629750796816e-01
    1,15       1,15       1,15       1,15   
    1.039493820835845e-01
    1,16   
   -3.131676426717129e-02
    1,16       1,16   
    1.073462511841940e-01
    3,11       3,11   
    7.102702020320094e-02
    1,16       1,16       1,16   
    1.529846485387867e-01
    3,11       3,11       1,16   
    1.953219245296025e-01
    1,16       1,16       1,16       1,16   
    9.194293501212021e-02
    3,11       3,11       3,11       3,11   
    8.259610007842202e-02
    1,17   
   -1.839927309600687e-02
    1,17       1,17   
    1.049453353168634e-01
    3,12       3,12   
    8.117649638677900e-02
    1,17       1,17       1,17   
    6.939866409002110e-02
    3,12       3,12       1,17   
    9.834253141190648e-02
    1,17       1,17       1,17       1,17   
    9.818448023497559e-02
    3,12       3,12       3,12       3,12   
    9.259716143742730e-02
    3,7        3,7        3,7        3,7    # no-HN corresponding independency
    8.073116653715996e-02
    7,3        7,3        7,3        7,3    
    7.839143628119713e-02
    1,12       1,12       1,12   
   -4.257179982349084e-03
    3,8        3,8        1,12   
   -9.166242746830108e-03
    4,2        4,2        1,12   
    3.897731912158043e-02
    7,4        7,4        1,12   
   -9.521258383545492e-03
    1,12       1,12       1,12       1,12   
    3.243449251525327e-02
    4,2        4,2        1,12       1,12   
    1.027979226649841e-01
    7,4        7,4        1,12       1,12   
    1.041473164688059e-01
    3,8        3,8        3,8        3,8    
    3.420750754703199e-02
    4,2        4,2        4,2        4,2    
    5.496059267351404e-02
    7,4        7,4        7,4        7,4    
    5.679026895802609e-02
    1,13       1,13       1,13   
   -1.636829019936233e-02
    3,9        3,9        1,13   
   -1.575801084609178e-02
    4,3        4,3        1,13   
    2.122871026198497e-03
    7,5        7,5        1,13   
    1.531124671769883e-02
    1,13       1,13       1,13       1,13   
    3.517680649108211e-02
    4,3        4,3        1,13       1,13   
    9.917092615440751e-02
    7,5        7,5        1,13       1,13   
    1.017823388834202e-01
    3,9        3,9        3,9        3,9    
    3.746104534203420e-02
    4,3        4,3        4,3        4,3    
    7.126833513321772e-02
    7,5        7,5        7,5        7,5    
    5.412176217520080e-02
    3,7        3,7        1,15              # no-HN redundancy coupled with corresponding independency
   -1.931487355871246e-01
    7,3        7,3        1,15   
   -2.094743091335665e-01
    3,7        3,7        1,15       1,15   
    1.240957748624270e-01
    7,3        7,3        1,15       1,15   
    1.027431641053362e-01
    1,16       1,12   
    1.321855635313299e-02
    3,11       3,8    
    2.521323233626531e-02
    1,16       1,12       1,12   
   -1.330562890460382e-01
    1,16       1,16       1,12   
   -3.234202658416436e-01
    3,11       3,8        1,12   
    2.643473707208461e-01
    3,11       3,11       1,12   
    1.818933690122452e-01
    3,8        3,8        1,16   
   -1.377677379083685e-01
    3,11       3,8        1,16   
   -2.743427367944722e-01
    4,2        4,2        1,16   
   -2.109027075836032e-01
    7,4        7,4        1,16   
   -2.290544163517320e-01
    1,16       1,12       1,12       1,12   
    3.682534598608331e-02
    1,16       1,16       1,12       1,12   
    1.004689492381520e-01
    1,16       1,16       1,16       1,12   
    3.979358348304873e-01
    3,8        3,8        1,16       1,12   
    5.455678261253125e-02
    4,2        4,2        1,16       1,12   
   -2.059150955586946e-02
    7,4        7,4        1,16       1,12   
    9.288893801470283e-02
    3,8        3,8        1,16       1,16   
    1.007657177135354e-01
    4,2        4,2        1,16       1,16   
    1.010752274010791e-01
    7,4        7,4        1,16       1,16   
    9.707669497414267e-02
    3,11       3,8        3,8        3,8    
    1.167716574754562e-03
    3,11       3,11       3,8        3,8    
    1.480303084479069e-01
    3,11       3,11       3,11       3,8    
    7.088780298171397e-01
    1,17       1,13   
   -2.096356312579573e-03
    3,12       3,9    
    1.028347656356801e-02
    1,17       1,13       1,13   
   -1.320447466542552e-01
    1,17       1,17       1,13   
   -2.563741990592724e-01
    3,12       3,9        1,13   
    1.822366235534907e-01
    3,12       3,12       1,13   
    8.799049302158847e-02
    3,9        3,9        1,17   
   -1.355228278844674e-01
    3,12       3,9        1,17   
   -2.676552965042456e-01
    4,3        4,3        1,17   
   -2.418667137813797e-01
    7,5        7,5        1,17   
   -2.016728831634558e-01
    1,17       1,13       1,13       1,13   
    7.112146167410197e-02
    1,17       1,17       1,13       1,13   
    1.022058876776311e-01
    1,17       1,17       1,17       1,13   
    3.083096035896963e-01
    3,9        3,9        1,17       1,13   
    1.166801205663866e-01
    4,3        4,3        1,17       1,13   
   -5.734219614861351e-02
    7,5        7,5        1,17       1,13   
    1.094379071675796e-01
    3,9        3,9        1,17       1,17   
    1.040603078140843e-01
    4,3        4,3        1,17       1,17   
    1.115183814237693e-01
    7,5        7,5        1,17       1,17   
    9.844255467058226e-02
    3,12       3,9        3,9        3,9    
    3.325412874228474e-02
    3,12       3,12       3,9        3,9    
    1.200604064996896e-01
    3,12       3,12       3,12       3,9    
    5.707776826177429e-01
    1,3                                     # harmonic with-HN
    2.382335828512208e-01
    1,14   
   -1.743796221171123e-03
    1,3        1,1    
    4.311140681852924e-04
    1,3        1,2    
    2.258165548419198e-04
    1,3        1,3    
    1.916054037764965e-01
    1,3        1,5    
   -8.112401604144956e-04
    1,3        1,6    
   -2.765069912790775e-03
    1,3        1,7    
    1.155546685028928e-03
    1,3        1,8    
   -7.202367776712736e-05
    1,3        1,9    
   -1.453605560081088e-04
    1,3        1,10   
    1.419258215592514e-04
    1,3        1,11   
    5.093622737023964e-05
    1,3        1,12   
   -2.381993846421440e-05
    1,3        1,13   
   -2.088068278537305e-04
    1,3        1,14   
   -9.876873420842200e-04
    1,14       1,1    
    1.218688627849230e-03
    1,14       1,2    
   -2.774594854359374e-04
    1,14       1,5    
   -1.360979006284966e-04
    1,14       1,6    
   -1.989351132074272e-03
    1,14       1,7    
    1.466756555022230e-03
    1,14       1,8    
    8.991838275225477e-04
    1,14       1,9    
   -4.823319539532783e-05
    1,14       1,10   
    9.207562901114025e-04
    1,14       1,11   
   -1.047531714311643e-04
    1,14       1,12   
    3.319439315734161e-04
    1,14       1,13   
   -3.588676279556568e-04
    1,14       1,14   
    9.545386472470246e-02
    2,1        2,1    
    1.200552121176042e-01
    2,2        2,1    
    5.930271885727811e-04
    2,2        2,2    
    1.167028666812897e-01
    6,1        6,1    
    9.984106584534292e-03
    5,1        2,1        3,1               # C2v-planar B2 x B2 <- G8 irred-5 x irred-2 x irred-3
   -6.856687549814899e-04
    5,1        2,1        3,2    
    2.921345069859337e-04
    5,1        2,1        3,3    
    1.511582195125634e-03
    5,1        2,1        3,4    
    1.038624982434907e-04
    5,1        2,1        3,5    
    1.053243876254280e-04
    5,1        2,1        3,6    
    7.645986477951671e-05
    5,1        2,1        3,7    
    1.117218348259509e-05
    5,1        2,1        3,8    
    2.604337970269794e-05
    5,1        2,1        3,9    
    3.075674753517025e-05
    5,1        2,1        3,10   
    7.424293509691990e-04
    5,1        2,2        3,1    
   -2.320617630358657e-04
    5,1        2,2        3,2    
   -2.704806214904243e-04
    5,1        2,2        3,3    
   -1.623116588833582e-04
    5,1        2,2        3,4    
    3.284045876153395e-05
    5,1        2,2        3,5    
    1.236923732346967e-04
    5,1        2,2        3,6    
   -1.516222124467253e-04
    5,1        2,2        3,7    
    6.692759437143283e-05
    5,1        2,2        3,8    
    1.746050861767103e-04
    5,1        2,2        3,9    
   -2.623041662588400e-05
    5,1        2,2        3,10   
   -8.100199871218644e-04
    5,1        6,1        7,1               # C2v-planar B1 x B1 <- G8 irred-5 x irred-6 x irred-7
    2.815107578021142e-05
    5,1        6,1        7,2    
   -5.261780047715162e-05
    5,1        6,1        7,3    
   -1.176410666865722e-04
    5,1        6,1        7,4    
    2.813451980279480e-05
    5,1        6,1        7,5    
    1.884080077204234e-04
    5,1        6,1        7,6    
    6.227587247526971e-05
    8,1        2,1        7,1               # C2v-perpendicular B1 x B1 <- G8 irred-8 x irred-2 x irred-7
    7.034132135434857e-04
    8,1        2,1        7,2    
   -1.989465259365046e-04
    8,1        2,1        7,3    
    2.131687509722342e-04
    8,1        2,1        7,4    
    6.690424628166337e-05
    8,1        2,1        7,5    
   -2.146211704158990e-04
    8,1        2,1        7,6    
    8.022852148704929e-04
    8,1        2,2        7,1    
   -5.822852986548347e-03
    8,1        2,2        7,2    
    2.153308266415670e-03
    8,1        2,2        7,3    
    1.247725459264377e-03
    8,1        2,2        7,4    
   -1.459219939800970e-03
    8,1        2,2        7,5    
    1.168634633346293e-03
    8,1        2,2        7,6    
   -2.286807432510495e-02
    8,1        6,1        3,1               # C2v-perpendicular B2 x B2 <- G8 irred-8 x irred-6 x irred-3
   -3.623461873914611e-04
    8,1        6,1        3,2    
    4.815809996049248e-04
    8,1        6,1        3,3    
   -7.177659895848491e-04
    8,1        6,1        3,4    
    2.406625503480096e-04
    8,1        6,1        3,5    
   -1.726094376617217e-04
    8,1        6,1        3,6    
   -8.514385895681265e-05
    8,1        6,1        3,7    
   -1.464248315282135e-05
    8,1        6,1        3,8    
   -3.297384559036851e-04
    8,1        6,1        3,9    
    8.832493130622597e-06
    8,1        6,1        3,10   
   -1.563284746815962e-04
    5,1        8,1        4,1               # C2v-planar / C2v-perpendicular A2 x A2 <- G8 irred-4 x irred-5 x irred-8
   -2.765565467937331e-04
    5,1        8,1        4,2    
   -5.587645570563160e-05
    5,1        8,1        4,3    
   -5.329539028046043e-04
    1,4                                     # HN spherical coordinate angles
   -2.784963428216730e-03
    1,4        1,4    
    1.073951323107982e-01
    3,13       3,13   
    9.866284082368984e-02
    5,1        5,1    
    1.427626733774875e-01
    7,7        7,7    
    7.191658659654232e-02
    8,1        8,1    
    2.827133048910164e-02
    1,4        1,1                          # 1st-order terms coupled with NH2 rotation
    2.193855906563961e-04
    1,4        1,2    
    6.001749552750501e-04
    1,4        1,3    
   -1.932255893291089e-03
    1,4        1,5    
    1.733929722797674e-03
    1,4        1,6    
   -3.041268480276480e-03
    1,4        1,7    
   -6.976758091546629e-04
    1,4        1,8    
   -8.934091793662913e-04
    1,4        1,9    
   -3.407535290975603e-04
    1,4        1,10   
   -8.748528000124285e-05
    1,4        1,11   
    8.520057782069531e-05
    1,4        1,12   
    1.209585958790129e-04
    1,4        1,13   
   -1.270005542099123e-03
    1,4        1,14   
    6.831015635220543e-04
    3,13       3,1    
    5.756177769548757e-04
    3,13       3,2    
   -2.718506715508476e-04
    3,13       3,3    
   -2.131327264746517e-03
    3,13       3,4    
   -5.928328366073271e-04
    3,13       3,5    
   -1.299431602016420e-04
    3,13       3,6    
   -1.147457732603145e-04
    3,13       3,7    
    1.734271780331891e-04
    3,13       3,8    
   -1.026267711197374e-04
    3,13       3,9    
    9.709315929905564e-05
    3,13       3,10   
    4.760263211672210e-04
    7,7        7,1    
    1.065027541452537e-05
    7,7        7,2    
    9.771382021828488e-05
    7,7        7,3    
    1.850978478466152e-04
    7,7        7,4    
    3.572657184662979e-05
    7,7        7,5    
   -2.487104615252641e-04
    7,7        7,6    
   -3.509550068550200e-04
    1,14       1,14       1,14              # with-HN corresponding independency
   -9.868213237898944e-02
    1,14       1,14       1,14       1,14   
    5.781766651051040e-02
    6,1        6,1        1,14       1,14   
    5.801666484035519e-02
    6,1        6,1        6,1        6,1    
    4.769773603803287e-03
    1,14       1,14       1,4               # with-HN redundancy coupled with corresponding independency
   -3.149751496465212e-01
    6,1        6,1        1,4    
   -9.576306773139892e-02
    1,14       1,4        1,4        1,4    
    1.822796890524016e-01
    1,14       1,14       1,4        1,4    
    1.804753758322025e-01
    6,1        6,1        1,4        1,4    
    3.997146494239487e-02
    1,14       1,14       1,14       1,4    
    9.562119567995109e-02
    2,2        2,2        1,14       1,4    
   -1.730730944555173e-01
    6,1        6,1        1,14       1,4    
    8.762894729470345e-03
    1,21                                    # 4th-order Morse
    9.023351947912854e-02
    1,21       1,21
   -7.743631385033356e-03
    2,5        2,5
   -1.419579356177334e-02
    1,21       1,21       1,21
    2.942283263154626e-02
    2,5        2,5        1,21
    2.269104039003499e-01
    1,21       1,21       1,21       1,21
    1.517163429251783e-02
    2,5        2,5        1,21       1,21
    5.045558385866614e-02
    2,5        2,5        2,5        2,5
    4.970473457318369e-02
    1,22                                    # 1st-scaling bias
   -1.165701488643067e+00
    1,22       1,22   
    5.399928894521984e-01
    2,6        2,6    
   -2.624590780384238e-01
    1,22       1,22       1,22   
    2.026586389517135e-02
    2,6        2,6        1,22   
    2.116914363701294e-01
    1,22       1,22       1,22       1,22   
    1.684796319719910e-02
    2,6        2,6        1,22       1,22   
    3.711722941309442e-01
    2,6        2,6        2,6        2,6    
    1.274804905433493e-01
    1,22       1,1                          # 1st-scaling bias replacing an irred-1 HN coord
   -9.461293185772607e-04
    1,22       1,2    
    6.786103054868345e-04
    1,22       1,3    
   -1.015620392609327e-04
    1,22       1,4    
   -9.353842413060966e-04
    1,22       1,5    
    7.827212390047403e-04
    1,22       1,6    
   -4.740264923120031e-03
    1,22       1,7    
    4.031214132211538e-03
    1,22       1,8    
    9.373138560351342e-04
    1,22       1,9    
    3.850693729365057e-04
    1,22       1,10   
    6.214967947049327e-04
    1,22       1,11   
   -1.021488942337144e-04
    1,22       1,12   
    1.072364343709653e-03
    1,22       1,13   
   -2.491405093103308e-03
    1,22       1,4        1,1    
   -1.395428639927169e-05
    1,22       1,4        1,2    
    3.886754454795038e-04
    1,22       1,4        1,3    
   -8.188807253460559e-04
    1,22       1,4        1,4    
   -2.858488025679730e-04
    1,22       1,4        1,5    
    1.506811237191036e-03
    1,22       1,4        1,6    
   -2.463449047227923e-03
    1,22       1,4        1,7    
   -3.207096979900125e-04
    1,22       1,4        1,8    
   -6.613415476337108e-04
    1,22       1,4        1,9    
   -2.161270439694490e-04
    1,22       1,4        1,10   
   -9.586405810528971e-05
    1,22       1,4        1,11   
    1.511362136971075e-04
    1,22       1,4        1,12   
    1.221172362345088e-04
    1,22       1,4        1,13   
   -9.225029490879125e-04
    1,22       2,2        2,2    
    7.781880625890445e-04
    1,22       3,13       3,13   
   -1.692635285542307e-03
    1,22       5,1        5,1    
   -3.579091261336704e-03
    1,22       7,7        7,7    
    4.780227425412986e-04
    1,22       8,1        8,1    
    5.395269255864125e-03
    2,6        2,1                          # 1st-scaling bias replacing an irred-2 HN coord
   -2.904582346747432e-04
    2,6        2,2    
   -7.833222978631999e-03
    2,6        2,2        1,2    
   -2.032444640127394e-03
    2,6        2,2        1,3    
   -7.562236446180213e-03
    2,6        2,2        1,4    
   -6.651631049478220e-02
    2,6        2,2        1,8    
   -4.731565415296936e-03
    2,6        2,2        1,9    
   -4.520110540603904e-03
    2,6        2,2        1,10   
   -2.140250816476745e-03
    2,6        2,2        1,11   
   -6.460144596854385e-03
    2,6        2,2        1,12   
   -4.451011510334182e-03
    2,6        2,2        1,13   
    3.409149987493317e-03
    2,6        5,1        3,1    
   -1.218529680122718e-04
    2,6        5,1        3,2    
    3.755558674342524e-04
    2,6        5,1        3,3    
   -6.185055403073993e-04
    2,6        5,1        3,4    
   -7.402035116553065e-04
    2,6        5,1        3,5    
    2.847039077404763e-04
    2,6        5,1        3,6    
   -2.711070877682857e-04
    2,6        5,1        3,7    
   -3.554499692018083e-05
    2,6        5,1        3,8    
   -6.445444871389705e-04
    2,6        5,1        3,9    
    8.028390449004309e-04
    2,6        5,1        3,10   
    1.280891173927603e-03
    2,6        5,1        3,13   
   -2.535078687907987e-02
    2,6        8,1        7,1    
   -4.281882890158993e-03
    2,6        8,1        7,2    
    1.129945359703947e-03
    2,6        8,1        7,3    
   -9.932655944604252e-04
    2,6        8,1        7,4    
   -5.023045784717521e-04
    2,6        8,1        7,5    
    1.189867404397772e-03
    2,6        8,1        7,6    
   -8.924367070105507e-03
    2,6        8,1        7,7    
    2.816381985702937e-01
    1,22       1,22       1,1               # 1st-scaling bias replacing a sqaure of HN coords
   -9.108439474422242e-04
    1,22       1,22       1,2    
    4.756807049678910e-04
    1,22       1,22       1,3    
   -2.845712677487163e-04
    1,22       1,22       1,4    
   -1.427541327670945e-04
    1,22       1,22       1,5    
    5.523655829779939e-04
    1,22       1,22       1,6    
   -3.418053678016648e-03
    1,22       1,22       1,7    
    2.682666322147990e-03
    1,22       1,22       1,8    
    6.116024929973719e-04
    1,22       1,22       1,9    
    1.756932060815463e-04
    1,22       1,22       1,10   
    3.963974834354423e-04
    1,22       1,22       1,11   
   -5.752686756084979e-05
    1,22       1,22       1,12   
    7.265570621364721e-04
    1,22       1,22       1,13   
   -1.684463901786198e-03
    2,6        2,6        1,1    
    4.668121067816126e-03
    2,6        2,6        1,2    
    1.000346346109234e-03
    2,6        2,6        1,3    
    3.368853431591528e-03
    2,6        2,6        1,4    
   -9.428781665049247e-03
    2,6        2,6        1,5    
   -2.733249731174846e-05
    2,6        2,6        1,6    
    1.970750905046156e-03
    2,6        2,6        1,7    
   -1.411437464860827e-03
    2,6        2,6        1,8    
   -2.968808671023426e-04
    2,6        2,6        1,9    
    2.040206423560554e-04
    2,6        2,6        1,10   
   -1.298721831368586e-03
    2,6        2,6        1,11   
   -8.198436607522242e-04
    2,6        2,6        1,12   
    1.187321107928962e-04
    2,6        2,6        1,13   
   -1.986089189817526e-05
    1,22       1,22       1,4        1,4    
    9.896280237191159e-03
    1,22       1,22       2,2        2,2    
    1.071826123017468e-02
    1,22       1,22       3,13       3,13   
    9.379811553859984e-03
    1,22       1,22       5,1        5,1    
    8.224757066041628e-03
    1,22       1,22       7,7        7,7    
    1.022697821642349e-02
    1,22       1,22       8,1        8,1    
    1.296506712589795e-02
    2,6        2,6        1,4        1,4    
   -8.022440314405688e-02
    2,6        2,6        2,2        2,2    
   -8.628937068435881e-02
    2,6        2,6        3,13       3,13   
   -1.382420485427538e-02
    2,6        2,6        5,1        5,1    
   -3.778949908093936e-02
    1,23                                    # 1st-scaling redundancy bias
    9.137982105413125e-03
    1,23       1,23    
    4.970098290266377e-02
    1,23       1,23       1,23   
    1.911014812882679e-02
    1,23       1,23       1,23       1,23   
   -1.955236096376731e-02
    1,23       1,3                          # 1st-scaling redundancy bias replacing an irred-1 HN coord
   -7.286346759591459e-04
    1,23       1,1    
   -2.403632287869194e-03
    1,23       1,2    
    8.263675497681538e-04
    1,23       1,5    
    1.107638648753202e-03
    1,23       1,6    
   -7.082353832413940e-03
    1,23       1,7    
    5.518044600318346e-03
    1,23       1,8    
    1.258693509681985e-03
    1,23       1,9    
    3.262525732086886e-04
    1,23       1,10   
    9.550710181279998e-04
    1,23       1,11   
   -1.261379092163838e-05
    1,23       1,12   
    1.438507898480904e-03
    1,23       1,13   
   -3.366474886863771e-03
    1,23       1,14   
   -7.912528672470425e-04
    1,23       6,1        6,1    
    2.968748855862383e-05
    1,23       1,4    
    1.873135074296743e-04
    1,23       1,4        1,4    
   -1.314026092600471e-05
    1,23       1,14       1,4    
    7.308424538410665e-04
    1,23       1,14       1,14   
    1.713810277219887e-03
    1,23       2,2        2,2    
    1.720292171249117e-03
    1,23       3,13       3,13   
   -8.317223725042074e-04
    1,23       5,1        5,1    
   -3.216479603020675e-03
    1,23       7,7        7,7    
    4.051571634357968e-04
    1,23       8,1        8,1    
    5.416981296515988e-03
    1,23       1,23       1,1               # 1st-scaling redundancy bias replacing a square of HN coords
   -1.896644028480977e-03
    1,23       1,23       1,2    
    1.040277333664066e-03
    1,23       1,23       1,3    
   -5.955293222268573e-04
    1,23       1,23       1,4    
    1.288987111097358e-03
    1,23       1,23       1,5    
    1.205980699013320e-03
    1,23       1,23       1,6    
   -6.827539142368157e-03
    1,23       1,23       1,7    
    4.526164518235582e-03
    1,23       1,23       1,8    
    9.762147767248880e-04
    1,23       1,23       1,9    
    8.858954770658892e-05
    1,23       1,23       1,10   
    3.995252233274883e-04
    1,23       1,23       1,11   
   -1.878755157954016e-04
    1,23       1,23       1,12   
    1.373215514993438e-03
    1,23       1,23       1,13   
   -3.082810394349427e-03
    1,23       1,23       1,14   
   -7.128223683713872e-04
    1,23       1,23       1,4        1,4    
    9.979557852878278e-03
    1,23       1,23       1,14       1,4    
    6.708149092003653e-04
    1,23       1,23       1,14       1,14   
    1.182328271974357e-02
    1,23       1,23       6,1        6,1    
    1.005236299618345e-02
    1,18                                    # 2nd-scaling
    2.415011984292210e-02
    1,18       1,1    
    1.094446255325416e-03
    1,18       1,2    
   -5.855369172950590e-04
    1,18       1,18   
    2.261979921489259e-02
    1,18       1,5    
   -1.255511840065523e-03
    1,18       1,6    
    4.348783120342548e-03
    1,18       1,7    
   -3.662023208167634e-03
    1,18       1,8    
   -9.143001355309113e-04
    1,18       1,9    
   -5.216521343062447e-04
    1,18       1,10   
   -2.302545848996988e-05
    1,18       1,11   
    4.435622681632920e-04
    1,18       1,12   
   -9.434686883973604e-04
    1,18       1,13   
    2.286707546724450e-03
    2,3        2,3    
   -2.760846766803020e-03
    2,4        2,3    
   -3.925141619298480e-03
    2,4        2,4    
   -6.178134290663412e-04
    5,2        2,3        3,1    
   -2.928936038724580e-03
    5,2        2,3        3,2    
    1.075084715865031e-03
    5,2        2,3        3,3    
   -3.689859931766743e-05
    5,2        2,3        3,4    
    1.381041767396479e-04
    5,2        2,3        3,5    
    4.518432647535436e-05
    5,2        2,3        3,6    
   -5.625115366120359e-05
    5,2        2,3        3,7    
   -3.621320132377031e-04
    5,2        2,3        3,8    
   -5.182369221893060e-04
    5,2        2,3        3,9    
   -1.496806845754157e-04
    5,2        2,3        3,10   
    1.598395385326852e-03
    8,2        2,3        7,1    
    3.835678479875925e-04
    8,2        2,3        7,2    
    1.440562765459507e-04
    8,2        2,3        7,3    
    1.283767820794955e-04
    8,2        2,3        7,4    
    9.411629766683285e-05
    8,2        2,3        7,5    
    6.944329813023865e-04
    8,2        2,3        7,6    
    8.089050875378427e-05
    8,2        2,4        7,1    
    1.223664809520064e-03
    8,2        2,4        7,2    
    4.591592944908068e-05
    8,2        2,4        7,3    
    2.294527258478993e-04
    8,2        2,4        7,4    
    7.239794079453330e-04
    8,2        2,4        7,5    
    2.164653074665354e-03
    8,2        2,4        7,6    
    2.323585022319490e-03
    5,2        8,2        4,1    
   -6.452260758180908e-04
    5,2        8,2        4,2    
    6.200393583313330e-05
    5,2        8,2        4,3    
   -3.305869386110225e-03
    1,19   
   -3.901084436027023e-03
    1,19       1,19   
    5.613295506619232e-03
    3,14       3,14   
    8.884589820119360e-03
    5,2        5,2    
    1.096846454828900e-02
    7,8        7,8    
    9.975239036380854e-03
    8,2        8,2    
    1.032107958183882e-02
    1,19       1,1    
    3.367530210987808e-03
    1,19       1,2    
    2.985640101303093e-03
    1,19       1,18   
   -1.017156953661510e-03
    1,19       1,5    
   -5.113953897845852e-03
    1,19       1,6    
   -4.822705804449079e-03
    1,19       1,7    
    1.499634803774947e-03
    1,19       1,8    
    1.375164999521967e-03
    1,19       1,9    
    2.201865221066611e-04
    1,19       1,10   
    3.226943113532096e-03
    1,19       1,11   
   -1.156389616902602e-03
    1,19       1,12   
   -7.798321338621518e-04
    1,19       1,13   
   -2.736351391742122e-03
    3,14       3,1    
    2.179732280805348e-04
    3,14       3,2    
   -1.202001948593553e-03
    3,14       3,3    
   -6.780474153648518e-04
    3,14       3,4    
   -3.268451647944771e-04
    3,14       3,5    
   -1.488899464081755e-04
    3,14       3,6    
    2.658482884759053e-04
    3,14       3,7    
    1.238268963166228e-04
    3,14       3,8    
   -1.227852354551136e-04
    3,14       3,9    
   -1.379186681335610e-04
    3,14       3,10   
    1.164994112572603e-03
    7,8        7,1    
    6.741294494590928e-05
    7,8        7,2    
    2.652571148902372e-05
    7,8        7,3    
    3.129496527265719e-05
    7,8        7,4    
   -1.595959803183358e-05
    7,8        7,5    
    1.210989039727111e-04
    7,8        7,6    
    1.006038145633777e-04
    1,24   
   -2.914340800057408e-02
    1,24       1,24   
   -5.327555210359104e-03
    2,7        2,7    
    9.127205102157937e-02
    1,24       1,24       1,24   
    1.808366424738693e-02
    2,7        2,7        1,24   
   -5.254497903967324e-02
    1,24       1,24       1,24       1,24   
   -3.884621304210850e-03
    2,7        2,7        1,24       1,24   
   -8.389897371880559e-02
    2,7        2,7        2,7        2,7    
   -3.439859208703451e-02
    1,24       1,1    
   -6.634242654127126e-04
    1,24       1,2    
   -8.957226936662302e-05
    1,24       1,18   
    1.373677511836729e-04
    1,24       1,19   
   -4.522648521590022e-03
    1,24       1,5    
   -2.493711004997520e-04
    1,24       1,6    
   -2.541304341068471e-03
    1,24       1,7    
    2.510879854676512e-03
    1,24       1,8    
    5.257504789370925e-04
    1,24       1,9    
    1.096707084524445e-04
    1,24       1,10   
    8.343448347269903e-04
    1,24       1,11   
    2.296038828078606e-04
    1,24       1,12   
    2.189836478951302e-04
    1,24       1,13   
   -8.306925259526487e-04
    1,24       1,19       1,1    
    1.348929622035834e-03
    1,24       1,19       1,2    
    2.383630874744182e-03
    1,24       1,19       1,18   
    4.075261843543357e-04
    1,24       1,19       1,19   
   -5.723550839212920e-03
    1,24       1,19       1,5    
   -6.983476519622639e-03
    1,24       1,19       1,6    
   -4.289425489927057e-04
    1,24       1,19       1,7    
    1.602435858717896e-03
    1,24       1,19       1,8    
    9.128652718483492e-04
    1,24       1,19       1,9    
   -2.466327089066604e-04
    1,24       1,19       1,10   
    3.885208915561274e-03
    1,24       1,19       1,11   
   -8.248172480377590e-04
    1,24       1,19       1,12   
   -1.232120991834991e-03
    1,24       1,19       1,13   
   -1.104808592081762e-03
    1,24       2,4        2,4    
   -1.479768243624451e-02
    1,24       3,14       3,14   
   -2.098925853182341e-03
    1,24       5,2        5,2    
    4.653233861169055e-04
    1,24       7,8        7,8    
   -4.866561222788918e-04
    1,24       8,2        8,2    
    1.373427633119792e-04
    2,7        2,3    
   -3.506760748054556e-03
    2,7        2,4    
    1.142912117455196e-03
    2,7        2,4        1,18   
   -3.387170472520620e-04
    2,7        2,4        1,19   
   -3.055719449608111e-03
    2,7        2,4        1,8    
    1.063473433163606e-02
    2,7        2,4        1,9    
    1.856039071006709e-03
    2,7        2,4        1,12   
   -5.332494520857877e-03
    2,7        2,4        1,13   
    1.509810798221116e-03
    2,7        5,2        3,1    
   -2.582860760816644e-04
    2,7        5,2        3,2    
   -8.447240075969791e-04
    2,7        5,2        3,3    
    2.255330721666754e-03
    2,7        5,2        3,4    
    1.057990823606288e-03
    2,7        5,2        3,5    
   -2.261452865128367e-04
    2,7        5,2        3,6    
   -1.289297185439182e-04
    2,7        5,2        3,7    
   -1.875950730831641e-04
    2,7        5,2        3,8    
   -5.643702147793347e-04
    2,7        5,2        3,9    
   -3.418099928191411e-04
    2,7        5,2        3,10   
    3.011959217463848e-03
    2,7        5,2        3,14   
    1.557820249194681e-03
    2,7        8,2        7,1    
    3.235803275880853e-04
    2,7        8,2        7,2    
   -8.229142038730928e-05
    2,7        8,2        7,3    
   -9.737802842703524e-06
    2,7        8,2        7,4    
   -6.661436832025552e-05
    2,7        8,2        7,5    
    2.538661353216588e-04
    2,7        8,2        7,6    
    7.338679814043284e-04
    2,7        8,2        7,8    
   -7.430796323343060e-04
    1,24       1,24       1,1    
   -9.249962885432072e-04
    1,24       1,24       1,2    
   -5.140138106758380e-05
    1,24       1,24       1,18   
   -5.967699441696312e-04
    1,24       1,24       1,19   
   -3.804957182453492e-03
    1,24       1,24       1,5    
    1.375810150628786e-04
    1,24       1,24       1,6    
   -9.440670353377227e-04
    1,24       1,24       1,7    
    1.368952765859583e-03
    1,24       1,24       1,8    
   -3.598574173997200e-05
    1,24       1,24       1,9    
    2.011480365822402e-05
    1,24       1,24       1,10   
    2.602307643504302e-04
    1,24       1,24       1,11   
   -5.415016386298978e-05
    1,24       1,24       1,12   
    8.013279299074172e-06
    1,24       1,24       1,13   
   -2.007764533585089e-04
    2,7        2,7        1,1    
    7.422140128302355e-05
    2,7        2,7        1,2    
    1.309597653450052e-03
    2,7        2,7        1,18   
    5.926214329378096e-03
    2,7        2,7        1,19   
   -1.181129251689492e-02
    2,7        2,7        1,5    
   -2.590670789811363e-03
    2,7        2,7        1,6    
   -4.205740648617295e-03
    2,7        2,7        1,7    
    6.560600684754784e-03
    2,7        2,7        1,8    
    2.735988082042469e-03
    2,7        2,7        1,9    
   -4.003641016069974e-04
    2,7        2,7        1,10   
    3.896450279193361e-03
    2,7        2,7        1,11   
    1.325153756706267e-03
    2,7        2,7        1,12   
   -1.858409970826249e-04
    2,7        2,7        1,13   
   -6.833698404905159e-04
    1,24       1,24       1,19       1,19   
    3.109455199910533e-03
    1,24       1,24       2,4        2,4    
    8.831289667778367e-04
    1,24       1,24       3,14       3,14   
    7.780709640978145e-03
    1,24       1,24       5,2        5,2    
    1.028683725333842e-02
    1,24       1,24       7,8        7,8    
    9.366306311118899e-03
    1,24       1,24       8,2        8,2    
    1.026526584408677e-02
    2,7        2,7        1,19       1,19   
    1.079155857675926e-02
    2,7        2,7        3,14       3,14   
    1.209782382549649e-02
    2,7        2,7        5,2        5,2    
    9.453086022833101e-03
    2,7        2,7        7,8        7,8    
    5.636735313125524e-03
    2,7        2,7        8,2        8,2    
    8.382550856412704e-03
bias
    1.631981470032291e-01
