    3,1        1,3                # harmonic with-HN
    3,2        1,3    
    3,3        1,3    
    3,4        1,3    
    3,5        1,3    
    3,6        1,3    
    3,7        1,3    
    3,8        1,3    
    3,9        1,3    
    3,10       1,3    
    3,1        1,14   
    3,2        1,14   
    3,3        1,14   
    3,4        1,14   
    3,5        1,14   
    3,6        1,14   
    3,7        1,14   
    3,8        1,14   
    3,9        1,14   
    3,10       1,14   
    5,1        2,1    
    5,1        2,2    
    8,1        6,1    
    5,1        2,1        1,1    # C2v-planar B2 x A1 <- G8 irred-5 x irred-2 x irred-1
    5,1        2,1        1,2    
    5,1        2,1        1,3    
    5,1        2,1        1,5    
    5,1        2,1        1,6    
    5,1        2,1        1,7    
    5,1        2,1        1,8    
    5,1        2,1        1,9    
    5,1        2,1        1,10   
    5,1        2,1        1,11   
    5,1        2,1        1,12   
    5,1        2,1        1,13   
    5,1        2,1        1,14   
    5,1        2,2        1,1    
    5,1        2,2        1,2    
    5,1        2,2        1,3    
    5,1        2,2        1,5    
    5,1        2,2        1,6    
    5,1        2,2        1,7    
    5,1        2,2        1,8    
    5,1        2,2        1,9    
    5,1        2,2        1,10   
    5,1        2,2        1,11   
    5,1        2,2        1,12   
    5,1        2,2        1,13   
    5,1        2,2        1,14   
    5,1        6,1        4,1    # C2v-planar B1 x A2 <- G8 irred-5 x irred-6 x irred-4
    5,1        6,1        4,2    
    5,1        6,1        4,3    
    5,1        8,1        7,1    # C2v-planar / C2v-perpendicular A2 x B1 <- G8 irred-5 x irred-8 x irred-7
    5,1        8,1        7,2    
    5,1        8,1        7,3    
    5,1        8,1        7,4    
    5,1        8,1        7,5    
    5,1        8,1        7,6    
    1,22       3,1               # 1st-scaling bias replacing an irred-1 HN coord
    1,22       3,2    
    1,22       3,3    
    1,22       3,4    
    1,22       3,5    
    1,22       3,6    
    1,22       3,7    
    1,22       3,8    
    1,22       3,9    
    1,22       3,10   
    1,22       5,1        2,1    
    1,22       5,1        2,2    
    2,6        5,1               # 1st-scaling bias replacing an irred-2 HN coord
    2,6        5,1        1,1    
    2,6        5,1        1,2    
    2,6        5,1        1,3    
    2,6        5,1        1,5    
    2,6        5,1        1,6    
    2,6        5,1        1,7    
    2,6        5,1        1,8    
    2,6        5,1        1,9    
    2,6        5,1        1,10   
    2,6        5,1        1,11   
    2,6        5,1        1,12   
    2,6        5,1        1,13   
    2,6        5,1        1,14   
    1,23       3,1               # 1st-scaling redundancy bias replacing an irred-1 HN coord
    1,23       3,2    
    1,23       3,3    
    1,23       3,4    
    1,23       3,5    
    1,23       3,6    
    1,23       3,7    
    1,23       3,8    
    1,23       3,9    
    1,23       3,10   
    1,23       5,1        2,1    
    1,23       5,1        2,2    
    3,1        1,18               # 2nd-scaling harmonic with-HN
    3,2        1,18   
    3,3        1,18   
    3,4        1,18   
    3,5        1,18   
    3,6        1,18   
    3,7        1,18   
    3,8        1,18   
    3,9        1,18   
    3,10       1,18   
    3,1        1,19   
    3,2        1,19   
    3,3        1,19   
    3,4        1,19   
    3,5        1,19   
    3,6        1,19   
    3,7        1,19   
    3,8        1,19   
    3,9        1,19   
    3,10       1,19   
    5,2        2,3    
    5,2        2,4    
    7,8        4,1    
    7,8        4,2    
    7,8        4,3    
    5,2        2,3        1,1    # 2nd-scaling C2v-planar B2 x A1 <- G8 irred-5 x irred-2 x irred-1
    5,2        2,3        1,2    
    5,2        2,3        1,18   
    5,2        2,3        1,19   
    5,2        2,3        1,5    
    5,2        2,3        1,6    
    5,2        2,3        1,7    
    5,2        2,3        1,8    
    5,2        2,3        1,9    
    5,2        2,3        1,10   
    5,2        2,3        1,11   
    5,2        2,3        1,12   
    5,2        2,3        1,13   
    5,2        2,4        1,1    
    5,2        2,4        1,2    
    5,2        2,4        1,18   
    5,2        2,4        1,19   
    5,2        2,4        1,5    
    5,2        2,4        1,6    
    5,2        2,4        1,7    
    5,2        2,4        1,8    
    5,2        2,4        1,9    
    5,2        2,4        1,10   
    5,2        2,4        1,11   
    5,2        2,4        1,12   
    5,2        2,4        1,13   
    5,2        8,2        7,1    # 2nd-scaling C2v-planar / C2v-perpendicular A2 x B1 <- G8 irred-5 x irred-8 x irred-7
    5,2        8,2        7,2    
    5,2        8,2        7,3    
    5,2        8,2        7,4    
    5,2        8,2        7,5    
    5,2        8,2        7,6    
    5,2        8,2        7,8    
    1,24       3,1                # 2nd-scaling bias replacing an irred-1 HN coord
    1,24       3,2    
    1,24       3,3    
    1,24       3,4    
    1,24       3,5    
    1,24       3,6    
    1,24       3,7    
    1,24       3,8    
    1,24       3,9    
    1,24       3,10   
    1,24       5,2        2,3    
    1,24       5,2        2,4    
    2,7        5,2               # 2nd-scaling bias replacing an irred-2 HN coord
    2,7        5,2        1,1    
    2,7        5,2        1,2    
    2,7        5,2        1,18   
    2,7        5,2        1,19   
    2,7        5,2        1,5    
    2,7        5,2        1,6    
    2,7        5,2        1,7    
    2,7        5,2        1,8    
    2,7        5,2        1,9    
    2,7        5,2        1,10   
    2,7        5,2        1,11   
    2,7        5,2        1,12   
    2,7        5,2        1,13   
    8,1        2,1        4,1               # C2v-perpendicular B1 x A2 <- G8 irred-8 x irred-2 x irred-4
    8,1        2,1        4,2    
    8,1        2,1        4,3    
    8,1        2,2        4,1    
    8,1        2,2        4,2    
    8,1        2,2        4,3    
    8,1        6,1        1,1               # C2v-perpendicular B2 x A1 <- G8 irred-8 x irred-6 x irred-1
    8,1        6,1        1,2    
    8,1        6,1        1,3    
    8,1        6,1        1,5    
    8,1        6,1        1,6    
    8,1        6,1        1,7    
    8,1        6,1        1,8    
    8,1        6,1        1,9    
    8,1        6,1        1,10   
    8,1        6,1        1,11   
    8,1        6,1        1,12   
    8,1        6,1        1,13   
    8,1        6,1        1,14   
    3,13                                     # HN spherical coordinate angles
    3,13       1,4    
    1,22       8,1        6,1    # 1st-scaling bias replacing an irred-1 HN coord    
    1,22       3,13   
    2,6        8,1        4,1    # 1st-scaling bias replacing an irred-2 HN coord
    2,6        8,1        4,2    
    2,6        8,1        4,3    
    3,14                         # 2nd-scaling harmonic with-HN
    3,14       1,1    
    3,14       1,2    
    3,14       1,18   
    3,14       1,19   
    3,14       1,5    
    3,14       1,6    
    3,14       1,7    
    3,14       1,8    
    3,14       1,9    
    3,14       1,10   
    3,14       1,11   
    3,14       1,12   
    3,14       1,13   
    8,2        2,3        4,1    # 2nd-scaling C2v-perpendicular B1 x A2 <- G8 irred-8 x irred-2 x irred-4
    8,2        2,3        4,2    
    8,2        2,3        4,3    
    8,2        2,4        4,1    
    8,2        2,4        4,2    
    8,2        2,4        4,3    
    1,24       3,14              # 2nd-scaling bias replacing an irred-1 HN coord    
    2,7        8,2        4,1    # 2nd-scaling bias replacing an irred-2 HN coord
    2,7        8,2        4,2    
    2,7        8,2        4,3    
