       166    4.896513204228694e-05    # no-HN redundancy
       168    2.801305343333746e-08
       170    1.461232822307335e-09
       171    4.769212464730745e-13
       174    2.030363367064030e-04
       176    1.185513484363690e-05
       178    6.937899282593677e-07
       179    4.674598756325251e-11
       181    1.649514767616694e-12
       187    1.901653595564376e-08
       189    8.884404401260857e-07
       192    1.298125870975710e-12
       194    2.519121914772876e-12
       195    8.628736771235979e-13
       197    5.313093632417538e-11
       203    9.841915080548970e-08
       205    3.635447821623559e-04
       208    5.718074520935726e-11
       210    1.094768714848021e-10
       211    2.565859122257393e-11
       213    9.705169023925656e-11
       223    2.303536151836298e-07
       224    1.041862285241181e-07
       229    4.942140629522755e-09
       232    4.037432855545733e-10
       233    2.831417187164046e-10
       236    1.301436667638961e-08
       237    7.343678681765998e-11
       240    3.472509802896958e-13
       242    8.575145931549386e-04
       245    1.095618748258693e-13
       246    3.201347545232288e-14
       248    7.419907999493411e-07
       249    7.111398168017611e-13
       250    3.856111108197096e-13
       251    5.480411831415229e-14
       252    2.328922211613682e-13
       253    5.451384193712741e-14
       258    9.852488152653995e-05
       259    1.284844603480822e-07
       264    5.543394846616403e-09
       267    5.106636300922389e-08
       268    4.700211712369029e-10
       271    5.755959682198687e-06
       272    7.438818878234615e-10
       275    2.604461299197580e-12
       277    9.201838738691494e-04
       280    2.169294446441141e-11
       281    8.927971686499556e-13
       283    3.207069156640372e-04
       284    1.377721414169519e-07
       285    3.276879306867971e-12
       286    8.440917541731061e-13
       287    8.909613650074735e-15
       288    7.922941974797424e-13
       462    2.568954817613682e-06    # with-HN redundancy
       465    6.301076396948327e-04
       478    2.568954817613682e-06
       479    6.301076396948327e-04
