   3.450331E-02   1.393554E-01   9.169326E-02
  -5.997367E-02  -8.176855E-02   3.081525E-01
  -2.525767E-01  -5.617447E-02  -1.190451E-01
   1.419463E-01   1.585228E-02  -7.571994E-02
   6.261089E-01  -1.938029E-02   2.996921E-01
  -5.622479E-01   4.986341E-02   3.202238E-01
   2.668647E-02   2.079981E-03  -7.099323E-01
   3.850673E-02  -5.689762E-02  -7.526984E-02
   3.154776E-02   9.789851E-03  -3.559586E-02
  -9.792164E-03   4.276916E-02  -5.190137E-04
  -2.342074E-05  -3.527511E-02   6.122105E-03
   3.448720E-03   5.439353E-03   5.989524E-03
   7.542950E-04  -5.952658E-03   7.104174E-03
   2.396487E-04  -1.208259E-03  -9.451332E-03
