    3,1                                     # harmonic no-HN
   -1.328947003799971e-01   -1.958625371264390e-01    1.000945406000639e-01   -1.883212719111076e-01    1.672039404245970e-01
    3,2    
    5.204232955866315e-02   -7.326814438613921e-03    2.581371015423339e-01   -3.861480136424089e-03    1.417143892071320e-01
    3,3    
    2.364770068433707e-01    1.081098848508826e-01   -5.882817099202951e-03   -3.304305639113254e-02    2.932480029334745e-01
    3,4    
    1.662650192923033e-01    2.174451996138372e-01    3.724993620224754e-02    1.402890537737378e-01    2.079349966471257e-01
    3,5    
   -1.082341276305005e-01    2.804697480707645e-01    1.346259999490301e-01    3.161544064830920e-01   -6.048579514881843e-02
    3,6    
    3.173218721034955e-01   -4.753337568338006e-02    1.674527361852115e-01   -1.217075073620691e-01    2.962404872335815e-02
    3,7    
   -1.003034864881896e-01    5.317259113665888e-02    1.289419828790705e-01    1.227281580119360e-01    2.834361804547624e-02
    3,8    
    1.727773706554076e-01    1.532084684924102e-01   -4.249655325525092e-02    1.869276053984605e-01    6.373566758937568e-02
    3,9    
   -1.824228840535461e-02    1.839157452929400e-01    1.517757251347480e-01   -1.515520685822283e-01   -4.123946329025447e-02
    3,10   
    3.912318121815545e-02    9.065217935771015e-02   -9.042675697990570e-02    3.263703483518193e-02   -1.761365791694771e-01
    3,1        1,1    
    1.194716170768203e+00   -9.181063267725724e-01    4.096962690179339e+00    2.943778768314238e+00   -8.479030096242158e-01
    3,2        1,1    
    3.145362866175734e+00   -1.748212313081462e+00    1.003084409836846e+00   -2.878392420598007e+00   -1.233049735823679e+00
    3,3        1,1    
   -2.911810916983250e-01    7.378138551797568e-01    6.390543672580826e-01    3.942327752284092e+00    5.016533480911943e-01
    3,4        1,1    
   -1.561196395084960e-01   -4.911005334209362e-01   -3.493359602439585e-01   -5.109676409823771e-02   -4.466499766797806e-03
    3,5        1,1    
   -5.435207063593317e-01   -2.122283645974192e+00   -4.590146345305894e-01    1.356067450095992e+00    2.297195484454795e+00
    3,6        1,1    
   -9.659370709274574e-01   -1.306969714293269e+00   -2.306760159396335e+00    1.258389288561768e+00    1.451907508445806e+00
    3,7        1,1    
   -2.839881375902124e-01    4.512458640133014e-01   -3.385621119268483e-01    3.809603130282998e-02   -4.334155302524049e-01
    3,8        1,1    
    2.967818088951011e-01   -2.446990144122155e-01    3.705196052390877e-02   -1.549464298349693e-01   -2.055140991413227e-01
    3,9        1,1    
   -5.759433006619135e-02   -3.411301122636169e-01   -1.312991169099489e-01   -1.832651491647766e-01   -2.592721281068525e-01
    3,10       1,1    
    1.241092805053735e+00    5.303362727437282e-01   -8.451743144252986e-02   -1.673130737175926e+00   -3.069634017169097e+00
    3,1        1,2    
    6.761232575748156e+00    8.269432088887546e+00    1.670042841773360e+01    1.948835661473893e+01    2.798450140325301e+01
    3,2        1,2    
    1.556431398797064e+01   -1.492566143354681e+01    1.876095207233020e+01    5.719349023857094e+00   -6.178328958577287e+00
    3,3        1,2    
    1.930423184137059e+01    1.219248924628314e+01    1.286789658637314e+01    1.632207510358774e+01    2.043839291656435e+01
    3,4        1,2    
    1.624190566925872e-01   -9.821552445927742e-02   -2.946569778120699e-01    2.761010298036495e-01   -3.935975112052518e-01
    3,5        1,2    
   -3.548469713737081e+00   -3.176841713376322e+00    2.066435042836444e+01    1.792001957604510e+01   -1.317533375700071e+01
    3,6        1,2    
    3.830721127681386e+00    2.361215391773158e+01   -1.309644480470613e+01   -1.282639978493854e+01   -8.928058583227882e+00
    3,7        1,2    
    2.435097633471040e-01   -5.809505078918433e-02    9.306885650045892e-02   -8.248310893731722e-02    2.997922455983857e-01
    3,8        1,2    
   -1.133477330066834e-02    2.993942251235142e-02    2.220893253687367e-02   -6.608537102183817e-02   -1.300045312073781e-01
    3,9        1,2    
    2.109520016847621e-01   -2.365959610218806e-01   -8.910918530324238e-02    6.717252166766013e-02    5.020581040372234e-02
    3,10       1,2    
    2.077035699581087e+00    6.303009809747750e-01   -2.913189954427517e+00   -4.276218647629812e+00    2.142976683951110e-01
    3,1        1,5    
   -3.299630507096001e+00    9.027289163894910e+00   -2.327465052457172e+00   -6.278016598261901e+00    3.593025002300517e+00
    3,2        1,5    
    6.902308901066038e+00    1.994356058332083e+00    1.665813913017866e+01    1.357530115693904e-01    3.238758143975119e+00
    3,3        1,5    
   -1.284407118837713e+01   -7.160023505956055e+00   -1.277842506802997e+01   -8.996999578178791e+00   -3.771374772260796e+00
    3,4        1,5    
   -2.055135726582839e-01    3.724262576859357e-01   -9.001319654405411e-02   -2.395798418407078e-01   -6.303717019828479e-01
    3,5        1,5    
    3.414772078063147e-01    4.430529671664305e+00    4.100254774993714e+00   -4.674358458746799e+00    4.256357291887627e+00
    3,6        1,5    
    9.561414095633968e-01   -5.826716321907885e-01    4.194204920418508e+00    6.204603590264067e+00   -5.812642498722303e+00
    3,7        1,5    
   -5.580186915543102e-01   -3.413029730475516e-01   -4.553548016694404e-01    1.674704593582377e-01   -8.151237220186631e-02
    3,8        1,5    
   -1.606700722904606e-01    3.243558033206763e-01   -1.903906254675088e-01   -1.851327171618397e-01   -7.373307046704475e-02
    3,9        1,5    
   -2.233169173958388e-01   -5.640721712721831e-02    1.985309342513535e-01   -3.627178426820433e-01    3.821134554987460e-01
    3,10       1,5    
   -4.717625835603701e+00   -5.849880207995926e-01   -5.322234660472699e+00    2.072591078572781e+00   -5.422767806773678e+00
    3,1        1,6    
   -2.354801113352154e+00    3.276945671601404e+00   -9.642289466635098e-01    7.592979899354910e-01    3.800924845926475e-02
    3,2        1,6    
   -7.412738231656721e-01   -3.919457763274281e+00   -1.440658635607063e+00   -1.094151073784074e-01    3.051849978007791e+00
    3,3        1,6    
    1.252757325135510e+00   -1.174728947567225e+00    1.978532999058854e+00   -2.941780696915308e+00   -4.557886379801023e+00
    3,4        1,6    
   -3.771412786927946e-01    1.687756979834973e-01    2.829857517509600e-01    3.035904361770261e-01    3.647692075612082e-01
    3,5        1,6    
   -8.922598506482831e-01   -9.273166736635616e-01   -3.552760087331149e+00   -2.046463867900045e-01   -2.047933279336382e+00
    3,6        1,6    
   -3.240722143955162e+00    2.100523576911281e+00    1.382062856412156e+00   -3.465883718850738e+00    2.132842330993000e+00
    3,7        1,6    
    2.496195404446338e-01   -4.736688979355690e-01   -4.380618314395057e-01   -4.556141261019682e-01    3.694077622419664e-01
    3,8        1,6    
    2.070100039157901e-01   -7.236648439474598e-02   -3.899266069693442e-03    2.127030322538012e-01    1.027214205250987e-01
    3,9        1,6    
   -2.349855700760283e-01   -1.930568323536199e-01    2.766768792093407e-01   -1.392698522098306e-03   -1.670380597192437e-03
    3,10       1,6    
    2.805383165182390e+00    1.312598556703797e+00   -9.343925163793284e-01   -2.469746302359473e-01    3.587996021225581e+00
    3,1        1,7    
    1.276372944523755e+00    3.906614402399863e+00   -3.493770245697940e+00    2.668835008209620e-01   -5.339621418519405e+00
    3,2        1,7    
    9.778107975721945e-01    7.773343220530475e+00   -8.319645153364139e+00   -4.339453575514915e+00   -5.477583877458229e+00
    3,3        1,7    
    2.889417326500928e+00   -2.347217053292307e+00   -1.568225038557108e-01   -2.537473631709264e+00    5.069773375345396e+00
    3,4        1,7    
   -4.922582984651129e-01   -7.371583716576585e-02   -3.517903976366999e-01   -1.203952921215638e-01   -7.513951164603646e-01
    3,5        1,7    
    4.602809906057496e+00   -4.702021040902061e-01   -1.408254709291087e+00    1.193265443527316e+00   -2.683975714808586e+00
    3,6        1,7    
   -4.738341610265070e+00   -3.649937039497184e-01   -4.570790257784074e+00   -8.951235156132455e-01    1.488631292784440e+00
    3,7        1,7    
   -2.452926120900583e-01   -1.756949784797770e-01   -9.313498299482356e-02   -2.686494817556660e-01   -3.740469014987065e-01
    3,8        1,7    
   -1.618862233318654e-01   -2.477391788004744e-01    3.502620100026206e-01    3.606581306261637e-01    7.517423366225735e-02
    3,9        1,7    
    2.921958837470837e-01    4.831317883191768e-02    1.433573209230583e-01   -3.096293240183025e-01   -3.450143541194051e-01
    3,10       1,7    
    4.714980905271280e-01   -3.118837884737586e+00   -1.003499747769426e+00    2.307157074224629e+00    2.942423064857733e-01
    3,1        1,8    
    9.611565300991397e-02    6.026622643219769e-01   -2.788233960489842e-01   -5.899772914466410e-03    2.374960430494263e-01
    3,2        1,8    
   -2.575383200748526e-01    3.893145953492230e-01    5.803997474615733e-01    9.455297008327436e-02    7.960540236423996e-02
    3,3        1,8    
    3.728201127935255e-01    4.260238605224226e-01   -1.026949749582322e-01    8.426896764666008e-01    7.117617209031847e-01
    3,4        1,8    
   -1.270052669975551e-02    8.224280243081103e-02    9.355419930269784e-02    1.898982714222004e-01    1.976772968967345e-01
    3,5        1,8    
    5.012324583362263e-01    5.923072624733955e-01    4.917391041606035e-01    2.570530049767848e-01    4.975942742489069e-01
    3,6        1,8    
    3.177458718669169e-01   -3.663659156364486e-01    2.870463941775708e-01    5.068986800168495e-01   -1.659634807659262e-01
    3,7        1,8    
    1.506754714084093e-01   -2.969249703726387e-03   -3.561815113792869e-02    2.167675896169683e-02    5.830751277334881e-02
    3,8        1,8    
   -1.429756653358028e-01   -1.655593950098116e-01   -7.504763589797349e-02    1.777087622099028e-01    2.516517453227006e-02
    3,9        1,8    
    4.916193220334293e-03    1.540712690313146e-01    1.801505726638484e-01    9.008247628413502e-02   -1.545894449048263e-01
    3,10       1,8    
    9.869609314457384e-02   -6.069013422750615e-02    2.619321101195682e-01    9.062961763913750e-02   -1.999973373580076e-01
    3,1        1,9    
   -2.707897331448747e-01    5.752528949752646e-01   -2.024208966610589e-01    5.992153705422062e-01    6.611193480043406e-02
    3,2        1,9    
    3.452890416650581e-01    1.745597837777726e-01   -8.845423059780066e-01    7.567332757268168e-01    1.493640370147608e-01
    3,3        1,9    
   -4.014024915654957e-01   -8.307760261197411e-01   -2.162475806763521e-01   -5.465100121428179e-01    2.101516754841485e-01
    3,4        1,9    
   -1.279329830003791e-01   -7.893210176707605e-02    1.571273097737255e-01   -2.118960880808907e-01   -1.286169694160954e-01
    3,5        1,9    
    3.346188506202735e-01    4.693032421520995e-01   -6.417658208334581e-01    1.199933464945661e-01   -4.454159094442500e-01
    3,6        1,9    
    1.463903860903909e-01    5.640749837991184e-01   -1.535890925308170e-01    1.964024094066088e-01    4.434646490310220e-03
    3,7        1,9    
   -2.222930872832244e-01    1.455100074347136e-01   -1.221967082968582e-01   -9.679765170623374e-02    1.948763470895658e-01
    3,8        1,9    
    2.297332967974134e-02    3.969648029287345e-02   -1.386607717680015e-01    1.474139685224181e-01   -5.804377423049452e-02
    3,9        1,9    
   -1.557522207748306e-01    1.254329097591626e-01   -4.057201600792035e-03    1.064670518202172e-01    1.254600730189381e-01
    3,10       1,9    
   -7.600237557411411e-02    4.616999775289904e-01   -3.738037104039156e-01    1.842349728204225e-01   -8.170880639680719e-02
    3,1        1,10   
    1.404929165255952e+01    1.912984754712303e+01    2.111207942224917e+01    1.284203678062409e+01    1.598851712309903e+01
    3,2        1,10   
    1.435582729791188e+01   -2.225495466745357e+01   -1.110432636726528e+00   -6.892691270926290e-01    9.442673967066268e+00
    3,3        1,10   
    5.785921093034627e+00    2.298324283133606e+01   -1.470906944429492e+01   -2.789639597362336e+00    1.253682593595926e+01
    3,4        1,10   
   -2.431823318824816e-01   -8.000802826244624e-03    2.378407764662772e-02   -6.463159890626856e-02   -2.716085602495472e-01
    3,5        1,10   
   -6.295893682280451e+00    1.322720303468163e+01    3.453382531722859e+00   -1.887840156998071e+01   -9.918985810225994e+00
    3,6        1,10   
    9.037482219795791e+00    9.801238079139111e+00   -1.162052137707680e+01   -1.508244577689713e+01    2.134759901358811e+01
    3,7        1,10   
   -2.472158155041411e-01   -1.176148738699983e-01    3.508338192601891e-01    9.096256277331591e-02   -9.480975293969179e-02
    3,8        1,10   
   -1.535911050362459e-01   -1.640332359166003e-01   -3.757187263476515e-02   -2.775851537331812e-02    3.271410456231349e-02
    3,9        1,10   
    5.828479040085580e-02    1.960446962648530e-01    4.900049281308077e-02   -1.205083679180766e-01   -7.970506965008416e-02
    3,10       1,10   
   -1.037025854770450e+00    3.339814091919633e+00   -1.734114909544765e+00   -7.310765134622572e-01    8.492987274821284e-01
    3,1        1,11   
    7.464925728389722e+00   -7.198472889643958e+00   -8.607142524365523e+00   -1.122593047013483e+01   -4.244486662497440e+00
    3,2        1,11   
    9.748877045425880e-01    1.040162148081264e+01    1.201102656058380e+01   -2.489027003019818e+01   -1.010779353685450e+01
    3,3        1,11   
    7.448130660736342e+00    2.669060488104163e+01   -1.657490909709708e+01   -1.143061715668641e+01    9.401092824807817e+00
    3,4        1,11   
   -3.574402780590311e-01    1.508165838187235e-01   -3.898502028874681e-03    2.229582473919694e-02    1.713340313517536e-01
    3,5        1,11   
    1.414045836460267e+01   -5.752649151673330e-01    9.126392213292933e-02    1.359047496856079e+01    1.363759201101630e+01
    3,6        1,11   
    2.051946217257768e+01   -1.118593225081667e+01   -3.046010440205355e+00   -1.467003980967499e+01    1.507870325169739e+01
    3,7        1,11   
   -6.591201258591463e-02    2.433405747062752e-01    4.967938966930223e-02    3.454845913672251e-02   -4.664284595766443e-02
    3,8        1,11   
   -8.643538613466149e-02    1.217052222825245e-01   -1.068432290678153e-01   -2.552696288654398e-01    2.435833512120756e-01
    3,9        1,11   
   -2.674609482572913e-01    6.780849991572968e-02   -1.940887894441175e-01    9.942259198683213e-02   -2.775320470718616e-01
    3,10       1,11   
    2.052640455694278e+00    9.641676152851280e-01   -2.439452939889406e+00   -1.490604287100905e+00   -1.709513338994178e+00
    3,1        1,12   
    1.670214826793050e-01    2.646083956426154e-01   -2.292465267344850e-01    2.054569652523471e-01    4.563665416647876e-02
    3,2        1,12   
    1.002724365152334e-01    2.647395491087328e-01    2.465135639832261e-01    2.469701964338546e-02    1.970158887195664e-01
    3,3        1,12   
   -1.938989093767214e-01    1.192529421724710e-01    1.640814196192830e-01    1.759302152859941e-01   -8.526789017085815e-02
    3,4        1,12   
    9.359776568297705e-02    7.018863469776360e-02    7.412341547505058e-02    4.869329597266300e-02    1.883062924762384e-01
    3,5        1,12   
    1.485638936241504e-01    2.428937769163108e-01    1.205538915584301e-01    1.151730941358417e-02   -4.405927073303014e-02
    3,6        1,12   
   -1.756030569938090e-01   -1.400660243275314e-01    1.681279197161727e-01    1.395036769633623e-01    1.809144758508323e-01
    3,7        1,12   
    3.819755870789504e-02    9.438301625409287e-02    7.527173749203896e-02    9.701070086704527e-02   -1.534339015457206e-01
    3,8        1,12   
   -1.475643251295445e-01    8.390996818147688e-02    1.204360965933156e-01    1.529292866862543e-01   -1.287249927986035e-01
    3,9        1,12   
   -9.002106067063599e-03   -1.075008182971953e-01    5.246667681712468e-02    5.497603467630827e-02   -3.908116312256705e-02
    3,10       1,12   
   -4.924231036243912e-02   -1.302052920144505e-01   -7.954699677218915e-02   -1.203176404508944e-01    1.624608509384489e-01
    3,1        1,13   
   -6.830292050707118e-02   -2.218816786704335e-02   -2.623500040566349e-02    1.259119113847817e-01    1.648278479099060e-01
    3,2        1,13   
   -3.248184828628690e-01    1.097478257265588e-01    1.481543756516964e-01    1.277666343166490e-01    5.635886092580216e-02
    3,3        1,13   
    2.715830439040271e-02   -2.710785686874234e-01    2.338582590300401e-01   -4.764284718730984e-02   -2.434317379110884e-01
    3,4        1,13   
    3.343264631460395e-02   -6.709012073581454e-02    1.035917218444605e-01   -1.307705470843241e-01   -1.473216876079825e-02
    3,5        1,13   
   -1.161320747044512e-01    5.632622820844402e-02    2.191724471569509e-03    7.927406546085833e-02    2.555023094490688e-01
    3,6        1,13   
   -2.068460104627271e-01   -1.706625522715177e-01    1.898240165872529e-01    7.747035875412726e-02    6.946920560582266e-03
    3,7        1,13   
   -1.528911383029355e-01    1.188551939066515e-01   -1.124016912273681e-01    1.273471268402126e-01    3.868075380280293e-02
    3,8        1,13   
    1.156191440435904e-01    8.440342369951846e-02   -5.107814603292492e-02   -8.898337679261649e-02    1.157654617936315e-01
    3,9        1,13   
   -8.132999970315891e-02    1.506783968403035e-01    9.481535181708428e-02    1.079832574134241e-01    1.009157316622207e-02
    3,10       1,13   
    1.067144011645150e-01   -1.400087284103604e-01   -1.013811070946101e-01   -4.603438962644842e-02    3.884872116385023e-02
    7,1        4,1    
    1.158681359491352e-01   -7.422795122188694e-03    7.622810966266871e-02   -9.966711547394180e-02    1.213804985623405e-01
    7,2        4,1    
    1.480376865471634e-02    6.639775291197064e-02   -5.612739967426147e-02   -8.212016297054482e-02    1.154687251575182e-02
    7,3        4,1    
    7.413073686130368e-02   -3.026191986567178e-02    5.296034072207114e-03   -1.094717159026247e-01    6.499922045555767e-02
    7,4        4,1    
   -9.165028672289396e-02    3.496639509662112e-02   -2.953059910930333e-03   -3.828218636306702e-02    7.550380059540375e-02
    7,5        4,1    
   -7.586547531704144e-02   -1.035078839484634e-01    7.311257405555294e-02   -5.290254463879906e-05    2.531691351060468e-02
    7,6        4,1    
    1.365396765929762e-01    9.542120498456301e-02   -1.385397027360327e-01   -4.182255035181948e-02    1.355549332024525e-01
    7,1        4,2    
   -4.707342053673281e-02    2.315451051086414e-02   -4.755205390878082e-02    2.547544702970306e-03   -2.692656420515394e-02
    7,2        4,2    
   -1.432871468288846e-02    6.890178333488904e-02   -4.098479376661296e-03    5.269682712018590e-02    2.761698221393078e-02
    7,3        4,2    
   -1.126502287124986e-01    1.053036320762327e-01   -1.257876825860903e-01   -3.226631542898076e-02   -3.713871580262295e-02
    7,4        4,2    
   -8.262596214025353e-02    1.885196956552955e-01    1.754985935885716e-01    4.987432891222371e-02    1.585188669315673e-01
    7,5        4,2    
   -6.840073647538651e-02    1.025062695990621e-01    8.637299162136461e-02   -9.308535566036892e-03    6.869791270661259e-02
    7,6        4,2    
   -1.030675325104222e-01    1.661623864884397e-01    7.020559693228928e-02    1.259416844193123e-01    2.125300248308693e-02
    7,1        4,3    
   -8.349659757396170e-02   -1.282072729497610e-01    1.315877167824609e-01   -8.513310481237414e-02   -9.159163661072979e-02
    7,2        4,3    
   -5.359546700072641e-02    1.062228569263703e-01    2.040480809010430e-02   -8.352831952707312e-03   -7.779870918084031e-02
    7,3        4,3    
    1.392499695518423e-01    6.967789159545264e-02    6.838380620305229e-02    4.833910905884210e-03    9.301164614815956e-02
    7,4        4,3    
   -8.478022058840542e-02    2.810093742193517e-02   -4.259148355909550e-02   -1.048284883139670e-01    7.958172254361251e-02
    7,5        4,3    
    1.724422806423536e-02   -2.112647862534567e-01    1.463257728900331e-01    1.516405985680480e-01    1.203464567051647e-01
    7,6        4,3    
   -1.858408108920241e-01    1.208541117853280e-01    9.151325030640292e-02    6.772800314191728e-02   -4.564670873805961e-02
    3,1        1,3                           # harmonic with-HN
   -9.320391404254653e-02   -1.012827862694320e-01   -1.852666240001605e-02   -2.774085132136757e-01    1.336091517473542e-01
    3,2        1,3    
   -3.324507475383021e-02   -1.595523765462915e-01   -2.036950498275825e-01    2.313052261167666e-01   -9.348305525238651e-02
    3,3        1,3    
    1.548208089214282e-01    2.817243655758189e-02   -1.831513853427048e-01    2.734433257289956e-02   -1.624113886480577e-01
    3,4        1,3    
   -1.928435730156284e-01    2.506136026567704e-02    8.843113744914553e-02    1.913566809381736e-01    6.783886102805746e-02
    3,5        1,3    
   -2.927901953747287e-02    1.392406927318668e-01   -2.377859672032056e-01    2.507967989786541e-01   -2.055112360400028e-01
    3,6        1,3    
    1.766514269352495e-01    6.532111804666767e-02    1.315031062445165e-01   -1.928520954025033e-01   -1.642430437674882e-01
    3,7        1,3    
    1.157501061256775e-01   -1.748857968754111e-01    3.960815364446912e-02    1.092468597960796e-01    3.421571314669250e-02
    3,8        1,3    
   -7.222304842346514e-02   -5.793168507290714e-02    3.292565751860774e-02   -3.825667360393780e-02    8.528362516617460e-02
    3,9        1,3    
    2.253875458889754e-02   -4.727682991599141e-02   -8.240268315543449e-02   -8.692058587056858e-02    1.384056501258289e-02
    3,10       1,3    
   -2.424047967543818e-02    1.558291650386998e-01    1.587200960642774e-01    7.180023162217850e-02   -7.458124969790803e-02
    3,1        1,14   
   -1.387938292115277e-02    8.779810408250505e-02   -3.349335585047853e-01   -1.753451701898127e-01   -3.291632976288312e-01
    3,2        1,14   
    2.298814686850540e-01   -3.289856501027960e-01    1.532242628531596e-01    1.856098523107662e-01    1.780781769719254e-01
    3,3        1,14   
   -1.444568444246637e-02   -7.163307480581002e-02    2.259758332177475e-01   -2.992422619809725e-01    1.453932225711640e-01
    3,4        1,14   
   -1.427815630042578e-01   -2.410763999214078e-02    1.743391554761417e-01   -4.609370757161500e-02    7.766174583986162e-02
    3,5        1,14   
    2.864817897199228e-02   -2.772782948178146e-03   -1.954329509842507e-01    1.293115783023499e-01   -1.406732858087602e-01
    3,6        1,14   
    1.990543821522705e-01    2.069172085683598e-01   -2.666377620326203e-01   -1.886460596746703e-01   -2.031467037827066e-01
    3,7        1,14   
   -1.668386128277765e-01    6.179077021643611e-02   -6.607612634360718e-02    1.207863726505323e-01    4.484288514862769e-02
    3,8        1,14   
   -7.011556943843091e-02    6.927065868153449e-02   -3.104125798025504e-02    3.890302391242720e-03    1.306467931811491e-01
    3,9        1,14   
    4.388211658206944e-03    4.360074461020010e-02    1.106865420030976e-01   -2.485791899643378e-02    1.442781603422170e-01
    3,10       1,14   
    2.390907862812913e-01    6.090912934486337e-02    5.851585628388808e-02    2.159505332612748e-01   -3.135200864795794e-02
    5,1        2,1    
    3.538869294994733e-02   -2.375061022396807e-02    7.997936192449978e-02    1.987598565624716e-02   -8.137305627759954e-03
    5,1        2,2    
   -1.051371030869979e-01   -7.596296456755845e-03    4.395038645314120e-02   -3.107657559363035e-02   -6.075062227596385e-02
    8,1        6,1    
    5.819894007198621e-03    4.481135846083480e-02    3.243537442954158e-03   -2.204567451884057e-03    2.668890179845248e-02
    5,1        2,1        1,1               # C2v-planar B2 x A1 <- G8 irred-5 x irred-2 x irred-1
    6.175720757988691e-02   -3.459403664789602e-01   -8.574904944223681e-02   -9.278939138701121e-02    1.750876184150931e-01
    5,1        2,1        1,2    
    3.192936513492962e-01    2.002785588154960e-01    2.036451839503094e-01   -1.283954503418778e-01   -2.138131691429407e-01
    5,1        2,1        1,3    
    1.997213235268817e-01   -1.578367948423539e-01    2.306618973998287e-01    2.612587687956024e-01    3.869791810329877e-01
    5,1        2,1        1,5    
    3.226291923581009e-01   -5.023541155393903e-02   -3.496507476753090e-01    1.423814889284831e-01   -2.623416660703117e-03
    5,1        2,1        1,6    
   -3.083758444273456e-01    6.816916388927405e-02   -2.254588729288515e-01    3.862950455455958e-01   -2.184758753948126e-01
    5,1        2,1        1,7    
   -2.287956461271752e-02   -5.285692334055823e-01   -1.625656934041932e-01   -1.726592011123627e-02    2.775535489885445e-01
    5,1        2,1        1,8    
   -2.117306337515709e-01   -1.539064600734476e-02    1.974499168529886e-02    5.019819761074509e-02    3.053626691075483e-02
    5,1        2,1        1,9    
    5.601680852235624e-03   -1.398215616396833e-01   -1.347309491087398e-01   -1.218075329528592e-01   -1.307491090757099e-01
    5,1        2,1        1,10   
   -1.969876587443041e-01   -1.412791311025231e-02    9.039997481253292e-02    2.478236947495769e-01   -1.883972795138200e-02
    5,1        2,1        1,11   
   -4.952935798715507e-02   -3.161918314264947e-01    2.516420631307208e-01   -1.222362247812773e-01    2.425202657401152e-02
    5,1        2,1        1,12   
   -6.990842417385944e-02   -3.837607241400062e-02    3.991919500782487e-02   -4.006282789786159e-02   -6.063118389539228e-02
    5,1        2,1        1,13   
   -3.522823758394960e-02    2.993045609703584e-02   -7.328342038767913e-02    8.166392912583854e-02   -7.292081548221434e-02
    5,1        2,1        1,14   
   -1.471098386117028e-02   -5.983700921799876e-02   -7.148479395064443e-02    4.968772028587330e-02    4.787744406062557e-02
    5,1        2,2        1,1    
    2.867445021110059e-01    3.427910659847570e-01   -3.226431225958225e-01    5.174025159465970e-02    3.090730520358070e-01
    5,1        2,2        1,2    
    1.362149249091646e-01    1.165759147453923e-01    2.990920891749055e-01    8.942893119333639e-03    2.900511579309248e-01
    5,1        2,2        1,3    
   -1.436569094078105e-01   -1.817863227357361e-01   -3.174217444772739e-02    1.416364613094774e-01   -1.949226140474112e-02
    5,1        2,2        1,5    
   -2.140165240025253e-01    4.853602812567527e-01    5.334567134522725e-01    2.429524272083514e-01   -9.078855288136266e-02
    5,1        2,2        1,6    
    4.994447163137126e-01    1.642792856799412e-01   -5.283674055215403e-01   -1.294791582502171e-01    8.766729296982240e-02
    5,1        2,2        1,7    
    5.144848903611472e-01   -1.925798944905810e-01    2.476710605901971e-01   -4.238809857339932e-01   -2.442004129830071e-02
    5,1        2,2        1,8    
    3.472815836286906e-02    1.640532400696833e-01   -1.863580983247638e-01   -3.169938904912581e-01   -2.449921958489849e-01
    5,1        2,2        1,9    
   -7.455752497060718e-03   -6.451924156465012e-02    2.279205352690669e-01    1.394065064680916e-01   -2.209891781006433e-01
    5,1        2,2        1,10   
   -9.911368375446143e-02   -3.851182420292641e-01   -2.842083640551151e-01    1.515592060503540e-01   -3.476669663541675e-02
    5,1        2,2        1,11   
    2.230363083759554e-01    1.952137672220365e-01    4.398958166517176e-01   -3.033740024242281e-01   -1.136427720517065e-01
    5,1        2,2        1,12   
    5.012431833088588e-02    9.955025844527045e-02   -1.375668077737470e-01   -8.590167731839739e-02    1.431746433274558e-01
    5,1        2,2        1,13   
   -4.854473441551831e-02   -9.624588256268450e-02    1.223663064889595e-01    2.645924942977189e-02    5.823741001802512e-02
    5,1        2,2        1,14   
    1.116980404126784e-01   -2.526605403701732e-01    1.442105758717706e-01   -1.778755811235711e-01    1.450879730361489e-01
    5,1        6,1        4,1               # C2v-planar B1 x A2 <- G8 irred-5 x irred-6 x irred-4
    7.553908051762241e-02   -6.802957489637666e-03   -9.234328926742363e-02    1.070777752956340e-01    1.059410494367232e-02
    5,1        6,1        4,2    
    5.475054530777772e-02    1.133004359956593e-01   -8.434093310599892e-02   -9.746695337004534e-02    7.344337228857802e-02
    5,1        6,1        4,3    
   -9.796532857131345e-03    1.923489982542035e-02   -5.785658345567535e-02   -4.326144922233830e-02    1.313082078711158e-01
    8,1        2,1        4,1               # C2v-perpendicular B1 x A2 <- G8 irred-8 x irred-2 x irred-4
    1.219129976216051e-01   -1.126248304831802e-01    9.152755971016147e-02   -1.158350198745695e-01    2.143930995904073e-01
    8,1        2,1        4,2    
    1.888872168720603e-01    4.425927782506893e-02    1.719950682992126e-01    2.174138868044974e-01   -1.863163427822456e-01
    8,1        2,1        4,3    
   -1.245601051482888e-01   -2.475095623743320e-01   -2.415456324118496e-01   -2.158102701244258e-01   -2.545773736067956e-01
    8,1        2,2        4,1    
   -7.172245145468499e-01   -1.105193295700487e+00   -1.092161233830563e+00   -7.468705148143912e-01    1.388797839460583e+00
    8,1        2,2        4,2    
   -2.093408516932489e+00    4.807519171770570e+00   -4.100196683675018e+00    3.947624675415183e+00   -3.793772507159530e+00
    8,1        2,2        4,3    
    1.106532406513464e+00    9.295512854123277e-01    1.356153472545174e+00    5.536550282421798e-01    7.546957944026838e-01
    8,1        6,1        1,1               # C2v-perpendicular B2 x A1 <- G8 irred-8 x irred-6 x irred-1
   -1.762113256968526e-01    2.178086166526341e-01   -1.994601128308035e-01    2.022353839356618e-01    1.121777729869087e-01
    8,1        6,1        1,2    
   -1.532720019634001e-01    8.501624877370383e-02    1.854069927713859e-01    2.338558437419805e-02    1.198339905204878e-01
    8,1        6,1        1,3    
    1.231702822419563e-01   -1.528871166703220e-01   -3.102729273875833e-02   -1.258823474876299e-01   -8.934709385654965e-02
    8,1        6,1        1,5    
   -4.127034082678255e-01   -4.132932085282532e-01    3.297720728721653e-01   -3.499857428496047e-01    6.726957980482419e-02
    8,1        6,1        1,6    
   -1.963539808930760e-01    4.101815210234590e-01   -4.547344205399456e-01   -1.126079339927920e-01   -3.269022584293899e-01
    8,1        6,1        1,7    
   -4.126664765177376e-01   -9.099853293203988e-02    2.796584665592856e-01    1.063632683257739e-01   -4.032873899255947e-01
    8,1        6,1        1,8    
    2.031402614624888e-01   -2.436658458392850e-02   -1.826574336334957e-02   -4.719236157957887e-02    2.399939348319417e-01
    8,1        6,1        1,9    
    8.342286227833401e-02   -7.538004612384705e-03   -3.917525227454404e-02    6.054320627227178e-02   -3.659207372186132e-03
    8,1        6,1        1,10   
    4.179483494957774e-02   -8.566301927218386e-03    1.805512712235500e-02    2.075837688482746e-01   -1.160460995939853e-01
    8,1        6,1        1,11   
   -2.521371708340870e-01   -1.066977251042471e-01    1.868599162481600e-01   -8.501115598516937e-02   -7.886741155700844e-02
    8,1        6,1        1,12   
    1.068887304338362e-01   -1.205818572493863e-01    1.727079819931553e-01   -1.076275513943228e-01   -1.288916286374487e-01
    8,1        6,1        1,13   
    5.204986440885537e-03    3.534019235371497e-02   -1.708769869249819e-01    1.595598384814743e-01   -3.435179685049922e-02
    8,1        6,1        1,14   
   -5.753171446456944e-02    1.099915138635716e-01   -8.077914713823625e-03   -9.190269432399896e-02   -1.121954566635537e-01
    5,1        8,1        7,1               # C2v-planar / C2v-perpendicular A2 x B1 <- G8 irred-5 x irred-8 x irred-7
   -3.601779553813777e-02    1.458045261202135e-01    5.902632892993925e-02   -1.423277378312766e-01   -1.644939884278376e-01
    5,1        8,1        7,2    
    3.884368523116863e-02   -9.395503688157342e-02   -9.487306490590636e-02    5.862117036346295e-03    9.075571243248474e-02
    5,1        8,1        7,3    
    2.027932104292788e-02   -8.958610068061025e-02    9.625482558009514e-02   -1.455969165414070e-01   -8.431212574703567e-02
    5,1        8,1        7,4    
    1.537379410076679e-01   -1.159389461581855e-02    2.062114740037792e-02    1.609809715000661e-01   -5.342548439096308e-03
    5,1        8,1        7,5    
    2.169475029820903e-02    1.711819246204732e-01   -3.610356352868727e-02   -4.418621227307844e-02    2.500093939134650e-02
    5,1        8,1        7,6    
   -8.046384372565064e-02    8.711333612491266e-02    1.195959602776233e-01   -1.698196056865995e-01   -1.549202815569165e-01
    3,13                                     # HN spherical coordinate angles
    1.697356617285862e-01    4.754317762427000e-02    1.291437753284440e-01    1.180420282365788e-01    1.762010252899444e-01
    3,13       1,4    
   -2.046358577502879e-01    8.229005143748741e-03    6.591151216030734e-02    1.435757725270871e-01   -6.438218060304271e-02
    3,1        1,4    
    3.797847711697423e-01    2.051482536428595e-01   -1.852063698915014e-01   -3.855364885621399e-01    1.562503141825576e-01
    3,2        1,4    
   -4.370153119511035e-01   -2.380914516767145e-01    2.649228158423548e-01   -5.645607797720409e-02   -1.377668756485427e-01
    3,3        1,4    
    3.528198892123074e-01   -3.334118060685817e-01    1.054869572682363e-01   -1.200757389147680e-01   -1.070575109781767e-01
    3,4        1,4    
    3.338990219538059e-01    1.810024865395606e-01    2.797596604081355e-01    5.720232440650043e-02   -2.891953920232636e-01
    3,5        1,4    
    3.550239206773635e-01   -2.909269412072517e-03    1.717448975648453e-01    1.111488635517945e-01   -3.249079180194356e-01
    3,6        1,4    
    3.699611189197292e-01   -3.808512940051536e-01   -3.288167575471420e-01    3.362256293863739e-01    5.359042443759789e-02
    3,7        1,4    
    2.291970617629208e-01   -7.072351611514030e-02   -5.685260351583013e-05    2.866835769659084e-02    2.220481282689009e-01
    3,8        1,4    
   -1.833213864898636e-01   -4.603895474897884e-02    1.722005260417841e-02   -1.399530316852569e-01    4.333903257901674e-02
    3,9        1,4    
    2.736237907839480e-02   -2.720214646505758e-01   -1.151001952342250e-01   -2.273605522684224e-01    3.410310333056394e-02
    3,10       1,4    
   -1.736450292753879e-01    1.594629346872082e-01    3.859715905588094e-01   -2.089833796685263e-01    1.600877624567029e-01
    5,1        2,1        1,4    
    1.889563511083760e-02    2.502020794732700e-02   -5.449413717630548e-02    4.385726740778843e-02   -7.773425294022178e-02
    5,1        2,2        1,4    
    2.066208723088734e-01   -2.388251973400350e-01    2.807241558315975e-01   -1.237772166103954e-02    1.515275097689016e-01
    7,7        4,1               # C2v-planar B1 x A2 <- G8 irred-5 x irred-6 x irred-4
   -1.021200508531301e-02   -9.868188703730471e-02    7.440640959750462e-02   -8.974633551713251e-02    9.866361522943956e-02
    7,7        4,2    
    8.238748148108553e-02    1.270855425270040e-01   -9.981982672610590e-02   -1.257595270154825e-01    2.714777322169012e-02
    7,7        4,3    
    1.172872091144960e-01    1.372958525068898e-01   -2.997309153754521e-02    5.135108863664309e-02   -2.559986439298460e-02
    3,13       1,1               # C2v-perpendicular B2 x A1 <- G8 irred-8 x irred-6 x irred-1
   -2.333927693199278e-01   -1.713056930031561e-01   -2.836657333947163e-01    4.272514545384684e-01    2.133744629802315e-01
    3,13       1,2    
    3.142586479063773e-01    1.633356027577621e-01   -1.438509678040585e-01    2.170239731969454e-01   -7.275054215403605e-02
    3,13       1,3    
    1.183429849026236e-02   -2.657880837798460e-02   -5.123335808406265e-02    1.657997872842495e-01   -6.910388024376049e-02
    3,13       1,5    
    2.558811922317542e-01   -3.767682289786569e-01   -4.160828456069797e-01   -9.969293668707729e-03    3.900666237445399e-01
    3,13       1,6    
   -9.229362812429233e-03    2.196594746020403e-01    6.204135214974822e-02   -1.373629705047779e-01   -2.196517913809798e-01
    3,13       1,7    
   -8.564649449373501e-04   -3.727689551157343e-01   -6.027684220845274e-01   -7.498861793239558e-02   -3.633726001881621e-01
    3,13       1,8    
   -2.393562914794152e-01    1.528474703336305e-01   -1.764457150007170e-01    2.853522954757121e-02   -2.117116388275843e-01
    3,13       1,9    
    9.846564881825970e-03   -7.027387164223699e-02    9.344016327868061e-02   -5.746902880502087e-02   -2.383385596222513e-02
    3,13       1,10   
    1.555820396195951e-01   -6.549754628133239e-02    3.231895242523432e-02    1.461209105302201e-01   -9.785314113397149e-02
    3,13       1,11   
   -8.988329468698583e-02   -2.982182069113730e-01    3.495043616991194e-01   -5.895415681736388e-02    3.578374249505099e-01
    3,13       1,12   
    1.465454300706550e-01    8.578939929549211e-02    2.075899241066800e-01   -1.966612751236016e-01    1.815860169850631e-01
    3,13       1,13   
   -1.088371794123759e-01   -8.402115836100382e-02    6.895635145110121e-02    1.148855205656394e-01    1.009234266001576e-02
    1,22       3,1               # 1st-scaling bias replacing an irred-1 HN coord
    1.099953667834739e-01    6.460986898910899e-02   -1.927608959370359e-01   -1.024384524232401e-02    1.289291393145348e-01
    1,22       3,2    
   -1.553887748071315e-01   -7.340459528414758e-02    1.116856511444347e-01   -1.319002391067991e-01   -1.532000682930040e-01
    1,22       3,3    
    8.924205960968425e-02   -1.965570519068876e-01   -2.039035193990875e-01    1.976662249600133e-02    1.574179484271917e-02
    1,22       3,4    
   -3.000775583175622e-02    1.022404500743682e-01   -9.157307095982128e-02   -5.337524492769964e-02   -7.786491446251091e-02
    1,22       3,5    
   -5.607988510047128e-02    1.353877221643689e-01    1.272018426352215e-01   -3.245717618275529e-02    3.393722717623714e-02
    1,22       3,6    
   -9.564571436031948e-02    3.549386278037781e-02    4.616834250898710e-02   -1.098804384276565e-01    2.410144555321243e-02
    1,22       3,7    
   -6.749118804772807e-02    2.031009922688304e-02   -7.946816485430304e-02    2.783931640921044e-02    1.191437154153214e-02
    1,22       3,8    
   -1.247472697705438e-01    1.260208521640457e-02   -1.096205752217860e-01   -1.102561676747172e-02   -5.456508415745775e-02
    1,22       3,9    
   -4.429066309656573e-02   -8.730086167305255e-02   -5.710193277371903e-02   -5.018594751529264e-02   -9.910501743261989e-02
    1,22       3,10   
    6.902299728649237e-02    1.739451024908865e-02    1.018873317162183e-01    1.317921411946600e-01    8.379473000852350e-02
    1,22       3,13   
    9.026397698002425e-03    9.579148075135093e-03    7.463187096372431e-02   -7.451233373094812e-02    1.791818907510883e-01
    1,22       5,1        2,1    
   -3.826815744765742e-02   -6.834684886148839e-03   -1.853794846951898e-02   -2.123557808321246e-02   -3.949854837960652e-02
    1,22       5,1        2,2    
    8.652085795952484e-02   -1.032138962355090e-01   -3.028959084026300e-02   -9.321922619909613e-02   -7.818104021648871e-02
    2,6        5,1               # 1st-scaling bias replacing an irred-2 HN coord
   -1.160150128616327e-01   -5.478375617885734e-03   -6.030556042436316e-02    1.736308506288911e-01    5.647850489655186e-01
    2,6        5,1        1,1    
   -4.797001357997610e-01   -3.630078591984345e-01   -1.981103210253305e-01   -4.582308953866740e-01    1.594043492710364e-01
    2,6        5,1        1,2    
   -2.534287511501401e-01    3.305546895089145e-01   -6.039778655688368e-01    2.193279442873703e-01    1.393404486722544e-01
    2,6        5,1        1,3    
   -8.433125085410578e-02    3.833999990211124e-01   -1.629072497292130e-01    4.706335208356471e-02    3.914039619787196e-01
    2,6        5,1        1,4    
   -1.014213870507649e-01   -8.688705487216826e-01    9.057456104663121e-01    6.043829274386112e-01    7.439454538567389e-01
    2,6        5,1        1,5    
   -2.354239207730991e-01   -8.327368340843566e-01    6.010737178136629e-01   -2.821141814438339e-01    1.968201128282791e-01
    2,6        5,1        1,6    
    6.147017178053248e-01    9.365422156257341e-02    1.435752251722098e-01    2.817090104887570e-01   -2.686826733020724e-01
    2,6        5,1        1,7    
    1.583994838802942e-01   -1.410148953759283e-01    4.009352373280329e-01    3.409088246675626e-01   -2.160039616845889e-01
    2,6        5,1        1,8    
   -1.469985068297115e-01    1.539852534498241e-01    3.409213590633385e-01    5.229410121963672e-02    2.835216907915188e-01
    2,6        5,1        1,9    
    1.039681892783468e-01    6.057015551264940e-02    9.079435718357395e-02    1.955211268716202e-01   -4.094364060649723e-01
    2,6        5,1        1,10   
    4.306595511247264e-01    1.204122083049615e-01   -3.751255633694159e-01    2.005840631151078e-01   -2.180420774759973e-01
    2,6        5,1        1,11   
   -4.547837941075367e-01   -2.282038526864184e-01    9.356170388790019e-02   -2.879154062989312e-01    3.034575706693805e-01
    2,6        5,1        1,12   
   -5.847295467169263e-02    9.579031982612689e-02    3.042792312196297e-01    2.449515194819374e-01   -4.842168428020812e-02
    2,6        5,1        1,13   
   -8.953309363689221e-03   -7.915612110324294e-02    1.378118063047723e-01    2.975292348006163e-01    2.959210127687711e-01
    2,6        8,1        4,1    
   -9.664564799981615e-01    1.045401011708261e+00    1.010281576202757e-01    7.454786525456012e-01   -5.485611764784637e-01
    2,6        8,1        4,2    
   -8.564897436643053e-01    4.009136716374687e-01   -1.062697767513747e+00   -4.927061255530372e-01    1.205394161284362e+00
    2,6        8,1        4,3    
    3.124800170685226e-01    6.986310035228351e-01   -5.918682874457393e-01    9.834670413637772e-01   -1.040609288804957e+00
    1,23       3,1               # 1st-scaling redundancy bias replacing an irred-1 HN coord
   -3.589160674060386e-01    9.725004054996446e-02    1.838900453739883e-01    6.945091448966620e-02    8.877966912836842e-02
    1,23       3,2    
   -4.914017781411553e-02    8.561905257484695e-02    2.688950650108984e-01    7.206234672925101e-02    2.770273306063714e-01
    1,23       3,3    
   -1.061562551690977e-01    1.805885076234866e-01   -1.577658650502048e-01   -1.884833429122048e-01   -1.896185247961285e-01
    1,23       3,4    
    1.830545346995309e-01   -5.761547617853630e-02   -8.759542517008982e-02    2.233399948076051e-01    3.018204111021546e-02
    1,23       3,5    
   -4.325167060193762e-02    2.746584554898882e-01   -2.398954621634814e-01   -2.038305151211811e-01   -1.590751333887538e-01
    1,23       3,6    
   -2.089268966653632e-01   -1.920821533087423e-01   -1.690658679798993e-02    6.143948345533586e-02   -2.167810775677995e-01
    1,23       3,7    
   -1.465356869028744e-01   -6.702412046654212e-03   -2.911480120470135e-02    1.116305816097685e-03    7.543320577431872e-02
    1,23       3,8    
    7.234583917511165e-03    4.850915285728376e-02   -8.163860946130944e-02    6.751089144252832e-02   -5.520575376872428e-02
    1,23       3,9    
   -1.244725686525167e-01   -1.841172080222351e-02    8.630082742366087e-02    1.465439409857496e-01    7.925344919529903e-02
    1,23       3,10   
    2.212078925587750e-01   -2.509930787244902e-01   -4.012158025922559e-02   -2.199025900780573e-01   -1.992534767917850e-01
    1,23       5,1        2,1    
   -7.437163131998545e-02    2.288037863129876e-02   -9.334158757471031e-03   -2.407548319204563e-02   -7.023853072823869e-02
    1,23       5,1        2,2    
   -6.542482547601636e-02    5.766979891817831e-02    1.044763539247576e-01   -9.336764531249539e-02    2.805445380673580e-02
    1,23       6,1        8,1    
   -1.684090363099189e-02    1.454427512234607e-02   -7.188561664538072e-02   -5.847572231718780e-02   -1.070685664525663e-01
    3,1        1,18              # 2nd-scaling
   -1.182331321967683e-01   -1.997177632154222e-01    2.399216472240809e-01   -1.840032446515788e-01    1.655225729507863e-01
    3,2        1,18   
   -7.235443973039328e-02    2.557115813507280e-02    3.588606216295269e-02    3.010876739006113e-01   -2.651685322671117e-01
    3,3        1,18   
    1.713821714114186e-01   -1.902125083846500e-01   -1.611703169010072e-01   -1.373134413865592e-01    5.633913429963043e-03
    3,4        1,18   
    1.699661476879918e-02   -1.391354261429023e-01    7.296468116359110e-02    1.037943446579731e-01    1.643687028686061e-02
    3,5        1,18   
   -1.590977513709224e-01   -1.281813221750423e-01   -1.614986839768186e-01    1.298785011421530e-02    6.483882651240053e-02
    3,6        1,18   
   -1.988173374442598e-01    1.652932477831917e-01    7.503523479159013e-02    4.788728435283431e-02   -1.562826332039575e-01
    3,7        1,18   
    4.329423108666659e-02    7.144572260787407e-02    5.824867798497847e-02    8.952206661227670e-02    7.466083871441242e-03
    3,8        1,18   
   -1.043199648391343e-01    4.451779219584655e-02   -9.290437773297777e-02    3.196002796222662e-02    5.466542688548534e-02
    3,9        1,18   
   -1.068130894043526e-01    1.018010759841190e-01   -1.389162393504788e-01    4.076053855060110e-02   -1.314227478524324e-02
    3,10       1,18   
   -3.287027873269438e-02    4.639881019744383e-02    1.111319876072771e-01    7.259391353542390e-02   -1.267154521311580e-02
    3,1        1,19   
   -1.575606629912095e-01   -2.269568377324143e-01   -4.799809166586976e-01   -1.248759012045063e+00   -9.730034986429580e-01
    3,2        1,19   
   -3.493274988843993e-01   -9.327515847402900e-01    6.390273302826659e-01    3.075286150123280e-01    1.896069470559233e-01
    3,3        1,19   
    1.162808760424886e+00    1.247121683356373e+00    3.525660387994877e-01   -5.119169584901129e-01   -8.408140518435704e-01
    3,4        1,19   
    6.590583221275128e-01    5.534334424379955e-02   -8.476397696953533e-01   -5.391298139386459e-02   -7.623484584708182e-01
    3,5        1,19   
    4.076561609753212e-01   -9.831027591977609e-02    3.466567494981569e-01   -6.757203801695957e-01    8.309256014071593e-01
    3,6        1,19   
    1.075693757361441e+00   -6.075668341521873e-01    9.443551707567560e-01    3.437557568689653e-01   -1.186270666159983e+00
    3,7        1,19   
   -1.636967017988570e-01   -7.436068106068394e-01   -6.985027201056251e-01   -4.947937153116679e-01    1.598523928618198e-01
    3,8        1,19   
    5.881567901803807e-01   -4.040662832539500e-02   -6.547076562672783e-01    3.330739041252125e-01    7.639624675955900e-02
    3,9        1,19   
   -3.159702389809593e-01    3.456383868761179e-01   -2.689275873691464e-01    7.026189260697421e-01    5.582699821814233e-01
    3,10       1,19   
   -1.795031418923154e-01   -3.979760639240666e-02    3.698080127580993e-01    5.070223758497520e-02   -9.613005025721275e-01
    5,2        2,3    
   -2.178607110122038e-02    2.270783758334794e-03    6.891583358475435e-02   -7.132794810628547e-02   -4.326667715507747e-02
    5,2        2,4    
   -7.490706367306310e-04   -1.850986549239146e-01   -1.747239016806056e-01   -1.037826685617265e-02   -1.412488085950212e-01
    5,2        2,3        1,1    
   -6.736233428341695e-02    3.520593068513558e-01    3.025302205046297e-01   -2.550917261650573e-01   -1.595163768619332e-01
    5,2        2,3        1,2    
   -3.880320361346077e-01    3.864325559461149e-01   -8.037815090738182e-02   -2.913576628439767e-01   -5.595321452063844e-02
    5,2        2,3        1,18   
   -7.796892018505779e-02    2.411908991897641e-03    3.763171532672754e-02    2.719692935628555e-02   -1.591457905215591e-01
    5,2        2,3        1,5    
   -1.747421766518580e-01    1.052654389067359e-01   -1.718742912368037e-01    1.145720919121747e-01   -3.712246175629818e-02
    5,2        2,3        1,6    
   -3.221520822014790e-01   -3.308474451542617e-01   -3.814579465924577e-01   -3.342305960814694e-01    3.718239707957657e-01
    5,2        2,3        1,7    
    2.977422483576459e-02    1.870096703400366e-01    5.622433267732841e-01    9.955743930231986e-02   -3.120905906402608e-01
    5,2        2,3        1,8    
    7.848613884755214e-03    2.823401514895688e-01    2.879052083587026e-01   -1.646728408000273e-01   -7.244503633891497e-02
    5,2        2,3        1,9    
   -1.031157834923148e-01    1.797554940902227e-01    1.749126138610887e-03    4.463091807662973e-02    6.617700965305735e-02
    5,2        2,3        1,10   
   -4.404071261058864e-02   -4.106690140517681e-02   -9.207174304309472e-02    2.933595666166400e-02   -8.918243944816108e-03
    5,2        2,3        1,11   
    2.351040426713010e-01   -8.900505944682172e-02   -1.844695603428269e-02    2.868775360694705e-01   -9.171933468617199e-03
    5,2        2,3        1,12   
   -9.658156377926427e-02   -6.477846421345376e-02    1.072246671410275e-01   -1.876379860646532e-01    4.330434027917274e-02
    5,2        2,3        1,13   
   -1.388952767076436e-01    4.879303461281924e-02    9.426136778382088e-02    1.997018532896943e-02   -1.253038361499769e-01
    5,2        2,3        1,19   
    6.546585110444999e-01   -1.054814206732451e-01   -7.619277308477742e-01    2.349186091194683e-01   -6.160695661663211e-01
    5,2        2,4        1,18   
   -2.107457836295009e-01   -1.489105046539272e-01   -1.383140093608332e-01   -3.310072918782205e-02   -1.461567726321891e-01
    5,2        2,4        1,19   
    9.177091095814700e-01    1.831092665786813e+00    7.624330880146835e-01    2.629567797712063e-01   -8.598423458875125e-01
    7,8        4,1    
    1.015871559713331e-01    1.302502352584913e-01    1.518454679409606e-01   -3.085185051020272e-02    4.430714467051442e-02
    7,8        4,2    
    3.162084552428027e-02    1.086847825091869e-01   -1.584616625545138e-01   -1.437909520459814e-01    1.431802691748238e-01
    7,8        4,3    
   -5.838684446027538e-03    2.008881842372738e-01    3.231193900681656e-02    1.025782682038529e-01    1.278282471421610e-01
    8,2        2,3        4,1    
   -1.956970074016722e-01    2.704386365100847e-01    2.804698867990829e-01    1.747914097757547e-01    1.757925096992000e-02
    8,2        2,3        4,2    
   -7.255883829723393e-02   -4.554285064486528e-02   -6.358991610718465e-02    1.216712743174691e-01    1.797180986161514e-01
    8,2        2,3        4,3    
   -2.574801761669248e-01    1.919246076212880e-01    2.217313800014048e-01   -9.002324988766632e-02    2.287261459751101e-01
    8,2        2,4        4,1    
    3.148192505497371e-01    4.362492168806181e-01   -6.773246608877134e-01   -9.391312522968208e-02    1.155114499308317e+00
    8,2        2,4        4,2    
    1.434216379479240e-01    8.513023216728360e-01    6.085769227340392e-01    8.829317544882417e-02    7.177611047795383e-01
    8,2        2,4        4,3    
   -1.022837725583314e-01   -7.222322917880670e-01    1.430313901126875e+00   -1.416971747000591e+00    7.576419226266650e-01
    3,14       1,1    
    8.066908200223628e-01    2.370282375245080e-04   -2.590515048182285e-01    1.673967250160815e-02    9.685479470839129e-01
    3,14       1,2    
   -1.364552155571123e-01   -8.714041025615889e-02    5.381368444577547e-02    4.910160384588156e-01   -3.468105673724453e-01
    3,14       1,18   
   -1.393390788073769e-01    5.454347394312426e-02    6.314958932492086e-04   -1.056978883551172e-01   -3.901528423420263e-02
    3,14       1,5    
   -2.382501249077275e-01    7.371696486345577e-01   -9.200758974270794e-02    7.623429821428555e-01   -7.242521171102522e-01
    3,14       1,6    
    1.409462251152527e-01   -5.060337657199641e-01    4.854132671437717e-01    3.298586786128990e-01   -1.461155286601206e-01
    3,14       1,7    
    3.752114767312315e-01   -6.736098302064895e-01   -1.415004533788475e-01    1.818826741301525e-01   -5.804051473106784e-01
    3,14       1,8    
   -3.555953415897503e-01    3.468770650989792e-01    3.008725434469325e-01    2.554587145935013e-01    2.705813039225354e-01
    3,14       1,9    
    1.936186802765650e-01    1.326835732556028e-01    1.791883172384229e-01    3.410305822742115e-01   -1.336563935965848e-01
    3,14       1,10   
    3.840109951625865e-01   -8.156277046328797e-02   -2.967005958119248e-01   -1.131255304097969e-01    5.961034682301969e-02
    3,14       1,11   
    3.184167632233519e-01   -1.295680176199981e-01    2.125112406427470e-01   -1.966905517753055e-01    1.472578588166190e-01
    3,14       1,12   
   -1.061616544864951e-01   -2.174017747028510e-01    5.432761072779992e-02   -4.131658743939892e-02    1.485031783745013e-01
    3,14       1,13   
   -2.424887883396488e-01    1.502790311230570e-01    6.727683040690745e-02   -1.078875978331247e-01   -3.428500943058074e-02
    5,2        8,2        7,1    
    2.296579066839508e-01   -1.258968477430821e-01   -3.087289911853111e-01   -1.482193544794261e-01   -7.990623676214671e-02
    5,2        8,2        7,2    
   -1.429661238424894e-01    3.051627122478909e-01    2.192434931583153e-01   -2.031862831173544e-03   -1.649747406007480e-03
    5,2        8,2        7,3    
    3.580973788194822e-01   -5.297970066868430e-01    1.570134385373734e-01   -6.638451507265771e-03    3.401347872221976e-01
    5,2        8,2        7,4    
   -2.351688360060268e-01    4.448647372771807e-01    1.918938281771627e-01    1.839939728140105e-01    4.604326844432234e-01
    5,2        8,2        7,5    
   -2.387086091426322e-01    6.839118930531959e-02    1.726508814845021e-01   -1.055270099777188e-01   -4.556203992345448e-01
    5,2        8,2        7,6    
   -5.136769907798162e-01    2.723408674024425e-01   -4.888091344388139e-01   -1.342267248903541e-01   -6.732183653129231e-03
    3,14   
    5.654482070529403e-02   -1.046289673859525e-01   -9.553225639572144e-02    1.203018926716974e-01   -1.497831857622258e-02
    3,14       1,19   
   -2.353738048590360e-01    2.604950478577671e-01   -2.701085779776544e-01   -2.255998823547606e-01   -9.445921212804691e-02
    1,24       3,1    
    2.717982063610374e-01    1.103864469559498e-02    9.685623094152342e-02   -2.313885377725952e-01    2.696355083431579e-01
    1,24       3,2    
   -2.481969968185963e-01   -8.334565064762432e-02   -2.361195957387747e-01   -1.192683718392182e-01   -2.018828653964643e-01
    1,24       3,3    
   -9.228829628325769e-02   -1.493637927274142e-01    2.968714659895849e-01    3.068367716588049e-01    8.909416993563295e-02
    1,24       3,4    
   -1.826314618756651e-01    7.780769788354421e-02   -9.312119913413079e-02   -1.412145555001711e-01   -1.242052314420839e-01
    1,24       3,5    
   -1.169698947614634e-01   -6.686722109078064e-02    8.214724881484280e-02   -1.655610011795058e-01   -7.125038909357748e-02
    1,24       3,6    
    7.437872514585121e-02   -6.115781446922013e-02    1.520174951901646e-01   -1.756174790088253e-02   -4.772850546941534e-02
    1,24       3,7    
    1.654134498488473e-01    3.330627238912413e-02   -6.492672804043070e-02   -1.044159855563041e-01   -6.141099588275177e-03
    1,24       3,8    
    8.900506445699585e-02    1.356142355599787e-01   -8.136613186619367e-02   -1.411894753560322e-01    4.963790654678053e-02
    1,24       3,9    
    1.331584141646007e-01   -1.036388120116692e-01   -7.714722002056484e-02    7.047712478045132e-02    1.045511665441004e-01
    1,24       3,10   
    4.655941592111371e-02   -4.278919551089532e-02    1.837028702771237e-02   -9.471071336372174e-02   -9.148420254504781e-02
    1,24       3,14   
    3.268237580064775e-02    9.828030203321726e-02    4.677296750243362e-02    3.979464342834059e-02    4.112640999249256e-02
    1,24       5,2        2,3    
    3.826806362530153e-02   -7.964104586170923e-02   -2.141554648162598e-02   -7.180308671633895e-02    8.237787350426656e-03
    1,24       5,2        2,4    
    3.706718991863249e-02   -1.515093994621417e-01   -2.990386370441371e-03    1.688637078838068e-01    6.169014056262547e-02
    2,7        5,2    
   -6.415231843604757e-02    1.589523943695717e-01   -5.535297968845844e-02   -1.428680670113086e-01    1.183839463804014e-01
    2,7        5,2        1,1    
   -5.402646524023193e-02   -3.826979095134642e-01    1.853852600510979e-01   -2.071468382571373e-01    1.096349452876595e+00
    2,7        5,2        1,2    
   -3.262795155097431e-01    4.602592223437020e-01   -6.551218571278663e-01    2.013407753139912e-01   -6.386980805829630e-01
    2,7        5,2        1,18   
   -2.061369048117530e-02   -9.102115724988591e-02    5.173700749098519e-04   -8.837125117377836e-02    1.437751601171774e-01
    2,7        5,2        1,19   
    9.895151537377346e-01   -7.916329253307326e-02   -4.155753031371914e-01   -6.729297692127377e-01    8.745664721811925e-01
    2,7        5,2        1,5    
   -5.373770083321839e-01   -8.300551858226797e-01    5.727180344632388e-01    1.434158170391819e-01   -7.265793324483677e-01
    2,7        5,2        1,6    
   -1.763715365857697e-01    2.250723218848899e-01    8.679377225175652e-01   -2.824398309625930e-01    3.287022125121214e-01
    2,7        5,2        1,7    
   -2.081035629206299e-01   -3.060949991116316e-01   -8.519827125846171e-01   -4.270741320926153e-01   -7.384764296003881e-01
    2,7        5,2        1,8    
    2.594868072956754e-02   -3.666721756556451e-02    1.658400541498488e-01   -5.651153461853632e-01    7.670369972019844e-02
    2,7        5,2        1,9    
   -2.079101378543419e-02   -1.849626311068698e-01    3.021346484255872e-01   -7.237360115706612e-02    6.936911684317557e-02
    2,7        5,2        1,10   
    1.540637595281703e-01    1.645469946833232e-01    1.548769190528558e-01   -7.272155534700803e-01    2.479510338396713e-01
    2,7        5,2        1,11   
   -6.614601420257511e-01   -6.058810157125484e-01    2.950072375794064e-01    4.584858488262615e-01   -3.498981748887411e-01
    2,7        5,2        1,12   
   -6.934956843940671e-02    1.349374496770138e-01   -1.236503632795501e-01   -3.254220975612013e-01   -1.951908313374176e-02
    2,7        5,2        1,13   
   -5.856578088557270e-02   -1.271354631178256e-01    4.041564968162207e-02    4.309203561112819e-01   -2.724118244770906e-01
    2,7        8,2        4,1    
   -9.948814057170933e-03    2.077495130132500e-01    4.219542479429991e-02   -2.904972334676983e-01   -2.662251569611420e-01
    2,7        8,2        4,2    
   -1.152840546605640e-01    2.742056606280467e-01    1.498791171352934e-02   -1.206781331235231e-01    1.285821604756777e-01
    2,7        8,2        4,3    
    2.388917949408679e-01    9.574020845768572e-02   -5.285303936533120e-02   -3.908202268181277e-01   -2.325325276348076e-01
