  -6.054634E-02   3.714641E-02   6.220879E-05
   9.630196E-02  -5.623723E-01  -4.587575E-04
   3.800119E-03   2.638375E-01  -4.662645E-01
   4.354813E-03   2.631710E-01   4.666362E-01
  -3.521541E-02   2.664039E-01   4.696739E-01
  -3.577390E-02   2.670750E-01  -4.692500E-01
   4.519003E-02  -5.598192E-01  -4.270267E-04
  -1.939597E-03   4.990714E-03  -1.642385E-03
  -1.937588E-03   4.988260E-03   1.651848E-03
  -4.542356E-03   4.017075E-03  -6.178172E-03
  -4.534933E-03   4.007996E-03   6.189339E-03
  -5.259526E-03   4.265297E-03   7.835336E-03
  -5.268954E-03   4.276554E-03  -7.823068E-03
   7.463744E-03  -6.930853E-03  -9.477667E-06
