   5.601688E-02  -3.112451E-03  -1.983222E-09
  -2.458182E-01  -5.993163E-04   2.060375E-09
   3.222572E-02   2.445751E-01  -1.334959E-10
   3.264557E-02  -2.425157E-01  -3.183048E-11
  -3.338260E-01  -6.745646E-01  -1.956180E-10
  -3.330591E-01   6.714253E-01  -2.546873E-10
   7.499163E-01   8.284355E-04  -9.379028E-11
   7.642125E-03   1.091338E-02   3.608129E-10
   7.887041E-04  -7.634565E-03   2.033669E-10
   4.029107E-03   3.741015E-03   9.427837E-13
   3.968022E-03  -3.428811E-03   6.878941E-12
  -6.186153E-03  -3.831985E-04   5.544925E-11
  -6.309909E-03   2.757728E-04  -2.514470E-12
   1.214242E-02  -3.203238E-05   7.335506E-12
