    4,1                                     # harmonic no-HN
   -1.861853916617698e-01    2.397735468946746e-06
    4,2    
   -4.749839034793144e-01    4.363684698854509e-06
    4,3    
   -8.620362285877742e-01   -2.182455785224166e-06
    4,1        1,1    
   -2.814885440395934e-01   -2.965766101520741e-05
    4,2        1,1    
   -4.490640038118551e-01    2.803541935999283e-06
    4,3        1,1    
    2.897267673646017e-01   -4.732551524200448e-05
    4,1        1,2    
    3.799325828117974e-02    1.183614497697347e-06
    4,2        1,2    
    5.724829396716473e-02    1.612266001358647e-07
    4,3        1,2    
   -3.875228922605443e-01   -1.547988736784194e-08
    4,1        1,5    
   -2.071494947839713e-01    6.581814291960809e-06
    4,2        1,5    
   -1.958335528719865e-01    6.168868972094072e-07
    4,3        1,5    
   -8.878131500650173e-02    1.346816415248519e-05
    4,1        1,6    
   -3.789229727398699e-01   -4.683020021137496e-05
    4,2        1,6    
   -7.934576383265458e-01   -1.521464485971147e-06
    4,3        1,6    
    1.338907910312973e+00   -7.798794716256688e-05
    4,1        1,7    
    2.788553789807795e-02    2.313559473292009e-05
    4,2        1,7    
   -3.786760745536907e-01   -6.169494181835445e-06
    4,3        1,7    
   -1.939100542640727e+00    4.154223955454175e-05
    4,1        1,8    
    1.907068657845693e-01    1.802720605856482e-05
    4,2        1,8    
    1.678635633818005e-01   -1.520608125076499e-06
    4,3        1,8    
   -1.022810413560367e+00    2.656725724426200e-05
    4,1        1,9    
    2.212239213013928e-01    3.171721625727033e-06
    4,2        1,9    
    2.504545225653172e-02    1.016395963923708e-06
    4,3        1,9    
   -4.937298070342828e-01    3.830402716462601e-06
    4,1        1,10   
    1.090176361530503e-01    2.306082312349750e-06
    4,2        1,10   
   -2.704050859862047e-03    1.722868828653838e-07
    4,3        1,10   
   -8.742019550381892e-01    6.648764972454959e-06
    4,1        1,11   
   -1.645663204757551e-01    2.185438269386756e-06
    4,2        1,11   
   -5.386468286090245e-02   -1.232478678358113e-06
    4,3        1,11   
   -1.420408932456599e-01    8.602178499186957e-06
    4,1        1,12   
    1.264296621862864e-01    3.646556861448899e-06
    4,2        1,12   
   -1.252853363998901e-01   -3.131398431959859e-06
    4,3        1,12   
   -9.215152626212245e-02    3.387752884632212e-06
    4,1        1,13   
    9.031297366157405e-02   -9.173455280196159e-06
    4,2        1,13   
   -1.464645443497053e-01    6.816276431195402e-07
    4,3        1,13   
   -1.693876556382043e-01   -1.453912316719290e-05
    7,1        3,1    
    1.291939739061337e+00    8.394340473030833e-06
    7,2        3,1    
   -2.741655505755138e-01   -2.394875451594271e-06
    7,3        3,1    
   -1.778896436274243e-01   -1.192165137502466e-06
    7,4        3,1    
    2.122639048995981e-02    2.814852733133011e-07
    7,5        3,1    
   -1.560460223108917e-01   -1.229462845644144e-06
    7,6        3,1    
   -6.298330282187183e-02    8.037899766831324e-07
    7,1        3,2    
   -1.846354716072774e+00   -9.916929951412784e-06
    7,2        3,2    
   -6.860890738435506e-02   -2.164684058204034e-07
    7,3        3,2    
    5.372051379656786e-01    2.654687106037069e-06
    7,4        3,2    
   -4.150040768147858e-02   -3.316425127644914e-07
    7,5        3,2    
    2.596617742511585e-01    1.468463685366532e-06
    7,6        3,2    
   -5.733509633863321e-01   -1.477199604215686e-06
    7,1        3,3    
    8.429218030999710e-01    6.990097091342407e-06
    7,2        3,3    
   -1.104138581425162e-01   -1.480857865579194e-06
    7,3        3,3    
   -3.268958168886425e-01   -2.901446885266432e-06
    7,4        3,3    
   -5.142312556477326e-02   -2.432259534714456e-07
    7,5        3,3    
   -1.619881025642569e-01   -1.087319208212510e-06
    7,6        3,3    
    1.625279006933571e+00    7.769751110838468e-06
    7,1        3,4    
    6.253839981640349e-02    7.462542383959078e-07
    7,2        3,4    
    2.165915647547351e-02   -1.840680690370326e-07
    7,3        3,4    
    1.561992973042023e-02    1.711063758511012e-07
    7,4        3,4    
   -5.112250261467742e-02    3.326463059687824e-08
    7,5        3,4    
    8.764442510760305e-02    2.379796897782345e-07
    7,6        3,4    
   -4.371096790957751e-01   -1.682538863909441e-06
    7,1        3,5    
    7.536688505113204e-02    1.014764261347665e-06
    7,2        3,5    
   -5.671162191789732e-02   -6.130930993674514e-08
    7,3        3,5    
   -3.054557063753822e-02   -4.725841280180724e-07
    7,4        3,5    
    1.840894405821691e-01    1.037876656718270e-06
    7,5        3,5    
    7.423017331202542e-03    2.188367823847168e-07
    7,6        3,5    
   -2.923101414261665e-02   -5.968029855287350e-07
    7,1        3,6    
   -6.563741304744056e-02   -5.023695379936076e-08
    7,2        3,6    
    9.751899739796628e-02    7.612836828436775e-07
    7,3        3,6    
    1.359355662367589e-02    2.732565233413979e-09
    7,4        3,6    
    1.092064381770915e-01    9.899143726364943e-07
    7,5        3,6    
   -7.715942226295153e-02   -1.854505520407657e-06
    7,6        3,6    
    2.558012518863729e-01    1.605338456009209e-06
    7,1        3,7    
    8.087470987586277e-02    9.342289625547334e-07
    7,2        3,7    
    2.275336900546089e-03   -9.401693447563060e-08
    7,3        3,7    
   -5.666146714857335e-02   -4.751492736675223e-07
    7,4        3,7    
   -1.755171791233094e-02   -6.153200011000094e-08
    7,5        3,7    
   -6.885074923138045e-04   -3.901775136546096e-08
    7,6        3,7    
    1.031331852794339e-01    7.063623478509945e-07
    7,1        3,8    
   -4.350568506121851e-02    7.663956810209780e-07
    7,2        3,8    
    9.761946534900015e-03   -1.409729615910541e-07
    7,3        3,8    
    9.417962679093856e-03   -5.010164512723660e-07
    7,4        3,8    
   -2.144031704922935e-02   -6.808666075608410e-08
    7,5        3,8    
    1.972728450853058e-02    9.986312148625389e-08
    7,6        3,8    
   -5.859478640989629e-02    8.433946186494119e-07
    7,1        3,9    
    3.981315397312957e-02   -3.937313924437386e-07
    7,2        3,9    
   -3.503934117592555e-02   -1.433150005131756e-07
    7,3        3,9    
    1.504860781605052e-02    4.404392429644465e-07
    7,4        3,9    
   -1.409978198546708e-02   -7.895446710012026e-09
    7,5        3,9    
    5.728844203182274e-02    3.824342910827558e-07
    7,6        3,9    
   -3.810812048264848e-02   -1.358423082745692e-06
    7,1        3,10   
    2.091978693397686e-01    2.654627313246200e-07
    7,2        3,10   
   -1.665992189128468e-01   -3.478785060929448e-07
    7,3        3,10   
   -1.044559049202883e-01   -2.961004737068320e-07
    7,4        3,10   
    3.585421245254723e-02   -3.039181558082086e-07
    7,5        3,10   
    2.865698441606137e-02    3.382612241376289e-07
    7,6        3,10   
    3.242075026399175e-01    1.364264046905953e-06
    4,1        1,3                          # harmonic with-HN
    2.233521288045989e-06    5.581895254289507e-02
    4,2        1,3    
    1.471727368196573e-08   -1.675193626750810e-02
    4,3        1,3    
    5.178968430263421e-06    1.616154155803496e-01
    4,1        1,14   
    1.580359677260714e-06   -6.320570763053097e-02
    4,2        1,14   
   -3.164080619522999e-07   -1.018191605790773e-01
    4,3        1,14   
    3.332336514049543e-06   -8.237568298351824e-02
    2,1        6,1    
   -1.066416825915862e-07   -5.464318386173135e-02
    2,2        6,1    
    1.147885867788602e-08   -8.476741455362173e-02
    5,1        2,1        7,1               # C2v-planar B2 x B1 -> G8 irred-5 x irred-7 x irred-2
    9.130798800803805e-08    3.220438945648287e-02
    5,1        2,1        7,2    
   -2.180038825181888e-07   -6.095623489344731e-02
    5,1        2,1        7,3    
    6.485130277641532e-09    9.827737867385740e-05
    5,1        2,1        7,4    
    1.024715212642064e-07    2.284791430597087e-02
    5,1        2,1        7,5    
   -5.170452263258532e-08   -3.315394975175637e-03
    5,1        2,1        7,6    
    2.345442322159425e-07    5.690085249363687e-02
    5,1        2,2        7,1    
   -2.295095394070556e-07   -2.913773257155598e-02
    5,1        2,2        7,2    
    4.056548832666384e-08    1.747156214802956e-02
    5,1        2,2        7,3    
    5.824760485631986e-08   -7.516382509141748e-03
    5,1        2,2        7,4    
    5.032310913136161e-08   -1.181653966499082e-03
    5,1        2,2        7,5    
    1.825444508807440e-09    2.455124884367242e-02
    5,1        2,2        7,6    
   -1.178665252595795e-07   -1.653279961919587e-02
    5,1        6,1        3,1               # C2v-planar B1 x B2 -> G8 irred-5 x irred-6 x irred-3
    2.120944328542937e-07    2.804883711178255e-02
    5,1        6,1        3,2    
   -1.883643236042745e-07   -1.399667109955223e-02
    5,1        6,1        3,3    
   -5.652859042731694e-08    6.788050159716487e-02
    5,1        6,1        3,4    
    2.112616599517980e-08    2.219683015280877e-02
    5,1        6,1        3,5    
    5.398434549337042e-08    6.696301738884562e-04
    5,1        6,1        3,6    
   -8.683710905087859e-08   -5.726144239798998e-03
    5,1        6,1        3,7    
   -1.047957867105758e-08   -3.395644278508629e-03
    5,1        6,1        3,8    
   -8.104044808237366e-09    9.398304659266582e-04
    5,1        6,1        3,9    
   -2.352504055694658e-08    1.283084919167645e-02
    5,1        6,1        3,10   
    1.330440523401060e-07    5.200213682634069e-03
    8,1        2,1        3,1               # C2v-perpendicular B1 x B2 -> G8 irred-8 x irred-2 x irred-3
   -7.205827346526745e-06   -3.179721113226004e-01
    8,1        2,1        3,2    
    1.365557051223497e-05   -9.399725438788378e-01
    8,1        2,1        3,3    
   -8.763309523208026e-06    2.311069930581755e-01
    8,1        2,1        3,4    
   -6.342201260759267e-07   -1.398724221872937e-01
    8,1        2,1        3,5    
    3.105179407311564e-07   -1.351866509648562e-01
    8,1        2,1        3,6    
   -2.560575997767705e-06    2.883339035817515e-01
    8,1        2,1        3,7    
   -2.328637751436160e-06   -1.150093924172597e-01
    8,1        2,1        3,8    
   -6.285888561013872e-07   -1.217760147529848e-01
    8,1        2,1        3,9    
   -3.342290746921480e-06    1.372262842784040e-02
    8,1        2,1        3,10   
    1.757537350591319e-06    3.741729705328886e-01
    8,1        2,2        3,1    
   -1.785958141267994e-05   -2.677812994425432e+00
    8,1        2,2        3,2    
    1.972867221325945e-05   -1.972010473220615e+00
    8,1        2,2        3,3    
   -2.532090275678083e-05   -4.662035163865321e+00
    8,1        2,2        3,4    
   -7.805083356792117e-06   -9.480900012770640e-01
    8,1        2,2        3,5    
   -6.632473124463252e-07   -7.794699789975865e-01
    8,1        2,2        3,6    
    3.072550561708978e-06    6.534891638654783e-01
    8,1        2,2        3,7    
   -2.674833818941689e-06    4.872517968128932e-02
    8,1        2,2        3,8    
   -2.737047897991130e-06   -4.148583005935195e-01
    8,1        2,2        3,9    
   -5.670383202972869e-07   -8.494057777851696e-01
    8,1        2,2        3,10   
    6.242147920372037e-06    1.493855733989134e+00
    8,1        6,1        7,1               # C2v-perpendicular B2 x B1 -> G8 irred-8 x irred-6 x irred-7
    1.416163851311701e-08   -2.588416193218639e-02
    8,1        6,1        7,2    
    7.586449056400301e-09    1.026392860143003e-02
    8,1        6,1        7,3    
   -6.073322773259806e-08   -2.583664055086590e-03
    8,1        6,1        7,4    
    5.439274125042499e-08    3.392235402605462e-03
    8,1        6,1        7,5    
    7.332417547526602e-08    1.925536941888653e-02
    8,1        6,1        7,6    
   -1.471693163565675e-07   -1.548226826891890e-02
    5,1        8,1        1,1               # C2v-planar / C2v-perpendicular A2 x A1 -> G8 irred-5 x irred-8 x irred-1
    3.172014870713405e-07   -7.316483533568806e-02
    5,1        8,1        1,2    
   -1.498568842057162e-06   -7.977228982200834e-03
    5,1        8,1        1,3    
   -2.810405324824395e-07    2.179400659583246e-02
    5,1        8,1        1,5    
   -1.482629300105594e-06   -1.365543140225572e-01
    5,1        8,1        1,6    
    4.194973040913713e-06   -1.603672406501977e-01
    5,1        8,1        1,7    
   -3.723717077958469e-06   -8.418320300607776e-02
    5,1        8,1        1,8    
   -1.933904228952871e-06    5.104241066337541e-02
    5,1        8,1        1,9    
   -4.566763446516831e-07    1.333614543625503e-02
    5,1        8,1        1,10   
   -2.225906238202120e-06   -7.138845230276464e-02
    5,1        8,1        1,11   
   -1.959118542942208e-06   -9.795601882326169e-02
    5,1        8,1        1,12   
   -4.412805661992581e-07   -1.591469810499017e-03
    5,1        8,1        1,13   
    4.178405714463034e-07    1.453879389641124e-03
    5,1        8,1        1,14   
   -6.432660025119144e-07    7.747586647839404e-03
    7,7        3,13                         # HN spherical coordinate angles
    1.692070319660934e-07   -1.088756840911716e-01
    8,1        5,1    
    5.876446182939476e-06    1.856077973962600e-02
    7,7        3,13       1,4    
    1.502532130638363e-06    8.373965086177284e-01
    8,1        5,1        1,4    
    1.271824684380597e-06    1.208226839640295e-01
    8,1        3,13       2,2    
   -1.469396266860932e-07   -2.289805671646499e-02
    7,7        5,1        2,2    
   -1.683747384603249e-07   -1.441775013087233e-01
    7,7        3,13       1,4        1,4    
    2.485485899376736e-06   -2.747980517973321e-01
    8,1        5,1        1,4        1,4    
    2.689938439312044e-06    1.879932685479835e-01
    8,1        3,13       2,2        1,4    
   -1.123254771027389e-06    2.490150185531309e-02
    7,7        5,1        2,2        1,4    
   -3.301221811698260e-07    1.571951556515138e-02
    7,7        3,13       2,2        2,2    
    8.734357217648312e-07    7.530674842215958e-02
    8,1        5,1        2,2        2,2    
    4.520351592928597e-07    2.024719358848778e-01
    7,7        3,13       3,13       3,13   
   -3.286310980850621e-06   -1.553269115648106e-01
    8,1        5,1        3,13       3,13   
   -6.831058308111875e-07    1.289424828304603e-01
    7,7        5,1        5,1        3,13   
   -2.160995485870929e-07   -2.147996069547272e-01
    7,7        7,7        7,7        3,13   
    6.468194035327620e-07    1.120677964634786e-01
    8,1        8,1        7,7        3,13   
    5.350540049767454e-07   -1.113700756288933e-01
    8,1        5,1        5,1        5,1    
    2.381672504227704e-06    3.894599410316285e-03
    8,1        7,7        7,7        5,1    
    5.192931327328797e-07    5.873417679759678e-02
    8,1        8,1        8,1        5,1    
   -3.787337362461306e-07   -3.801046793333449e-02
    3,13       7,1                          # 1st-order term coupled with NH2 rotation
    2.624511919852904e-08    6.085864754871284e-04
    3,13       7,2    
   -3.104443425171100e-08    3.211036263136953e-03
    3,13       7,3    
   -3.766028194494728e-08    4.457073363799130e-03
    3,13       7,4    
    6.335504859953998e-08    3.415553122329283e-03
    3,13       7,5    
   -6.440050183331377e-09   -4.325596828675178e-02
    3,13       7,6    
   -4.236545046202239e-07   -7.637396234858654e-02
    3,13       8,1        2,1    
    3.100740247537806e-07    7.286111981480471e-02
    3,13       5,1        6,1    
    4.585895099593069e-07   -3.111611223143919e-01
    7,7        3,1    
   -4.754881620618475e-07   -5.872448802254028e-02
    7,7        3,2    
    1.629625600990260e-07    1.275468840138738e-02
    7,7        3,3    
    8.727910076149220e-08    1.316339876711135e-01
    7,7        3,4    
   -1.204501546000030e-07   -1.007827820729379e-02
    7,7        3,5    
   -1.579150967914107e-08   -6.876475190947532e-05
    7,7        3,6    
   -1.775906883267874e-08    1.222347680468036e-02
    7,7        3,7    
    3.487111626101309e-08    1.265408671871233e-03
    7,7        3,8    
    4.621189401291746e-09    2.139129488335207e-03
    7,7        3,9    
   -4.746814691958440e-09    1.826510997993950e-02
    7,7        3,10   
   -5.071227664303175e-07   -3.377047781437079e-02
    7,7        5,1        2,1    
    2.818653666481272e-07   -1.212095024426254e-02
    7,7        8,1        6,1    
    1.559983400377269e-07    3.124290607534582e-02
    1,4        4,1    
   -3.012537754589088e-06    2.848921126202207e-02
    1,4        4,2    
    2.543166443700277e-07    5.570257908223399e-02
    1,4        4,3    
   -4.674574918524171e-06    1.083907411518261e-01
    1,4        1,4        4,1    
   -5.364223951399546e-07   -1.730730388116924e-01
    1,4        1,4        4,2    
    4.073291186997298e-08    5.907603364942948e-03
    1,4        1,4        4,3    
    6.420092169746996e-07    1.360786986180833e-01
    2,2        2,2        4,1    
   -2.959205442234480e-07   -1.214901072750893e-01
    2,2        2,2        4,2    
   -2.875276127063026e-07   -9.379925018751339e-02
    2,2        2,2        4,3    
    4.263589745079393e-07   -1.580714860196358e-01
    3,13       3,13       4,1    
   -9.163325104048596e-08   -5.195817356219853e-02
    3,13       3,13       4,2    
    7.973162845330885e-08   -1.893043100835286e-02
    3,13       3,13       4,3    
    4.060019989855675e-07    3.810296237917124e-04
    5,1        5,1        4,1    
    3.300653939686170e-08   -6.296488918721733e-02
    5,1        5,1        4,2    
    5.717013511719850e-07   -1.308963604904136e-01
    5,1        5,1        4,3    
   -4.231694931191141e-06   -1.948760911879579e-01
    7,7        7,7        4,1    
   -4.850781437076742e-08    1.055410231879342e-02
    7,7        7,7        4,2    
   -2.161648317152266e-07   -6.295740362770075e-02
    7,7        7,7        4,3     
    2.831521880551829e-07   -4.599832258913698e-02
    8,1        8,1        4,1    
   -3.963793545950196e-07    5.061941226297895e-02
    8,1        8,1        4,2    
   -5.330761917942199e-07   -1.874350063076020e-01
    8,1        8,1        4,3    
    1.819459590972497e-07   -2.455757200489032e-01
