    3,1                                     # harmonic no-HN
    2.025391321515638e+00   -2.853085757936927e-06
    3,2    
   -1.836429739530185e+00   -4.781845366620590e-06
    3,3    
    1.809686910967498e+00    7.728039947880813e-07
    3,4    
    2.104032702008655e-01   -3.320848024912794e-06
    3,5    
   -5.727468176205300e-02    1.696178799540008e-06
    3,6    
    2.666473536446440e-02   -1.582406423076490e-06
    3,7    
    3.383344306985457e-02   -1.764441924068801e-06
    3,8    
   -5.163193719447998e-02    3.279875730451188e-07
    3,9    
    7.218519278972302e-02    8.145861827456020e-07
    3,10   
    2.350783864979598e-01   -1.054467548069772e-06
    3,1        1,1    
    7.987707536475743e-01   -1.994597790159733e-08
    3,2        1,1    
   -1.262101091610570e+00    1.590211119107743e-07
    3,3        1,1    
    1.792094879499820e+00    1.811795394897802e-07
    3,4        1,1    
    3.764963388091696e-01    2.885950156785235e-07
    3,5        1,1    
   -1.964564876766968e-01    5.481369138999864e-08
    3,6        1,1    
   -1.542906039972118e-01   -6.171799655024327e-08
    3,7        1,1    
   -7.186826595421265e-02    3.889528508490098e-09
    3,8        1,1    
    4.837255542761285e-02   -4.177815084410170e-08
    3,9        1,1    
    6.662394372182558e-03    1.536585454223704e-07
    3,10       1,1    
   -3.196963367376809e-01    4.742662728853615e-07
    3,1        1,2    
    8.579937751532571e-02    8.980729678546289e-07
    3,2        1,2    
    1.720422834096624e-01   -1.252839204250336e-06
    3,3        1,2    
   -7.323150770249111e-02    1.428284612173728e-06
    3,4        1,2    
    5.458251948119971e-03    4.778277007618375e-07
    3,5        1,2    
   -3.266253101442511e-02    9.040478261755498e-08
    3,6        1,2    
    1.156369894349720e-01   -1.448164156266869e-07
    3,7        1,2    
    8.716962889360520e-02    9.347708176310590e-09
    3,8        1,2    
    2.552915780181115e-03   -1.393755667866938e-07
    3,9        1,2    
    1.413446997604698e-02    1.342327533384060e-07
    3,10       1,2    
   -1.460387027370509e-01    2.491969472157423e-07
    3,1        1,5    
   -1.172450970681156e+00    1.527859341898410e-06
    3,2        1,5    
    1.166862114901098e+00   -1.750870105671455e-06
    3,3        1,5    
   -3.448084628340004e-01    4.192808744602013e-07
    3,4        1,5    
   -3.664386209193368e-02    2.039856821981830e-06
    3,5        1,5    
   -3.558427640948268e-03   -1.998555615209147e-07
    3,6        1,5    
    3.284763700586711e-01    3.778861064951475e-07
    3,7        1,5    
    6.000183747617097e-03    9.970376804929782e-09
    3,8        1,5    
    5.339855079813764e-03   -4.853423134794870e-07
    3,9        1,5    
    2.034698697538521e-02    4.787992827970243e-07
    3,10       1,5    
   -1.467614584804328e-01   -9.142973122222645e-08
    3,1        1,6    
   -3.510053541038302e-01    2.872184731870485e-07
    3,2        1,6    
    2.266154477719691e+00   -4.900984823770443e-07
    3,3        1,6    
    1.988904842962287e-01    4.068468702133921e-07
    3,4        1,6    
    1.134868829358447e-01   -1.786081777983374e-06
    3,5        1,6    
   -1.159860996433212e-01   -1.817563392213027e-08
    3,6        1,6    
   -3.929480240896264e-02   -8.915774034184886e-08
    3,7        1,6    
   -7.192221553875518e-02   -7.250536299837502e-09
    3,8        1,6    
    8.290038304639490e-02    4.731305714623809e-07
    3,9        1,6    
    6.075156108453199e-02   -4.043302184774088e-07
    3,10       1,6    
   -2.227177894654122e-02    1.995706030037555e-07
    3,1        1,7    
   -7.401633881465315e-01   -4.045907589521400e-06
    3,2        1,7    
   -1.554258255280329e+00    5.574990251961294e-06
    3,3        1,7    
   -1.253141982999293e-01   -4.655101563144463e-06
    3,4        1,7    
   -3.562677712414261e-01   -1.151125293942572e-06
    3,5        1,7    
    2.594835221425109e-01   -8.855072718858936e-08
    3,6        1,7    
   -4.778799851257360e-01    3.035983957977751e-07
    3,7        1,7    
   -7.889474418919809e-02   -1.471244478645891e-08
    3,8        1,7    
    5.923194772860615e-02    2.376160135826996e-07
    3,9        1,7    
    1.864053574380861e-02   -3.789834656495646e-07
    3,10       1,7    
   -5.709278321571197e-01   -1.358053397234374e-06
    3,1        1,8    
    3.078012142788897e-01    3.860672320522072e-07
    3,2        1,8    
   -2.853816949215303e-01    1.947159493950042e-06
    3,3        1,8    
    6.695550442402411e-01   -6.439879887159923e-07
    3,4        1,8    
    8.577365795509932e-03   -1.934838056013154e-06
    3,5        1,8    
   -2.417296494553395e-02   -4.576431493650137e-07
    3,6        1,8    
   -1.168345569368934e-02    3.123737034034705e-07
    3,7        1,8    
   -1.771518797941787e-02    2.395069827478656e-07
    3,8        1,8    
    1.171059413250686e-02    3.552557724309705e-07
    3,9        1,8    
    1.890916157051747e-02   -2.913672920944635e-07
    3,10       1,8    
   -1.853134371508910e-01    1.536729865797033e-07
    3,1        1,9    
   -5.401794351124114e-02   -6.033559662507614e-09
    3,2        1,9    
   -1.954748409980745e-01   -1.366472550614596e-07
    3,3        1,9    
    2.533027641803121e-01    5.517129490425451e-08
    3,4        1,9    
   -2.253711285691294e-02    4.750986585005900e-07
    3,5        1,9    
   -3.096057309100114e-02    1.982828879817649e-08
    3,6        1,9    
    1.573002074209438e-02   -3.188375062353042e-09
    3,7        1,9    
   -2.871850743636666e-02   -6.967417802023598e-09
    3,8        1,9    
    1.835824173139981e-02   -7.408790356265748e-08
    3,9        1,9    
    3.368240056411698e-02    1.379047745705145e-07
    3,10       1,9    
    6.889322722208303e-02    2.638716907377698e-08
    3,1        1,10   
    3.246460942015687e-01   -3.001359012362679e-06
    3,2        1,10   
    1.502013938102013e-01    1.841621374921798e-06
    3,3        1,10   
    2.374490348409428e-02   -1.917080156805804e-06
    3,4        1,10   
    2.629843119733368e-02   -8.424611830877315e-07
    3,5        1,10   
    1.162468313257165e-02    1.915425875248066e-07
    3,6        1,10   
    8.231471649623529e-02   -5.316154520484771e-07
    3,7        1,10   
   -8.458121968872391e-03   -1.292813934711407e-09
    3,8        1,10   
    2.158998517576724e-03    2.186973888606971e-07
    3,9        1,10   
    4.656654233563428e-03   -2.166074331645088e-07
    3,10       1,10   
    1.573843469055838e-02   -8.172349015992612e-08
    3,1        1,11   
   -1.110912353606307e-01   -4.388715787170582e-06
    3,2        1,11   
    1.740410615176968e-01    3.158770483580303e-06
    3,3        1,11   
    2.320397884145126e-01   -2.721891138804674e-06
    3,4        1,11   
    2.640190765694429e-02    5.516884802442197e-07
    3,5        1,11   
   -6.591994581936990e-03    2.443169186637132e-07
    3,6        1,11   
   -1.149407125241693e-02   -7.294296122167662e-07
    3,7        1,11   
    8.094073349042472e-03   -1.385721954971847e-09
    3,8        1,11   
   -7.198939007430321e-03   -1.551685463076981e-07
    3,9        1,11   
   -8.199082533822512e-02    1.706566051230733e-07
    3,10       1,11   
   -9.449240551740248e-03   -1.923954171810147e-07
    3,1        1,12   
    9.543939646818234e-02   -2.321763047757676e-08
    3,2        1,12   
   -1.411649599494830e-01    3.340340611350773e-07
    3,3        1,12   
    1.079995449800773e-02   -1.643551229054592e-07
    3,4        1,12   
    3.076807291013740e-02    1.483091749274968e-07
    3,5        1,12   
   -1.871134914395166e-02   -5.100284745442907e-08
    3,6        1,12   
    8.680894040009744e-03    2.882025870304074e-08
    3,7        1,12   
    4.343015999157569e-03    5.779235960316530e-08
    3,8        1,12   
   -2.103735635475795e-02   -1.584551999775551e-07
    3,9        1,12   
    7.477860868222016e-03    1.279685086297160e-07
    3,10       1,12   
    9.710316145593048e-03    3.745535009589158e-09
    3,1        1,13   
    3.547176996539323e-02    9.378243762226702e-08
    3,2        1,13   
   -6.968558395701031e-02    2.120955343793944e-07
    3,3        1,13   
    1.658740012312484e-01   -2.217319230825422e-08
    3,4        1,13   
    4.670211738517343e-02    2.793442751757293e-07
    3,5        1,13   
   -7.749653707758539e-03   -5.209187126735197e-08
    3,6        1,13   
    7.863099862097785e-02    5.621626481180926e-08
    3,7        1,13   
   -9.464845255109770e-03    6.230783094758932e-08
    3,8        1,13   
    1.691527037478366e-04   -1.643301061207228e-07
    3,9        1,13   
   -3.863697050426763e-02    2.525524683656863e-07
    3,10       1,13   
   -8.662233433989806e-02    1.665549303967914e-08
    7,1        4,1    
    9.657008866231397e-02   -3.790341957606748e-08
    7,2        4,1    
   -3.550011277644751e-02    6.247369378995499e-09
    7,3        4,1    
   -2.456938261839737e-01   -5.835514400342166e-08
    7,4        4,1    
    1.911981616095875e-01    1.876897014614562e-08
    7,5        4,1    
    1.519585470802957e-01    5.958584976226187e-08
    7,6        4,1    
   -9.429686727626006e-02   -1.067915450079972e-07
    7,1        4,2    
   -1.843007757408150e-01    1.621022834558776e-08
    7,2        4,2    
    5.421564805589488e-03   -7.815629729618872e-09
    7,3        4,2    
    1.363459523959275e-01    5.131083379765598e-08
    7,4        4,2    
   -6.176223611436236e-02   -2.223244644744331e-08
    7,5        4,2    
   -7.552681362452991e-02   -8.235679566847499e-08
    7,6        4,2    
   -1.093203234174401e-02    1.186834495945938e-07
    7,1        4,3    
    8.344313266015273e-02   -2.494045631776584e-08
    7,2        4,3    
    8.026416374999419e-02    9.996864307134504e-09
    7,3        4,3    
    6.237787942399661e-02   -1.186019760477129e-08
    7,4        4,3    
   -1.546906988900534e-01   -6.741235680806227e-09
    7,5        4,3    
   -2.730298302773971e-01    5.548704141137158e-08
    7,6        4,3    
    2.523247411318509e-02   -1.086267518409562e-07
    3,1        1,3                           # harmonic with-HN
    2.365082148330279e-05    1.940630730048405e-01
    3,2        1,3    
   -3.666515359624353e-05    1.542121589138769e+00
    3,3        1,3    
    2.267515421976707e-05   -5.585509176453927e-01
    3,4        1,3    
    2.471526857726320e-07   -1.075788119721803e-01
    3,5        1,3    
   -7.137156147227026e-07    3.012373813324944e-02
    3,6        1,3    
   -2.715681320813041e-07    6.353275061079486e-02
    3,7        1,3    
    1.251496054815041e-07   -1.978960315730013e-02
    3,8        1,3    
    1.285757814471082e-08    8.404394875367420e-03
    3,9        1,3    
   -5.751107266228979e-09    2.506123753355243e-03
    3,10       1,3    
    6.467281468053743e-06   -3.986531312894874e-01
    3,1        1,14   
   -2.460261158705631e-06   -9.973738527226615e-02
    3,2        1,14   
   -8.214717901813911e-08   -2.885494555425897e-01
    3,3        1,14   
   -1.353502155999403e-06    5.696074655053417e-02
    3,4        1,14   
   -3.436650678017139e-06   -4.491890783025890e-01
    3,5        1,14   
    5.916886651523727e-07    1.629261899178540e-01
    3,6        1,14   
   -3.468081406990255e-07   -1.952562053664589e-02
    3,7        1,14   
   -6.667884232256065e-07   -2.981880285599692e-02
    3,8        1,14   
    6.949056114052096e-07   -3.502483292580914e-02
    3,9        1,14   
   -2.149477540974765e-07   -9.003503603864807e-02
    3,10       1,14   
   -7.465715284818297e-07    7.891297338324223e-03
    5,1        2,1    
    4.857300548014692e-07    3.954988260182634e-03
    5,1        2,2    
    1.987861354790096e-06    2.456253373693720e-02
    8,1        6,1    
   -1.024778775277924e-07   -4.291101516004145e-03
    5,1        2,1        1,1               # C2v-planar B2 x A1 <- G8 irred-5 x irred-2 x irred-1
    6.004122750115555e-07   -1.179000343330556e-01
    5,1        2,1        1,2    
   -3.944366153938498e-07    5.789118672483629e-02
    5,1        2,1        1,3    
    9.807374775794798e-08   -9.832968606390005e-03
    5,1        2,1        1,5    
    4.486151973487913e-07    2.906997636879055e-02
    5,1        2,1        1,6    
    3.444940642364228e-07   -3.043869969329839e-02
    5,1        2,1        1,7    
    9.915866798227680e-07   -1.753081625263308e-01
    5,1        2,1        1,8    
   -1.742751635523517e-07    9.926879791807144e-03
    5,1        2,1        1,9    
    1.723352434097738e-07   -4.442153307623992e-02
    5,1        2,1        1,10   
   -1.527322884649046e-06   -3.978576269430493e-02
    5,1        2,1        1,11   
   -1.038821576820599e-06    2.221785428871017e-02
    5,1        2,1        1,12   
   -2.949349788679080e-08    4.054319694397891e-04
    5,1        2,1        1,13   
   -4.355222407227617e-08    8.351092227872925e-03
    5,1        2,1        1,14   
    5.967003448464968e-08   -1.862927971139270e-02
    5,1        2,2        1,1    
    2.646886725266159e-07   -5.441002662469810e-01
    5,1        2,2        1,2    
    6.451494714893495e-08   -1.077418116107108e-03
    5,1        2,2        1,3    
    7.708251944571365e-09    8.501430501343364e-02
    5,1        2,2        1,5    
    4.703312917846440e-07   -7.583891647135797e-02
    5,1        2,2        1,6    
    1.330600568977110e-07   -1.379690286036435e-02
    5,1        2,2        1,7    
   -7.740872157986002e-07    2.694553585482561e-02
    5,1        2,2        1,8    
   -6.691691615143238e-08   -6.188261864232303e-02
    5,1        2,2        1,9    
    9.954378398690153e-08   -7.864370157041022e-02
    5,1        2,2        1,10   
    1.219488147398503e-07   -4.279352749684722e-03
    5,1        2,2        1,11   
   -9.084533059537260e-08    3.680704146981163e-02
    5,1        2,2        1,12   
   -9.972529961105020e-08    2.337903700744347e-02
    5,1        2,2        1,13   
    6.762529638020460e-08    6.384454062257214e-02
    5,1        2,2        1,14   
    5.879145915117395e-07   -1.258910415954199e-01
    5,1        6,1        4,1               # C2v-planar B1 x A2 <- G8 irred-5 x irred-6 x irred-4
    2.393765287093598e-07   -3.537328504189711e-02
    5,1        6,1        4,2    
   -6.799905897153645e-08    1.816019975495854e-02
    5,1        6,1        4,3    
   -2.082276268757000e-07    4.066193532426048e-02
    8,1        2,1        4,1               # C2v-perpendicular B1 x A2 <- G8 irred-8 x irred-2 x irred-4
    1.538484347556922e-06   -6.513285402128856e-02
    8,1        2,1        4,2    
    5.547423753692811e-07   -1.038882594334295e-01
    8,1        2,1        4,3    
   -3.813451099780076e-07   -1.668139113294580e-01
    8,1        2,2        4,1    
   -6.206927566166729e-06   -6.868030707586470e-01
    8,1        2,2        4,2    
   -9.001926058133166e-06    3.097553549314587e-01
    8,1        2,2        4,3    
    1.706455150095539e-05   -4.520367849394864e-01
    8,1        6,1        1,1               # C2v-perpendicular B2 x A1 <- G8 irred-8 x irred-6 x irred-1
   -2.202427922041120e-06    1.675133487328040e-01
    8,1        6,1        1,2    
   -7.454654240473935e-08    8.145983566799167e-03
    8,1        6,1        1,3    
    3.286742532658383e-07   -1.031178696051364e-03
    8,1        6,1        1,5    
   -3.549416506265872e-07   -5.399662441931160e-02
    8,1        6,1        1,6    
    2.445929168199822e-08   -5.366272509359148e-02
    8,1        6,1        1,7    
   -1.482449927032460e-07   -1.262510557190688e-01
    8,1        6,1        1,8    
    1.163670200521306e-07   -1.081043707397288e-02
    8,1        6,1        1,9    
   -2.001905950807439e-07   -3.904857541576543e-02
    8,1        6,1        1,10   
   -4.887798462186430e-08    1.983158133227270e-02
    8,1        6,1        1,11   
   -9.140868381023298e-08    3.871530532246993e-02
    8,1        6,1        1,12   
    1.607303779542496e-07    1.351465656364648e-02
    8,1        6,1        1,13   
    3.112427228606217e-07    7.589716796953877e-02
    8,1        6,1        1,14   
    1.318450904917681e-06    2.278139332389032e-01
    5,1        8,1        7,1               # C2v-planar / C2v-perpendicular A2 x B1 <- G8 irred-5 x irred-8 x irred-7
    7.823918453225294e-07   -2.656774622554917e-01
    5,1        8,1        7,2    
   -7.635358129398083e-07    2.492821815566716e-01
    5,1        8,1        7,3    
   -3.041050866698163e-07   -2.197913471663336e-03
    5,1        8,1        7,4    
    2.464391797021536e-07   -6.461819527145246e-02
    5,1        8,1        7,5    
    1.765884885527949e-07    7.177002246415627e-02
    5,1        8,1        7,6    
    3.039672509626727e-07   -7.068760247000012e-01
    3,13                                     # HN spherical coordinate angles
    1.724337488644643e-06    8.413582585601893e-02
    3,13       1,4    
   -6.554981356309588e-07   -1.587419620080571e-01
    3,13       1,4        1,4    
    6.916061373196425e-08    9.490259055487325e-02
    5,1        2,2        1,4    
    8.996751748227861e-08    6.304942599648050e-02
    3,13       2,2        2,2    
    8.025228663457890e-07    2.123694485987891e-01
    3,13       3,13       3,13   
   -1.782978285444598e-07   -1.091020177430999e-01
    5,1        5,1        3,13   
    2.235022121791758e-06    6.339026247564786e-02
    7,7        7,7        3,13   
   -5.164610563217723e-07   -6.526600619844466e-02
    8,1        8,1        3,13   
    3.019782883703558e-07   -1.251435201480482e-02
    8,1        7,7        5,1    
    1.563156539068688e-06   -1.511236798997798e-01
    3,13       1,4        1,4        1,4    
    1.544646084272066e-06   -1.775870140886884e-01
    5,1        2,2        1,4        1,4    
    2.299196106837644e-08   -9.016444204968900e-02
    3,13       2,2        2,2        1,4    
    1.521263128411012e-06    2.760580427392433e-01
    3,13       3,13       3,13       1,4    
   -1.334847355616309e-06   -3.595105737644297e-01
    5,1        5,1        3,13       1,4    
    3.450054435278331e-06   -6.802389184229637e-02
    7,7        7,7        3,13       1,4    
   -5.712285196456583e-06    8.109355831596599e-01
    8,1        8,1        3,13       1,4    
   -2.835428412426658e-07    1.280562749575294e-01
    8,1        7,7        5,1        1,4    
   -3.261710916551919e-06    4.973711902263793e-01
    5,1        2,2        2,2        2,2    
    7.686513146585089e-07   -9.386282188316589e-02
    5,1        3,13       3,13       2,2    
    1.681537243097655e-06    1.798101089603975e-01
    8,1        7,7        3,13       2,2    
   -5.598310967852174e-06    6.849984524870262e-01
    5,1        5,1        5,1        2,2    
    5.391739707930822e-07    2.701372361093185e-02
    7,7        7,7        5,1        2,2    
    2.731608731282689e-07    1.541845662492958e-02
    8,1        8,1        5,1        2,2    
    1.166784426810965e-06    6.832174889784960e-02
    3,13       1,1                           # 1st-order term coupled with NH2 rotation
    1.569336788724902e-07    1.251816161089751e-01
    3,13       1,2    
   -6.213275093685213e-08    6.391970659483193e-03
    3,13       1,3    
   -4.901973044626573e-08   -4.235065036450455e-02
    3,13       1,5    
    1.350378455264536e-07   -1.697980285415160e-02
    3,13       1,6    
    8.079918070149406e-08   -4.172550495494004e-02
    3,13       1,7    
   -3.813614523258767e-08    2.826140579020347e-01
    3,13       1,8    
   -1.562166315011887e-07    4.528079479178938e-02
    3,13       1,9    
    3.408299985632061e-07    5.134598359275923e-02
    3,13       1,10   
   -6.314639584800507e-08   -3.734322709833181e-02
    3,13       1,11   
   -1.513295422273390e-07   -3.370148443170556e-02
    3,13       1,12   
   -1.160728654984742e-07   -3.551143191097023e-02
    3,13       1,13   
   -4.747475595985027e-07   -8.601691285726672e-02
    3,13       1,14   
   -5.805694152210158e-08   -4.829729354178597e-02
    7,7        4,1    
   -3.644903651849918e-07    3.851850004902478e-02
    7,7        4,2    
    1.681758245959074e-07   -2.413874643702304e-03
    7,7        4,3    
    2.585555415163466e-07    8.721396443260291e-03
    1,4        3,1    
   -7.437565875686967e-08    2.349378746015978e-01
    1,4        3,2    
    2.751742725198432e-06   -1.016748758878397e-01
    1,4        3,3    
   -1.598262689613497e-06    5.364096687733162e-01
    1,4        3,4    
    4.664909018982087e-06    2.268308713205215e-01
    1,4        3,5    
   -3.047173729951323e-07   -8.152977949070463e-02
    1,4        3,6    
    6.569620931398555e-07   -8.631772608065411e-02
    1,4        3,7    
    5.522100775970069e-07   -4.803348915813256e-02
    1,4        3,8    
   -1.661436512085551e-06    7.394273309258619e-02
    1,4        3,9    
    9.272665536456755e-07    7.150857057613166e-02
    1,4        3,10   
   -3.094998600919249e-07   -4.807850148537957e-02
    1,4        5,1        2,1    
   -3.622121175186779e-08   -3.909560503712745e-03
    1,4        8,1        6,1    
    1.763740515112324e-07    4.092620011110534e-02
    1,4        1,4        3,1    
   -3.630487304700991e-06   -7.908174587033208e-02
    1,4        1,4        3,2    
    1.473788096882090e-06   -2.117781969060365e-01
    1,4        1,4        3,3    
   -3.222453834369797e-06   -3.764572359812142e-01
    1,4        1,4        3,4    
   -6.264978776925123e-07   -2.192287091620374e-01
    1,4        1,4        3,5    
   -1.473789451386240e-07    1.145991929838321e-01
    1,4        1,4        3,6    
   -5.945921307178966e-07    8.257464906034519e-02
    1,4        1,4        3,7    
   -5.354221496291659e-07    6.164292014126518e-02
    1,4        1,4        3,8    
   -4.641263598956196e-08   -1.265940239892021e-01
    1,4        1,4        3,9    
    2.635693084170586e-07   -9.292467035474418e-02
    1,4        1,4        3,10   
    1.640851798379186e-07    2.396775928139058e-01
    1,4        1,4        5,1        2,1    
   -2.423376499482921e-07    4.058116871852290e-02
    1,4        1,4        8,1        6,1    
    1.009597624193191e-06    2.878477179529463e-01
    2,2        2,2        3,1    
   -7.741796235108928e-07   -4.322774020006156e-01
    2,2        2,2        3,2    
   -4.560586385709951e-06   -3.712540556529675e-01
    2,2        2,2        3,3    
    1.590974184033018e-06   -9.719889831484803e-01
    2,2        2,2        3,4    
   -2.037254907700059e-06   -5.207586113856806e-01
    2,2        2,2        3,5    
    6.858402488162134e-07    1.507724609251471e-01
    2,2        2,2        3,6    
   -1.672713393929514e-06    1.546510363387616e-01
    2,2        2,2        3,7    
   -1.052129909925421e-06    8.320923240113111e-02
    2,2        2,2        3,8    
    4.474824830766838e-07   -1.793952544411734e-01
    2,2        2,2        3,9    
    3.377750743876021e-07   -2.164474708289693e-01
    2,2        2,2        3,10   
   -5.646305257343681e-07    3.653844033834232e-01
    2,2        2,2        5,1        2,1    
   -1.140091217620085e-07    3.360616348827090e-02
    2,2        2,2        8,1        6,1    
    1.696061558000482e-05    2.316901899815188e+00
    3,13       3,13       3,1    
   -5.150433399358646e-06   -2.246306934580777e-01
    3,13       3,13       3,2    
    5.408822116462957e-06    8.386491752369866e-02
    3,13       3,13       3,3    
   -4.125501065908136e-06   -1.352851664219160e-01
    3,13       3,13       3,4    
    1.163891888739112e-07   -2.802670668046806e-01
    3,13       3,13       3,5    
    3.208433450772125e-07    8.839904385351083e-02
    3,13       3,13       3,6    
   -6.760434251980166e-08   -2.839552698517859e-02
    3,13       3,13       3,7    
   -9.109050602303351e-07    1.264972112620464e-02
    3,13       3,13       3,8    
   -3.165218810418276e-07   -2.253401206902051e-02
    3,13       3,13       3,9    
    6.460740503201251e-07   -1.622410877437805e-02
    3,13       3,13       3,10   
   -1.836182872118271e-06   -3.793894428284113e-02
    3,13       3,13       5,1        2,1    
   -1.168234843406613e-06    6.284954152013411e-02
    3,13       3,13       8,1        6,1    
    5.943193987267090e-07    1.140864144003237e-01
    5,1        5,1        3,1    
    2.400211519636482e-06   -3.853799398373842e-01
    5,1        5,1        3,2    
    2.510661680724376e-06   -2.355814335668334e-01
    5,1        5,1        3,3    
    8.337756663727497e-07   -4.968515917839995e-01
    5,1        5,1        3,4    
    3.018810421174654e-06   -5.745253015458025e-01
    5,1        5,1        3,5    
   -1.009391338847880e-06    1.940476627894246e-01
    5,1        5,1        3,6    
    8.259294977327816e-07    5.693523164077077e-02
    5,1        5,1        3,7    
    7.372362518619055e-07    3.637984524080389e-02
    5,1        5,1        3,8    
   -2.883298592009945e-07   -1.124888886275084e-01
    5,1        5,1        3,9    
   -1.106028716267215e-07   -1.278069991238981e-01
    5,1        5,1        3,10   
    1.600912978684720e-07    8.858212730972415e-02
    5,1        5,1        5,1        2,1    
    1.752415130053693e-07    1.187551746290449e-03
    5,1        5,1        8,1        6,1    
   -1.313523984170298e-06    9.679595446186329e-02
    7,7        7,7        3,1    
    6.229154499722330e-07    1.671304859754775e-01
    7,7        7,7        3,2    
   -1.287688613518915e-06   -3.595421094544168e-01
    7,7        7,7        3,3    
    2.359639172373210e-07    5.300060132587864e-01
    7,7        7,7        3,4    
   -5.757583524284362e-07   -1.437600747783037e-01
    7,7        7,7        3,5    
    2.987628835941585e-07    5.308365419707651e-02
    7,7        7,7        3,6    
    1.956560113168782e-07   -7.593135074306716e-02
    7,7        7,7        3,7    
    1.973775728327853e-07   -7.878058761718955e-02
    7,7        7,7        3,8    
   -2.358381153873726e-07    4.932457621473597e-02
    7,7        7,7        3,9    
    3.104684423737476e-08   -1.939972358952275e-02
    7,7        7,7        3,10   
   -3.411609654943556e-08   -5.462854830826179e-02
    7,7        7,7        5,1        2,1    
    4.085812296826422e-07   -1.000603574534700e-01
    7,7        7,7        8,1        6,1    
   -6.570898864166061e-07   -3.753713822437679e-01
    8,1        8,1        3,1    
   -1.936653859146989e-06    2.010102069077247e-02
    8,1        8,1        3,2    
   -2.182879111097412e-06   -5.225940195074287e-01
    8,1        8,1        3,3    
   -1.114780353191357e-06    3.063425041774506e-01
    8,1        8,1        3,4    
   -2.110200246496316e-06   -4.002599817589403e-01
    8,1        8,1        3,5    
    9.743107446638495e-07    1.334740601519631e-01
    8,1        8,1        3,6    
   -4.584972053666575e-07   -1.800909720795550e-02
    8,1        8,1        3,7    
   -3.431660244081358e-07   -9.503901348691618e-02
    8,1        8,1        3,8    
   -3.948385779781754e-08    1.479810758082298e-02
    8,1        8,1        3,9    
    1.766613517220265e-07   -8.646650956221638e-02
    8,1        8,1        3,10   
    4.852633581535967e-07   -2.776488037958774e-01
    8,1        8,1        5,1        2,1    
    5.108494285321061e-08    2.070596665661139e-03
    8,1        8,1        8,1        6,1    
   -2.915659643508125e-08   -3.986128617067105e-02
