    1.98767766558162    1.96783722226509    2.02139729533261
    1.07310110425672    1.51505523238263    1.51287443793198
    1.35790105734549    1.44534674316788    2.11613554350226
    2.96367979842162    2.95814225434187    2.99878988729741
    2.92380544223962   -0.00290222732080   -0.00261956057935
    0.00004784266445   -0.00736952410770   -0.00413364927755
   -0.03381746857274    0.30501938400041    0.00000000000000
    0.00000000000000    0.00000000000000    0.00000000000000
    0.00000000000000    0.00000000000000    0.00000000000000
    0.00000000000000    0.00000000000000    0.00000000000000
    0.00000000000000    0.00000000000000    0.00000000000000
    0.00000000000000    0.00000000000000    0.00000000000000
   -0.34561596619879
