-285.8844630141
-285.8838682080
-285.8847006573
-285.8847674117
-285.8839831042
-285.8836369551
-285.8849710779
-285.8843989037
-285.8843893813
-285.8844170349
-285.8843717173
-285.8844652174
-285.8843223985
-285.8856527061
-285.8831783635
-285.8838677566
-285.8843879203
-285.8839818971
-285.8842593099
-285.8844428774
-285.8844546737
-285.8844158440
-285.8844822661
-285.8844306374
-285.8843593489
-285.8843118166
-285.8844503787
-285.8844351118
-285.8843258270
-285.8843943617
-285.8843950518
-285.8843956003
-285.8843930516
-285.8843951160
-285.8844587128
-285.8844554052
-285.8844568074
-285.8844479801
-285.8844507749
-285.8844365448
-285.8844627833
-285.8845887793
-285.8843167246
-285.8848694154
-285.8840955045
-285.8843648865
-285.8844142472
-285.8843573305
-285.8845615322
-285.8842625549
-285.8846467882
-285.8845456239
-285.8843687756
-285.8844853703
-285.8843950881
-285.8844381270
-285.8844368927
-285.8845754284
-285.8843059586
-285.8846226861
-285.8842845163
-285.8848264537
-285.8840382685
-285.8845161393
-285.8843704430
-285.8844367796
-285.8844393315
-285.8844877916
-285.8843987414
-285.8848330585
-285.8840859576
-285.8841310704
-285.8847892709
