    1.97891746904181    1.93010552598187    2.02226418793850
    1.07267628317960    1.51554898986736    1.51167367392115
    1.34177935372810    1.45614949491274    2.10762471494569
    2.97255909633790    2.95449556476869    3.00350935283991
    2.99751490546829    0.00000118457024    0.00000096881058
   -0.00000022056934    0.00000025748976   -0.00000107771801
   -0.00000039098873    0.00000026818084    0.00000038364283
   -0.00000049009496   -0.00000066586330    0.00000013072887
    0.00000084936354   -0.00000061725977   -0.00000035251211
   -0.00000067114426    0.00000050941361    0.00000037288165
    0.00000091555861    0.00000021460722   -0.01996895150344
   -0.00216041440329   -0.00899665513224    0.70682159776038
