    1    4,1    
    8.263955176373430e-02   -5.967082629150043e-03   -2.480408032968043e-02   -1.092373962349456e-03   -3.155512211582851e-02    2.130247527063572e-02    6.836185480079486e-02    6.465524414814976e-02    1.864974477344136e-02   -4.751314379361954e-02   -3.076162552407706e-02   -5.900744672837744e-03   -8.792087348809130e-02    2.547638574503093e-02
    1    4,2    
   -8.031333809598372e-02   -7.230623035624907e-02   -9.600529977383218e-02    6.231976661485875e-02   -2.992399039067787e-02    5.084751045092491e-02   -4.672503047639309e-02   -1.804855380949347e-02    2.059137003588275e-02   -1.281554589873455e-02   -7.920140978585828e-02    6.122841777113128e-02   -2.871556946332712e-02    1.667252344728078e-02
    1    4,3    
    5.533850650237111e-03    3.796237720453106e-02   -8.523090661759171e-02    6.178438658445277e-02    4.369743081624618e-02    4.358645412422327e-02    1.773948647951830e-02    6.416747737650068e-02    8.012737080039448e-02    7.531257021931016e-02    3.184456342283593e-02   -6.904336993661041e-02   -5.481479234539738e-03   -7.626754040165465e-02
    1    4,4    
    2.795733593559705e-02   -6.954292156854375e-02   -2.345812320897979e-02   -7.565923816065050e-02    3.319429894391814e-02   -6.141414747492231e-02   -6.364802889311932e-02    4.302917882661014e-02   -5.912512940984533e-02   -5.957819041299423e-02    3.301522489643428e-02    2.527003924912580e-02    7.005962016173387e-02   -1.259452961843512e-02
    2    4,1        1,1    
   -7.199534634571704e-02   -3.679071530365156e-02    5.509662617323417e-02    6.298026832625314e-02   -5.208602960244910e-02   -6.229402735792355e-02    7.351222358477706e-02    4.168254569883944e-02   -4.286025977759412e-03   -8.211874172317382e-02   -2.093625712727216e-02   -7.198029898311457e-02    6.654169029947321e-02    8.629480880717258e-02
    2    4,2        1,1    
    5.138258593812462e-02    3.087242660488165e-02   -7.610423197722585e-02   -3.072082595107916e-02   -7.622005569676252e-02   -3.591068254437078e-02   -5.917294500462741e-02   -3.214700690427531e-02    2.732371301595921e-02    3.281226871968403e-02   -8.540738645559394e-02   -8.108446046479190e-02    7.616414040188414e-02   -3.805211872507115e-02
    2    4,3        1,1    
   -2.524691746025494e-02    2.945761050492389e-02   -9.405439999768658e-03   -3.741531174757928e-02    6.049983427107979e-02   -1.458934885844028e-02    3.759677244195252e-02    1.131166021110034e-01    2.520232727546794e-02    1.996577833297758e-02   -4.327377881974000e-02    2.580504201651868e-02   -4.486630937597155e-02    6.341385518675575e-02
    2    4,4        1,1    
    3.245404219094262e-02   -2.562271363863780e-02   -3.036070262125771e-02    5.222247258855904e-02    3.289312363972610e-03   -2.872579486321540e-02    3.128783913018292e-02    1.359951934898103e-02    8.306307703881273e-02    8.885914610633677e-02   -4.534672041172396e-02    2.831377604801955e-02    4.170458078795847e-02   -2.143593825250839e-03
    2    4,1        1,2    
    9.736424496342298e-04   -3.144463136690392e-02   -6.688201486277762e-04   -1.292541670422874e-02    4.657288686949417e-02    4.011622050010490e-02    3.676141796175224e-02   -2.891427355969318e-02   -8.368588091348309e-03    2.178343943465616e-02    3.990512991296549e-02   -2.339535120094859e-02    2.362105592774673e-02    8.531237623641298e-02
    2    4,2        1,2    
   -2.144419016929323e-02    4.095468519798420e-02    1.458991771739453e-02   -7.756048676824616e-02    1.479070636630631e-02   -2.308346113205101e-02   -6.229277728023772e-02    6.250753593171338e-02   -4.857426736140039e-02    7.257955603454533e-02   -3.890547148258713e-02    7.868406157678151e-02   -6.433694804875671e-02   -9.683413763950571e-03
    2    4,3        1,2    
    5.318460147107925e-03    1.670506354006073e-02    4.812220558485338e-02   -3.976130742721810e-02   -1.369713290379981e-02    4.885819242386021e-02   -5.824470733661093e-02    1.001565401983718e-02    2.742885659894624e-02   -6.377513045746294e-02    4.947235457013076e-02   -5.672435578813907e-02   -4.194519446156219e-02   -1.873576573208454e-02
    2    4,4        1,2    
    6.895497843783578e-02   -7.226716363231436e-02    5.802158345487560e-02    8.438624557866391e-03   -2.499410658853728e-02   -5.665982569644072e-02    1.283555754022205e-02    4.946749396875041e-02    3.984940770440733e-02    4.644360333742902e-02    1.386211420058442e-02    6.228780786650463e-02   -2.749139093619258e-02   -3.291317077794140e-02
    2    4,1        1,3    
   -5.459230718921795e-02   -2.766366430547239e-02    1.115278299933401e-01   -2.084216103681112e-02   -1.049991357484854e-02   -4.979142953201794e-02   -2.392494449155293e-02    3.632900308225504e-02    6.116706991505360e-02    1.215857336994349e-02    4.680159961741053e-02   -1.336203682948362e-03    5.362096809067074e-02   -5.728406064379608e-03
    2    4,2        1,3    
   -8.212903513210804e-02   -1.820809790548713e-02    7.162940346643838e-03   -7.616962637425569e-02   -1.833594118138957e-02   -7.375446787332377e-03    7.608021229225732e-02   -7.609614724851738e-02   -2.654607392997763e-02   -2.752838632208706e-02    5.495710860726468e-03    1.780992987928878e-02    3.896932870519001e-02   -2.011570989389144e-02
    2    4,3        1,3    
   -2.801284325630359e-02    1.711091963653560e-02    8.863060259978058e-02   -9.891054098138961e-02    5.399962633379055e-02   -5.547637917253045e-02    3.884423206931975e-02   -5.807354561005929e-02    6.013501832802671e-02   -4.292183176743394e-02   -1.513058540608406e-03   -5.950558367055614e-02   -2.083078804024058e-02   -5.445416241382758e-02
    2    4,4        1,3    
   -5.897409091912101e-02    5.729967775577231e-02   -2.289288777715471e-02   -4.161003624051255e-02    4.647068032146359e-02    5.622803741502714e-02    2.579957051518142e-02   -3.461229914139798e-02    5.676602962145436e-02   -6.903264332490186e-03   -2.776114806891923e-02   -6.283629915303382e-02   -8.211513677541918e-02    5.743261202773978e-02
    2    4,1        1,4    
    6.371807851778118e-02    4.387418659543152e-02    6.698408590249295e-02    5.376629342604780e-02    6.979453499839895e-02    2.563526370366348e-02    1.049655075257627e-02   -3.395323769245033e-02   -4.828491103377294e-02    7.898842978625245e-02    2.670213746556850e-02   -8.037282525772593e-02    3.058221594179717e-02   -2.459137762263616e-02
    2    4,2        1,4    
    4.924822813347981e-02   -2.221285003638301e-02    7.065138599207127e-02    2.566611603419509e-02   -2.591246341587553e-02   -7.626749343276094e-02    3.237619631322428e-02    4.259407677089090e-02   -4.812895710821652e-02   -7.302241943095635e-02    7.031842273053651e-02    6.902276038707814e-02   -5.673321028189063e-02   -5.118904530496836e-02
    2    4,3        1,4    
   -4.180889431213414e-02    4.916416766710129e-02    4.797008108482035e-02   -7.916920108306795e-02   -3.943391982511681e-02    3.002939158558078e-03   -2.223844130259718e-02    2.290611426830156e-02   -5.846990941483970e-02   -7.357294355625237e-02    4.002736597005351e-02    1.222392926271834e-02    6.237354699189966e-02   -6.468679713559164e-02
    2    4,4        1,4    
   -2.163156797116811e-02   -1.945928196684957e-02   -2.629524097402652e-02    4.182382819617909e-02    6.450649685935836e-02    5.346630871353968e-02    6.747811914681247e-02   -3.174510646772391e-02    4.024485252394384e-02   -3.862565734777857e-02    9.522397028094308e-02    7.931979895863032e-03   -2.725676487588522e-02   -4.703327275558458e-02
    2    4,1        1,5    
    2.691602203715964e-02   -2.928313113410715e-02   -1.646901193806303e-02   -1.178454165792920e-02   -7.785593230844952e-02   -4.221626641403790e-03    7.750335577803157e-02    6.108771688879415e-02    8.010495226268806e-02   -7.831792343672494e-03   -4.101912639392336e-02    2.165823005932997e-02    7.706868692129734e-02   -6.381751134471651e-02
    2    4,2        1,5    
    1.304530990198306e-02   -6.292041047010903e-02    7.040508546481892e-03    5.890123933492322e-02    1.728935693273820e-02   -2.249780689470238e-02   -4.228813206890655e-02    1.254550353398762e-02   -8.051404545076218e-02   -4.130702489159428e-03   -2.754699980000330e-02   -2.235348674421040e-02   -7.515896363736034e-02    2.576177822793117e-02
    2    4,3        1,5    
    2.626684312200947e-02    4.891784996430732e-02    9.122594839975962e-02    4.730896531496060e-02   -5.952255286205293e-02   -2.982878616473914e-02    2.430036295363944e-03    1.140500429530243e-02   -7.426743708731642e-02   -7.005238638449485e-02   -6.981621698123412e-02   -1.957819587307682e-02   -6.908358196903304e-02    6.291635734639235e-02
    2    4,4        1,5    
   -8.957038941721540e-02   -4.847013005212289e-02    1.800691544643404e-02   -7.264036622884355e-02   -4.398148615180761e-02   -2.644338502601412e-02    4.761943372591562e-02    4.579014636467928e-02   -5.006009151984917e-03   -3.789947584183746e-03    4.524645696964467e-02    1.240863643559318e-02   -7.514045681808049e-02   -3.019056971302772e-02
    2    4,1        1,6    
   -2.110644970401963e-02   -4.863020518479298e-02    7.044939072219523e-02    4.220691132756574e-02    1.775426080459184e-02    6.486958332205178e-02   -6.086803613867617e-02    2.170754446216996e-02    1.010082703892838e-02    9.527543843785856e-02    8.367091594519668e-02    5.149128460294118e-02    2.479232193141256e-02    9.176056882673125e-02
    2    4,2        1,6    
   -9.030726630969082e-03    3.831189864257117e-02    2.620488045726682e-02    8.249538788433475e-02    6.508551543353538e-02    6.195136672173183e-02   -7.670973844908169e-02   -4.300490797102161e-02    1.244552535923190e-02   -8.464737502929268e-02    6.386948129366204e-03   -7.152532675469939e-02    1.590034357512559e-02    1.517723686952495e-02
    2    4,3        1,6    
   -2.602964047379165e-02    8.866755334541803e-03    6.536480006531828e-02    4.460466668671331e-02    7.700305761043010e-03    3.213248480639749e-02   -5.369256758390832e-02    3.864200545389647e-03    6.079317226377118e-02    2.920844576338528e-02   -6.752456576221402e-02    6.030122113312304e-02    3.625256174876325e-02   -7.398732539271213e-02
    2    4,4        1,6    
    6.563791712428413e-02    6.004880200146210e-03    5.525288445993737e-02    6.678303843273635e-02    8.258457249387112e-03    8.005766072058655e-02    6.985624194915116e-02   -7.889024692308450e-03    5.118245152772027e-02    7.145564172137531e-02    3.067895939636184e-02   -7.498858923290046e-02   -1.601084044646323e-02   -7.540676419679869e-03
    2    4,1        1,7    
    9.133468675455077e-02    1.263372130215798e-02   -1.175624163465386e-01   -7.191897234555897e-02   -5.728863042512564e-02   -9.710302509693642e-03    8.028455595860519e-03   -2.407440914245038e-03   -4.348348869292302e-02    4.997693633521493e-03    5.301990225073095e-02   -1.204872109986214e-02    4.488530031376146e-02   -6.574472340780953e-02
    2    4,2        1,7    
   -5.887682911026149e-02   -8.134228855543467e-02   -3.060020654581092e-02    2.571118017399999e-02   -8.262618565677804e-02    4.049395765647576e-02    4.957110839006137e-02   -3.316624959001950e-02   -5.352496573614921e-03    6.865441125873953e-02   -2.171914456024360e-02    2.328579655446866e-02    2.578988763906758e-02   -4.221828070279793e-02
    2    4,3        1,7    
    1.760935736285463e-02    1.084147144698673e-02   -1.539570521083496e-02    3.336985655918671e-02    1.422758405358527e-03    9.940147539525565e-03   -3.593513384964454e-02    1.024140705307741e-02   -2.167300070977250e-03   -1.935039332197040e-02    4.543246425588028e-02   -6.251394393229476e-02    4.283986155016445e-02    1.469947974241537e-02
    2    4,4        1,7    
   -7.356624220284536e-02   -5.772239623320883e-02   -1.920921759087268e-02   -6.969886342704668e-02   -6.768182551038665e-03    2.371163839920399e-03   -9.789413866573911e-02    3.534077486462377e-02   -6.552755899633612e-02    3.780004683882040e-02   -6.186427921648349e-02    6.479604774081209e-02   -5.357722527774549e-02   -1.723592177861885e-02
    2    4,1        1,8    
    5.963335270032119e-02   -8.299105821760490e-02    2.260001577157741e-02    2.294217877479749e-02   -8.670619495131976e-02   -1.284100604529038e-02   -7.357125061867854e-02   -6.381940843309104e-02    1.019697940072979e-02    3.088375307783798e-02   -2.788236471837742e-02   -8.065109295557971e-02   -6.954113571354920e-02   -9.009431999958509e-02
    2    4,2        1,8    
    3.068468530611066e-02    6.699819975105133e-02    1.051618030004992e-02   -7.537263027846643e-02   -6.691625947995077e-02   -6.594366562824613e-02    3.747918552399269e-02    4.048951793804047e-02   -1.611682574976766e-02   -5.497926700668912e-02    6.350131142101930e-04    1.529649694074148e-02   -6.297199025995294e-02    6.444440594316919e-02
    2    4,3        1,8    
   -2.148698219788566e-02   -4.437074615626888e-02    4.366081869176248e-02   -4.426329309294275e-03   -6.281237572103521e-02   -4.783658157216820e-02    2.925470959881248e-02   -4.441811480459801e-02    2.955426575329382e-02   -4.466968028984642e-02   -5.255332119322069e-02   -2.217608118732698e-02    3.767954294759818e-02   -6.733396802722932e-02
    2    4,4        1,8    
    2.135821587368142e-02   -5.772588469873281e-02    4.827919365823391e-02   -5.003448311056781e-02   -2.841303734750933e-02   -1.305385646034755e-02   -4.515652619878001e-02    6.475760032016939e-02    2.507752538016597e-02   -6.793527279995065e-02    1.142022061813962e-02    1.542884178320248e-02    6.855506990680110e-02   -1.698518489760391e-02
    2    4,1        1,9    
   -5.240513311790583e-02    4.799754915724967e-02    6.996514342538862e-02   -5.359179916023900e-02   -2.599672570160395e-02    2.918295090022241e-02   -4.075029003829916e-03    4.538250634488639e-02    1.226959481517141e-02   -3.259988751394995e-02   -1.168894807590322e-02    1.464978278269743e-02   -7.513747415603787e-02   -5.234684030203512e-02
    2    4,2        1,9    
    2.934036390204698e-02   -7.372538169625130e-02   -2.725559338758442e-02   -7.787850031413916e-02   -4.392047529932320e-02   -5.116504239453579e-02   -5.572024765464621e-02    4.782065250939210e-02   -8.863567003128887e-02   -7.622897841820357e-02    1.879945754935609e-02    1.584503490208343e-02   -8.509957167611880e-02   -3.807997943377782e-02
    2    4,3        1,9    
    7.182472621800695e-02   -1.460478260949658e-02   -4.497523573353791e-02   -3.571894689884261e-02    3.487667161299871e-02   -1.750985386885162e-02   -1.849103409489099e-02    6.823276094618289e-02   -4.180286626750605e-02    2.878452484524250e-02   -3.538866447230317e-02    7.892495673453427e-02    1.508056486956295e-02    5.670568956348971e-02
    2    4,4        1,9    
   -3.301498852764759e-02   -5.693261079420896e-02    4.578599134977747e-02    9.315433423632236e-04   -5.281267950221559e-03    3.394505635166321e-02    7.158384737197733e-02   -6.121856674294169e-02   -6.686235281884846e-02   -8.626060021490253e-02    6.903047873470414e-02   -9.256439773326385e-02   -3.766148372332581e-02   -5.501294015226737e-02
    2    4,1        1,10   
    2.620955068336825e-02   -1.544172634923571e-02   -4.248548459253559e-02   -3.307416714941957e-02   -7.703092086883098e-02    6.218849660728411e-02    2.228564396091516e-02    7.041818901875507e-02    4.986660455766205e-02    3.828027533626469e-02    3.249096895342508e-02    1.500174234602586e-03    1.282365541467607e-02   -2.524026372953880e-02
    2    4,2        1,10   
   -3.270438371691119e-02    8.167648037244399e-02   -1.665788340943712e-02   -6.859773552498720e-03    8.096752213421091e-02    4.813226456008254e-02    2.831983115700924e-02    2.393808435715320e-02   -6.898355428141276e-02    7.581064166681969e-02   -2.591137449400216e-02    5.831886748106822e-02   -1.722497980959322e-02   -8.249327659656930e-02
    2    4,3        1,10   
    3.684657303881660e-02    3.157146039541749e-02   -2.135224199307208e-02   -3.717629290696712e-02   -5.206553853179930e-02    9.084245602465951e-02   -5.246885628202695e-03    2.595861862951789e-02    4.384451506385173e-02   -4.432329668155850e-03   -1.188939016227488e-01   -5.074756437480429e-02    6.888160535701678e-02   -7.413238477337962e-03
    2    4,4        1,10   
   -1.730664006494308e-02   -6.822241079110779e-02   -5.672845302501056e-02   -6.028551341812952e-02   -5.993226939801409e-02   -9.409055419359715e-03    2.385538366338999e-02   -2.726713182928471e-02    3.294104964253499e-02    3.147134948888643e-02    6.246384047082184e-03   -1.922518191823219e-02    7.760743198820831e-02    1.711799619612421e-02
    2    4,1        1,11   
    4.578125246637397e-02    2.189202499734434e-02    8.869839948756621e-02   -1.084008543474370e-02    1.473163048001132e-03    5.640529749134188e-02   -2.922897697137202e-02    4.537426167646368e-02   -3.412705464112088e-02    7.162723183907461e-02    9.261371089464308e-02   -2.510073203171409e-02    1.530659504708548e-02   -9.696261809680444e-03
    2    4,2        1,11   
    5.753919742880780e-02   -6.575195575846619e-02    1.908747630088722e-02   -7.161564143728298e-03   -5.747748793609338e-02    4.274184547226551e-02   -2.081817540118271e-02    2.233207138121783e-02    5.717865036992784e-02    3.576172591755469e-02    4.263750508464764e-02   -6.409210602265977e-02   -3.379315746663512e-02    2.054313447283770e-02
    2    4,3        1,11   
    4.089429679999253e-02   -6.178404344869221e-02   -6.526906766171381e-03   -5.640707478944314e-02    2.108731265340179e-02   -4.781580240062086e-02   -6.105787472431130e-02    1.589517518359611e-02    4.978001544692771e-02    3.443868361659030e-02    2.993666343298287e-02   -7.221262594087711e-02    2.429094248458293e-02    5.355177096644174e-02
    2    4,4        1,11   
   -5.112489517555794e-03    4.303865024062647e-02    1.372844561032625e-02   -7.728095796063056e-02    5.319305741110317e-02    4.529107853424469e-02   -1.347203747831811e-02    4.058959814259954e-02   -8.842803677749542e-02   -3.930479595559903e-02    4.961561256834515e-02    9.115236140034734e-03   -7.340847645986799e-02   -3.071761978378775e-02
    2    4,1        1,12   
    3.932811683273058e-02   -5.824792964988430e-02    2.985613348722236e-02    3.034155939539028e-02   -7.614147445800352e-03   -8.338209655568328e-03   -6.858163311036250e-02   -1.325404223791756e-02    2.999920739010800e-02    6.372656964385075e-02   -8.965432551787336e-02   -1.084624270406223e-02   -4.447633621023035e-02    6.704229572914384e-02
    2    4,2        1,12   
   -5.680805457996624e-02    5.129113747781658e-02    3.345134522052586e-02    5.662141878866157e-02   -3.102208888700142e-02   -2.494165859557867e-02    9.252025962399747e-04    4.641590465475368e-02    4.025513744553907e-02   -2.723857802387690e-02    3.542705561038724e-02   -4.929258864380972e-02    6.615000639800012e-02   -1.657676142039843e-03
    2    4,3        1,12   
   -3.175574095442099e-02    3.056725152256547e-02    5.343894603773104e-02    4.348011490577251e-02   -2.630751127452149e-02   -5.543650322456698e-02    2.003455560756965e-02    1.902456671577372e-02   -5.509092226814362e-03   -2.015576081161218e-02   -9.963170719239772e-02   -1.045989685907344e-02   -6.294075113982060e-02   -3.867344725304758e-02
    2    4,4        1,12   
    5.125281851008096e-02   -6.713016992408007e-02   -3.976259452061624e-02    4.779683773467092e-02    6.724231125728496e-02   -8.705953605746773e-02   -6.181251389941151e-02   -2.331885829621978e-02   -1.836419838071443e-02    2.249531477059805e-02   -2.662568897494416e-02    6.057306748080274e-02   -7.058462337264304e-02   -3.230139688793975e-02
    2    4,1        1,13   
   -4.660535677537991e-02   -4.281761807288985e-02    3.159882619554687e-02    6.588442465331254e-02    1.248847821667985e-02   -1.669176346523185e-02    2.028232476814663e-02   -2.015790536284307e-02    9.036268495437377e-03   -3.198240655803369e-02   -7.656431661157374e-03   -1.836203878145023e-02   -6.641449460726559e-02    4.237579757154730e-02
    2    4,2        1,13   
    2.206167806523285e-02    5.649924752618350e-02    5.009234878287337e-02   -7.409998081966535e-02    3.205410763484072e-02   -4.182847651178023e-02    4.472431309415498e-02    1.031202608507728e-02   -6.633816683786033e-02   -5.126124558773050e-02    4.210369943978137e-02   -8.561380834072690e-03   -1.173460221074614e-02   -5.784324655839203e-02
    2    4,3        1,13   
    3.640109690463751e-02   -3.726009635271678e-02   -5.344045256177179e-02   -2.924948275383656e-03    2.571170153978487e-02    6.040555286469398e-02    4.010517393907679e-02   -5.499037285839282e-02    7.101175476491493e-02    5.148601007833505e-02    3.342723051699574e-02   -5.927465170373373e-02   -4.037460590951109e-02    6.707408913211317e-02
    2    4,4        1,13   
   -9.738252290867744e-05   -4.861599360878057e-02    5.526973388024609e-03   -7.409144707957693e-02    7.893905078772719e-02   -5.938126497440563e-02   -7.739495538574785e-02    8.070160575917036e-02    1.952416826725226e-02    2.847500884025598e-02   -2.822132501313759e-02   -5.628733388109855e-02    1.317381696435944e-02    7.842148102969824e-03
    2    3,1        2,1    
   -1.135925557663246e-02   -5.966742385509031e-02    6.417411473329933e-02    2.561289811828977e-02   -8.780546664734773e-03    7.454290595168056e-02    3.155085350449589e-03    3.916334541945875e-02    8.767731343531740e-02    6.669170755938476e-02    8.986302894357739e-02    2.279079701117520e-02    3.019265807134614e-02    5.370964687357156e-02
    2    3,2        2,1    
   -4.759768265042135e-02   -2.251843830519967e-02   -8.171815053178326e-02    6.837085987049586e-02    6.814375451280312e-02   -3.804922186221765e-02    2.997538169833096e-02    6.567120637503204e-02   -8.388317718527129e-03    8.501863495519924e-03   -8.483689903736827e-02    4.020532176432839e-02   -6.194436792093207e-02    6.794268605055558e-02
    2    3,3        2,1    
   -8.198624670508528e-02    4.360586878704254e-02   -3.010051099282303e-02   -6.451944464196988e-02   -2.771600062539172e-02    2.466184018271532e-03   -7.817040941815184e-02    2.703250503506741e-02   -2.860708204782991e-02    2.233517261515517e-02   -1.006034448472861e-02    8.638073736715908e-03   -3.937054288958826e-02    4.079543910960673e-02
    2    3,4        2,1    
   -4.124249180843363e-02   -4.429794157493415e-02    3.317530304577459e-03    8.384964420326199e-02   -1.476722301650872e-03    5.629934661526756e-03    7.145595582579031e-02   -2.676268738435834e-02   -4.877965041008160e-02    4.215320145061759e-02    3.932638483407672e-02    1.078095900726625e-02   -1.383715834561791e-02   -9.164007530685130e-02
    2    3,5        2,1    
    4.031689421472574e-02    4.761022857332253e-02    3.937433109632153e-02   -2.365798411508549e-02   -6.435043477007991e-02   -4.053404489774958e-02   -2.618020371259970e-02    5.394580785186188e-02    3.212219049066163e-03   -7.248769075901516e-02   -2.049971495915306e-03    3.465626534242681e-02   -8.342393034641892e-03    7.042074567973915e-02
    2    3,6        2,1    
    6.999609539742362e-02    7.391145025731714e-02   -7.984714880645222e-02    2.208229967379253e-02    8.354799075648035e-02    4.824466960222341e-02   -5.295782135228226e-03   -6.560581788623976e-02    2.922660393350084e-02   -7.657358423300256e-02    4.248288109751072e-02    3.665434646151951e-02   -1.592046744939555e-02    4.311000227666130e-02
    2    3,7        2,1    
   -4.581307358108537e-03    2.823038676950613e-02    4.101334884483453e-02    4.064103646005687e-02   -6.821926592326022e-02   -6.804439211760088e-02   -5.697856321409543e-02    8.335015057980999e-02    4.180230090419110e-02   -2.255619164609293e-02    3.761266183431124e-02    5.557633425059175e-02    3.008136843449547e-02    9.835451144733359e-03
    2    3,8        2,1    
    4.061512179304261e-02   -5.519172739092470e-02   -6.159255277471661e-02   -8.461939880833301e-02    4.625667269305783e-02   -7.308135344986946e-02   -4.418480311706310e-02   -2.570914199341245e-02    3.140613453234457e-02   -5.484952270879448e-02   -4.706671295068463e-02   -4.803170080946392e-02   -2.332725612629394e-02    5.958984092696890e-02
    2    3,9        2,1    
    1.116127692114540e-02   -7.789066459445991e-02    3.281577382193310e-02   -6.336497806974314e-02    3.285727856956325e-02   -5.741540423840751e-02   -7.020673414855449e-02    4.834727920263840e-03   -6.908387159239085e-02   -4.752761294254506e-03    4.549222167902003e-02   -8.828243405668590e-02    1.472193509241291e-02   -6.278473510991191e-02
    2    3,10       2,1    
   -6.290587652085061e-02    1.684823108612343e-02    6.866672682505784e-02   -7.867862508663369e-02   -6.767650145349606e-02   -3.648356542882991e-02    7.156341559854440e-02    1.715234666663483e-02    1.272842101523051e-02   -5.526789704132182e-02   -5.584510156294888e-02   -5.849472692543803e-03    3.428172961526400e-02    8.846712510577551e-02
    2    3,11       2,1    
   -1.191486727006644e-02   -7.662045194246979e-02   -5.001945493058763e-02   -4.696617081605806e-02   -6.189416273015442e-02    7.823226037516207e-02   -2.123866109741019e-02   -8.187304576928414e-02   -2.453648182735760e-02    3.906042421362788e-02   -2.965851913891475e-02   -8.351607692634062e-02    3.023183445418482e-02   -8.376146288622294e-02
    2    3,12       2,1    
    7.333305223394626e-02   -6.155318868804857e-02    1.005450644996756e-02   -4.456667975411562e-02    4.356559473588204e-02   -2.758894244169504e-02   -1.582848646071088e-02   -1.503067866495771e-02   -4.673803548030463e-02    7.222532800859399e-02    3.534622299721623e-02   -3.304670245561654e-02    5.882746970447330e-02   -6.758400642129810e-02
    2    3,1        2,2    
    4.339419604084759e-02    5.144214645002974e-02    1.029184443835229e-01    5.481658556668773e-02    3.663758900754751e-02    6.705227329880134e-02    3.122712359466158e-02   -1.084709190586133e-01   -5.704181751788645e-02   -1.426523024875058e-02   -3.777165593564413e-02   -1.531101458901573e-02    4.891218053854077e-02    7.283951263948196e-02
    2    3,2        2,2    
    7.851128309513689e-02   -5.242161670656794e-02   -5.673040053068039e-03    3.235996739722227e-02    2.233177932254908e-02   -3.244655298693920e-02    5.259582408538636e-02    3.575685784582948e-02   -4.001966329037265e-02    5.066139317250250e-02   -2.140541825327206e-02   -6.778917212243571e-02    8.324597142673880e-02   -3.283658512740263e-02
    2    3,3        2,2    
   -1.408399283863550e-02    6.876945140166736e-02    4.852091535180919e-02   -2.360047816229192e-03    7.024111619531817e-02    8.204837816961970e-02   -1.825453468491848e-02   -7.412357604333476e-03   -5.596527217540775e-02    5.286403828323805e-02    6.964710982232220e-02   -2.649861772809084e-02    8.732019519636850e-03   -1.881494885743583e-03
    2    3,4        2,2    
    3.203365387258562e-02    7.410049450935399e-02    9.059758747612053e-03    4.966392789503670e-02   -2.363015828285027e-02   -4.152071628194012e-02    5.286935737033531e-02    2.630462981990952e-02    5.438479337649804e-02   -7.325252027888688e-03    6.391539202218512e-02   -7.462590471608961e-02    5.539424907914806e-02    7.794745259931878e-02
    2    3,5        2,2    
   -2.874855077269494e-03    1.769152670552971e-04   -5.095541705145545e-03    1.406112070895321e-02    2.423991528825731e-02    3.112458840609104e-02   -4.292583868541371e-02   -2.044594862603259e-02   -1.228662379614503e-02   -7.498049485064646e-02    2.580537266834549e-02   -5.319029954697462e-02   -1.943432511772132e-02   -2.121852301396393e-02
    2    3,6        2,2    
   -9.632561545826116e-03   -5.923349281046009e-03    1.783519328364063e-02   -7.130568203400890e-02   -6.073894910671673e-02    5.157756329539265e-02   -3.354424374658781e-02    7.488288104356992e-04    4.307844338828596e-02    3.460896155285906e-02   -1.765405451445294e-02   -6.023834469777953e-02    8.103758183315139e-02   -6.278681765061092e-02
    2    3,7        2,2    
   -8.223777146561555e-02    5.989306959020377e-03   -7.434095245226280e-02   -7.128082588983541e-02   -3.461057444036515e-02   -2.866596950766766e-02    2.815871160756416e-02   -6.032868532295559e-02   -2.719189961441836e-02   -4.827520400456320e-02    3.999004400377176e-02   -7.023962941442320e-02   -4.310734250639466e-02   -2.020761087194421e-02
    2    3,8        2,2    
    2.285277903008056e-02    1.271494601455412e-02   -1.447286718763223e-02    2.628168544584559e-03    1.967261262164703e-02    6.591754437311562e-02   -4.440584434685258e-02   -6.246534968504763e-02   -1.994081400910753e-02   -3.910913377727376e-02   -5.135375147654830e-02   -1.225202405911814e-03   -4.980807313500331e-02   -1.809348215308177e-02
    2    3,9        2,2    
   -9.000713496806749e-03   -2.449106747867331e-02    5.615830729763507e-02   -5.115240568533182e-02   -2.642523095054881e-02    9.538300992480361e-03    5.554308030986625e-02    3.344648010559325e-02   -1.287748728346877e-02   -7.529104581320566e-02    5.729141641727993e-02   -4.114822802141725e-02    1.644007258436500e-02    5.824857788442010e-02
    2    3,10       2,2    
    3.198606556391242e-02   -3.348365235161323e-02    4.613857009370098e-02   -1.217681004033666e-02   -8.642429521690133e-02   -4.955007663499161e-02   -8.962071435649987e-04    2.223310241194631e-02   -4.609835427364865e-02   -8.206914491062307e-02    2.254347399985495e-02    1.030308076532838e-03   -2.444474984472241e-02   -5.807065110594067e-04
    2    3,11       2,2    
    1.343677989327262e-02    3.285844497548180e-02    3.868966493246519e-02   -3.843862233359700e-02   -6.111065170700099e-02    8.376964187695020e-02   -5.890104806377831e-02    2.520041038892405e-04    3.942530382928584e-02   -2.716832438518291e-02   -2.492062035539739e-02   -8.025628890715097e-02   -6.842096487397097e-02    1.353019723320189e-02
    2    3,12       2,2    
   -4.418765760009600e-02    4.569847510867650e-02    1.231148243891846e-02   -6.074172122791045e-02    2.560487168788870e-02   -6.830747709530798e-02   -2.227554898834266e-02    9.690626378229737e-02   -4.913691854223117e-02   -5.499829841072369e-02    6.013173777804769e-02    1.473716349491295e-02    2.245354294525056e-02    4.748362013142216e-03
    2    3,1        2,3    
    3.568434113159271e-02    3.022683729306939e-03    2.723557339658131e-03   -4.527899646065531e-03   -8.386210242353578e-02   -6.668492013987290e-02   -2.342410313380835e-02   -3.663226981164794e-02    5.554253875450479e-02   -1.913088367619318e-02   -7.462903784233649e-02    6.691151215964707e-02   -6.915308725633443e-02   -5.135294029135413e-02
    2    3,2        2,3    
   -9.787183116020701e-03    4.942116583466058e-02   -7.004239942037667e-02    3.835532530826852e-02   -8.123308508934403e-02   -6.970771170186867e-02    9.948572312598940e-02    3.960103941817122e-03   -2.817596977185363e-02   -2.944527148375146e-02   -4.130187225575559e-02    6.765308864297351e-02    6.786093936507641e-02    6.852875744589428e-02
    2    3,3        2,3    
    2.445850496676086e-02   -3.286077971437170e-02   -1.655708999566200e-02    8.053874995413933e-02    5.151222638754980e-02    1.005226316386913e-02   -5.304024977471429e-02    6.315213449161469e-02   -7.251949502726318e-02    8.379945988412844e-02    8.228301002240246e-02   -7.116226500492376e-02   -5.631659794850390e-02   -3.105557155164513e-02
    2    3,4        2,3    
    7.672456322546505e-02    1.903595284329745e-02    1.900359891247568e-02   -6.453777751422161e-02    1.828903214707316e-02    2.064778651826073e-02    7.161969106413076e-02    8.038564655652196e-02    6.522116754358567e-02    3.457738712529954e-02   -7.456602879283200e-02    6.797241135247070e-02    2.327089321514364e-02    6.454000811103987e-02
    2    3,5        2,3    
    1.983157073793916e-02    1.476994419092159e-02   -1.546709852466085e-02    1.237904180412280e-02   -7.083185748480202e-02    7.148888977533573e-02   -1.396516849083657e-02   -3.601088487400633e-02    3.740432673637349e-03    2.104958915454376e-02    2.451441677061085e-02    4.969168111607210e-02   -1.374730214271487e-02    6.496023370140684e-02
    2    3,6        2,3    
   -2.219974080364137e-02   -1.024894201023167e-02    4.596441323812830e-02   -6.477232427142796e-02    1.847752530739412e-02    3.714389970446372e-02    2.099983431833516e-02   -2.575776463184475e-02   -8.948825592710259e-02   -2.908433178045638e-02    2.830163875166898e-02   -5.790248890589565e-02    7.971319794131068e-02   -3.007472072906813e-02
    2    3,7        2,3    
   -2.956593741122724e-02    2.308906872903849e-02    3.746621896216621e-02    6.628817272797319e-02   -7.129607991681364e-02    9.342133478121149e-03   -4.072024614808169e-02    4.720026389725540e-02    3.689725193887495e-02   -2.941776859233134e-02    3.662417949740182e-02    6.246154088861563e-02    6.316024174314311e-02   -2.427813536791809e-02
    2    3,8        2,3    
    2.694067659502477e-02    3.982181972542915e-02    7.245371931049412e-02    7.487813023974998e-02   -4.153978747472130e-02    4.490749858348402e-02    5.006904861776212e-03   -1.798125445394450e-02    3.789918112709236e-02   -4.803014428172338e-02   -1.063051873954539e-02   -2.101661574789446e-02   -5.608454294002417e-02   -4.311001578692603e-02
    2    3,9        2,3    
   -5.540754607920865e-03   -3.287394002526660e-02    4.370019003524238e-03    1.173092356165028e-02    4.397355356933907e-02   -4.833810807752603e-03    6.633849458216499e-02   -6.920828573563244e-02    2.549823222802836e-02    2.404115464833778e-03   -2.722114455106168e-02   -6.235379297845536e-02   -3.520820594950527e-02    9.550047164139522e-03
    2    3,10       2,3    
   -5.990528135283692e-03    4.548446300455009e-02   -3.074274465434790e-02   -7.954282688376579e-02    5.188763797716265e-02    9.236059945526778e-03   -1.441468735828323e-03    7.190666074255300e-02    7.202391692507661e-02   -4.631466002702476e-02    2.178839235926993e-02    5.862104259336182e-02    2.407336161953563e-02    3.527207289709071e-02
    2    3,11       2,3    
   -1.120858848040589e-02    2.603118576130528e-02    4.905446495735465e-02   -4.837931321402004e-02   -2.569002540395753e-02   -4.207813130482996e-02    5.508748033624229e-02    6.527689896219648e-02   -2.512919547286741e-02   -4.017370028791618e-02    3.388380423444400e-02    5.735335966785782e-02    5.205628479126975e-02   -2.496496470408913e-02
    2    3,12       2,3    
    2.130858066076448e-02    3.392705920120954e-03    6.029522390728800e-02   -1.076140321278345e-02   -7.187915801172477e-02   -7.741205980447903e-02    3.175868529874831e-02    5.087362790807128e-02    8.482787554144403e-03   -4.677404312238544e-02    1.503972688518896e-02   -5.686052539664792e-02   -2.665033735318528e-02    4.917585716641241e-02
    2    3,1        2,4    
   -8.625685470232275e-02    8.043874004232147e-02    3.272187069328867e-03   -1.925083012147030e-02   -7.475382646490189e-02    1.548740688941990e-02   -3.440374751462994e-02    6.990714430565381e-02   -4.814226673804158e-02   -2.432346277681202e-02   -7.312501714539103e-02    3.508511362791974e-02   -5.213796339354636e-02   -5.737063181685411e-02
    2    3,2        2,4    
    4.201556462860454e-02   -6.868306410641017e-02    6.144330228461040e-02    2.442741444257037e-02    7.289200945165455e-02   -6.121306854872532e-02    4.237058815647466e-02   -1.847249646649111e-02   -3.586901868121174e-02   -8.827550744989930e-02   -5.501970429921520e-02    1.790224670669554e-03    3.514212224616588e-02   -4.868849201063327e-02
    2    3,3        2,4    
    5.922244453097130e-02   -3.776324862948439e-02    1.182676153723514e-01   -3.130783277983656e-02    6.556572677124139e-02    3.770678516050069e-02    1.606092077649068e-02   -6.460435800106347e-02   -5.268829518272958e-02    2.019347733746149e-02    2.761707210098131e-03    6.033549010260340e-02    2.839883284959098e-02    8.445134480824673e-02
    2    3,4        2,4    
   -8.224765973507329e-02    1.415774505172127e-03    1.438870550853059e-03   -3.121049444906733e-02   -1.184052155381369e-02    4.819836700542912e-02   -2.215214772819678e-02   -1.682183638686760e-02   -1.921115034322061e-02   -1.951525353913001e-02   -2.407343020156069e-02    4.408962662428821e-02    2.084121958800217e-02    3.625689774735785e-02
    2    3,5        2,4    
    3.865979987165272e-02    6.631154119080165e-02    2.256948663335756e-02    7.178633917749688e-02    5.786084693058352e-03    9.397517618615280e-02    4.801964465802067e-02   -1.186450454259530e-02    2.510588903329709e-02    8.518336341197870e-03   -3.190486395207557e-03   -5.054255541237498e-02   -8.589937431370449e-03    4.008237761845330e-02
    2    3,6        2,4    
   -6.940895520368810e-03    4.449449493291412e-02   -1.607256555131160e-02    7.025431699956489e-02   -8.579694507448895e-04   -1.010207181252456e-02    1.515607361031228e-02   -4.059490665519879e-02   -6.693524974565149e-02    6.211190321106664e-02   -5.688008151215180e-03   -3.524969732787193e-02    7.326973381825851e-02   -1.129550392322653e-02
    2    3,7        2,4    
   -4.341020945631031e-03   -3.109484860839589e-02   -5.237142491037405e-02   -2.576494609628311e-02   -1.927983949313931e-02   -2.728873026631011e-02    4.886910673032362e-02    6.874445682877874e-02    6.560050784137542e-02    3.980803352503033e-02    4.475167741003469e-02   -2.997433266431516e-02   -5.404990562627025e-02    1.603298562293633e-03
    2    3,8        2,4    
   -4.993469305091878e-02    4.366790591963127e-02    5.723140886322418e-03   -2.423945010419520e-02    6.094116716031953e-02    3.266523509617091e-02    8.538050256623923e-02   -1.971454056835734e-02    4.027095103973936e-02   -1.089594946355517e-02   -8.392749561247931e-02   -5.904593617423137e-02   -2.017994260427362e-02   -3.324698450682639e-02
    2    3,9        2,4    
   -5.180036773298288e-02    5.978761377859053e-02   -6.811299389790286e-02   -6.801579264464561e-02    5.406103199332409e-02   -9.294879490817438e-03    8.201216557374942e-03    4.968724955905619e-03   -4.043527060193298e-02    4.627407795187950e-02   -6.369326859760188e-02   -7.610227279570417e-02   -6.534529027202895e-03    5.598197442453070e-02
    2    3,10       2,4    
   -3.446762446902398e-02   -7.504943881567083e-02   -3.905734669654715e-02   -5.257565795781281e-02   -6.405698640169263e-02    5.807111251028041e-02    7.353370068827605e-02   -7.807078649350101e-02    4.490374662221372e-02   -7.172137701886760e-02    6.239739851864397e-02    6.455631122588235e-02    1.877612557990394e-02   -5.217517073155092e-02
    2    3,11       2,4    
   -1.339810765878783e-03   -1.877987566562825e-02   -3.259565360376099e-02   -5.194386160159085e-02    6.669330565914000e-02   -5.442788201497229e-02   -6.750830741661587e-02    4.600696991576068e-02   -7.832413140284565e-03    2.800463208802308e-02   -8.759615145238302e-03   -7.512070132236429e-02    4.120261233359114e-02    4.811253005036509e-02
    2    3,12       2,4    
   -8.657514254002402e-02   -4.334967695066964e-02   -8.083250012949732e-03   -5.090210803059123e-03   -6.603460668647344e-02   -2.635677631443399e-02    5.250581060931453e-02   -8.004649405253722e-02    2.231028925348313e-02   -1.126971096056181e-02   -6.368227534814723e-02    7.508300793566619e-03    5.260773982843732e-03   -1.161236100904806e-02
    2    3,1        2,5    
    4.598687646076949e-02    3.016152809720659e-02   -2.615563449212600e-02   -5.465400726165113e-02    8.951021592698216e-02   -9.153150235242370e-02    4.443155817006272e-02   -6.264280570208612e-02   -2.079885681072676e-02    2.468403540776922e-02    5.462647531658082e-02   -6.123656864456793e-02   -1.135404815070650e-02    4.325106205521567e-02
    2    3,2        2,5    
    9.998107715054064e-02    4.717385991313029e-02   -7.904646922887079e-02   -3.658092290752078e-02   -2.021710797841229e-02    1.175628278171555e-01   -7.126215777206445e-03    7.082853156946159e-02   -2.456500210540588e-02   -3.508910021888857e-02   -2.994359625978352e-02    5.721038673684516e-02    6.191897309979030e-02    4.175794705588382e-02
    2    3,3        2,5    
   -2.604687983539985e-02   -1.775498096305200e-02    7.309372895830286e-02   -1.462018733543220e-02   -6.879780836232337e-02   -1.843955777674797e-02   -6.177118424111652e-02   -2.829853046455708e-02   -1.259676043862331e-04    6.158832617264723e-02    3.273588865713018e-03    3.127934297019044e-02    3.636824568275708e-02    5.091780004438112e-02
    2    3,4        2,5    
    3.756033545851498e-02   -4.255398812785958e-02   -1.890670877709998e-02    1.440237024126638e-02    1.324001469058336e-02    1.341342905475694e-02   -9.769907151343854e-02    3.603511488037488e-02    4.580169469071609e-02    9.272237793924579e-02   -4.721543358595758e-02    7.360849971111737e-02   -3.487467459753470e-02   -1.208900875640347e-02
    2    3,5        2,5    
    6.361341339325606e-02   -1.509687802079174e-02    9.355920913152928e-03   -2.278132613811370e-02    3.719422568489735e-04   -3.978426791160471e-02    6.478030944096821e-02    3.294093091319768e-02   -5.869229586035760e-02    1.663387750547987e-02    2.534986844039498e-02    3.646551723079298e-02   -2.291205490218321e-02   -2.139832833069273e-03
    2    3,6        2,5    
    3.813733667139512e-02   -7.587815156257370e-02    4.938473417093366e-03    5.365356221057109e-02    1.505104288743252e-03    3.674430022110403e-03   -3.673838568872749e-03   -7.500178211524033e-02    6.034323038709369e-02    6.992439473771730e-02   -5.704650412757475e-02   -8.049884220232328e-04   -2.291550060029841e-02   -8.317536613154183e-02
    2    3,7        2,5    
   -7.916655442466274e-02    4.440390534949227e-02   -3.027286498098008e-02   -9.155381804780052e-02   -4.039015345170519e-02   -3.063437245538270e-04   -9.223039360906599e-02    2.556847915668308e-02   -6.988738853380956e-02   -4.299939205420540e-02    9.248080827885800e-02   -9.904680953080858e-03   -6.266983109436731e-02   -4.774346533338133e-02
    2    3,8        2,5    
    2.863722373758432e-02    7.526280044540536e-02   -3.214247234636330e-02    1.935362735575295e-02    7.839144679467761e-02    7.682044953501993e-02   -4.245585858341813e-02   -6.551806158421748e-02   -7.978581669940936e-03    5.912538647338818e-02   -6.729909156133947e-02    2.571396102222380e-02    4.726094095177914e-02   -1.722497317982417e-02
    2    3,9        2,5    
    3.959585252846553e-02    9.157478513663473e-03    7.561036578326075e-02   -1.058788219323614e-02    6.184203388997396e-02   -5.782796365882913e-02    1.524753027628370e-02    6.109306268576135e-02    3.715675834021005e-02    2.452917817890227e-02   -1.505009017845834e-03   -1.695492669688525e-02   -8.371359103463152e-02    3.823312447963879e-02
    2    3,10       2,5    
   -3.602860089183930e-02   -7.006811543573346e-02   -6.020421835809562e-02   -2.955506323359044e-02    2.366233805222218e-02   -7.869809775817686e-02    5.352109306337985e-02    8.666077870216961e-04    2.024866636806373e-03    1.867776504630839e-02   -1.607744550583724e-02   -1.600370152575704e-02   -7.672540768368109e-02    8.230453930549769e-02
    2    3,11       2,5    
   -1.191835780665318e-02   -6.300448148841023e-02    8.695836463689063e-03   -6.244788908805741e-02   -7.978230870076940e-02    2.383909168187895e-02    1.162368042091447e-02    3.258622216776913e-02   -7.157315239111126e-02   -4.337501213092994e-02   -4.980678986935887e-02   -9.946325943766772e-03   -6.099132192711527e-02   -3.123677174814967e-02
    2    3,12       2,5    
   -6.157511317584025e-02    4.525582004046599e-02   -2.663458967721475e-02   -4.358711811678835e-02    7.032677600839134e-03   -2.267206424293616e-02   -8.146536653857175e-02   -6.932637069177462e-02   -6.515866188035550e-02   -2.229996383331633e-02   -4.507855360110188e-02   -3.384287338474919e-03   -8.071167215340219e-02   -3.548756167111092e-02
    2    3,1        2,6    
    8.494083783960199e-02    5.785752611863328e-02   -1.863441784767443e-02    5.612715824065603e-02    5.232336427143078e-02    4.025674438228611e-02    1.961642684038632e-02    5.130857878451967e-02   -4.543001129324448e-02    6.057035021462345e-02    4.560394601311852e-02   -1.723489494847079e-02    3.330877179746360e-02   -1.837649878673537e-02
    2    3,2        2,6    
   -9.512109008811090e-03    2.122224593180970e-02    3.843829435509764e-02   -8.011278414820805e-02    1.361718100475551e-02   -1.878383080116309e-02   -7.173501203769484e-03   -8.180722391154009e-02   -4.790169950072912e-02    8.054468409183985e-02    5.116394921159419e-02    6.610521118714134e-02   -6.561691270131771e-02    5.442704182911764e-02
    2    3,3        2,6    
    6.727052718518430e-03   -7.226176907701197e-02   -1.005214569882770e-01   -7.784480375632589e-03    2.291766031217253e-02   -3.202467070702638e-02   -4.286616092459863e-02    1.244771260200120e-01   -9.915856058537509e-02    2.627053189758494e-02   -6.584332884206430e-02   -8.190631680001882e-02    5.853385093996724e-04   -5.327503629287524e-02
    2    3,4        2,6    
   -7.333983100266091e-02   -4.167592847296227e-02    1.228067134120608e-02    8.063052547713781e-02    6.178505580094475e-02   -2.951868873559021e-02   -3.610254885155714e-02    1.695493232640614e-02    4.689050781047005e-03   -1.925022321002159e-02    2.032863721194503e-02   -2.396266600697097e-02   -1.080619593895180e-02   -9.295762905976319e-02
    2    3,5        2,6    
   -4.978425538665209e-02   -4.483873242604268e-02   -3.472071005473871e-03    8.622350327528017e-02   -8.295782644813429e-02    4.808674772415625e-02   -1.781697011592514e-02    1.863707189274783e-02   -8.354655959110164e-03    7.137268995828364e-02   -9.506662408944136e-02    7.409928137349276e-03    6.324237273584717e-02    6.530515921108380e-02
    2    3,6        2,6    
    6.219702857681202e-03   -1.528113359808133e-02   -5.105690810749186e-03    2.985778428982973e-02   -3.216994171875857e-02    4.108510159425029e-02   -6.229831269464994e-02    4.805276505308750e-02   -1.703885899892283e-02    1.004034117156161e-02    3.230429606545748e-02    4.265651995220480e-02    2.022058922705199e-02   -1.692129916765537e-02
    2    3,7        2,6    
   -5.443956265107654e-02   -7.417787159880408e-02    3.924326648555707e-02    6.560675779176255e-02    6.622765799680407e-02   -6.580840112549560e-02   -2.075206820235369e-03    1.563135981498663e-03    3.620293694433077e-02    3.101930318966895e-02    1.928058419112532e-02   -2.522742515072088e-02   -7.664350338283117e-02   -7.739159170357196e-02
    2    3,8        2,6    
    5.073352650613788e-02    2.966146864196332e-02    6.627593528412699e-02    1.124812940694879e-02    5.121515852186628e-02   -2.834118339640856e-03   -6.248799039508152e-02    4.109408810957934e-02    9.060804152261467e-02   -1.765764531615249e-02   -3.458072867560921e-02    8.839230802840335e-02   -6.654917687778626e-02   -5.852374873181140e-02
    2    3,9        2,6    
    3.790910690919001e-02    3.592977102103172e-02   -5.374943601464559e-02   -3.299444279792885e-02    3.078954379481649e-02   -3.875008509942272e-02   -2.246444376795403e-02    2.354628856859784e-02    1.983362371835634e-03    4.457371386367903e-02   -3.066243583048256e-02    6.814228343299750e-03   -5.458853756250314e-02    9.449956205808838e-03
    2    3,10       2,6    
    5.637851158391298e-02    8.470165721926751e-02   -7.044063903011216e-02   -7.217666200536672e-02    7.891372785155086e-02    1.056827807761957e-02   -1.923130913487204e-03    6.503049412021093e-02    3.731028960789669e-02    2.780915214619808e-03    2.458274277158199e-02   -6.882420885201358e-02    4.790233149830334e-02    6.687120103028611e-02
    2    3,11       2,6    
    4.889670681178859e-02    7.182340112749372e-03    5.497625750584057e-02   -6.689519272810326e-02    3.428848943465874e-02    5.935300480511371e-02   -7.242082073745719e-02    2.801249583166520e-02    8.587970578627845e-02    3.318896620541644e-02    3.780232856400215e-02   -2.836006497704079e-02    7.575245954224996e-02    1.727219158864344e-02
    2    3,12       2,6    
    6.893208647584152e-02    3.557812754974492e-02   -7.207173498652235e-02    4.336074752877248e-02   -9.957425552254985e-03   -7.902244945946493e-02   -3.077402593718971e-02   -3.952740050437662e-02   -6.638463613780636e-02   -8.534139784198060e-03   -6.321379687644268e-02    2.264256949182379e-02   -1.273152530358632e-02   -5.232402203086776e-02
    2    3,1        2,7    
   -4.343121035833734e-02   -3.972985719350201e-02   -5.290606870788948e-02    5.135629603238761e-02   -1.104727393352011e-02   -2.550814423670280e-03    2.362911221126140e-02   -6.923382526776652e-02   -9.374337129003816e-03   -5.824206004747540e-02   -2.578056907922537e-02    8.113692334370606e-02    8.401527500271283e-02    3.735953563923328e-02
    2    3,2        2,7    
    4.451902878311580e-03    4.689566789296221e-02   -7.845338224015916e-02    6.019903540640893e-02   -3.324142134312712e-02   -6.762984458734146e-02    2.126632065291355e-02   -5.654857721365475e-02    5.320693702751633e-03   -3.062275289584682e-02    2.272817562473978e-02    6.931260238800915e-02   -3.646302716646851e-02    2.130698808007000e-02
    2    3,3        2,7    
   -6.105891134579086e-02    7.355453436954586e-02   -4.222219818842965e-02    4.777173259616441e-02    6.840710331622721e-02    5.623551767604335e-02   -3.057001946166110e-02    3.305330384868561e-02   -6.617294546541579e-02    3.536754800743111e-02    6.204071433300674e-02    6.992831016637815e-02    7.557389154743067e-02   -3.311292367665749e-02
    2    3,4        2,7    
    8.357283871409661e-02   -2.975788583955214e-02   -5.816698000570075e-02    5.377313099703167e-02   -3.878322006483748e-03   -3.807690841377683e-02    6.884281815261127e-02   -4.980045950251569e-02    4.762707399719383e-02   -2.323459231858026e-02    2.658725960582714e-02    8.153586387252726e-02   -6.716792438128433e-02    3.995154064592130e-02
    2    3,5        2,7    
   -1.969416818718845e-02   -6.653733625134015e-02   -8.450734014443732e-03   -1.234671219102479e-02    1.166106731844779e-02   -3.489320530388949e-02    2.504463425738769e-02   -5.725808342522659e-02   -4.636721322858018e-02   -7.807837126969620e-02    5.506871742295786e-02   -8.238491690064854e-02   -4.516179457105273e-02   -4.854133430568724e-02
    2    3,6        2,7    
    5.301280645865598e-02    1.812654032093465e-02   -4.348070546615205e-02   -6.609971428164688e-02    4.230971168396474e-02    5.843936507098475e-02    4.857337879380016e-02   -1.854743908658962e-02    1.869304196048302e-02    9.410989808810910e-02    2.813730298306472e-03    3.703833010595153e-02    1.045930620231940e-02   -2.636053365545138e-02
    2    3,7        2,7    
   -6.390494752432799e-02   -4.464857565418260e-02    5.879745201067413e-02   -5.679648813674299e-02   -8.249901406254652e-03    9.318141025288403e-02    7.505428989526192e-02    6.199713802873859e-02   -7.288657683973597e-02    6.409501952202264e-02    3.186289968578292e-02    5.265169152110981e-02   -6.917317077840775e-02    6.034824284356684e-02
    2    3,8        2,7    
    3.651178862932982e-02   -6.373935926349558e-02   -3.525965999713338e-02    3.952860237307713e-03    6.441204301086466e-02   -5.039271760533848e-02   -5.997466390433362e-02   -2.384353787145291e-02   -3.059269432599406e-02    5.234313465503648e-02   -1.233558704974090e-02   -8.910602036479425e-03    7.109213078167181e-02   -6.571742204416746e-02
    2    3,9        2,7    
   -4.484238496206634e-02    5.116047955988221e-02    1.928232144530671e-02   -5.838132187088488e-02    2.645150192923005e-02    4.846805518076015e-02    2.964678443703705e-02   -2.321818821128062e-02    4.479750583033104e-02   -4.010120934971797e-02   -9.768244698849668e-02    5.536165563300897e-02    1.477493261777836e-02   -1.718834748233533e-02
    2    3,10       2,7    
    5.486803911470615e-02   -5.314801107282050e-02    8.565185968402660e-03   -6.296785437696686e-02   -2.743324790080669e-02    1.986092000944545e-02    5.830858474209486e-02   -4.752956751553362e-02    3.130992869952549e-02    8.379173350793079e-02   -5.890806430272567e-02   -6.964394242474284e-02    9.195698469548770e-03    1.567998572854630e-02
    2    3,11       2,7    
    4.287580982426661e-02   -3.410345088029795e-02    4.550997651380005e-02   -6.868639882851064e-02    2.709069734573544e-02   -2.100445310197608e-02   -4.699097141276272e-02    7.095662067261953e-02   -2.470487030835259e-02   -5.290278452364143e-02    6.578044740555693e-02    8.471585372530109e-03    1.514756742840427e-02   -7.777942341758110e-02
    2    3,12       2,7    
   -7.163178042864655e-02    7.508410051244394e-02   -4.153413683132449e-02   -3.758711480865618e-02   -1.736119738172373e-02   -6.748556271905200e-02   -2.260308445637324e-02   -7.751168925257726e-03    1.432122534713893e-02   -6.810622648056516e-02   -3.053276985680852e-02   -1.301963123631964e-02   -2.676243791694791e-02   -4.747733814069389e-02
    3    4,4        1,8        1,8    
    0.000000000000000e+00    0.000000000000000e+00    0.000000000000000e+00    0.000000000000000e+00    0.000000000000000e+00    0.000000000000000e+00    0.000000000000000e+00    0.000000000000000e+00    0.000000000000000e+00    0.000000000000000e+00    0.000000000000000e+00    0.000000000000000e+00    0.000000000000000e+00    0.000000000000000e+00
    3    4,4        1,13       1,8    
    0.000000000000000e+00    0.000000000000000e+00    0.000000000000000e+00    0.000000000000000e+00    0.000000000000000e+00    0.000000000000000e+00    0.000000000000000e+00    0.000000000000000e+00    0.000000000000000e+00    0.000000000000000e+00    0.000000000000000e+00    0.000000000000000e+00    0.000000000000000e+00    0.000000000000000e+00
    3    3,6        2,7        1,8    
    0.000000000000000e+00    0.000000000000000e+00    0.000000000000000e+00    0.000000000000000e+00    0.000000000000000e+00    0.000000000000000e+00    0.000000000000000e+00    0.000000000000000e+00    0.000000000000000e+00    0.000000000000000e+00    0.000000000000000e+00    0.000000000000000e+00    0.000000000000000e+00    0.000000000000000e+00
    3    3,12       2,7        1,8    
    0.000000000000000e+00    0.000000000000000e+00    0.000000000000000e+00    0.000000000000000e+00    0.000000000000000e+00    0.000000000000000e+00    0.000000000000000e+00    0.000000000000000e+00    0.000000000000000e+00    0.000000000000000e+00    0.000000000000000e+00    0.000000000000000e+00    0.000000000000000e+00    0.000000000000000e+00
    3    4,4        1,13       1,13   
    0.000000000000000e+00    0.000000000000000e+00    0.000000000000000e+00    0.000000000000000e+00    0.000000000000000e+00    0.000000000000000e+00    0.000000000000000e+00    0.000000000000000e+00    0.000000000000000e+00    0.000000000000000e+00    0.000000000000000e+00    0.000000000000000e+00    0.000000000000000e+00    0.000000000000000e+00
    3    3,6        2,7        1,13   
    0.000000000000000e+00    0.000000000000000e+00    0.000000000000000e+00    0.000000000000000e+00    0.000000000000000e+00    0.000000000000000e+00    0.000000000000000e+00    0.000000000000000e+00    0.000000000000000e+00    0.000000000000000e+00    0.000000000000000e+00    0.000000000000000e+00    0.000000000000000e+00    0.000000000000000e+00
    3    3,12       2,7        1,13   
    0.000000000000000e+00    0.000000000000000e+00    0.000000000000000e+00    0.000000000000000e+00    0.000000000000000e+00    0.000000000000000e+00    0.000000000000000e+00    0.000000000000000e+00    0.000000000000000e+00    0.000000000000000e+00    0.000000000000000e+00    0.000000000000000e+00    0.000000000000000e+00    0.000000000000000e+00
    3    4,4        2,7        2,7    
    0.000000000000000e+00    0.000000000000000e+00    0.000000000000000e+00    0.000000000000000e+00    0.000000000000000e+00    0.000000000000000e+00    0.000000000000000e+00    0.000000000000000e+00    0.000000000000000e+00    0.000000000000000e+00    0.000000000000000e+00    0.000000000000000e+00    0.000000000000000e+00    0.000000000000000e+00
    3    4,4        3,6        3,6    
    0.000000000000000e+00    0.000000000000000e+00    0.000000000000000e+00    0.000000000000000e+00    0.000000000000000e+00    0.000000000000000e+00    0.000000000000000e+00    0.000000000000000e+00    0.000000000000000e+00    0.000000000000000e+00    0.000000000000000e+00    0.000000000000000e+00    0.000000000000000e+00    0.000000000000000e+00
    3    4,4        3,12       3,6    
    0.000000000000000e+00    0.000000000000000e+00    0.000000000000000e+00    0.000000000000000e+00    0.000000000000000e+00    0.000000000000000e+00    0.000000000000000e+00    0.000000000000000e+00    0.000000000000000e+00    0.000000000000000e+00    0.000000000000000e+00    0.000000000000000e+00    0.000000000000000e+00    0.000000000000000e+00
    3    4,4        3,12       3,12   
    0.000000000000000e+00    0.000000000000000e+00    0.000000000000000e+00    0.000000000000000e+00    0.000000000000000e+00    0.000000000000000e+00    0.000000000000000e+00    0.000000000000000e+00    0.000000000000000e+00    0.000000000000000e+00    0.000000000000000e+00    0.000000000000000e+00    0.000000000000000e+00    0.000000000000000e+00
    3    4,4        4,4        4,4    
    0.000000000000000e+00    0.000000000000000e+00    0.000000000000000e+00    0.000000000000000e+00    0.000000000000000e+00    0.000000000000000e+00    0.000000000000000e+00    0.000000000000000e+00    0.000000000000000e+00    0.000000000000000e+00    0.000000000000000e+00    0.000000000000000e+00    0.000000000000000e+00    0.000000000000000e+00
    4    4,4        1,8        1,8        1,8    
    0.000000000000000e+00    0.000000000000000e+00    0.000000000000000e+00    0.000000000000000e+00    0.000000000000000e+00    0.000000000000000e+00    0.000000000000000e+00    0.000000000000000e+00    0.000000000000000e+00    0.000000000000000e+00    0.000000000000000e+00    0.000000000000000e+00    0.000000000000000e+00    0.000000000000000e+00
    4    4,4        1,13       1,8        1,8    
    0.000000000000000e+00    0.000000000000000e+00    0.000000000000000e+00    0.000000000000000e+00    0.000000000000000e+00    0.000000000000000e+00    0.000000000000000e+00    0.000000000000000e+00    0.000000000000000e+00    0.000000000000000e+00    0.000000000000000e+00    0.000000000000000e+00    0.000000000000000e+00    0.000000000000000e+00
    4    3,6        2,7        1,8        1,8    
    0.000000000000000e+00    0.000000000000000e+00    0.000000000000000e+00    0.000000000000000e+00    0.000000000000000e+00    0.000000000000000e+00    0.000000000000000e+00    0.000000000000000e+00    0.000000000000000e+00    0.000000000000000e+00    0.000000000000000e+00    0.000000000000000e+00    0.000000000000000e+00    0.000000000000000e+00
    4    3,12       2,7        1,8        1,8    
    0.000000000000000e+00    0.000000000000000e+00    0.000000000000000e+00    0.000000000000000e+00    0.000000000000000e+00    0.000000000000000e+00    0.000000000000000e+00    0.000000000000000e+00    0.000000000000000e+00    0.000000000000000e+00    0.000000000000000e+00    0.000000000000000e+00    0.000000000000000e+00    0.000000000000000e+00
    4    4,4        1,13       1,13       1,8    
    0.000000000000000e+00    0.000000000000000e+00    0.000000000000000e+00    0.000000000000000e+00    0.000000000000000e+00    0.000000000000000e+00    0.000000000000000e+00    0.000000000000000e+00    0.000000000000000e+00    0.000000000000000e+00    0.000000000000000e+00    0.000000000000000e+00    0.000000000000000e+00    0.000000000000000e+00
    4    3,6        2,7        1,13       1,8    
    0.000000000000000e+00    0.000000000000000e+00    0.000000000000000e+00    0.000000000000000e+00    0.000000000000000e+00    0.000000000000000e+00    0.000000000000000e+00    0.000000000000000e+00    0.000000000000000e+00    0.000000000000000e+00    0.000000000000000e+00    0.000000000000000e+00    0.000000000000000e+00    0.000000000000000e+00
    4    3,12       2,7        1,13       1,8    
    0.000000000000000e+00    0.000000000000000e+00    0.000000000000000e+00    0.000000000000000e+00    0.000000000000000e+00    0.000000000000000e+00    0.000000000000000e+00    0.000000000000000e+00    0.000000000000000e+00    0.000000000000000e+00    0.000000000000000e+00    0.000000000000000e+00    0.000000000000000e+00    0.000000000000000e+00
    4    4,4        2,7        2,7        1,8    
    0.000000000000000e+00    0.000000000000000e+00    0.000000000000000e+00    0.000000000000000e+00    0.000000000000000e+00    0.000000000000000e+00    0.000000000000000e+00    0.000000000000000e+00    0.000000000000000e+00    0.000000000000000e+00    0.000000000000000e+00    0.000000000000000e+00    0.000000000000000e+00    0.000000000000000e+00
    4    4,4        3,6        3,6        1,8    
    0.000000000000000e+00    0.000000000000000e+00    0.000000000000000e+00    0.000000000000000e+00    0.000000000000000e+00    0.000000000000000e+00    0.000000000000000e+00    0.000000000000000e+00    0.000000000000000e+00    0.000000000000000e+00    0.000000000000000e+00    0.000000000000000e+00    0.000000000000000e+00    0.000000000000000e+00
    4    4,4        3,12       3,6        1,8    
    0.000000000000000e+00    0.000000000000000e+00    0.000000000000000e+00    0.000000000000000e+00    0.000000000000000e+00    0.000000000000000e+00    0.000000000000000e+00    0.000000000000000e+00    0.000000000000000e+00    0.000000000000000e+00    0.000000000000000e+00    0.000000000000000e+00    0.000000000000000e+00    0.000000000000000e+00
    4    4,4        3,12       3,12       1,8    
    0.000000000000000e+00    0.000000000000000e+00    0.000000000000000e+00    0.000000000000000e+00    0.000000000000000e+00    0.000000000000000e+00    0.000000000000000e+00    0.000000000000000e+00    0.000000000000000e+00    0.000000000000000e+00    0.000000000000000e+00    0.000000000000000e+00    0.000000000000000e+00    0.000000000000000e+00
    4    4,4        4,4        4,4        1,8    
    0.000000000000000e+00    0.000000000000000e+00    0.000000000000000e+00    0.000000000000000e+00    0.000000000000000e+00    0.000000000000000e+00    0.000000000000000e+00    0.000000000000000e+00    0.000000000000000e+00    0.000000000000000e+00    0.000000000000000e+00    0.000000000000000e+00    0.000000000000000e+00    0.000000000000000e+00
    4    4,4        1,13       1,13       1,13   
    0.000000000000000e+00    0.000000000000000e+00    0.000000000000000e+00    0.000000000000000e+00    0.000000000000000e+00    0.000000000000000e+00    0.000000000000000e+00    0.000000000000000e+00    0.000000000000000e+00    0.000000000000000e+00    0.000000000000000e+00    0.000000000000000e+00    0.000000000000000e+00    0.000000000000000e+00
    4    3,6        2,7        1,13       1,13   
    0.000000000000000e+00    0.000000000000000e+00    0.000000000000000e+00    0.000000000000000e+00    0.000000000000000e+00    0.000000000000000e+00    0.000000000000000e+00    0.000000000000000e+00    0.000000000000000e+00    0.000000000000000e+00    0.000000000000000e+00    0.000000000000000e+00    0.000000000000000e+00    0.000000000000000e+00
    4    3,12       2,7        1,13       1,13   
    0.000000000000000e+00    0.000000000000000e+00    0.000000000000000e+00    0.000000000000000e+00    0.000000000000000e+00    0.000000000000000e+00    0.000000000000000e+00    0.000000000000000e+00    0.000000000000000e+00    0.000000000000000e+00    0.000000000000000e+00    0.000000000000000e+00    0.000000000000000e+00    0.000000000000000e+00
    4    4,4        2,7        2,7        1,13   
    0.000000000000000e+00    0.000000000000000e+00    0.000000000000000e+00    0.000000000000000e+00    0.000000000000000e+00    0.000000000000000e+00    0.000000000000000e+00    0.000000000000000e+00    0.000000000000000e+00    0.000000000000000e+00    0.000000000000000e+00    0.000000000000000e+00    0.000000000000000e+00    0.000000000000000e+00
    4    4,4        3,6        3,6        1,13   
    0.000000000000000e+00    0.000000000000000e+00    0.000000000000000e+00    0.000000000000000e+00    0.000000000000000e+00    0.000000000000000e+00    0.000000000000000e+00    0.000000000000000e+00    0.000000000000000e+00    0.000000000000000e+00    0.000000000000000e+00    0.000000000000000e+00    0.000000000000000e+00    0.000000000000000e+00
    4    4,4        3,12       3,6        1,13   
    0.000000000000000e+00    0.000000000000000e+00    0.000000000000000e+00    0.000000000000000e+00    0.000000000000000e+00    0.000000000000000e+00    0.000000000000000e+00    0.000000000000000e+00    0.000000000000000e+00    0.000000000000000e+00    0.000000000000000e+00    0.000000000000000e+00    0.000000000000000e+00    0.000000000000000e+00
    4    4,4        3,12       3,12       1,13   
    0.000000000000000e+00    0.000000000000000e+00    0.000000000000000e+00    0.000000000000000e+00    0.000000000000000e+00    0.000000000000000e+00    0.000000000000000e+00    0.000000000000000e+00    0.000000000000000e+00    0.000000000000000e+00    0.000000000000000e+00    0.000000000000000e+00    0.000000000000000e+00    0.000000000000000e+00
    4    4,4        4,4        4,4        1,13   
    0.000000000000000e+00    0.000000000000000e+00    0.000000000000000e+00    0.000000000000000e+00    0.000000000000000e+00    0.000000000000000e+00    0.000000000000000e+00    0.000000000000000e+00    0.000000000000000e+00    0.000000000000000e+00    0.000000000000000e+00    0.000000000000000e+00    0.000000000000000e+00    0.000000000000000e+00
    4    3,6        2,7        2,7        2,7    
    0.000000000000000e+00    0.000000000000000e+00    0.000000000000000e+00    0.000000000000000e+00    0.000000000000000e+00    0.000000000000000e+00    0.000000000000000e+00    0.000000000000000e+00    0.000000000000000e+00    0.000000000000000e+00    0.000000000000000e+00    0.000000000000000e+00    0.000000000000000e+00    0.000000000000000e+00
    4    3,12       2,7        2,7        2,7    
    0.000000000000000e+00    0.000000000000000e+00    0.000000000000000e+00    0.000000000000000e+00    0.000000000000000e+00    0.000000000000000e+00    0.000000000000000e+00    0.000000000000000e+00    0.000000000000000e+00    0.000000000000000e+00    0.000000000000000e+00    0.000000000000000e+00    0.000000000000000e+00    0.000000000000000e+00
    4    3,6        3,6        3,6        2,7    
    0.000000000000000e+00    0.000000000000000e+00    0.000000000000000e+00    0.000000000000000e+00    0.000000000000000e+00    0.000000000000000e+00    0.000000000000000e+00    0.000000000000000e+00    0.000000000000000e+00    0.000000000000000e+00    0.000000000000000e+00    0.000000000000000e+00    0.000000000000000e+00    0.000000000000000e+00
    4    3,12       3,6        3,6        2,7    
    0.000000000000000e+00    0.000000000000000e+00    0.000000000000000e+00    0.000000000000000e+00    0.000000000000000e+00    0.000000000000000e+00    0.000000000000000e+00    0.000000000000000e+00    0.000000000000000e+00    0.000000000000000e+00    0.000000000000000e+00    0.000000000000000e+00    0.000000000000000e+00    0.000000000000000e+00
    4    3,12       3,12       3,6        2,7    
    0.000000000000000e+00    0.000000000000000e+00    0.000000000000000e+00    0.000000000000000e+00    0.000000000000000e+00    0.000000000000000e+00    0.000000000000000e+00    0.000000000000000e+00    0.000000000000000e+00    0.000000000000000e+00    0.000000000000000e+00    0.000000000000000e+00    0.000000000000000e+00    0.000000000000000e+00
    4    4,4        4,4        3,6        2,7    
    0.000000000000000e+00    0.000000000000000e+00    0.000000000000000e+00    0.000000000000000e+00    0.000000000000000e+00    0.000000000000000e+00    0.000000000000000e+00    0.000000000000000e+00    0.000000000000000e+00    0.000000000000000e+00    0.000000000000000e+00    0.000000000000000e+00    0.000000000000000e+00    0.000000000000000e+00
    4    3,12       3,12       3,12       2,7    
    0.000000000000000e+00    0.000000000000000e+00    0.000000000000000e+00    0.000000000000000e+00    0.000000000000000e+00    0.000000000000000e+00    0.000000000000000e+00    0.000000000000000e+00    0.000000000000000e+00    0.000000000000000e+00    0.000000000000000e+00    0.000000000000000e+00    0.000000000000000e+00    0.000000000000000e+00
    4    4,4        4,4        3,12       2,7    
    0.000000000000000e+00    0.000000000000000e+00    0.000000000000000e+00    0.000000000000000e+00    0.000000000000000e+00    0.000000000000000e+00    0.000000000000000e+00    0.000000000000000e+00    0.000000000000000e+00    0.000000000000000e+00    0.000000000000000e+00    0.000000000000000e+00    0.000000000000000e+00    0.000000000000000e+00
