   1.593104E-01  -1.210129E-01   4.150289E-03
  -9.058234E-02   1.778052E-01  -1.710846E-01
   1.220560E-02  -2.706705E-02  -2.659166E-02
  -1.277511E-03  -6.057595E-02   8.677016E-03
   3.890397E-02   3.261482E-02  -5.416965E-03
  -4.770158E-02   3.575440E-02   1.409671E-02
  -1.557761E-03   1.963621E-02   6.114500E-03
  -2.001277E-02   8.046745E-02   3.108407E-01
  -5.684571E-02  -5.625549E-03  -6.712897E-02
  -1.180431E-03   9.689233E-04   6.865397E-03
   5.273672E-03  -1.179550E-03   9.035873E-04
  -1.653145E-03   1.460660E-04  -5.226242E-04
   1.864987E-03  -2.254786E-03  -2.662340E-03
   3.528412E-04  -2.358460E-04   5.380294E-04
   1.591356E-01  -1.190913E-01   4.599341E-03
  -9.014277E-02   1.764964E-01  -1.706013E-01
   1.265940E-02  -2.644513E-02  -2.646400E-02
  -1.918858E-03  -6.021163E-02   8.586400E-03
   3.816715E-02   3.142037E-02  -5.419524E-03
  -4.726199E-02   3.527100E-02   1.384421E-02
  -1.132993E-03   1.955556E-02   5.970057E-03
  -2.012484E-02   8.046435E-02   3.106866E-01
  -5.700332E-02  -5.657114E-03  -6.736886E-02
  -1.265865E-03   9.176535E-04   6.716099E-03
   5.358546E-03  -1.140278E-03   1.014396E-03
  -1.625375E-03   1.851993E-04  -4.894234E-04
   1.840231E-03  -2.179310E-03  -2.565436E-03
   3.592521E-04  -1.614512E-04   5.205353E-04
   1.595144E-01  -1.229623E-01   3.712019E-03
  -9.103182E-02   1.790657E-01  -1.715852E-01
   1.174329E-02  -2.770506E-02  -2.671742E-02
  -6.271714E-04  -6.096637E-02   8.777203E-03
   3.965131E-02   3.387668E-02  -5.411036E-03
  -4.814556E-02   3.629027E-02   1.435912E-02
  -1.994810E-03   1.971367E-02   6.265335E-03
  -1.989940E-02   8.045712E-02   3.109587E-01
  -5.670144E-02  -5.593430E-03  -6.688405E-02
  -1.094153E-03   1.018702E-03   7.012508E-03
   5.188144E-03  -1.218417E-03   7.925857E-04
  -1.682249E-03   1.053949E-04  -5.582045E-04
   1.890735E-03  -2.333684E-03  -2.763652E-03
   3.463820E-04  -3.120168E-04   5.551349E-04
   1.582138E-01  -1.241288E-01   2.886134E-03
  -9.075077E-02   1.813111E-01  -1.715790E-01
   1.284699E-02  -2.867670E-02  -2.655562E-02
  -1.506491E-03  -6.132584E-02   8.811914E-03
   4.000425E-02   3.407350E-02  -5.483152E-03
  -4.843760E-02   3.649769E-02   1.395516E-02
  -1.884070E-03   1.952497E-02   6.304185E-03
  -1.937865E-02   8.122669E-02   3.119675E-01
  -5.648528E-02  -5.644277E-03  -6.678533E-02
  -1.215929E-03   9.195235E-04   6.898198E-03
   5.308668E-03  -1.224429E-03   9.645411E-04
  -1.671951E-03   1.124935E-04  -5.364130E-04
   1.866470E-03  -2.278974E-03  -2.696424E-03
   3.379243E-04  -2.443425E-04   5.694152E-04
  -1.604082E-01   1.179650E-01  -5.429441E-03
   9.035953E-02  -1.743261E-01   1.706313E-01
  -1.152523E-02   2.544821E-02   2.662198E-02
   1.070502E-03   5.990706E-02  -8.552856E-03
  -3.776274E-02  -3.115387E-02   5.346695E-03
   4.698316E-02  -3.511573E-02  -1.424013E-02
   1.167900E-03  -1.975237E-02  -5.924970E-03
   2.063767E-02  -7.971466E-02  -3.096970E-01
   5.721735E-02   5.607831E-03   6.745655E-02
   1.146502E-03  -1.017906E-03  -6.831291E-03
  -5.239852E-03   1.136498E-03  -8.404732E-04
   1.633982E-03  -1.786152E-04   5.093964E-04
  -1.862446E-03   2.230375E-03   2.628554E-03
  -3.690629E-04   2.271851E-04  -5.057850E-04
   1.623733E-01  -1.137107E-01   7.607584E-03
  -9.119806E-02   1.687588E-01  -1.702845E-01
   1.092599E-02  -2.426623E-02  -2.687065E-02
  -3.944390E-04  -5.917523E-02   8.578216E-03
   3.796407E-02   3.101197E-02  -5.266456E-03
  -4.708366E-02   3.449803E-02   1.479004E-02
  -1.272557E-03   1.987666E-02   6.071946E-03
  -2.172550E-02   7.797540E-02   3.082691E-01
  -5.754336E-02  -5.443842E-03  -6.868862E-02
  -1.092541E-03   1.127479E-03   7.023708E-03
   5.238087E-03  -1.243989E-03   4.091292E-04
  -1.646835E-03   1.724062E-04  -5.145289E-04
   1.845608E-03  -2.245388E-03  -2.673293E-03
   3.570045E-04  -2.543891E-04   4.507223E-04
   1.563032E-01  -1.284262E-01   8.648929E-04
  -8.996933E-02   1.867699E-01  -1.720553E-01
   1.336298E-02  -2.987715E-02  -2.625980E-02
  -2.051517E-03  -6.199362E-02   8.808338E-03
   3.973573E-02   3.427261E-02  -5.551793E-03
  -4.818162E-02   3.700185E-02   1.342670E-02
  -1.875412E-03   1.948956E-02   6.155018E-03
  -1.827416E-02   8.293679E-02   3.132591E-01
  -5.620477E-02  -5.785916E-03  -6.555998E-02
  -1.267148E-03   8.125715E-04   6.700175E-03
   5.306760E-03  -1.118767E-03   1.378164E-03
  -1.659168E-03   1.174948E-04  -5.354200E-04
   1.884387E-03  -2.269478E-03  -2.654859E-03
   3.483987E-04  -2.174568E-04   6.217219E-04
  -1.592960E-01   1.210708E-01  -4.135647E-03
   9.057033E-02  -1.778682E-01   1.710969E-01
  -1.220068E-02   2.705987E-02   2.659324E-02
   1.283473E-03   6.058678E-02  -8.683373E-03
  -3.889758E-02  -3.255188E-02   5.422431E-03
   4.770773E-02  -3.571432E-02  -1.409223E-02
   1.545113E-03  -1.985337E-02  -6.120399E-03
   2.000308E-02  -8.048095E-02  -3.108560E-01
   5.684252E-02   5.625088E-03   6.712737E-02
   1.182883E-03  -9.626339E-04  -6.867431E-03
  -5.276325E-03   1.186478E-03  -9.058052E-04
   1.655427E-03  -1.457962E-04   5.239620E-04
  -1.867538E-03   2.256806E-03   2.665981E-03
  -3.520796E-04   3.382023E-04  -5.408284E-04
   1.593261E-01  -1.209520E-01   4.164547E-03
  -9.059363E-02   1.777375E-01  -1.710716E-01
   1.220992E-02  -2.707302E-02  -2.659025E-02
  -1.270965E-03  -6.056457E-02   8.670775E-03
   3.890929E-02   3.267753E-02  -5.411258E-03
  -4.769458E-02   3.579452E-02   1.410144E-02
  -1.570316E-03   1.941619E-02   6.108297E-03
  -2.002305E-02   8.045280E-02   3.108241E-01
  -5.684926E-02  -5.626104E-03  -6.713078E-02
  -1.177858E-03   9.753710E-04   6.863292E-03
   5.270837E-03  -1.172500E-03   9.013229E-04
  -1.650622E-03   1.462169E-04  -5.212618E-04
   1.862245E-03  -2.252849E-03  -2.658730E-03
   3.536416E-04  -1.321717E-04   5.353433E-04
   1.593008E-01  -1.210812E-01   4.151205E-03
  -9.059979E-02   1.778670E-01  -1.711144E-01
   1.222793E-02  -2.706735E-02  -2.660479E-02
  -1.280938E-03  -6.056034E-02   8.680067E-03
   3.886415E-02   3.263702E-02  -5.405570E-03
  -4.767419E-02   3.575542E-02   1.410472E-02
  -1.565264E-03   1.961154E-02   6.126878E-03
  -2.000081E-02   8.047569E-02   3.108587E-01
  -5.684751E-02  -5.627631E-03  -6.713171E-02
  -1.182279E-03   9.679268E-04   6.868625E-03
   5.277321E-03  -1.181115E-03   9.061536E-04
  -1.641367E-03   1.446457E-04  -5.270020E-04
   1.866844E-03  -2.261567E-03  -2.677649E-03
   3.531964E-04  -2.336428E-04   5.382140E-04
   1.593200E-01  -1.209432E-01   4.150688E-03
  -9.056525E-02   1.777412E-01  -1.710544E-01
   1.218303E-02  -2.706705E-02  -2.657871E-02
  -1.273617E-03  -6.059097E-02   8.673656E-03
   3.894435E-02   3.259263E-02  -5.428065E-03
  -4.772910E-02   3.575253E-02   1.408903E-02
  -1.550696E-03   1.966132E-02   6.102519E-03
  -2.002494E-02   8.045792E-02   3.108214E-01
  -5.684402E-02  -5.623454E-03  -6.712623E-02
  -1.178485E-03   9.700752E-04   6.862143E-03
   5.269909E-03  -1.177901E-03   9.010310E-04
  -1.665311E-03   1.477308E-04  -5.183659E-04
   1.863611E-03  -2.247879E-03  -2.647315E-03
   3.524511E-04  -2.381588E-04   5.376805E-04
  -1.591064E-01   1.213786E-01  -4.081243E-03
   9.063840E-02  -1.782167E-01   1.711983E-01
  -1.210699E-02   2.725506E-02   2.671928E-02
   1.074074E-03   6.073834E-02  -8.634291E-03
  -3.902438E-02  -3.271945E-02   5.382637E-03
   4.780235E-02  -3.580000E-02  -1.407989E-02
   1.594446E-03  -1.964309E-02  -6.142271E-03
   1.992294E-02  -8.054203E-02  -3.109523E-01
   5.683448E-02   5.626416E-03   6.706130E-02
   1.087540E-03  -9.804255E-04  -6.931791E-03
  -5.233870E-03   1.074089E-03  -9.720238E-04
   1.653901E-03  -1.483823E-04   5.256140E-04
  -1.872331E-03   2.258586E-03   2.670854E-03
  -3.522000E-04   2.277921E-04  -5.329398E-04
   1.595165E-01  -1.206412E-01   4.220165E-03
  -9.052664E-02   1.773861E-01  -1.709696E-01
   1.230377E-02  -2.687706E-02  -2.646529E-02
  -1.480353E-03  -6.041311E-02   8.718197E-03
   3.878246E-02   3.250978E-02  -5.450766E-03
  -4.759984E-02   3.570840E-02   1.411394E-02
  -1.520999E-03   1.962934E-02   6.087014E-03
  -2.010385E-02   8.039051E-02   3.107264E-01
  -5.685766E-02  -5.624913E-03  -6.719764E-02
  -1.272871E-03   9.568621E-04   6.799799E-03
   5.313084E-03  -1.284325E-03   8.364801E-04
  -1.652223E-03   1.437032E-04  -5.196972E-04
   1.857565E-03  -2.251016E-03  -2.653885E-03
   3.534525E-04  -2.439965E-04   5.429518E-04
   1.584250E-01  -1.283425E-01   2.405942E-04
  -9.083004E-02   1.858549E-01  -1.717173E-01
   1.321135E-02  -2.837601E-02  -2.742095E-02
  -2.491651E-03  -6.253619E-02   8.804898E-03
   3.981167E-02   3.363059E-02  -5.723869E-03
  -4.896244E-02   3.742154E-02   1.423656E-02
  -1.394182E-03   1.955514E-02   6.170129E-03
  -1.891252E-02   8.235935E-02   3.151378E-01
  -5.596580E-02  -5.856704E-03  -6.640931E-02
  -1.287501E-03   9.664707E-04   6.958177E-03
   5.359315E-03  -1.207084E-03   9.853671E-04
  -1.687414E-03   1.546919E-04  -5.094673E-04
   1.899958E-03  -2.260652E-03  -2.683698E-03
   3.596184E-04  -2.165963E-04   5.704954E-04
  -1.601626E-01   1.139304E-01  -7.909353E-03
   9.032160E-02  -1.699934E-01   1.704310E-01
  -1.125717E-02   2.581421E-02   2.576564E-02
   1.414995E-04   5.871638E-02  -8.557725E-03
  -3.801182E-02  -3.162244E-02   5.115717E-03
   4.647700E-02  -3.416112E-02  -1.396761E-02
   1.698129E-03  -1.968579E-02  -6.056684E-03
   2.108727E-02  -7.859760E-02  -3.066671E-01
   5.771781E-02   5.386122E-03   6.785822E-02
   1.077438E-03  -9.688820E-04  -6.769990E-03
  -5.190392E-03   1.156109E-03  -8.195254E-04
   1.619735E-03  -1.370680E-04   5.361485E-04
  -1.830233E-03   2.249145E-03   2.640511E-03
  -3.463401E-04   2.537629E-04  -5.042673E-04
  -1.576130E-01   1.227408E-01  -3.017013E-03
   8.957085E-02  -1.814594E-01   1.709720E-01
  -1.388689E-02   2.822083E-02   2.628642E-02
   3.446500E-03   6.157353E-02  -8.831770E-03
  -3.847533E-02  -3.288330E-02   5.370827E-03
   4.733939E-02  -3.691049E-02  -1.354446E-02
   1.178368E-03  -1.923156E-02  -5.872509E-03
   1.924281E-02  -8.154744E-02  -3.114724E-01
   5.664372E-02   5.778050E-03   6.642265E-02
   1.373137E-03  -8.703840E-04  -6.647366E-03
  -5.489088E-03   1.236437E-03  -1.148663E-03
   1.647720E-03  -1.350908E-04   4.930432E-04
  -1.853200E-03   2.193357E-03   2.567453E-03
  -3.615361E-04   2.733309E-04  -5.852751E-04
  -1.610920E-01   1.191802E-01  -5.282518E-03
   9.160810E-02  -1.740092E-01   1.712015E-01
  -1.049369E-02   2.583944E-02   2.692295E-02
  -8.987526E-04   5.963215E-02  -8.553251E-03
  -3.932385E-02  -3.232655E-02   5.469190E-03
   4.809101E-02  -3.461974E-02  -1.469048E-02
   1.926775E-03  -2.004249E-02  -6.362209E-03
   2.080393E-02  -7.934295E-02  -3.101658E-01
   5.705394E-02   5.467524E-03   6.786090E-02
   9.859835E-04  -1.066336E-03  -7.092272E-03
  -5.058722E-03   1.117364E-03  -6.491658E-04
   1.659348E-03  -1.560922E-04   5.531500E-04
  -1.878127E-03   2.324090E-03   2.768116E-03
  -3.436497E-04   1.990029E-04  -4.932109E-04
  -1.573875E-01   1.236500E-01  -3.157669E-03
   8.964448E-02  -1.821877E-01   1.712318E-01
  -1.418548E-02   2.870619E-02   2.627037E-02
   3.733615E-03   6.162013E-02  -8.624460E-03
  -3.858218E-02  -3.327630E-02   5.386554E-03
   4.717972E-02  -3.683200E-02  -1.352823E-02
   1.432665E-03  -1.936858E-02  -5.965534E-03
   1.905444E-02  -8.173142E-02  -3.116778E-01
   5.655219E-02   5.743151E-03   6.633281E-02
   1.403840E-03  -8.812572E-04  -6.694496E-03
  -5.543864E-03   1.280768E-03  -1.128690E-03
   1.602670E-03  -1.538129E-04   5.104510E-04
  -1.823909E-03   2.170195E-03   2.542455E-03
  -3.577725E-04   2.101608E-04  -5.938678E-04
   1.613260E-01  -1.182328E-01   5.144883E-03
  -9.154727E-02   1.732696E-01  -1.709465E-01
   1.020297E-02  -2.536225E-02  -2.693001E-02
   1.195022E-03  -5.957339E-02   8.771521E-03
   3.920709E-02   3.193743E-02  -5.450374E-03
  -4.823529E-02   3.467002E-02   1.470765E-02
  -1.677571E-03   1.991072E-02   6.265981E-03
  -2.099974E-02   7.914866E-02   3.099495E-01
  -5.714819E-02  -5.500639E-03  -6.795487E-02
  -9.570138E-04   1.054781E-03   7.043828E-03
   5.006313E-03  -1.074635E-03   6.677870E-04
  -1.703795E-03   1.362043E-04  -5.353796E-04
   1.905232E-03  -2.349359E-03  -2.795054E-03
   3.474259E-04  -2.622738E-04   4.825180E-04
   1.592538E-01  -1.211187E-01   4.156062E-03
  -9.051715E-02   1.779217E-01  -1.710955E-01
   1.224861E-02  -2.713895E-02  -2.659654E-02
  -1.392962E-03  -6.063274E-02   8.633283E-03
   3.890204E-02   3.262727E-02  -5.405201E-03
  -4.771017E-02   3.576877E-02   1.409232E-02
  -1.544474E-03   1.961216E-02   6.132593E-03
  -1.998532E-02   8.050531E-02   3.108594E-01
  -5.682296E-02  -5.619195E-03  -6.710321E-02
  -1.179370E-03   9.686157E-04   6.871393E-03
   5.276239E-03  -1.187112E-03   9.000379E-04
  -1.616720E-03   1.966788E-04  -5.362193E-04
   1.842090E-03  -2.197482E-03  -2.648596E-03
   3.527511E-04  -2.324590E-04   5.407141E-04
  -1.593675E-01   1.209056E-01  -4.143794E-03
   9.064748E-02  -1.776863E-01   1.710728E-01
  -1.216172E-02   2.699375E-02   2.658680E-02
   1.160803E-03   6.051815E-02  -8.721243E-03
  -3.890485E-02  -3.260089E-02   5.428654E-03
   4.769216E-02  -3.573845E-02  -1.410096E-02
   1.570877E-03  -1.966165E-02  -6.096636E-03
   2.004056E-02  -8.042847E-02  -3.108208E-01
   5.686856E-02   5.631936E-03   6.715490E-02
   1.181509E-03  -9.692096E-04  -6.859215E-03
  -5.270994E-03   1.171958E-03  -9.072582E-04
   1.688224E-03  -9.529072E-05   5.090833E-04
  -1.886374E-03   2.311994E-03   2.676249E-03
  -3.529484E-04   2.392467E-04  -5.352287E-04
   1.594035E-01  -1.206527E-01   4.270836E-03
  -9.062790E-02   1.774793E-01  -1.710071E-01
   1.221138E-02  -2.698300E-02  -2.656265E-02
  -1.146621E-03  -6.059500E-02   8.631236E-03
   3.890151E-02   3.261568E-02  -5.424587E-03
  -4.772360E-02   3.576855E-02   1.413350E-02
  -1.537248E-03   1.960804E-02   6.104495E-03
  -2.009175E-02   8.037833E-02   3.107395E-01
  -5.692286E-02  -5.646104E-03  -6.721279E-02
  -1.169437E-03   8.845577E-04   6.821386E-03
   5.218416E-03  -1.144216E-03   9.251016E-04
  -1.653590E-03   1.443702E-04  -5.212733E-04
   1.865788E-03  -2.259023E-03  -2.661327E-03
   3.531898E-04  -2.296720E-04   5.321810E-04
  -1.592147E-01   1.213792E-01  -4.027953E-03
   9.053479E-02  -1.781374E-01   1.711624E-01
  -1.220076E-02   2.715449E-02   2.662028E-02
   1.410608E-03   6.056014E-02  -8.722259E-03
  -3.890693E-02  -3.261495E-02   5.409586E-03
   4.767959E-02  -3.574145E-02  -1.406001E-02
   1.578339E-03  -1.966380E-02  -6.124419E-03
   1.993227E-02  -8.055736E-02  -3.109430E-01
   5.676707E-02   5.604592E-03   6.704341E-02
   1.192541E-03  -1.055580E-03  -6.910359E-03
  -5.329389E-03   1.214759E-03  -8.816743E-04
   1.652766E-03  -1.477541E-04   5.239908E-04
  -1.864194E-03   2.250469E-03   2.663264E-03
  -3.525063E-04   2.420283E-04  -5.439379E-04
   1.599435E-01  -1.213478E-01   3.865381E-03
  -8.475598E-02   1.777790E-01  -1.714139E-01
   8.131042E-03  -2.002241E-02  -2.765718E-02
  -5.116891E-03  -6.799780E-02   9.910317E-03
   3.515715E-02   2.472537E-02  -5.494873E-03
  -5.124036E-02   4.385808E-02   1.466274E-02
   5.863597E-03   1.963700E-02   5.705891E-03
  -2.020948E-02   8.078087E-02   3.109795E-01
  -5.677695E-02  -5.538206E-03  -6.703892E-02
  -1.162334E-03   1.093577E-03   7.132239E-03
   5.205255E-03  -1.239544E-03   7.179601E-04
  -1.656427E-03   1.237432E-04  -4.455200E-04
   1.856702E-03  -2.239926E-03  -2.736231E-03
   6.117347E-04  -2.373594E-04   5.558315E-04
  -1.585241E-01   1.208656E-01  -4.403261E-03
   9.634097E-02  -1.779803E-01   1.707152E-01
  -1.633758E-02   3.410049E-02   2.549923E-02
  -2.498907E-03   5.312036E-02  -7.432686E-03
  -4.262185E-02  -4.044533E-02   5.331011E-03
   4.411232E-02  -2.756784E-02  -1.352755E-02
   8.992614E-03  -1.967038E-02  -6.522349E-03
   1.977151E-02  -8.015701E-02  -3.106062E-01
   5.686571E-02   5.705469E-03   6.718868E-02
   1.201329E-03  -8.435643E-04  -6.595925E-03
  -5.342277E-03   1.120329E-03  -1.089684E-03
   1.648669E-03  -1.675140E-04   6.008985E-04
  -1.872155E-03   2.269132E-03   2.587060E-03
  -9.382929E-05   2.333775E-04  -5.205995E-04
  -1.583630E-01   1.213155E-01  -4.506489E-03
   8.837426E-02  -1.777891E-01   1.715643E-01
  -1.231959E-02   2.752686E-02   2.613108E-02
   1.216111E-03   6.003010E-02  -8.197065E-03
  -3.899638E-02  -3.329275E-02   5.343230E-03
   4.766433E-02  -3.507408E-02  -1.423072E-02
   2.074005E-03  -1.958991E-02  -6.132210E-03
   1.976983E-02  -8.045868E-02  -3.106607E-01
   5.691871E-02   5.424450E-03   6.714862E-02
   1.287934E-03  -9.873873E-04  -6.826909E-03
  -5.141229E-03   1.115994E-03  -9.827733E-04
   1.667608E-03  -1.008501E-04   5.223287E-04
  -1.875285E-03   2.241962E-03   2.642556E-03
  -2.925195E-04   2.359976E-04  -5.119069E-04
  -1.602535E-01   1.207271E-01  -3.779242E-03
   9.279143E-02  -1.778320E-01   1.706020E-01
  -1.209533E-02   2.658751E-02   2.705283E-02
   1.345700E-03   6.110329E-02  -9.163959E-03
  -3.878980E-02  -3.191097E-02   5.490130E-03
   4.771808E-02  -3.640597E-02  -1.395878E-02
   1.038096E-03  -1.967587E-02  -6.094212E-03
   2.025608E-02  -8.047405E-02  -3.110310E-01
   5.676632E-02   5.825471E-03   6.711310E-02
   1.073076E-03  -9.529517E-04  -6.905062E-03
  -5.406220E-03   1.243512E-03  -8.229218E-04
   1.637459E-03  -1.923293E-04   5.223672E-04
  -1.853818E-03   2.266797E-03   2.681252E-03
  -4.132947E-04   2.357045E-04  -5.642600E-04
   1.591530E-01  -1.218802E-01   3.878404E-03
  -9.658320E-02   1.782182E-01  -1.702197E-01
   1.517150E-02  -3.150966E-02  -2.685598E-02
   1.928855E-03  -5.596764E-02   8.217095E-03
   4.135223E-02   3.772105E-02  -5.270553E-03
  -4.564310E-02   3.063069E-02   1.349127E-02
  -5.531127E-03   1.966291E-02   6.352180E-03
  -1.965923E-02   8.058786E-02   3.108813E-01
  -5.681022E-02  -5.545503E-03  -6.713598E-02
  -1.242813E-03   1.009187E-03   6.878077E-03
   5.151464E-03  -1.026731E-03   1.146730E-03
  -1.628731E-03   2.171684E-04  -5.740721E-04
   1.911115E-03  -2.356283E-03  -2.606636E-03
   2.415894E-04  -2.319916E-04   5.644017E-04
  -1.594510E-01   1.200573E-01  -4.484153E-03
   8.463682E-02  -1.773043E-01   1.718905E-01
  -9.304034E-03   2.271743E-02   2.631501E-02
   4.471285E-03   6.511480E-02  -9.127476E-03
  -3.645583E-02  -2.759659E-02   5.557200E-03
   4.966235E-02  -4.078000E-02  -1.469539E-02
  -2.322114E-03  -1.961788E-02  -5.877222E-03
   2.037794E-02  -8.029812E-02  -3.106868E-01
   5.687553E-02   5.702270E-03   6.713833E-02
   1.116483E-03  -9.278573E-04  -6.848549E-03
  -5.392442E-03   1.337553E-03  -6.536567E-04
   1.676058E-03  -7.646462E-05   4.712268E-04
  -1.818890E-03   2.153485E-03   2.713835E-03
  -4.622921E-04   2.409500E-04  -5.107375E-04
   1.592972E-01  -1.210538E-01   4.147843E-03
  -9.048798E-02   1.778317E-01  -1.710851E-01
   1.217094E-02  -2.698286E-02  -2.661628E-02
  -1.331529E-03  -6.068068E-02   8.679010E-03
   3.883145E-02   3.253202E-02  -5.412993E-03
  -4.775646E-02   3.585938E-02   1.409360E-02
  -1.473413E-03   1.963263E-02   6.112327E-03
  -2.000510E-02   8.048483E-02   3.108503E-01
  -5.683606E-02  -5.624175E-03  -6.712272E-02
  -1.180680E-03   9.707407E-04   6.872804E-03
   5.271077E-03  -1.179372E-03   9.021795E-04
  -1.637002E-03   1.454918E-04  -5.273889E-04
   1.868796E-03  -2.248506E-03  -2.648751E-03
   3.519258E-04  -2.357553E-04   5.370830E-04
  -1.593236E-01   1.209713E-01  -4.154073E-03
   9.067647E-02  -1.777759E-01   1.710839E-01
  -1.223979E-02   2.715145E-02   2.656712E-02
   1.222897E-03   6.047134E-02  -8.674473E-03
  -3.897725E-02  -3.269743E-02   5.420741E-03
   4.764716E-02  -3.564822E-02  -1.410037E-02
   1.642525E-03  -1.964052E-02  -6.117109E-03
   2.002060E-02  -8.044867E-02  -3.108298E-01
   5.685552E-02   5.626912E-03   6.713523E-02
   1.180057E-03  -9.672701E-04  -6.857961E-03
  -5.276081E-03   1.179611E-03  -9.050570E-04
   1.669828E-03  -1.470134E-04   5.179607E-04
  -1.861945E-03   2.260765E-03   2.676222E-03
  -3.537210E-04   2.362153E-04  -5.388187E-04
   1.593467E-01  -1.209162E-01   4.148307E-03
  -9.068869E-02   1.777737E-01  -1.710665E-01
   1.212234E-02  -2.727405E-02  -2.665546E-02
  -1.394025E-03  -6.030323E-02   8.704723E-03
   3.905172E-02   3.280774E-02  -5.378119E-03
  -4.752346E-02   3.552328E-02   1.408226E-02
  -1.792289E-03   1.963973E-02   6.121617E-03
  -2.001920E-02   8.043045E-02   3.108166E-01
  -5.682631E-02  -5.636520E-03  -6.714232E-02
  -1.080111E-03   9.780444E-04   6.924300E-03
   5.324072E-03  -1.273226E-03   8.703860E-04
  -1.651244E-03   1.495094E-04  -5.270493E-04
   1.861745E-03  -2.254178E-03  -2.657215E-03
   3.599254E-04  -2.364819E-04   5.253588E-04
   1.592764E-01  -1.211034E-01   4.154238E-03
  -9.047545E-02   1.778279E-01  -1.711019E-01
   1.228893E-02  -2.685692E-02  -2.652890E-02
  -1.160802E-03  -6.084789E-02   8.648385E-03
   3.875478E-02   3.242130E-02  -5.455255E-03
  -4.787880E-02   3.598525E-02   1.411162E-02
  -1.322957E-03   1.963276E-02   6.107733E-03
  -2.000778E-02   8.050210E-02   3.108625E-01
  -5.686565E-02  -5.614738E-03  -6.711665E-02
  -1.280662E-03   9.586844E-04   6.806970E-03
   5.223008E-03  -1.085704E-03   9.375885E-04
  -1.654764E-03   1.425253E-04  -5.182673E-04
   1.868092E-03  -2.255450E-03  -2.667528E-03
   3.457335E-04  -2.353762E-04   5.504879E-04
   1.594575E-01  -1.209860E-01   4.116333E-03
  -8.785898E-02   1.775213E-01  -1.714611E-01
   1.076902E-02  -2.446075E-02  -2.694028E-02
  -2.304953E-03  -6.329289E-02   9.125745E-03
   3.709480E-02   2.944200E-02  -5.365306E-03
  -4.949274E-02   3.896994E-02   1.441112E-02
   1.763232E-03   1.960674E-02   5.939041E-03
  -2.008700E-02   8.049703E-02   3.107949E-01
  -5.691669E-02  -5.524569E-03  -6.713434E-02
  -1.229726E-03   1.052905E-03   6.997015E-03
   5.145992E-03  -1.123672E-03   8.820401E-04
  -1.643793E-03   1.256020E-04  -4.856773E-04
   1.864532E-03  -2.259239E-03  -2.709640E-03
   4.065869E-04  -2.373793E-04   5.122721E-04
  -1.591459E-01   1.210596E-01  -4.172248E-03
   9.331740E-02  -1.780940E-01   1.707068E-01
  -1.363842E-02   2.968935E-02   2.623707E-02
   2.282497E-04   5.783505E-02  -8.228303E-03
  -4.073870E-02  -3.581827E-02   5.470022E-03
   4.591373E-02  -3.252522E-02  -1.378342E-02
   4.901350E-03  -1.965164E-02  -6.292524E-03
   1.993265E-02  -8.043955E-02  -3.108809E-01
   5.676624E-02   5.724087E-03   6.712062E-02
   1.132998E-03  -8.856973E-04  -6.734766E-03
  -5.403152E-03   1.238172E-03  -9.264537E-04
   1.662673E-03  -1.673585E-04   5.601591E-04
  -1.865902E-03   2.250132E-03   2.615964E-03
  -2.986854E-04   2.346462E-04  -5.638844E-04
   1.593028E-01  -1.210256E-01   4.150697E-03
  -9.048264E-02   1.778076E-01  -1.710872E-01
   1.215754E-02  -2.695527E-02  -2.660269E-02
  -1.322885E-03  -6.068150E-02   8.684806E-03
   3.881022E-02   3.247451E-02  -5.419227E-03
  -4.779073E-02   3.588771E-02   1.410476E-02
  -1.363826E-03   1.963615E-02   6.104711E-03
  -2.001090E-02   8.047432E-02   3.108430E-01
  -5.684671E-02  -5.620444E-03  -6.712802E-02
  -1.184818E-03   9.668002E-04   6.867892E-03
   5.268160E-03  -1.177823E-03   9.020805E-04
  -1.651999E-03   1.454296E-04  -5.217549E-04
   1.866031E-03  -2.253501E-03  -2.661218E-03
   3.494583E-04  -2.357889E-04   5.420882E-04
  -1.593185E-01   1.210003E-01  -4.149956E-03
   9.068261E-02  -1.778015E-01   1.710818E-01
  -1.225354E-02   2.717847E-02   2.658054E-02
   1.231880E-03   6.047035E-02  -8.669215E-03
  -3.899779E-02  -3.275505E-02   5.414629E-03
   4.761240E-02  -3.562063E-02  -1.408874E-02
   1.751725E-03  -1.963603E-02  -6.124248E-03
   2.001465E-02  -8.045992E-02  -3.108377E-01
   5.684481E-02   5.630639E-03   6.713013E-02
   1.176038E-03  -9.710544E-04  -6.862858E-03
  -5.279193E-03   1.181276E-03  -9.050789E-04
   1.654288E-03  -1.467167E-04   5.235175E-04
  -1.863946E-03   2.256078E-03   2.663470E-03
  -3.561312E-04   2.358510E-04  -5.339604E-04
   1.593885E-01  -1.209214E-01   4.131367E-03
  -9.085875E-02   1.777376E-01  -1.710847E-01
   1.229864E-02  -2.719960E-02  -2.660389E-02
  -1.114490E-03  -6.045772E-02   8.721848E-03
   3.897377E-02   3.272462E-02  -5.401793E-03
  -4.762420E-02   3.564999E-02   1.409507E-02
  -1.828482E-03   1.964244E-02   6.125045E-03
  -2.004097E-02   8.043475E-02   3.108270E-01
  -5.685903E-02  -5.638449E-03  -6.713569E-02
  -1.177228E-03   9.671084E-04   6.865117E-03
   5.272452E-03  -1.170102E-03   9.081183E-04
  -1.611455E-03   1.962592E-04  -5.361918E-04
   1.891946E-03  -2.311580E-03  -2.678724E-03
   3.492907E-04  -2.374445E-04   5.313930E-04
   1.592328E-01  -1.211030E-01   4.168504E-03
  -9.030587E-02   1.778690E-01  -1.710834E-01
   1.211187E-02  -2.693311E-02  -2.657944E-02
  -1.439338E-03  -6.069306E-02   8.632649E-03
   3.883300E-02   3.250361E-02  -5.432097E-03
  -4.777814E-02   3.585731E-02   1.409825E-02
  -1.286810E-03   1.963144E-02   6.104135E-03
  -1.998490E-02   8.049903E-02   3.108538E-01
  -5.683255E-02  -5.612687E-03  -6.712257E-02
  -1.183641E-03   9.707123E-04   6.865524E-03
   5.274766E-03  -1.188955E-03   8.991836E-04
  -1.693527E-03   9.562922E-05  -5.091157E-04
   1.836593E-03  -2.197999E-03  -2.646113E-03
   3.564068E-04  -2.342799E-04   5.445824E-04
  -1.592820E-01   1.209503E-01  -4.194949E-03
   9.056309E-02  -1.778382E-01   1.710747E-01
  -1.226116E-02   2.699445E-02   2.652859E-02
   1.355282E-03   6.059818E-02  -8.678078E-03
  -3.888401E-02  -3.257177E-02   5.429287E-03
   4.769632E-02  -3.578118E-02  -1.408659E-02
   1.527154E-03  -1.963919E-02  -6.112752E-03
   2.003526E-02  -8.045154E-02  -3.108311E-01
   5.685973E-02   5.620361E-03   6.713436E-02
   1.183404E-03  -8.805845E-04  -6.812419E-03
  -5.323526E-03   1.213949E-03  -8.814007E-04
   1.654180E-03  -1.441721E-04   5.217560E-04
  -1.863657E-03   2.249532E-03   2.660084E-03
  -3.544321E-04   2.358914E-04  -5.417675E-04
   1.593374E-01  -1.210810E-01   4.104557E-03
  -9.060018E-02   1.777787E-01  -1.710955E-01
   1.215073E-02  -2.714295E-02  -2.665394E-02
  -1.202310E-03  -6.055681E-02   8.675797E-03
   3.892444E-02   3.265884E-02  -5.404888E-03
  -4.770677E-02   3.572890E-02   1.410688E-02
  -1.588377E-03   1.963257E-02   6.116091E-03
  -1.998890E-02   8.048360E-02   3.108512E-01
  -5.683013E-02  -5.630306E-03  -6.712199E-02
  -1.178495E-03   1.059707E-03   6.919225E-03
   5.224282E-03  -1.145265E-03   9.252605E-04
  -1.652168E-03   1.479560E-04  -5.234931E-04
   1.866300E-03  -2.259944E-03  -2.664477E-03
   3.512693E-04  -2.357930E-04   5.343718E-04
   1.580628E-01  -1.236413E-01   4.159708E-03
  -8.781830E-02   1.792344E-01  -1.713465E-01
   1.126116E-02  -2.512561E-02  -2.701769E-02
  -2.327330E-03  -6.259310E-02   8.850293E-03
   3.787763E-02   3.079916E-02  -5.531616E-03
  -4.897782E-02   3.803167E-02   1.405296E-02
   6.797603E-04   1.959559E-02   6.034343E-03
  -1.927017E-02   8.131004E-02   3.112241E-01
  -5.660242E-02  -5.244641E-03  -6.697326E-02
  -1.198596E-03   1.068754E-03   7.089493E-03
   5.199391E-03  -1.155688E-03   9.703347E-04
  -1.675863E-03   1.214276E-04  -4.995357E-04
   1.852709E-03  -2.212708E-03  -2.648781E-03
   3.817377E-04  -2.329500E-04   5.902790E-04
   1.605466E-01  -1.183589E-01   4.148394E-03
  -9.331244E-02   1.763574E-01  -1.708228E-01
   1.312601E-02  -2.897982E-02  -2.617137E-02
  -2.350079E-04  -5.858535E-02   8.507696E-03
   3.991708E-02   3.439768E-02  -5.302307E-03
  -4.644211E-02   3.349977E-02   1.414401E-02
  -3.765310E-03   1.968266E-02   6.193814E-03
  -2.074896E-02   7.961625E-02   3.104496E-01
  -5.708649E-02  -6.010192E-03  -6.728927E-02
  -1.161896E-03   8.708799E-04   6.642406E-03
   5.348562E-03  -1.206019E-03   8.355509E-04
  -1.630541E-03   1.702219E-04  -5.454650E-04
   1.876760E-03  -2.296769E-03  -2.676645E-03
   3.244806E-04  -2.386190E-04   4.854409E-04
  -1.583746E-01   1.174476E-01  -1.403926E-03
   9.041408E-02  -1.731520E-01   1.693553E-01
  -1.073297E-02   2.639615E-02   2.714415E-02
  -7.366451E-04   5.822187E-02  -8.574763E-03
  -3.927871E-02  -3.251603E-02   5.460784E-03
   4.721666E-02  -3.410049E-02  -1.361098E-02
   2.505898E-03  -2.027724E-02  -6.390148E-03
   2.050819E-02  -8.055487E-02  -3.110522E-01
   5.627190E-02   4.717420E-03   6.483534E-02
   1.073713E-03  -9.343435E-04  -6.971391E-03
  -5.215414E-03   1.173765E-03  -1.206272E-03
   1.638912E-03  -1.343996E-04   5.293750E-04
  -1.873358E-03   2.262854E-03   2.721645E-03
  -3.447117E-04   2.699449E-04  -6.150739E-04
  -1.602010E-01   1.245021E-01  -7.087813E-03
   9.082245E-02  -1.823801E-01   1.728623E-01
  -1.366638E-02   2.780784E-02   2.602664E-02
   3.214118E-03   6.288923E-02  -8.740325E-03
  -3.852002E-02  -3.276676E-02   5.363412E-03
   4.813390E-02  -3.738437E-02  -1.459584E-02
   6.422925E-04  -1.902181E-02  -5.850013E-03
   1.948599E-02  -8.035351E-02  -3.104960E-01
   5.742780E-02   6.547453E-03   6.944426E-02
   1.286001E-03  -1.002445E-03  -6.754396E-03
  -5.333324E-03   1.184094E-03  -5.975355E-04
   1.666825E-03  -1.574980E-04   5.180830E-04
  -1.856952E-03   2.247771E-03   2.602158E-03
  -3.603914E-04   2.023849E-04  -4.596499E-04
  -1.605074E-01   1.211312E-01  -5.508367E-03
   9.094802E-02  -1.778267E-01   1.709004E-01
  -1.214340E-02   2.696496E-02   2.678096E-02
   1.148178E-03   6.066517E-02  -8.792625E-03
  -3.873887E-02  -3.252644E-02   5.374938E-03
   4.766485E-02  -3.577259E-02  -1.404997E-02
   1.506641E-03  -1.972533E-02  -6.106020E-03
   2.034696E-02  -8.032796E-02  -3.107430E-01
   5.722466E-02   5.709288E-03   6.862476E-02
   1.199056E-03  -9.886760E-04  -6.831722E-03
  -5.253018E-03   1.156784E-03  -9.443265E-04
   1.652299E-03  -1.444837E-04   5.121379E-04
  -1.864120E-03   2.266511E-03   2.669112E-03
  -3.531258E-04   2.360993E-04  -5.381877E-04
  -1.580958E-01   1.209013E-01  -2.813684E-03
   9.020651E-02  -1.777776E-01   1.712693E-01
  -1.226460E-02   2.717972E-02   2.639711E-02
   1.401360E-03   6.048192E-02  -8.557355E-03
  -3.906580E-02  -3.271437E-02   5.459072E-03
   4.772724E-02  -3.573713E-02  -1.414042E-02
   1.615065E-03  -1.955344E-02  -6.123086E-03
   1.966754E-02  -8.060619E-02  -3.109336E-01
   5.647401E-02   5.539292E-03   6.564930E-02
   1.161731E-03  -9.488650E-04  -6.899348E-03
  -5.294763E-03   1.202128E-03  -8.641108E-04
   1.653923E-03  -1.475796E-04   5.336138E-04
  -1.865906E-03   2.242805E-03   2.655177E-03
  -3.525038E-04   2.356459E-04  -5.384673E-04
   1.573324E-01  -1.198557E-01   5.887734E-03
  -8.975598E-02   1.791553E-01  -1.719647E-01
   1.237380E-02  -2.787923E-02  -2.703065E-02
  -1.175052E-03  -5.980536E-02   8.374863E-03
   3.923737E-02   3.327983E-02  -5.469339E-03
  -4.740752E-02   3.556331E-02   1.392934E-02
  -2.189580E-03   1.947461E-02   6.216410E-03
  -1.936195E-02   7.786242E-02   3.109553E-01
  -5.667614E-02  -5.988485E-03  -6.730903E-02
  -1.160549E-03   9.210987E-04   6.928956E-03
   5.278949E-03  -1.182206E-03   9.955585E-04
  -1.639936E-03   1.564665E-04  -5.205283E-04
   1.867236E-03  -2.222235E-03  -2.668218E-03
   3.499596E-04  -2.363328E-04   5.815003E-04
  -1.612894E-01   1.222810E-01  -2.394425E-03
   9.144136E-02  -1.764795E-01   1.702227E-01
  -1.204952E-02   2.627715E-02   2.615994E-02
   1.372523E-03   6.132824E-02  -8.968876E-03
  -3.858006E-02  -3.197270E-02   5.366690E-03
   4.798459E-02  -3.592856E-02  -1.425821E-02
   9.518218E-04  -1.979397E-02  -6.016212E-03
   2.065351E-02  -8.312098E-02  -3.107561E-01
   5.700418E-02   5.251564E-03   6.694073E-02
   1.199880E-03  -1.016916E-03  -6.804103E-03
  -5.267725E-03   1.176607E-03  -8.144802E-04
   1.666116E-03  -1.361523E-04   5.250798E-04
  -1.862929E-03   2.287716E-03   2.656611E-03
  -3.554904E-04   2.350164E-04  -4.955153E-04
  -1.569657E-01   1.220515E-01  -3.264323E-03
   8.989984E-02  -1.799399E-01   1.712667E-01
  -1.234533E-02   2.749527E-02   2.664971E-02
   1.607473E-03   6.080399E-02  -8.632947E-03
  -3.920880E-02  -3.288824E-02   5.411193E-03
   4.801721E-02  -3.624776E-02  -1.396045E-02
   1.552891E-03  -1.959979E-02  -6.160660E-03
   1.836117E-02  -8.120548E-02  -3.121400E-01
   5.630127E-02   6.396755E-03   6.682545E-02
   1.186206E-03  -9.512834E-04  -6.895990E-03
  -5.267053E-03   1.215961E-03  -9.913984E-04
   1.659101E-03  -1.460666E-04   5.295534E-04
  -1.871449E-03   2.237039E-03   2.674588E-03
  -3.555949E-04   2.376667E-04  -5.629590E-04
   1.616534E-01  -1.199752E-01   5.055309E-03
  -9.125872E-02   1.756485E-01  -1.708923E-01
   1.205926E-02  -2.662901E-02  -2.653169E-02
  -9.469207E-04  -6.035142E-02   8.722233E-03
   3.859017E-02   3.233028E-02  -5.423467E-03
  -4.738447E-02   3.526502E-02   1.423504E-02
  -1.554343E-03   1.967313E-02   6.067081E-03
  -2.168090E-02   7.972155E-02   3.095055E-01
  -5.737663E-02  -4.838562E-03  -6.743594E-02
  -1.174523E-03   9.866276E-04   6.834466E-03
   5.280067E-03  -1.143193E-03   8.144843E-04
  -1.647126E-03   1.458544E-04  -5.156498E-04
   1.858276E-03  -2.272488E-03  -2.649829E-03
   3.502449E-04  -2.340755E-04   5.130063E-04
   1.590310E-01  -1.211096E-01   3.411713E-03
  -9.084038E-02   1.781516E-01  -1.707824E-01
   1.238651E-02  -2.752423E-02  -2.636355E-02
  -8.922492E-04  -6.013996E-02   8.766911E-03
   3.926490E-02   3.328823E-02  -5.726607E-03
  -4.753184E-02   3.504532E-02   1.367974E-02
  -2.146511E-03   1.967707E-02   6.278420E-03
  -2.001636E-02   7.936304E-02   3.114326E-01
  -5.685818E-02  -5.290717E-03  -6.709318E-02
  -1.116814E-03   9.369930E-04   6.886021E-03
   5.303563E-03  -1.186263E-03   9.665580E-04
  -1.653066E-03   1.441175E-04  -5.445342E-04
   1.874550E-03  -2.282492E-03  -2.639375E-03
   3.426668E-04  -2.201262E-04   6.672305E-04
  -1.595855E-01   1.209345E-01  -4.877831E-03
   9.031572E-02  -1.774774E-01   1.713920E-01
  -1.201585E-02   2.660784E-02   2.681853E-02
   1.660941E-03   6.102822E-02  -8.588386E-03
  -3.854548E-02  -3.193869E-02   5.110801E-03
   4.788272E-02  -3.647572E-02  -1.451767E-02
   9.608660E-04  -1.959885E-02  -5.952647E-03
   2.000702E-02  -8.157143E-02  -3.102497E-01
   5.683129E-02   5.960774E-03   6.716042E-02
   1.242658E-03  -1.000203E-03  -6.843897E-03
  -5.241806E-03   1.172903E-03  -8.430134E-04
   1.653852E-03  -1.474121E-04   5.023830E-04
  -1.855648E-03   2.227465E-03   2.684221E-03
  -3.632189E-04   2.496198E-04  -4.087626E-04
  -1.591972E-01   1.210193E-01  -4.068340E-03
   9.062211E-02  -1.777457E-01   1.712475E-01
  -1.224273E-02   2.717723E-02   2.650641E-02
   1.227312E-03   6.048675E-02  -8.821628E-03
  -3.903683E-02  -3.272983E-02   4.745594E-03
   4.759147E-02  -3.562765E-02  -1.475379E-02
   1.739361E-03  -1.967774E-02  -4.673683E-03
   2.001364E-02  -8.058337E-02  -3.108639E-01
   5.684285E-02   5.636244E-03   6.709347E-02
   1.223219E-03  -9.471124E-04  -6.691483E-03
  -5.278165E-03   1.199994E-03  -7.467946E-04
   1.659281E-03  -1.397337E-04   4.792591E-04
  -1.873423E-03   2.260731E-03   2.627610E-03
  -3.638846E-04   2.553988E-04  -6.809038E-04
   1.594139E-01  -1.210441E-01   4.208492E-03
  -9.053994E-02   1.779114E-01  -1.709232E-01
   1.217015E-02  -2.697059E-02  -2.667603E-02
  -1.330413E-03  -6.067848E-02   8.539993E-03
   3.877907E-02   3.250136E-02  -6.087680E-03
  -4.781863E-02   3.588317E-02   1.343977E-02
  -1.376768E-03   1.962621E-02   7.553097E-03
  -2.000560E-02   8.035820E-02   3.108225E-01
  -5.684499E-02  -5.616613E-03  -6.715413E-02
  -1.137720E-03   9.890871E-04   7.039008E-03
   5.269163E-03  -1.160980E-03   1.060913E-03
  -1.646286E-03   1.525499E-04  -5.659949E-04
   1.855852E-03  -2.248610E-03  -2.698505E-03
   3.418113E-04  -2.218681E-04   3.955210E-04
   1.592731E-01  -1.209114E-01   4.192408E-03
  -9.164084E-02   1.776755E-01  -1.707208E-01
   1.286540E-02  -2.814439E-02  -2.650014E-02
  -7.318847E-04  -5.929787E-02   8.538719E-03
   3.956733E-02   3.384791E-02  -5.521878E-03
  -4.704588E-02   3.439245E-02   1.385474E-02
  -2.853710E-03   1.962540E-02   6.048514E-03
  -1.996094E-02   8.052886E-02   3.108124E-01
  -5.688262E-02  -5.653944E-03  -6.718715E-02
  -1.189355E-03   9.531454E-04   6.794281E-03
   5.290586E-03  -1.173812E-03   9.053189E-04
  -1.657141E-03   1.479581E-04  -4.605418E-04
   1.893385E-03  -2.221424E-03  -2.571460E-03
   3.283277E-04  -2.287335E-04   6.247878E-04
  -1.593542E-01   1.211005E-01  -4.113724E-03
   8.953444E-02  -1.779181E-01   1.714441E-01
  -1.154808E-02   2.599223E-02   2.668131E-02
   1.812677E-03   6.184427E-02  -8.815279E-03
  -3.824023E-02  -3.138796E-02   5.308618E-03
   4.834653E-02  -3.710212E-02  -1.433484E-02
   2.730231E-04  -1.965178E-02  -6.180413E-03
   2.006784E-02  -8.039862E-02  -3.108579E-01
   5.681181E-02   5.597872E-03   6.707223E-02
   1.171820E-03  -9.842859E-04  -6.931976E-03
  -5.256517E-03   1.184386E-03  -9.059239E-04
   1.647025E-03  -1.438625E-04   5.837861E-04
  -1.834051E-03   2.289557E-03   2.754132E-03
  -3.771903E-04   2.433179E-04  -4.510359E-04
  -1.589796E-01   1.208489E-01  -3.797529E-03
   9.072988E-02  -1.774384E-01   1.709256E-01
  -1.205901E-02   2.741993E-02   2.755597E-02
   9.312260E-04   6.033019E-02  -7.795260E-03
  -3.911592E-02  -3.290519E-02   4.980336E-03
   4.763188E-02  -3.537460E-02  -1.449914E-02
   1.864352E-03  -1.964077E-02  -6.335189E-03
   2.003051E-02  -8.054434E-02  -3.111089E-01
   5.688674E-02   5.555246E-03   6.703876E-02
   9.725784E-04  -9.711066E-04  -7.165847E-03
  -5.324896E-03   1.171288E-03  -1.282030E-03
   1.643341E-03  -1.455794E-04   5.732445E-04
  -1.865284E-03   2.273811E-03   2.706235E-03
  -3.379647E-04   2.434464E-04  -3.104874E-04
  -1.596470E-01   1.211747E-01  -4.483716E-03
   9.043203E-02  -1.781775E-01   1.712371E-01
  -1.232794E-02   2.672184E-02   2.562246E-02
   1.605866E-03   6.083933E-02  -9.559766E-03
  -3.869584E-02  -3.232516E-02   5.854798E-03
   4.777682E-02  -3.614147E-02  -1.369407E-02
   1.248921E-03  -1.963309E-02  -5.893407E-03
   1.999707E-02  -8.039170E-02  -3.105737E-01
   5.680351E-02   5.696976E-03   6.721603E-02
   1.380759E-03  -9.707939E-04  -6.560879E-03
  -5.214136E-03   1.183895E-03  -5.294638E-04
   1.662814E-03  -1.460810E-04   4.724143E-04
  -1.864658E-03   2.236198E-03   2.617958E-03
  -3.679178E-04   2.276957E-04  -7.657411E-04
  -1.588311E-01   1.212429E-01  -2.831408E-03
   9.052236E-02  -1.783959E-01   1.711993E-01
  -1.222611E-02   2.728517E-02   2.584768E-02
   8.526980E-04   6.033082E-02  -9.359170E-03
  -3.929259E-02  -3.320757E-02   5.532122E-03
   4.766978E-02  -3.508906E-02  -1.385583E-02
   1.985956E-03  -1.974107E-02  -5.996185E-03
   2.004977E-02  -7.863406E-02  -3.118769E-01
   5.683125E-02   5.051399E-03   6.701568E-02
   1.169609E-03  -9.027027E-04  -6.692571E-03
  -5.302028E-03   1.214941E-03  -7.611107E-04
   1.661851E-03  -1.343135E-04   5.592571E-04
  -1.878124E-03   2.324547E-03   2.642842E-03
  -3.379534E-04   2.350227E-04  -5.015014E-04
   1.597681E-01  -1.208383E-01   5.425851E-03
  -9.061907E-02   1.772890E-01  -1.709848E-01
   1.218271E-02  -2.685193E-02  -2.733390E-02
  -1.719188E-03  -6.085783E-02   8.007818E-03
   3.852145E-02   3.202260E-02  -5.308556E-03
  -4.775793E-02   3.645617E-02   1.434097E-02
  -1.111058E-03   1.952977E-02   6.234710E-03
  -1.996527E-02   8.230761E-02   3.098130E-01
  -5.685201E-02  -6.202784E-03  -6.722528E-02
  -1.190250E-03   1.032886E-03   7.039398E-03
   5.244587E-03  -1.146713E-03   1.048288E-03
  -1.645092E-03   1.564672E-04  -4.872480E-04
   1.852149E-03  -2.185352E-03  -2.680551E-03
   3.681679E-04  -2.370792E-04   5.757168E-04
   1.580137E-01  -1.178133E-01   2.781613E-03
  -9.084906E-02   1.744949E-01  -1.690790E-01
   1.175743E-02  -2.534702E-02  -2.708714E-02
  -2.038149E-03  -6.091120E-02   8.652042E-03
   3.751917E-02   3.075455E-02  -5.861476E-03
  -4.779494E-02   3.669811E-02   1.402185E-02
  -7.683398E-04   1.959588E-02   6.228492E-03
  -1.632104E-02   8.402550E-02   3.117284E-01
  -5.721724E-02  -9.148607E-03  -6.839758E-02
  -1.149357E-03   1.035024E-03   7.095431E-03
   5.246911E-03  -1.158812E-03   9.259608E-04
  -1.629274E-03   1.999715E-04  -5.319533E-04
   1.848873E-03  -2.200321E-03  -2.782480E-03
   4.005695E-04  -2.240015E-04   6.156564E-04
   1.605996E-01  -1.242942E-01   5.327990E-03
  -9.037938E-02   1.811137E-01  -1.730777E-01
   1.270132E-02  -2.882876E-02  -2.605661E-02
  -4.735219E-04  -6.016507E-02   8.667101E-03
   4.032411E-02   3.456401E-02  -4.988412E-03
  -4.754693E-02   3.470480E-02   1.418437E-02
  -2.436402E-03   1.968260E-02   6.004689E-03
  -2.369529E-02   7.694120E-02   3.099159E-01
  -5.649917E-02  -2.137257E-03  -6.570324E-02
  -1.211183E-03   8.988121E-04   6.632015E-03
   5.301995E-03  -1.203826E-03   8.820372E-04
  -1.676856E-03   9.502526E-05  -5.141609E-04
   1.881864E-03  -2.308056E-03  -2.537878E-03
   3.027466E-04  -2.487315E-04   4.588504E-04
  -1.593348E-01   1.214589E-01  -4.800945E-03
   8.985440E-02  -1.781483E-01   1.716171E-01
  -1.213175E-02   2.694665E-02   2.750750E-02
   1.253356E-03   6.088954E-02  -9.697611E-03
  -3.879253E-02  -3.240056E-02   5.435548E-03
   4.800031E-02  -3.603354E-02  -1.414554E-02
   1.269459E-03  -1.968459E-02  -6.110090E-03
   2.132344E-02  -8.059503E-02  -3.109290E-01
   5.666408E-02   5.603826E-03   6.758871E-02
   1.078191E-03  -9.585758E-04  -7.110679E-03
  -5.237720E-03   1.176970E-03  -6.542300E-04
   1.649278E-03  -1.396303E-04   4.816604E-04
  -1.860374E-03   2.314870E-03   2.700612E-03
  -3.667477E-04   2.384521E-04  -5.343250E-04
  -1.592945E-01   1.205738E-01  -3.492858E-03
   9.131887E-02  -1.774588E-01   1.705512E-01
  -1.226944E-02   2.719451E-02   2.567927E-02
   1.284768E-03   6.026380E-02  -7.658809E-03
  -3.902986E-02  -3.284549E-02   5.399348E-03
   4.741147E-02  -3.547368E-02  -1.405285E-02
   1.855323E-03  -1.958882E-02  -6.120794E-03
   1.870717E-02  -8.033467E-02  -3.107463E-01
   5.702351E-02   5.647392E-03   6.667017E-02
   1.279749E-03  -9.797828E-04  -6.623193E-03
  -5.306668E-03   1.182378E-03  -1.153462E-03
   1.656683E-03  -1.518023E-04   5.643255E-04
  -1.869441E-03   2.196409E-03   2.625110E-03
  -3.386936E-04   2.339580E-04  -5.404406E-04
   1.593767E-01  -1.210685E-01   4.323190E-03
  -8.922239E-02   1.778317E-01  -1.713305E-01
   1.158074E-02  -2.589517E-02  -2.675807E-02
  -1.852059E-03  -6.190120E-02   8.854014E-03
   3.823092E-02   3.139139E-02  -5.302350E-03
  -4.845124E-02   3.715478E-02   1.415843E-02
  -1.868761E-04   1.964780E-02   6.053983E-03
  -2.031779E-02   8.050943E-02   3.108309E-01
  -5.682710E-02  -5.620331E-03  -6.720779E-02
  -1.197137E-03   9.735065E-04   6.828869E-03
   5.249874E-03  -1.177057E-03   9.375678E-04
  -1.673236E-03   1.174862E-04  -4.747785E-04
   1.838499E-03  -2.291326E-03  -2.719384E-03
   3.796837E-04  -2.392715E-04   5.329351E-04
   1.592468E-01  -1.209529E-01   3.979322E-03
  -9.195877E-02   1.777736E-01  -1.708451E-01
   1.283623E-02  -2.825210E-02  -2.642261E-02
  -6.912480E-04  -5.923906E-02   8.499049E-03
   3.958399E-02   3.385620E-02  -5.526672E-03
  -4.694125E-02   3.434064E-02   1.403801E-02
  -2.945971E-03   1.962658E-02   6.177892E-03
  -1.970871E-02   8.041910E-02   3.108400E-01
  -5.686522E-02  -5.631612E-03  -6.704752E-02
  -1.163335E-03   9.641864E-04   6.903470E-03
   5.297320E-03  -1.181325E-03   8.736630E-04
  -1.631753E-03   1.737835E-04  -5.708664E-04
   1.890175E-03  -2.220002E-03  -2.605884E-03
   3.254619E-04  -2.330469E-04   5.368820E-04
  -1.592993E-01   1.209133E-01  -4.176510E-03
   9.067369E-02  -1.781763E-01   1.709979E-01
  -1.215526E-02   2.734318E-02   2.755705E-02
   1.246742E-03   6.068803E-02  -9.624700E-03
  -3.886176E-02  -3.245710E-02   4.988659E-03
   4.780876E-02  -3.595028E-02  -1.368226E-02
   1.733819E-03  -1.962761E-02  -6.151244E-03
   2.026275E-02  -8.047018E-02  -3.106943E-01
   5.663072E-02   5.687030E-03   6.699211E-02
   1.017042E-03  -9.233554E-04  -7.072464E-03
  -5.221190E-03   1.138265E-03  -6.530175E-04
   1.636404E-03  -1.540164E-04   5.669116E-04
  -1.874110E-03   2.249843E-03   2.665416E-03
  -3.673015E-04   2.362934E-04  -5.293117E-04
  -1.593225E-01   1.211243E-01  -4.106061E-03
   9.049793E-02  -1.774619E-01   1.711647E-01
  -1.224177E-02   2.680962E-02   2.562909E-02
   1.291395E-03   6.047303E-02  -7.721597E-03
  -3.895228E-02  -3.277787E-02   5.844284E-03
   4.759282E-02  -3.555148E-02  -1.451231E-02
   1.389545E-03  -1.964793E-02  -6.079086E-03
   1.976228E-02  -8.046855E-02  -3.109906E-01
   5.705829E-02   5.564491E-03   6.726126E-02
   1.339063E-03  -1.018407E-03  -6.656975E-03
  -5.322157E-03   1.218201E-03  -1.161991E-03
   1.669464E-03  -1.377865E-04   4.781653E-04
  -1.855756E-03   2.260341E-03   2.659822E-03
  -3.383409E-04   2.354674E-04  -5.458738E-04
   1.586915E-01  -1.192032E-01   1.831292E-03
  -9.300810E-02   1.764472E-01  -1.699322E-01
   1.266809E-02  -2.783744E-02  -2.690189E-02
  -5.219513E-04  -5.933704E-02   9.003514E-03
   3.932318E-02   3.342425E-02  -5.542314E-03
  -4.715171E-02   3.445764E-02   1.392128E-02
  -3.010108E-03   1.976574E-02   6.185400E-03
  -1.660974E-02   8.064348E-02   3.125761E-01
  -5.761569E-02  -6.876321E-03  -6.779657E-02
  -1.186372E-03   9.537974E-04   6.942585E-03
   5.298683E-03  -1.156056E-03   9.345083E-04
  -1.638488E-03   1.748255E-04  -5.141435E-04
   1.883288E-03  -2.288332E-03  -2.716178E-03
   3.446358E-04  -2.316603E-04   5.613607E-04
  -1.599005E-01   1.228357E-01  -6.421808E-03
   8.811272E-02  -1.791852E-01   1.722292E-01
  -1.173197E-02   2.627311E-02   2.627994E-02
   2.059597E-03   6.185721E-02  -8.354700E-03
  -3.846827E-02  -3.177801E-02   5.292567E-03
   4.827190E-02  -3.709159E-02  -1.427048E-02
   6.589254E-05  -1.950282E-02  -6.039891E-03
   2.338852E-02  -8.029227E-02  -3.090970E-01
   5.608411E-02   4.383112E-03   6.642921E-02
   1.175390E-03  -9.840383E-04  -6.790568E-03
  -5.249572E-03   1.203639E-03  -8.736524E-04
   1.668257E-03  -1.168989E-04   5.311896E-04
  -1.846432E-03   2.220601E-03   2.608237E-03
  -3.616409E-04   2.399201E-04  -5.157126E-04
   1.603145E-01  -1.233808E-01   4.979053E-03
  -9.075902E-02   1.795277E-01  -1.715228E-01
   1.231065E-02  -2.758326E-02  -2.687528E-02
  -1.290308E-03  -6.081553E-02   8.878991E-03
   3.920132E-02   3.297723E-02  -5.279062E-03
  -4.784938E-02   3.582022E-02   1.394589E-02
  -1.699196E-03   1.963314E-02   6.147296E-03
  -2.038199E-02   8.049895E-02   3.096930E-01
  -5.710443E-02  -4.340282E-03  -6.633729E-02
  -1.209398E-03   9.863070E-04   6.817896E-03
   5.267814E-03  -1.168339E-03   9.759186E-04
  -1.654893E-03   1.319514E-04  -5.098284E-04
   1.864250E-03  -2.271075E-03  -2.683158E-03
   3.480626E-04  -2.427944E-04   5.447887E-04
   1.583335E-01  -1.186274E-01   3.283281E-03
  -9.041620E-02   1.760533E-01  -1.706388E-01
   1.210384E-02  -2.654692E-02  -2.630727E-02
  -1.262261E-03  -6.033036E-02   8.476483E-03
   3.860089E-02   3.225031E-02  -5.555905E-03
  -4.754704E-02   3.568176E-02   1.424811E-02
  -1.417345E-03   1.963763E-02   6.080786E-03
  -1.965938E-02   8.042800E-02   3.119911E-01
  -5.659667E-02  -6.913957E-03  -6.790064E-02
  -1.150993E-03   9.513408E-04   6.912952E-03
   5.279257E-03  -1.190505E-03   8.303793E-04
  -1.651206E-03   1.605654E-04  -5.351465E-04
   1.865577E-03  -2.238400E-03  -2.641461E-03
   3.575824E-04  -2.287442E-04   5.310754E-04
