0
    7.971050000000000e-02
1    1,1    
    2.354319255359129e-04
1    1,2    
   -1.876935331289148e-04
1    1,3    
    5.167617709554833e-05
1    1,4    
   -3.840574296928110e-05
1    1,5    
    7.046749990998927e-06
1    1,6    
    4.163785082164470e-04
1    1,7    
   -1.647540771475850e-04
1    1,8    
   -3.161119650741899e-04
1    1,9    
    7.355312895075907e-04
1    1,10    
   -7.537187115403897e-07
1    1,11    
   -1.729398322348483e-05
1    1,12    
    1.643100440973056e-05
1    1,13    
    3.752369665584349e-04
2    1,1    1,1    
    2.785476318983420e-07
2    1,2    1,1    
    4.263501908008632e-07
2    1,3    1,1    
   -8.897939420472894e-07
2    1,4    1,1    
    5.589680009541999e-08
2    1,5    1,1    
    5.194538570963764e-07
2    1,6    1,1    
   -1.342293664429545e-07
2    1,7    1,1    
   -8.024508451770625e-07
2    1,8    1,1    
   -1.071977915117332e-06
2    1,9    1,1    
   -1.181677386936507e-06
2    1,10    1,1    
   -1.786684469916010e-07
2    1,11    1,1    
    2.731357047510038e-07
2    1,12    1,1    
   -7.533121729680489e-07
2    1,13    1,1    
    1.899243140751420e-08
2    1,2    1,2    
   -4.326564024104316e-07
2    1,3    1,2    
   -7.676700711866400e-07
2    1,4    1,2    
   -6.942297229759907e-07
2    1,5    1,2    
    1.870729702691527e-06
2    1,6    1,2    
   -1.381387525376688e-06
2    1,7    1,2    
   -4.078162624202913e-06
2    1,8    1,2    
   -1.039275387114039e-06
2    1,9    1,2    
   -6.896943848820267e-06
2    1,10    1,2    
    1.935589564962383e-07
2    1,11    1,2    
    7.821418505422367e-07
2    1,12    1,2    
   -1.815825992296127e-06
2    1,13    1,2    
   -1.621222062168798e-06
2    1,3    1,3    
   -4.902728098347901e-07
2    1,4    1,3    
   -1.711634126377239e-07
2    1,5    1,3    
    3.412864214509510e-07
2    1,6    1,3    
   -1.035101761844624e-06
2    1,7    1,3    
   -1.065852049500026e-06
2    1,8    1,3    
   -4.407539702573647e-07
2    1,9    1,3    
   -1.355147573315205e-06
2    1,10    1,3    
    1.679918786567407e-07
2    1,11    1,3    
    5.230591862421605e-07
2    1,12    1,3    
   -8.473125780215294e-07
2    1,13    1,3    
   -9.266856227119787e-07
2    1,4    1,4    
    1.828539888433229e-07
2    1,5    1,4    
    1.035615927235362e-07
2    1,6    1,4    
    7.328652696074617e-07
2    1,7    1,4    
    4.719267100359814e-07
2    1,8    1,4    
    4.881489237303353e-07
2    1,9    1,4    
   -3.890523007024344e-07
2    1,10    1,4    
    4.468812445457504e-07
2    1,11    1,4    
   -5.119338502370531e-07
2    1,12    1,4    
    2.146203613024135e-06
2    1,13    1,4    
    3.641202641094878e-07
2    1,5    1,5    
   -3.837789817924107e-08
2    1,6    1,5    
    9.913966061585010e-07
2    1,7    1,5    
   -8.760463035528317e-07
2    1,8    1,5    
   -1.372483507392228e-06
2    1,9    1,5    
    2.196745186356358e-06
2    1,10    1,5    
   -1.114389856917331e-07
2    1,11    1,5    
    1.054319612523266e-06
2    1,12    1,5    
   -1.016783851036875e-06
2    1,13    1,5    
    1.625007207166376e-07
2    1,6    1,6    
    8.472048951019571e-07
2    1,7    1,6    
   -9.076753475541058e-07
2    1,8    1,6    
   -4.551575022013898e-07
2    1,9    1,6    
    1.398206569737470e-06
2    1,10    1,6    
    9.280888976586877e-07
2    1,11    1,6    
    2.851940910273980e-07
2    1,12    1,6    
    6.450865194991484e-07
2    1,13    1,6    
   -8.622264174180796e-07
2    1,7    1,7    
    6.540061243712272e-07
2    1,8    1,7    
    8.524319619402842e-07
2    1,9    1,7    
    2.389161230439932e-06
2    1,10    1,7    
    2.847870940972406e-07
2    1,11    1,7    
   -1.018032074083063e-07
2    1,12    1,7    
   -2.724975349247094e-07
2    1,13    1,7    
    1.369552922303113e-06
2    1,8    1,8    
    1.472731997510527e-06
2    1,9    1,8    
   -1.298823458892895e-06
2    1,10    1,8    
    4.513416306955839e-07
2    1,11    1,8    
   -8.538993251257616e-07
2    1,12    1,8    
    3.256382740531447e-06
2    1,13    1,8    
    4.008092006560478e-07
2    1,9    1,9    
    1.890232936231478e-06
2    1,10    1,9    
    5.527982544177357e-07
2    1,11    1,9    
    8.408729287790158e-07
2    1,12    1,9    
    1.281402557658727e-07
2    1,13    1,9    
   -1.330729073391677e-06
2    1,10    1,10    
    6.626893437036756e-07
2    1,11    1,10    
    3.934594580272833e-07
2    1,12    1,10    
    9.994835181171517e-07
2    1,13    1,10    
    5.873645624979542e-07
2    1,11    1,11    
    5.642337641932138e-07
2    1,12    1,11    
   -4.037943086336490e-07
2    1,13    1,11    
   -1.040866824356641e-07
2    1,12    1,12    
    7.247887723939734e-07
2    1,13    1,12    
    4.757215213969383e-07
2    1,13    1,13    
   -5.077887918062459e-07
2    2,1    2,1    
    2.705598871021890e-07
2    2,2    2,1    
   -9.915717015513475e-08
2    2,3    2,1    
   -5.973767345748270e-07
2    2,4    2,1    
   -6.523718649746489e-07
2    2,5    2,1    
    3.763853102301103e-08
2    2,6    2,1    
    3.174350932886597e-07
2    2,7    2,1    
   -2.011404038473220e-07
2    2,2    2,2    
   -1.863250756794887e-06
2    2,3    2,2    
   -1.084426040602330e-06
2    2,4    2,2    
   -5.066461241364068e-07
2    2,5    2,2    
   -4.881942739944445e-07
2    2,6    2,2    
    8.013542050857948e-08
2    2,7    2,2    
   -1.394173158614608e-07
2    2,3    2,3    
    2.326152892791202e-06
2    2,4    2,3    
    4.070776389337371e-06
2    2,5    2,3    
    6.954480867642413e-07
2    2,6    2,3    
   -2.266346144082550e-06
2    2,7    2,3    
    1.723278419323587e-06
2    2,4    2,4    
    1.128657141124295e-06
2    2,5    2,4    
    4.077146702880075e-07
2    2,6    2,4    
   -4.526677880804610e-06
2    2,7    2,4    
    2.342230041299588e-06
2    2,5    2,5    
    8.065651036445364e-08
2    2,6    2,5    
    1.967431105562467e-06
2    2,7    2,5    
   -5.338949898262078e-07
2    2,6    2,6    
   -2.880995445242616e-07
2    2,7    2,6    
   -1.539546024924560e-06
2    2,7    2,7    
    2.024838949070307e-06
2    3,1    3,1    
   -3.897989268352915e-05
2    3,2    3,1    
    6.135707525360204e-06
2    3,3    3,1    
    2.204106048419818e-06
2    3,4    3,1    
   -1.448392932879516e-05
2    3,5    3,1    
   -4.798689970256487e-06
2    3,6    3,1    
    7.903272450820728e-06
2    3,7    3,1    
   -3.580610544745450e-06
2    3,8    3,1    
    5.710037293673458e-06
2    3,9    3,1    
    9.436853327749200e-06
2    3,10    3,1    
   -8.298229824508721e-06
2    3,11    3,1    
   -3.681010245827364e-06
2    3,12    3,1    
    6.442915453677144e-06
2    3,2    3,2    
   -1.677497439701638e-07
2    3,3    3,2    
   -1.352035563787085e-06
2    3,4    3,2    
    4.698219450364465e-06
2    3,5    3,2    
    4.259439399372505e-07
2    3,6    3,2    
    9.609834178732919e-07
2    3,7    3,2    
    1.421927620159684e-06
2    3,8    3,2    
   -1.152575924366463e-06
2    3,9    3,2    
   -6.959664053224154e-06
2    3,10    3,2    
    3.287736697683813e-06
2    3,11    3,2    
    2.813996780856311e-06
2    3,12    3,2    
   -1.632832954050520e-06
2    3,3    3,3    
    6.116087777764965e-07
2    3,4    3,3    
   -1.664529085697010e-06
2    3,5    3,3    
    7.682333161884672e-07
2    3,6    3,3    
   -3.366413770573251e-07
2    3,7    3,3    
    3.268214635121028e-07
2    3,8    3,3    
   -1.957026508277901e-06
2    3,9    3,3    
    3.677228692269628e-06
2    3,10    3,3    
   -9.944097369190933e-07
2    3,11    3,3    
   -1.795154137504378e-06
2    3,12    3,3    
   -1.755982773907987e-08
2    3,4    3,4    
    5.384324797234194e-06
2    3,5    3,4    
   -4.504195273930038e-06
2    3,6    3,4    
    8.983836778877165e-07
2    3,7    3,4    
   -1.347590614719532e-06
2    3,8    3,4    
    3.439004979308258e-07
2    3,9    3,4    
   -1.795275645932979e-05
2    3,10    3,4    
    5.539373701099249e-06
2    3,11    3,4    
    7.163731280042351e-06
2    3,12    3,4    
   -1.612747644535641e-07
2    3,5    3,5    
   -5.588532586551583e-08
2    3,6    3,5    
    1.370053763222797e-06
2    3,7    3,5    
   -2.558004980089627e-06
2    3,8    3,5    
   -1.172721920607854e-06
2    3,9    3,5    
    4.154238420747790e-06
2    3,10    3,5    
   -2.681434689432498e-06
2    3,11    3,5    
   -2.958942986073291e-06
2    3,12    3,5    
    2.319312502879476e-06
2    3,6    3,6    
   -2.950140686394111e-08
2    3,7    3,6    
    2.498245915243534e-06
2    3,8    3,6    
    8.603243566718746e-07
2    3,9    3,6    
   -3.560980572807717e-06
2    3,10    3,6    
    1.984448131658179e-07
2    3,11    3,6    
   -1.301432424448158e-06
2    3,12    3,6    
   -5.131978060673409e-07
2    3,7    3,7    
   -1.169433201909473e-06
2    3,8    3,7    
    4.420521940492238e-07
2    3,9    3,7    
    2.615981917849841e-07
2    3,10    3,7    
   -1.002891939051553e-06
2    3,11    3,7    
   -4.553471660898488e-07
2    3,12    3,7    
    1.591193746508906e-08
2    3,8    3,8    
   -1.028069077395033e-06
2    3,9    3,8    
   -4.665286650588121e-06
2    3,10    3,8    
    1.845373686843891e-06
2    3,11    3,8    
    1.244822087497244e-06
2    3,12    3,8    
   -9.137895367782760e-07
2    3,9    3,9    
    1.783369954561770e-05
2    3,10    3,9    
   -9.460490259928390e-06
2    3,11    3,9    
   -9.608466838835774e-06
2    3,12    3,9    
    6.564470007706869e-07
2    3,10    3,10    
    4.513488642867301e-06
2    3,11    3,10    
    5.939445175503544e-06
2    3,12    3,10    
    1.542011404891595e-07
2    3,11    3,11    
    3.573307957613960e-06
2    3,12    3,11    
   -1.342898159421154e-06
2    3,12    3,12    
    1.259980614190336e-06
2    4,1    4,1    
   -1.392043356070284e-05
2    4,2    4,1    
   -4.363742727810941e-06
2    4,3    4,1    
    7.073215339535803e-06
2    4,4    4,1    
   -8.746380690251838e-06
2    4,2    4,2    
    1.067526613975590e-06
2    4,3    4,2    
    1.405376872335437e-06
2    4,4    4,2    
    2.120115520322740e-06
2    4,3    4,3    
    2.009915545939252e-06
2    4,4    4,3    
    1.727812273465790e-06
2    4,4    4,4    
    3.592813711762403e-06
4    2,1    2,1    2,1    2,1    
    1.433266451475824e-16
4    2,2    2,1    2,1    2,1    
   -2.478400827053439e-14
4    2,3    2,1    2,1    2,1    
   -2.656378387604429e-15
4    2,4    2,1    2,1    2,1    
    4.301902196608357e-16
4    2,5    2,1    2,1    2,1    
   -1.367191588242933e-15
4    2,6    2,1    2,1    2,1    
   -6.271822307927612e-16
4    2,7    2,1    2,1    2,1    
   -1.087019649897047e-16
4    2,2    2,2    2,1    2,1    
    1.607116733218285e-12
4    2,3    2,2    2,1    2,1    
    3.445052236811923e-13
4    2,4    2,2    2,1    2,1    
   -5.579129033020384e-14
4    2,5    2,2    2,1    2,1    
    1.773108251898694e-13
4    2,6    2,2    2,1    2,1    
    8.133914796038645e-14
4    2,7    2,2    2,1    2,1    
    1.409753781242551e-14
4    2,3    2,3    2,1    2,1    
    1.846223219049581e-14
4    2,4    2,3    2,1    2,1    
   -5.979774386450440e-15
4    2,5    2,3    2,1    2,1    
    1.900437728963526e-14
4    2,6    2,3    2,1    2,1    
    8.718023023136707e-15
4    2,7    2,3    2,1    2,1    
    1.510990246395519e-15
4    2,4    2,4    2,1    2,1    
    4.842006825596161e-16
4    2,5    2,4    2,1    2,1    
   -3.077685498005576e-15
4    2,6    2,4    2,1    2,1    
   -1.411850155396570e-15
4    2,7    2,4    2,1    2,1    
   -2.446990342322664e-16
4    2,5    2,5    2,1    2,1    
    4.890610632022188e-15
4    2,6    2,5    2,1    2,1    
    4.487014274381931e-15
4    2,7    2,5    2,1    2,1    
    7.776803050457205e-16
4    2,6    2,6    2,1    2,1    
    1.029181150032712e-15
4    2,7    2,6    2,1    2,1    
    3.567512210845341e-16
4    2,7    2,7    2,1    2,1    
    3.091570267810992e-17
4    2,2    2,2    2,2    2,1    
   -4.631703845294863e-11
4    2,3    2,2    2,2    2,1    
   -1.489293966269361e-11
4    2,4    2,2    2,2    2,1    
    2.411854054673101e-12
4    2,5    2,2    2,2    2,1    
   -7.665136083796640e-12
4    2,6    2,2    2,2    2,1    
   -3.516286371059391e-12
4    2,7    2,2    2,2    2,1    
   -6.094356938613146e-13
4    2,3    2,3    2,2    2,1    
   -1.596242327554028e-12
4    2,4    2,3    2,2    2,1    
    5.170105589826446e-13
4    2,5    2,3    2,2    2,1    
   -1.643116126236284e-12
4    2,6    2,3    2,2    2,1    
   -7.537591997832858e-13
4    2,7    2,3    2,2    2,1    
   -1.306400311149509e-13
4    2,4    2,4    2,2    2,1    
   -4.186393154182589e-14
4    2,5    2,4    2,2    2,1    
    2.660963101387454e-13
4    2,6    2,4    2,2    2,1    
    1.220683910241308e-13
4    2,7    2,4    2,2    2,1    
    2.115664844439627e-14
4    2,5    2,5    2,2    2,1    
   -4.228415945520576e-13
4    2,6    2,5    2,2    2,1    
   -3.879467030424785e-13
4    2,7    2,5    2,2    2,1    
   -6.723814365514002e-14
4    2,6    2,6    2,2    2,1    
   -8.898287582195277e-14
4    2,7    2,6    2,2    2,1    
   -3.084466675675719e-14
4    2,7    2,7    2,2    2,1    
   -2.672967856307153e-15
4    2,3    2,3    2,3    2,1    
   -5.702902686292672e-14
4    2,4    2,3    2,3    2,1    
    2.770689188071291e-14
4    2,5    2,3    2,3    2,1    
   -8.805553400431190e-14
4    2,6    2,3    2,3    2,1    
   -4.039438709643308e-14
4    2,7    2,3    2,3    2,1    
   -7.001074068037399e-15
4    2,4    2,4    2,3    2,1    
   -4.487024122731212e-15
4    2,5    2,4    2,3    2,1    
    2.852050723829942e-14
4    2,6    2,4    2,3    2,1    
    1.308342993540956e-14
4    2,7    2,4    2,3    2,1    
    2.267593807602750e-15
4    2,5    2,5    2,3    2,1    
   -4.532064631707218e-14
4    2,6    2,5    2,3    2,1    
   -4.158057188552627e-14
4    2,7    2,5    2,3    2,1    
   -7.206661234071027e-15
4    2,6    2,6    2,3    2,1    
   -9.537286528480784e-15
4    2,7    2,6    2,3    2,1    
   -3.305966704462528e-15
4    2,7    2,7    2,3    2,1    
   -2.864917557624170e-16
4    2,4    2,4    2,4    2,1    
    2.422187418766001e-16
4    2,5    2,4    2,4    2,1    
   -2.309392993659142e-15
4    2,6    2,4    2,4    2,1    
   -1.059405471768416e-15
4    2,7    2,4    2,4    2,1    
   -1.836140293013561e-16
4    2,5    2,5    2,4    2,1    
    7.339503620903430e-15
4    2,6    2,5    2,4    2,1    
    6.733813012681918e-15
4    2,7    2,5    2,4    2,1    
    1.167090951263947e-15
4    2,6    2,6    2,4    2,1    
    1.544526715697119e-15
4    2,7    2,6    2,4    2,1    
    5.353885385533138e-16
4    2,7    2,7    2,4    2,1    
    4.639623327668995e-17
4    2,5    2,5    2,5    2,1    
   -7.775248524779711e-15
4    2,6    2,5    2,5    2,1    
   -1.070039727425452e-14
4    2,7    2,5    2,5    2,1    
   -1.854571371404631e-15
4    2,6    2,6    2,5    2,1    
   -4.908674900099850e-15
4    2,7    2,6    2,5    2,1    
   -1.701523356176865e-15
4    2,7    2,7    2,5    2,1    
   -1.474523058940251e-16
4    2,6    2,6    2,6    2,1    
   -7.505979655803303e-16
4    2,7    2,6    2,6    2,1    
   -3.902763970499834e-16
4    2,7    2,7    2,6    2,1    
   -6.764192154298040e-17
4    2,7    2,7    2,7    2,1    
   -3.907854010312879e-18
4    2,2    2,2    2,2    2,2    
    5.005706819650194e-10
4    2,3    2,2    2,2    2,2    
    2.146069556668393e-10
4    2,4    2,2    2,2    2,2    
   -3.475476755490332e-11
4    2,5    2,2    2,2    2,2    
    1.104544540549165e-10
4    2,6    2,2    2,2    2,2    
    5.066961462525454e-11
4    2,7    2,2    2,2    2,2    
    8.781955872815873e-12
4    2,3    2,3    2,2    2,2    
    3.450272889519265e-11
4    2,4    2,3    2,2    2,2    
   -1.117516735686639e-11
4    2,5    2,3    2,2    2,2    
    3.551590461438305e-11
4    2,6    2,3    2,2    2,2    
    1.629248195806900e-11
4    2,7    2,3    2,2    2,2    
    2.823780261061970e-12
4    2,4    2,4    2,2    2,2    
    9.048875947850930e-13
4    2,5    2,4    2,2    2,2    
   -5.751663572783866e-12
4    2,6    2,4    2,2    2,2    
   -2.638504523703278e-12
4    2,7    2,4    2,2    2,2    
   -4.573003064806879e-13
4    2,5    2,5    2,2    2,2    
    9.139708082291039e-12
4    2,6    2,5    2,2    2,2    
    8.385456073808686e-12
4    2,7    2,5    2,2    2,2    
    1.453350410463158e-12
4    2,6    2,6    2,2    2,2    
    1.923362128545931e-12
4    2,7    2,6    2,2    2,2    
    6.667065248180079e-13
4    2,7    2,7    2,2    2,2    
    5.777611813680488e-14
4    2,3    2,3    2,3    2,2    
    2.465361328969796e-12
4    2,4    2,3    2,3    2,2    
   -1.197767234444289e-12
4    2,5    2,3    2,3    2,2    
    3.806635327265945e-12
4    2,6    2,3    2,3    2,2    
    1.746246873444753e-12
4    2,7    2,3    2,3    2,2    
    3.026560020054123e-13
4    2,4    2,4    2,3    2,2    
    1.939737772647738e-13
4    2,5    2,4    2,3    2,2    
   -1.232939776386324e-12
4    2,6    2,4    2,3    2,2    
   -5.655958726171597e-13
4    2,7    2,4    2,3    2,2    
   -9.802794104329020e-14
4    2,5    2,5    2,3    2,2    
    1.959208757017410e-12
4    2,6    2,5    2,3    2,2    
    1.797525569030274e-12
4    2,7    2,5    2,3    2,2    
    3.115435225673539e-13
4    2,6    2,6    2,3    2,2    
    4.122963109143685e-13
4    2,7    2,6    2,3    2,2    
    1.429167376051093e-13
4    2,7    2,7    2,3    2,2    
    1.238502100733681e-14
4    2,4    2,4    2,4    2,2    
   -1.047110133598447e-14
4    2,5    2,4    2,4    2,2    
    9.983491728950133e-14
4    2,6    2,4    2,4    2,2    
    4.579803348344942e-14
4    2,7    2,4    2,4    2,2    
    7.937623210438541e-15
4    2,5    2,5    2,4    2,2    
   -3.172862907918905e-13
4    2,6    2,5    2,4    2,2    
   -2.911023229956554e-13
4    2,7    2,5    2,4    2,2    
   -5.045327014877005e-14
4    2,6    2,6    2,4    2,2    
   -6.676979506581373e-14
4    2,7    2,6    2,4    2,2    
   -2.314481364192888e-14
4    2,7    2,7    2,4    2,2    
   -2.005706315226836e-15
4    2,5    2,5    2,5    2,2    
    3.361235162261300e-13
4    2,6    2,5    2,5    2,2    
    4.625775170242329e-13
4    2,7    2,5    2,5    2,2    
    8.017300649132650e-14
4    2,6    2,6    2,5    2,2    
    2.122017144756482e-13
4    2,7    2,6    2,5    2,2    
    7.355675019214349e-14
4    2,7    2,7    2,5    2,2    
    6.374354128333771e-15
4    2,6    2,6    2,6    2,2    
    3.244830395568460e-14
4    2,7    2,6    2,6    2,2    
    1.687162467648868e-14
4    2,7    2,7    2,6    2,2    
    2.924156114220510e-15
4    2,7    2,7    2,7    2,2    
    1.689362888734110e-16
4    2,3    2,3    2,3    2,3    
    6.606006260594557e-14
4    2,4    2,3    2,3    2,3    
   -4.279268793312012e-14
4    2,5    2,3    2,3    2,3    
    1.359998445027248e-13
4    2,6    2,3    2,3    2,3    
    6.238824653120337e-14
4    2,7    2,3    2,3    2,3    
    1.081300562618269e-14
4    2,4    2,4    2,3    2,3    
    1.039516578722136e-14
4    2,5    2,4    2,3    2,3    
   -6.607394856110273e-14
4    2,6    2,4    2,3    2,3    
   -3.031060665688876e-14
4    2,7    2,4    2,3    2,3    
   -5.253373488386562e-15
4    2,5    2,5    2,3    2,3    
    1.049951190730894e-13
4    2,6    2,5    2,3    2,3    
    9.633042445388555e-14
4    2,7    2,5    2,3    2,3    
    1.669579575491781e-14
4    2,6    2,6    2,3    2,3    
    2.209519537047730e-14
4    2,7    2,6    2,3    2,3    
    7.658989798121143e-15
4    2,7    2,7    2,3    2,3    
    6.637203670769868e-16
4    2,4    2,4    2,4    2,3    
   -1.122304632071739e-15
4    2,5    2,4    2,4    2,3    
    1.070042076008349e-14
4    2,6    2,4    2,4    2,3    
    4.908685673933399e-15
4    2,7    2,4    2,4    2,3    
    8.507635453876317e-16
4    2,5    2,5    2,4    2,3    
   -3.400710798441722e-14
4    2,6    2,5    2,4    2,3    
   -3.120068033169799e-14
4    2,7    2,5    2,4    2,3    
   -5.407639270621934e-15
4    2,6    2,6    2,4    2,3    
   -7.156463095942152e-15
4    2,7    2,6    2,4    2,3    
   -2.480687630202537e-15
4    2,7    2,7    2,4    2,3    
   -2.149738996812966e-16
4    2,5    2,5    2,5    2,3    
    3.602610337772641e-14
4    2,6    2,5    2,5    2,3    
    4.957958799084911e-14
4    2,7    2,5    2,5    2,3    
    8.593034645087183e-15
4    2,6    2,6    2,5    2,3    
    2.274402275825111e-14
4    2,7    2,6    2,5    2,3    
    7.883896718398528e-15
4    2,7    2,7    2,5    2,3    
    6.832105750050975e-16
4    2,6    2,6    2,6    2,3    
    3.477846375833272e-15
4    2,7    2,6    2,6    2,3    
    1.808320053204686e-15
4    2,7    2,7    2,6    2,3    
    3.134144008913867e-16
4    2,7    2,7    2,7    2,3    
    1.810678489721758e-17
4    2,4    2,4    2,4    2,4    
    4.543822507085639e-17
4    2,5    2,4    2,4    2,4    
   -5.776306039736740e-16
4    2,6    2,4    2,4    2,4    
   -2.649808950623871e-16
4    2,7    2,4    2,4    2,4    
   -4.592595670576301e-17
4    2,5    2,5    2,4    2,4    
    2.753659893129792e-15
4    2,6    2,5    2,4    2,4    
    2.526414833837939e-15
4    2,7    2,5    2,4    2,4    
    4.378731464859799e-16
4    2,6    2,6    2,4    2,4    
    5.794807783416716e-16
4    2,7    2,6    2,4    2,4    
    2.008688900509272e-16
4    2,7    2,7    2,4    2,4    
    1.740709636036515e-17
4    2,5    2,5    2,5    2,4    
   -5.834288291874167e-15
4    2,6    2,5    2,5    2,4    
   -8.029222774889268e-15
4    2,7    2,5    2,5    2,4    
   -1.391608770336716e-15
4    2,6    2,6    2,5    2,4    
   -3.683306637337428e-15
4    2,7    2,6    2,5    2,4    
   -1.276766622141429e-15
4    2,7    2,7    2,5    2,4    
   -1.106433137340433e-16
4    2,6    2,6    2,6    2,4    
   -5.632237874497988e-16
4    2,7    2,6    2,6    2,4    
   -2.928504480142084e-16
4    2,7    2,7    2,6    2,4    
   -5.075625166711475e-17
4    2,7    2,7    2,7    2,4    
   -2.932323876987315e-18
4    2,5    2,5    2,5    2,5    
    4.635501640601789e-15
4    2,6    2,5    2,5    2,5    
    8.505916170922323e-15
4    2,7    2,5    2,5    2,5    
    1.474228312636107e-15
4    2,6    2,6    2,5    2,5    
    5.852975755071019e-15
4    2,7    2,6    2,5    2,5    
    2.028852012625175e-15
4    2,7    2,7    2,5    2,5    
    1.758182786579508e-16
4    2,6    2,6    2,6    2,5    
    1.789986822821752e-15
4    2,7    2,6    2,6    2,5    
    9.307107666321749e-16
4    2,7    2,7    2,6    2,5    
    1.613089213993076e-16
4    2,7    2,7    2,7    2,5    
    9.319246127403171e-18
4    2,6    2,6    2,6    2,6    
    2.052835788124218e-16
4    2,7    2,6    2,6    2,6    
    1.423173508523878e-16
4    2,7    2,7    2,6    2,6    
    3.699923625920352e-17
4    2,7    2,7    2,7    2,6    
    4.275088894456365e-18
4    2,7    2,7    2,7    2,7    
    1.852374559247616e-19
