    3,1                                     # harmonic no-HN
   -1.985007085707579e-01
    3,2    
    2.341877824725703e-01
    3,3    
   -1.485125882050487e-01
    3,4    
    1.033411799007272e-02
    3,5    
   -3.549680850140778e-03
    3,6    
   -6.137881626405155e-03
    3,7    
   -8.458289045268222e-03
    3,8    
    1.842435514201670e-02
    3,9    
    1.866069475318139e-03
    3,10   
   -4.067051772085228e-02
    3,1        1,1    
   -9.429719578406240e-02
    3,2        1,1    
    1.042071905156087e-01
    3,3        1,1    
   -1.646483874308220e-01
    3,4        1,1    
   -2.294514424787903e-02
    3,5        1,1    
    1.894477643881263e-02
    3,6        1,1    
    1.214558494122912e-02
    3,7        1,1    
    9.431114731982224e-03
    3,8        1,1    
    1.673483950022829e-04
    3,9        1,1    
   -2.176931488231545e-03
    3,10       1,1    
    1.915896257162775e-02
    3,1        1,2    
    3.023617135581084e-03
    3,2        1,2    
    2.458926996235301e-02
    3,3        1,2    
   -9.466423970582415e-03
    3,4        1,2    
    5.203517562670918e-03
    3,5        1,2    
   -2.483223612252847e-04
    3,6        1,2    
   -3.851611553101764e-04
    3,7        1,2    
   -9.023124461406217e-03
    3,8        1,2    
    1.613230803075698e-03
    3,9        1,2    
   -1.221365405441247e-03
    3,10       1,2    
    5.899511083516344e-03
    3,1        1,5    
    1.604533094781268e-01
    3,2        1,5    
   -3.036985295804201e-03
    3,3        1,5    
   -2.260697381304762e-02
    3,4        1,5    
    4.461853905758805e-03
    3,5        1,5    
   -7.497873178934599e-03
    3,6        1,5    
   -1.050888998915195e-02
    3,7        1,5    
   -7.031424463102029e-04
    3,8        1,5    
    4.390904853541165e-03
    3,9        1,5    
   -2.076015562368891e-03
    3,10       1,5    
    1.004938226603581e-02
    3,1        1,6    
    7.389895128396318e-02
    3,2        1,6    
   -2.327513221242354e-01
    3,3        1,6    
    9.816564978971784e-03
    3,4        1,6    
    1.800849644455459e-03
    3,5        1,6    
    1.462337875586037e-02
    3,6        1,6    
    1.886039250294920e-02
    3,7        1,6    
    7.119211920927756e-03
    3,8        1,6    
   -8.782319619229147e-04
    3,9        1,6    
   -5.564479987919017e-03
    3,10       1,6    
   -2.273181554866152e-02
    3,1        1,7    
    4.612898675298667e-03
    3,2        1,7    
    2.546412399050594e-02
    3,3        1,7    
    9.725667995135895e-02
    3,4        1,7    
    3.186042282379612e-02
    3,5        1,7    
   -1.913362520312282e-02
    3,6        1,7    
    3.017912429796572e-03
    3,7        1,7    
    7.576676680936451e-03
    3,8        1,7    
   -3.748342712470019e-03
    3,9        1,7    
   -1.764400566164852e-03
    3,10       1,7    
    5.985272680690985e-02
    3,1        1,8    
   -3.390462286700182e-02
    3,2        1,8    
    3.649934477012646e-02
    3,3        1,8    
   -8.162215120931719e-02
    3,4        1,8    
    1.283215232942345e-02
    3,5        1,8    
   -4.236084656464637e-03
    3,6        1,8    
    6.543043026634584e-03
    3,7        1,8    
    2.095591185567615e-03
    3,8        1,8    
    1.256226222798651e-04
    3,9        1,8    
   -1.525001641621991e-03
    3,10       1,8    
    1.566229238136453e-02
    3,1        1,9    
    6.956101919474474e-03
    3,2        1,9    
    2.444688161094691e-02
    3,3        1,9    
   -2.870979069886095e-02
    3,4        1,9    
    4.328633846234487e-03
    3,5        1,9    
    2.729623058479063e-03
    3,6        1,9    
   -3.214306958604381e-04
    3,7        1,9    
    3.459553570810483e-03
    3,8        1,9    
   -1.424619436951379e-03
    3,9        1,9    
   -3.748980682409103e-03
    3,10       1,9    
   -9.502706333752524e-03
    3,1        1,10   
   -2.583924908156452e-02
    3,2        1,10   
    2.997975365773320e-03
    3,3        1,10   
    1.158401298773007e-02
    3,4        1,10   
   -4.777111447569955e-03
    3,5        1,10   
    2.148490848943968e-03
    3,6        1,10   
   -3.119671607322584e-03
    3,7        1,10   
    9.645020306433407e-04
    3,8        1,10   
    2.725624187725257e-03
    3,9        1,10   
   -4.772936375050978e-04
    3,10       1,10   
   -1.144710020815543e-02
    3,1        1,11   
    1.033379997982569e-02
    3,2        1,11   
   -1.465916529126527e-02
    3,3        1,11   
   -1.708256618309646e-02
    3,4        1,11   
   -5.759688805725045e-03
    3,5        1,11   
   -5.385697987735681e-05
    3,6        1,11   
    2.397616831832835e-03
    3,7        1,11   
   -1.375145135621896e-03
    3,8        1,11   
    2.043677380346499e-03
    3,9        1,11   
    8.195591993102528e-03
    3,10       1,11   
    1.643637925737724e-03
    3,1        1,12   
   -1.093856596328292e-02
    3,2        1,12   
    1.744348835153236e-02
    3,3        1,12   
   -1.720926819113695e-03
    3,4        1,12   
   -2.209990720003768e-03
    3,5        1,12   
    2.216716332907835e-03
    3,6        1,12   
   -7.334262476145505e-04
    3,7        1,12   
   -5.936942401361328e-04
    3,8        1,12   
    2.226089113448024e-03
    3,9        1,12   
   -4.749646507688224e-04
    3,10       1,12   
   -1.931132388764045e-03
    3,1        1,13   
   -5.569225459789329e-03
    3,2        1,13   
    8.288695965629658e-03
    3,3        1,13   
   -2.228891479324014e-02
    3,4        1,13   
   -5.416813505049326e-03
    3,5        1,13   
    2.746110642862220e-04
    3,6        1,13   
   -9.587083027884417e-03
    3,7        1,13   
    8.938590283646277e-04
    3,8        1,13   
   -6.289861626900618e-04
    3,9        1,13   
    4.234348016982703e-03
    3,10       1,13   
    1.103848788512527e-02
    7,1        4,1    
   -1.042779809677377e-02
    7,2        4,1    
    4.075007181007109e-03
    7,3        4,1    
    2.789561161531795e-02
    7,4        4,1    
   -2.162349896407314e-02
    7,5        4,1    
   -1.805412289966206e-02
    7,6        4,1    
    1.129348994362798e-02
    7,1        4,2    
    2.099667436781118e-02
    7,2        4,2    
   -1.087533359183383e-03
    7,3        4,2    
   -1.517891959429396e-02
    7,4        4,2    
    7.115777879483443e-03
    7,5        4,2    
    9.526116192683809e-03
    7,6        4,2    
    1.216232154234162e-03
    7,1        4,3    
   -1.027290077454034e-02
    7,2        4,3    
   -8.351599146505819e-03
    7,3        4,3    
   -7.385192404611174e-03
    7,4        4,3    
    1.745993829659142e-02
    7,5        4,3    
    3.101615649475641e-02
    7,6        4,3    
   -5.300887828190053e-03
    3,1        1,3                           # harmonic with-HN
   -9.450076547289405e-03
    3,2        1,3    
   -2.245220726029399e-02
    3,3        1,3    
    1.126749226488842e-02
    3,4        1,3    
    3.193150502696386e-03
    3,5        1,3    
   -3.459006681260913e-04
    3,6        1,3    
   -2.407903710168057e-04
    3,7        1,3    
    7.285499936611478e-04
    3,8        1,3    
   -2.553784641826451e-04
    3,9        1,3    
    5.263263753904892e-05
    3,10       1,3    
    7.262268178571126e-03
    3,1        1,14   
   -1.051460883955158e-02
    3,2        1,14   
   -7.435831656479482e-03
    3,3        1,14   
   -2.675484961662811e-02
    3,4        1,14   
    3.283772844028321e-03
    3,5        1,14   
   -2.665541620542402e-03
    3,6        1,14   
    1.519728464597751e-03
    3,7        1,14   
    3.445349772947799e-03
    3,8        1,14   
   -5.223824207995008e-03
    3,9        1,14   
   -1.221333035888750e-03
    3,10       1,14   
    8.085049254401632e-03
    5,1        2,1    
   -8.865166271167164e-03
    5,1        2,2    
    2.786983794087457e-02
    8,1        6,1    
   -3.071941348464737e-02
    5,1        2,1        1,1               # C2v-planar B2 x A1 <- G8 irred-5 x irred-2 x irred-1
    2.841114770673383e-03
    5,1        2,1        1,2    
   -2.001874235115730e-03
    5,1        2,1        1,3    
   -1.173478737532860e-03
    5,1        2,1        1,5    
    3.482150074246360e-04
    5,1        2,1        1,6    
    1.899690344590983e-03
    5,1        2,1        1,7    
    5.012395647130759e-03
    5,1        2,1        1,8    
   -2.258475553820256e-04
    5,1        2,1        1,9    
    1.745203142001603e-03
    5,1        2,1        1,10   
    1.729019208913770e-03
    5,1        2,1        1,11   
    7.375883896286238e-05
    5,1        2,1        1,12   
    4.984862521761185e-06
    5,1        2,1        1,13   
   -4.274848406336902e-04
    5,1        2,1        1,14   
    7.350089016922599e-03
    5,1        2,2        1,1    
    3.829756904709602e-02
    5,1        2,2        1,2    
    4.475049138336643e-03
    5,1        2,2        1,3    
   -5.684990766056251e-03
    5,1        2,2        1,5    
    2.065623954754929e-02
    5,1        2,2        1,6    
    2.109733638376106e-02
    5,1        2,2        1,7    
    1.048479504664303e-02
    5,1        2,2        1,8    
    5.340151704574023e-03
    5,1        2,2        1,9    
    8.954580282928651e-03
    5,1        2,2        1,10   
    1.073904300729901e-02
    5,1        2,2        1,11   
    2.276258330540651e-03
    5,1        2,2        1,12   
   -5.954392819486342e-05
    5,1        2,2        1,13   
   -8.451551098374864e-03
    5,1        2,2        1,14   
   -7.804423949691978e-04
    5,1        6,1        4,1               # C2v-planar B1 x A2 <- G8 irred-5 x irred-6 x irred-4
    1.863328953981294e-03
    5,1        6,1        4,2    
   -5.017866111085132e-04
    5,1        6,1        4,3    
   -2.694500982457543e-03
    8,1        2,1        4,1               # C2v-perpendicular B1 x A2 <- G8 irred-8 x irred-2 x irred-4
    3.802735802814436e-02
    8,1        2,1        4,2    
   -1.583067847618051e-02
    8,1        2,1        4,3    
   -1.046079568955666e-02
    8,1        2,2        4,1    
    3.833880340687881e-03
    8,1        2,2        4,2    
    1.072585046482117e-02
    8,1        2,2        4,3    
   -6.638932368507072e-02
    8,1        6,1        1,1               # C2v-perpendicular B2 x A1 <- G8 irred-8 x irred-6 x irred-1
    1.314665225725741e-02
    8,1        6,1        1,2    
    4.776090244422874e-03
    8,1        6,1        1,3    
   -3.295054011933336e-03
    8,1        6,1        1,5    
    3.046794043477621e-02
    8,1        6,1        1,6    
    2.666211417232522e-02
    8,1        6,1        1,7    
    2.319782726769638e-02
    8,1        6,1        1,8    
    1.720136073213579e-03
    8,1        6,1        1,9    
    8.951083721889774e-03
    8,1        6,1        1,10   
    1.390764993663510e-02
    8,1        6,1        1,11   
    3.617292175385687e-03
    8,1        6,1        1,12   
    8.839457218818680e-04
    8,1        6,1        1,13   
   -1.170674477875417e-02
    8,1        6,1        1,14   
    1.211632590609540e-02
    5,1        8,1        7,1               # C2v-planar / C2v-perpendicular A2 x B1 <- G8 irred-5 x irred-8 x irred-7
    1.008653576147533e-02
    5,1        8,1        7,2    
   -9.880304767476355e-03
    5,1        8,1        7,3    
   -3.403698357477533e-04
    5,1        8,1        7,4    
    2.756903528037192e-03
    5,1        8,1        7,5    
   -2.274165848913888e-03
    5,1        8,1        7,6    
    2.632877710107407e-02
    3,13                                     # NH2 rotation
   -5.698242425735138e-02
    3,13       3,13       3,13   
    5.695598348666785e-02
    5,1        5,1        3,13   
    2.638079148803378e-02
    7,7        7,7        3,13   
    1.639000639824263e-02
    8,1        8,1        3,13   
    8.931436935229858e-03
    8,1        7,7        5,1    
   -5.144134536918668e-03
    3,13       1,1                           # 1st-order term coupled with NH2 rotation
   -2.802081456678097e-02
    3,13       1,2    
   -5.599260073302566e-03
    3,13       1,3    
    6.055122292403588e-03
    3,13       1,5    
   -2.656790655431415e-02
    3,13       1,6    
   -1.920662574944119e-02
    3,13       1,7    
   -2.613291118936657e-02
    3,13       1,8    
   -3.343982546812837e-03
    3,13       1,9    
   -1.059793134219393e-02
    3,13       1,10   
   -1.485796026626609e-02
    3,13       1,11   
   -4.755710985730676e-03
    3,13       1,12   
   -7.520561601024341e-05
    3,13       1,13   
    1.342050074020374e-02
    3,13       1,14   
    2.879478492915537e-02
    7,7        4,1    
    1.067357864349627e-04
    7,7        4,2    
   -2.756735709949188e-04
    7,7        4,3    
   -1.895667810269088e-03
    3,13       3,13       3,1    
   -1.588877870627281e-03
    3,13       3,13       3,2    
   -6.220943137675581e-03
    3,13       3,13       3,3    
   -9.127170237783604e-03
    3,13       3,13       3,4    
    1.418663676467724e-03
    3,13       3,13       3,5    
   -8.150791221854790e-04
    3,13       3,13       3,6    
    1.907886503126364e-04
    3,13       3,13       3,7    
    3.122169890593379e-04
    3,13       3,13       3,8    
   -1.305370951435732e-03
    3,13       3,13       3,9    
   -6.070567348155241e-04
    3,13       3,13       3,10   
    4.741761293227563e-03
    3,13       3,13       5,1        2,1    
    1.397572806275187e-02
    3,13       3,13       5,1        2,2    
   -4.491104892082643e-02
    3,13       3,13       8,1        6,1    
   -4.231258364247165e-02
    5,1        5,1        3,1    
   -7.331088019531281e-03
    5,1        5,1        3,2    
   -8.007434184096347e-03
    5,1        5,1        3,3    
   -2.046901618089338e-02
    5,1        5,1        3,4    
    5.882863227206059e-05
    5,1        5,1        3,5    
   -1.422687840135622e-03
    5,1        5,1        3,6    
   -8.644164428436602e-04
    5,1        5,1        3,7    
    1.752853028603246e-03
    5,1        5,1        3,8    
   -4.492573507592996e-03
    5,1        5,1        3,9    
   -1.549092227434700e-03
    5,1        5,1        3,10   
    6.965341281310883e-03
    5,1        5,1        5,1        2,1    
    5.891428505166548e-03
    5,1        5,1        5,1        2,2    
   -1.754115114628377e-02
    5,1        5,1        8,1        6,1    
    1.593100145611567e-02
    7,7        7,7        3,1    
   -1.602900130064433e-02
    7,7        7,7        3,2    
    1.813497159156221e-02
    7,7        7,7        3,3    
   -3.876751798590713e-02
    7,7        7,7        3,4    
   -2.798123454479323e-03
    7,7        7,7        3,5    
    8.624441629470509e-04
    7,7        7,7        3,6    
    4.172296400370324e-03
    7,7        7,7        3,7    
    4.248528373387541e-03
    7,7        7,7        3,8    
   -3.504176009462883e-03
    7,7        7,7        3,9    
   -1.066363421453491e-03
    7,7        7,7        3,10   
    3.004580389375151e-03
    7,7        7,7        5,1        2,1    
    4.121244087151232e-03
    7,7        7,7        5,1        2,2    
   -1.297054810102120e-02
    7,7        7,7        8,1        6,1    
    6.420664241723890e-03
    8,1        8,1        3,1    
   -2.225536413364793e-02
    8,1        8,1        3,2    
    5.549887797254362e-03
    8,1        8,1        3,3    
   -5.310387628840175e-02
    8,1        8,1        3,4    
   -7.107166136324849e-03
    8,1        8,1        3,5    
    1.303234580007974e-03
    8,1        8,1        3,6    
    3.172064104445199e-03
    8,1        8,1        3,7    
    7.131613693356764e-03
    8,1        8,1        3,8    
   -9.389255604801592e-03
    8,1        8,1        3,9    
   -3.451632274495969e-03
    8,1        8,1        3,10   
    2.165914865054636e-02
    8,1        8,1        5,1        2,1    
    3.439343118747049e-03
    8,1        8,1        5,1        2,2    
    8.456537297750116e-03
    8,1        8,1        8,1        6,1    
    3.954345245667629e-02
