    1,21                                    # 4th-order Morse
   -4.122281953562742e-01
    1,21       1,21   
   -5.274912756873291e-01
    2,5        2,5    
   -1.151535500361769e+00
    1,21       1,21       1,21   
   -2.357359643934812e-01
    2,5        2,5        1,21   
    5.577339484405767e-01
    1,21       1,21       1,21       1,21   
    1.201847247412310e-01
    2,5        2,5        1,21       1,21   
    1.853779138645802e-01
    2,5        2,5        2,5        2,5    
    9.703517317170658e-02
    1,22                                    # 1st-scaling bias
   -3.183339336139042e-01
    1,22       1,22   
   -9.023839130890027e-01
    2,6        2,6    
   -1.073580945329766e+00
    1,22       1,1                          # 1st-scaling bias replacing an irred-1 HN coord
    9.549711289181399e-02
    1,22       1,2    
    9.295722487919337e-04
    1,22       1,3    
   -9.473800122023626e-01
    1,22       1,4    
    2.483372751983377e-01
    1,22       1,5    
    3.383407980510038e-02
    1,22       1,6    
   -4.186122027738282e-04
    1,22       1,7    
    6.180319130129417e-02
    1,22       1,8    
    1.950118461078188e-02
    1,22       1,9    
    4.181488487658141e-03
    1,22       1,10   
   -1.076965227487436e-03
    1,22       1,11   
   -3.147787919454830e-03
    1,22       1,12   
    5.129049655304789e-04
    1,22       1,13   
   -1.614658305571430e-03
    1,22       1,14   
    1.635245867995314e-01
    2,6        2,1                          # 1st-scaling bias replacing an irred-2 HN coord
    1.964142541352721e-01
    2,6        2,2    
   -3.153705113480589e-01
    2,6        5,1        3,1    
    1.481291129245495e-02
    2,6        5,1        3,2    
   -2.497487457248469e-02
    2,6        5,1        3,3    
   -3.018742130315214e-02
    2,6        5,1        3,4    
    9.718282694383516e-03
    2,6        5,1        3,5    
    7.753400377396772e-04
    2,6        5,1        3,6    
    4.317634751703490e-02
    2,6        5,1        3,7    
    7.383473378092523e-04
    2,6        5,1        3,8    
    2.389145021064518e-03
    2,6        5,1        3,9    
    5.540771954801771e-04
    2,6        5,1        3,10   
    9.883262201129211e-02
    1,23                                    # 1st-scaling redundancy bias
    1.287446732326407e-01
    1,23       1,23   
   -3.520688473448996e-01
    1,23       1,1                          # 1st-scaling redundancy bias replacing an irred-1 HN coord
   -1.093387418112641e-01
    1,23       1,2    
   -3.703852783198830e-03
    1,23       1,3    
    7.211264813193452e-01
    1,23       1,4    
   -3.523196262517025e-01
    1,23       1,5    
   -8.116585873312460e-02
    1,23       1,6    
   -4.933551361109378e-02
    1,23       1,7    
   -4.117121121742261e-02
    1,23       1,8    
   -2.826038809649799e-02
    1,23       1,9    
   -2.980503587310106e-03
    1,23       1,10   
    6.149379493989917e-05
    1,23       1,11   
    3.672372623741581e-03
    1,23       1,12   
   -2.314095414516757e-03
    1,23       1,13   
    9.111947713092778e-03
    1,23       1,14   
   -2.321043234470063e-01
    1,24                                    # 2nd-scaling bias
   -8.566063749168704e-01
    1,24       1,24   
    8.601014916173157e-02
    2,7        2,7    
    2.694342599244213e-02
    1,18                                    # 2nd-scaling harmonic with-HN
   -2.828302299553337e-01
    1,19   
    1.680953081430413e-01
    1,18       1,1    
    2.500062597656957e-02
    1,18       1,2    
   -2.467346905528200e-03
    1,18       1,18   
    3.049885212298032e-01
    1,18       1,19   
    1.243524930995709e-01
    1,18       1,5    
   -2.023290154485986e-02
    1,18       1,6    
   -3.490095589564345e-02
    1,18       1,7    
    3.354171883644947e-02
    1,18       1,8    
   -7.390017856396816e-05
    1,18       1,9    
    1.937592366735032e-03
    1,18       1,10   
   -2.369435191564586e-03
    1,18       1,11   
   -3.769293156493709e-03
    1,18       1,12   
   -1.258495197486585e-03
    1,18       1,13   
    5.405582201023759e-03
    1,19       1,1    
    1.803084321007982e-01
    1,19       1,2    
   -1.305330360333540e-02
    1,19       1,19   
    2.174303100490879e-04
    1,19       1,5    
    7.513795930952230e-02
    1,19       1,6    
   -1.014413729043183e-01
    1,19       1,7    
    9.722172398315733e-02
    1,19       1,8    
    1.415762710473023e-02
    1,19       1,9    
    3.186877030830119e-03
    1,19       1,10   
   -1.800722026396951e-02
    1,19       1,11   
   -5.676248746962029e-02
    1,19       1,12   
   -7.224595560844610e-03
    1,19       1,13   
    1.220651529448384e-02
    2,3        2,3    
   -2.765959566414598e-01
    2,4        2,3    
   -1.382856778838010e-01
    2,4        2,4    
    1.039529357113499e-01
    3,14       3,1    
    6.362003290076656e-03
    3,14       3,2    
   -5.828695658918041e-02
    3,14       3,3    
    1.878886868369432e-02
    3,14       3,4    
   -9.649181633657430e-03
    3,14       3,5    
   -5.928994537200575e-03
    3,14       3,6    
   -5.449501221948210e-02
    3,14       3,7    
    5.523116484901482e-03
    3,14       3,8    
   -7.454758248464067e-03
    3,14       3,9    
   -1.071548656862934e-02
    3,14       3,10   
   -1.828421282387153e-02
    3,14       3,14   
    6.852867927235369e-02
    7,8        7,1    
   -1.272639985597714e-03
    7,8        7,2    
    2.434033631390428e-03
    7,8        7,3    
   -1.073465291185136e-03
    7,8        7,4    
   -7.329088475087406e-04
    7,8        7,5    
   -2.186234577792718e-03
    7,8        7,6    
   -2.622899280616937e-03
    7,8        7,8    
    4.970476035991923e-02
    5,2        2,3        3,1               # 2nd-scaling C2v-planar B2 x B2 <- G8 irred-5 x irred-2 x irred-3
    3.790692827922311e-03
    5,2        2,3        3,2    
   -2.906862675986781e-02
    5,2        2,3        3,3    
    8.577052823600578e-03
    5,2        2,3        3,4    
   -5.815317635754410e-03
    5,2        2,3        3,5    
    3.973766737797756e-04
    5,2        2,3        3,6    
    1.332315568392135e-02
    5,2        2,3        3,7    
    1.762579844059476e-03
    5,2        2,3        3,8    
   -3.424570767403483e-05
    5,2        2,3        3,9    
   -2.493877640619419e-04
    5,2        2,3        3,10   
    1.237470398762941e-02
    5,2        2,4        3,1    
   -3.017068285124001e-02
    5,2        2,4        3,2    
   -7.667523811083625e-02
    5,2        2,4        3,3    
    3.593385489059096e-02
    5,2        2,4        3,4    
    1.643299645463940e-02
    5,2        2,4        3,5    
   -6.195621801986160e-03
    5,2        2,4        3,6    
    8.805279385617575e-02
    5,2        2,4        3,7    
   -5.676913370203664e-04
    5,2        2,4        3,8    
    1.482370324220263e-02
    5,2        2,4        3,9    
    4.185574608588068e-02
    5,2        2,4        3,10   
   -1.310642566430726e-01
    5,2        8,2        4,1               # 2nd-scaling C2v-planar / C2v-perpendicular A2 x A2 <- G8 irred-4 x irred-5 x irred-8
    1.506177903757394e-01
    5,2        8,2        4,2    
   -1.358968075954836e-01
    5,2        8,2        4,3    
   -3.199830346156027e-02
    8,2        8,2                          # 2nd-scaling NH2 rotation
   -7.994531853395855e-03
    1,24       1,1                          # 2nd-scaling bias replacing an irred-1 HN coord
    2.435809506465958e-02
    1,24       1,2    
   -4.858439246701818e-03
    1,24       1,18   
    4.787686779379909e-01
    1,24       1,19   
    2.079992413407237e-03
    1,24       1,5    
    2.891412031325448e-02
    1,24       1,6    
    1.202030343264658e-02
    1,24       1,7    
    3.316670552414574e-03
    1,24       1,8    
   -2.927353071621008e-03
    1,24       1,9    
   -2.292203113082801e-03
    1,24       1,10   
   -6.232591668906384e-03
    1,24       1,11   
   -1.611194134649071e-02
    1,24       1,12   
   -1.024747805947453e-03
    1,24       1,13   
    2.941570254131181e-03
    2,7        2,3                          # 2nd-scaling bias replacing an irred-2 HN coord
    5.932082218894530e-01
    2,7        2,4    
   -9.336601371089412e-02
    2,7        5,2        3,1    
   -8.021248783967504e-03
    2,7        5,2        3,2    
    9.157645906780866e-02
    2,7        5,2        3,3    
    1.957391061756321e-02
    2,7        5,2        3,4    
    1.841055935680515e-02
    2,7        5,2        3,5    
    9.427985965978965e-03
    2,7        5,2        3,6    
    4.851789661458931e-02
    2,7        5,2        3,7    
   -7.758500963037974e-03
    2,7        5,2        3,8    
    1.197342423401412e-02
    2,7        5,2        3,9    
    1.862104712717800e-02
    2,7        5,2        3,10   
   -2.908752017538349e-02
bias
    3.603748431231640e+00
