    2,6        8,1        7,1    # 1st-scaling bias replacing an irred-2 HN coord
    3.502880764948458e-02
    2,6        8,1        7,2    
   -1.286567776302096e-02
    2,6        8,1        7,3    
   -9.403549367493326e-03
    2,6        8,1        7,4    
    1.883000128675285e-04
    2,6        8,1        7,5    
    2.160822874816814e-04
    2,6        8,1        7,6    
   -2.036321456601902e-03
    1,22       1,4        1,1    # 1st-scaling bias replacing an irred-1 HN coord
   -6.236052643262011e-03
    1,22       1,4        1,2    
    9.663837257857532e-04
    1,22       1,4        1,3    
   -9.236682300414276e-04
    1,22       1,4        1,4    
    2.101902709278491e-03
    1,22       1,4        1,5    
   -2.452853052611309e-03
    1,22       1,4        1,6    
    2.322469718358521e-03
    1,22       1,4        1,7    
    5.948776335041954e-03
    1,22       1,4        1,8    
    2.288496860021319e-03
    1,22       1,4        1,9    
    2.587067082987538e-03
    1,22       1,4        1,10   
    7.786337339798859e-04
    1,22       1,4        1,11   
    2.692569830443833e-03
    1,22       1,4        1,12   
   -3.607490861421096e-05
    1,22       1,4        1,13   
   -5.692873515218817e-04
    1,22       1,4        1,14    
    8.939481358361819e-04
    1,22       1,22       1,1    # 1st-scaling bias replacing a square of HN coord
   -2.851775990395271e-03
    1,22       1,22       1,2    
    2.311950792415807e-04
    1,22       1,22       1,3    
    1.186980495294685e-04
    1,22       1,22       1,4    
   -2.643132982385500e-03
    1,22       1,22       1,5    
    3.486370093860820e-04
    1,22       1,22       1,6    
   -1.270303861045704e-03
    1,22       1,22       1,7    
    4.981449200981081e-04
    1,22       1,22       1,8    
   -2.280364894485302e-04
    1,22       1,22       1,9    
   -4.052926096168136e-06
    1,22       1,22       1,10   
    4.523500583249410e-04
    1,22       1,22       1,11   
    1.217728597107280e-03
    1,22       1,22       1,12   
    1.947512872366223e-04
    1,22       1,22       1,13   
   -2.574563382851913e-04
    1,22       1,22       1,14    
   -2.146166539855133e-03
    2,6        2,6        1,1    
    1.893211239249514e-04
    2,6        2,6        1,2    
   -1.331111352472730e-03
    2,6        2,6        1,3    
    4.053989046986476e-03
    2,6        2,6        1,4    
   -8.981635950801172e-03
    2,6        2,6        1,5    
    1.270415142264501e-03
    2,6        2,6        1,6    
   -9.066625798924769e-04
    2,6        2,6        1,7    
   -5.676342414319796e-03
    2,6        2,6        1,8    
   -3.456753362103787e-03
    2,6        2,6        1,9    
   -2.112771284227359e-03
    2,6        2,6        1,10   
   -7.171926946828311e-04
    2,6        2,6        1,11   
   -2.262014729886873e-03
    2,6        2,6        1,12   
   -4.959468705064756e-04
    2,6        2,6        1,13   
    6.103776541329906e-04
    2,6        2,6        1,14   
   -1.761442996598910e-01
    1,23       1,23       1,1    # 1st-scaling redundancy bias replacing a square of HN coord
    1.257552097292850e-03
    1,23       1,23       1,2    
   -5.596517953567257e-04
    1,23       1,23       1,3    
   -1.701623151472720e-03
    1,23       1,23       1,4    
    1.107063924695137e-03
    1,23       1,23       1,5    
    1.162318511145451e-04
    1,23       1,23       1,6    
    2.981031232255969e-03
    1,23       1,23       1,7    
   -1.199506275560882e-03
    1,23       1,23       1,8    
   -8.666391480694397e-04
    1,23       1,23       1,9    
   -5.261810125931018e-04
    1,23       1,23       1,10   
   -5.352201457421012e-04
    1,23       1,23       1,11   
   -1.377265344886161e-03
    1,23       1,23       1,12   
   -3.707916727835968e-04
    1,23       1,23       1,13   
    5.532229842792383e-04
    1,23       1,23       1,14   
    2.196079221140481e-04
    8,2        2,3        7,1    # 2nd-scaling C2v-perpendicular B1 x B1 <- G8 irred-8 x irred-2 x irred-7
   -2.558965822496382e-03
    8,2        2,3        7,2    
    1.029759282293409e-03
    8,2        2,3        7,3    
    1.994438891449260e-03
    8,2        2,3        7,4    
   -1.328827947933247e-03
    8,2        2,3        7,5    
   -2.154648368568160e-03
    8,2        2,3        7,6    
   -4.184484167604222e-03
    8,2        2,4        7,1    
   -3.551890073579785e-02
    8,2        2,4        7,2    
    1.454490099498982e-02
    8,2        2,4        7,3    
    1.206258767893330e-02
    8,2        2,4        7,4    
   -4.791113143007118e-03
    8,2        2,4        7,5    
    2.382925129071133e-03
    8,2        2,4        7,6    
    2.783176398571907e-02
    5,2        5,2               # 2nd-scaling HN spherical coordinate angles
   -2.637139036813794e-03
    1,19       1,19       1,1    # 2nd-scaling 1st-order terms coupled with NH2 rotation
   -1.951767694289824e-01
    1,19       1,19       1,2    
    2.737494063472954e-02
    1,19       1,19       1,18   
   -2.405767443753592e-02
    1,19       1,19       1,19    
    4.554505736719653e-03
    1,19       1,19       1,5    
   -3.663401744035668e-02
    1,19       1,19       1,6    
    1.000764347498438e-01
    1,19       1,19       1,7    
    3.394772681723416e-01
    1,19       1,19       1,8    
    1.008566369091376e-01
    1,19       1,19       1,9    
    9.173915003121194e-02
    1,19       1,19       1,10   
   -3.250146208611780e-03
    1,19       1,19       1,11   
    3.180748241693623e-02
    1,19       1,19       1,12   
   -1.551742615980131e-02
    1,19       1,19       1,13   
   -1.915227332384497e-02
    2,4        2,4        1,1    
   -4.575689927909096e-01
    2,4        2,4        1,2    
    5.241974014041920e-02
    2,4        2,4        1,18   
    1.259271553121077e-02
    2,4        2,4        1,19    
   -1.024528328860532e-01
    2,4        2,4        1,5    
    1.433332550998062e-01
    2,4        2,4        1,6    
   -3.003836713082454e-02
    2,4        2,4        1,7    
    6.243645608411185e-01
    2,4        2,4        1,8    
    8.629267257860565e-02
    2,4        2,4        1,9    
    1.296318379750462e-01
    2,4        2,4        1,10   
   -2.611086804357532e-03
    2,4        2,4        1,11   
    7.823247505390434e-02
    2,4        2,4        1,12   
    1.259298066860691e-02
    2,4        2,4        1,13   
   -6.218811936334764e-02
    3,14       3,14       1,1    
   -2.545902664040260e-02
    3,14       3,14       1,2    
   -3.845176222271734e-03
    3,14       3,14       1,18   
    8.200329510392991e-03
    3,14       3,14       1,19    
    9.867709781752762e-03
    3,14       3,14       1,5    
    4.463252537168090e-03
    3,14       3,14       1,6    
    3.116145286553562e-03
    3,14       3,14       1,7    
   -1.054854928894483e-02
    3,14       3,14       1,8    
   -6.772570785739435e-03
    3,14       3,14       1,9    
   -3.299817170869153e-03
    3,14       3,14       1,10   
   -5.706391162266373e-03
    3,14       3,14       1,11   
   -3.876601960760019e-03
    3,14       3,14       1,12   
   -1.799370935104996e-03
    3,14       3,14       1,13   
   -1.346170233050314e-03
    5,2        5,2        1,1    
   -1.603625605636269e-03
    5,2        5,2        1,2    
   -1.061566983560054e-03
    5,2        5,2        1,18   
    9.568221691229236e-04
    5,2        5,2        1,19    
    2.439161618954825e-03
    5,2        5,2        1,5    
    2.177047943163010e-04
    5,2        5,2        1,6    
    1.375696239457926e-03
    5,2        5,2        1,7    
   -1.981702923528994e-03
    5,2        5,2        1,8    
   -5.219819716447655e-04
    5,2        5,2        1,9    
   -7.186689570506556e-04
    5,2        5,2        1,10   
   -6.990358062974897e-04
    5,2        5,2        1,11   
   -1.561999320546845e-03
    5,2        5,2        1,12   
   -3.966676559955802e-04
    5,2        5,2        1,13   
    1.603535924336520e-08
    7,8        7,8        1,1    
   -1.291402273221929e-02
    7,8        7,8        1,2    
    3.263221232369740e-03
    7,8        7,8        1,18   
   -1.646016440290082e-02
    7,8        7,8        1,19    
   -4.740157968534752e-04
    7,8        7,8        1,5    
   -3.800265562933344e-03
    7,8        7,8        1,6    
   -1.194636450882309e-03
    7,8        7,8        1,7    
    2.625101453779579e-02
    7,8        7,8        1,8    
    5.656017003285706e-03
    7,8        7,8        1,9    
    3.918886037986597e-03
    7,8        7,8        1,10   
    2.340103685169985e-03
    7,8        7,8        1,11   
    4.031479136953995e-03
    7,8        7,8        1,12   
    6.475123986203146e-04
    7,8        7,8        1,13   
   -5.873392219970188e-04
    8,2        8,2        1,1    
    1.105258746847212e-02
    8,2        8,2        1,2    
    3.929304415555986e-03
    8,2        8,2        1,18   
   -1.557140753992633e-02
    8,2        8,2        1,19    
    9.352051072571700e-03
    8,2        8,2        1,5    
   -6.163093901850394e-03
    8,2        8,2        1,6    
   -7.068195404550700e-03
    8,2        8,2        1,7    
    5.532445172962700e-03
    8,2        8,2        1,8    
    1.846470061678782e-03
    8,2        8,2        1,9    
    6.331367719721722e-04
    8,2        8,2        1,10   
    4.235509631986042e-03
    8,2        8,2        1,11   
    5.293106727768837e-03
    8,2        8,2        1,12   
    2.374875732372843e-03
    8,2        8,2        1,13   
    9.795418845483478e-04
    2,7        8,2        7,1    # 2nd-scaling bias replacing an irred-2 HN coord
   -9.482418974689866e-03
    2,7        8,2        7,2    
    3.691380800409092e-03
    2,7        8,2        7,3    
    2.916914564918623e-03
    2,7        8,2        7,4    
   -7.494818119428316e-04
    2,7        8,2        7,5    
    4.932644384172139e-04
    2,7        8,2        7,6    
    6.207270926359326e-03
    1,24       1,19       1,1    # 2nd-scaling bias replacing an irred-1 HN coord
   -5.405977003025206e-02
    1,24       1,19       1,2    
    4.263298915740484e-03
    1,24       1,19       1,18   
   -8.082199704112699e-03
    1,24       1,19       1,19    
    1.502456993684872e-02
    1,24       1,19       1,5    
   -1.363930530248100e-02
    1,24       1,19       1,6    
    1.695501683071826e-02
    1,24       1,19       1,7    
    8.859303601409570e-02
    1,24       1,19       1,8    
    1.564193505052095e-02
    1,24       1,19       1,9    
    1.448701442173595e-02
    1,24       1,19       1,10   
    9.109780972105919e-05
    1,24       1,19       1,11   
    3.323352628701713e-03
    1,24       1,19       1,12   
   -3.251034259875850e-03
    1,24       1,19       1,13   
   -4.003543387139708e-03
    1,24       1,24       1,1    # 2nd-scaling bias replacing a square of HN coord
   -1.099264187774140e-03
    1,24       1,24       1,2    
   -1.731862617725998e-04
    1,24       1,24       1,18   
   -4.257606209319816e-03
    1,24       1,24       1,19    
   -1.568772383560936e-03
    1,24       1,24       1,5    
   -3.705153928848251e-04
    1,24       1,24       1,6    
   -6.458212469025651e-05
    1,24       1,24       1,7    
    1.073110425957039e-03
    1,24       1,24       1,8    
    3.220684880107407e-04
    1,24       1,24       1,9    
   -2.600907631154222e-04
    1,24       1,24       1,10   
    1.301274511676235e-04
    1,24       1,24       1,11   
   -3.621865905569248e-04
    1,24       1,24       1,12   
    4.408902865531879e-05
    1,24       1,24       1,13   
    2.715795981654281e-05
    2,7        2,7        1,1    
    4.485006780425608e-05
    2,7        2,7        1,2    
    3.143570671897218e-03
    2,7        2,7        1,18   
   -5.352176057472005e-03
    2,7        2,7        1,19    
    1.517062163821698e-02
    2,7        2,7        1,5    
   -7.992321962800641e-03
    2,7        2,7        1,6    
   -4.611949401558215e-03
    2,7        2,7        1,7    
   -5.397041039909172e-03
    2,7        2,7        1,8    
   -1.194195861441661e-04
    2,7        2,7        1,9    
   -4.923622157724598e-05
    2,7        2,7        1,10   
    1.938156162463862e-03
    2,7        2,7        1,11   
    5.676392057452144e-03
    2,7        2,7        1,12   
    1.427944744931960e-03
    2,7        2,7        1,13   
    1.105432351694176e-03
bias
   -8.031815044700203e-04
