 N      7.   -4.40361189    0.06447954   -0.02239894   14.00307401
 C      6.   -1.77672640    0.00420167    0.00931066   12.00000000
 C      6.   -0.42865567    0.01532972   -2.26440351   12.00000000
 C      6.   -0.42390577   -0.00215133    2.27334706   12.00000000
 C      6.    2.18462039    0.00864396   -2.25295696   12.00000000
 C      6.    2.19256491   -0.00374915    2.25544337   12.00000000
 C      6.    3.51822848   -0.00288071    0.00005925   12.00000000
 H      1.   -5.02644186   -0.34079447   -1.11677437    1.00782504
 H      1.   -5.22369923   -0.37466786    1.63892514    1.00782504
 H      1.   -1.43309467    0.04166747   -4.02606794    1.00782504
 H      1.   -1.42179919    0.00291431    4.03963852    1.00782504
 H      1.    3.18326032    0.01285430   -4.01952922    1.00782504
 H      1.    3.19396740   -0.01016880    4.02039660    1.00782504
 H      1.    5.54580374   -0.00669423   -0.00345989    1.00782504
