    1.95858913547836    1.95692682861367    1.97597853326323
    1.07294951339008    1.51865282628452    1.51797815195891
    1.39055417671265    2.07574687875454    2.98304455703389
    2.96047397813023    2.95942239200551    0.00075596039679
   -0.00120553267757    0.00220831562340    0.00001568532293
   -0.00023476460122    0.00043691611205   -0.00027685889584
   -0.00105446132978    0.00103104972311   -0.01960928865696
    0.69999942709762    1.00757686385010    2.06421110899099
    1.99845709600540   -0.00398759371925   -0.00212331557537
    0.00143226493475   -0.00808629560257   -0.00077938028905
   -0.02464918615962    0.00157791362047   -0.00169197124889
   -0.00406395288266    0.38667407323991   -0.27841828457068
