    1,21                                    # 4th-order Morse
    1.044536945533872e+00
    1,21       1,21   
    1.475042009307896e-01
    2,5        2,5    
    2.979864939396523e-01
    1,21       1,21       1,21   
   -6.728148227477287e-01
    2,5        2,5        1,21   
   -6.960308104447771e-01
    1,21       1,21       1,21       1,21   
   -1.726343265833226e-01
    2,5        2,5        1,21       1,21   
   -3.365220603722976e-01
    2,5        2,5        2,5        2,5    
    7.080490584509488e-02
    1,22                                    # 1st-scaling bias
   -1.804767089140795e-01
    1,22       1,22   
   -2.949531480986002e-01
    2,6        2,6    
    3.122498667915112e-01
    1,22       1,1                          # 1st-scaling bias replacing an irred-1 HN coord
    8.067036074785712e-02
    1,22       1,2    
   -3.840931262899042e-03
    1,22       1,3    
   -2.754860639755441e-01
    1,22       1,4    
    8.427971621388657e-02
    1,22       1,5    
   -1.085499327126389e-01
    1,22       1,6    
   -3.074378937715054e-03
    1,22       1,7    
    1.280383678314763e-01
    1,22       1,8    
    1.510706148008997e-03
    1,22       1,9    
    1.199657803723277e-02
    1,22       1,10   
   -4.540009688231397e-03
    1,22       1,11   
    5.462266265024041e-03
    1,22       1,12   
   -2.973466665443511e-03
    1,22       1,13   
    8.962354205547349e-03
    1,22       1,14   
    4.254384075932415e-02
    2,6        2,1                          # 1st-scaling bias replacing an irred-2 HN coord
    3.088114961494408e-01
    2,6        2,2    
   -1.824077724584391e-01
    2,6        5,1        3,1    
   -3.545721968151190e-03
    2,6        5,1        3,2    
    6.497408351688573e-02
    2,6        5,1        3,3    
    8.128592462151348e-02
    2,6        5,1        3,4    
    1.315979791054654e-02
    2,6        5,1        3,5    
    9.594809784567669e-04
    2,6        5,1        3,6    
   -3.954387812101862e-03
    2,6        5,1        3,7    
   -5.249813390308688e-03
    2,6        5,1        3,8    
    6.236539345248415e-03
    2,6        5,1        3,9    
    1.416765876244934e-02
    2,6        5,1        3,10   
   -1.829594297470659e-01
    1,23                                    # 1st-scaling redundancy bias
   -2.052003768803891e-01
    1,23       1,23   
   -6.289846865735391e-02
    1,23       1,1                          # 1st-scaling redundancy bias replacing an irred-1 HN coord
   -6.973099709043365e-02
    1,23       1,2    
    5.924723826351541e-03
    1,23       1,3    
    3.581495845498212e-02
    1,23       1,4    
   -1.171277082654871e-01
    1,23       1,5    
    1.132148145264438e-01
    1,23       1,6    
    7.895593291369286e-03
    1,23       1,7    
   -1.597819033771821e-01
    1,23       1,8    
    8.619363753731823e-03
    1,23       1,9    
   -9.896122064701909e-03
    1,23       1,10   
    2.986435733070600e-03
    1,23       1,11   
   -1.890296926533777e-02
    1,23       1,12   
    7.413350388462651e-03
    1,23       1,13   
   -8.314810546816060e-03
    1,23       1,14   
   -6.103537191675870e-02
    1,24                                    # 2nd-scaling bias
   -2.635054124813710e-01
    1,24       1,24   
    1.780613978142722e-01
    2,7        2,7    
   -1.342560888536037e-01
    1,18                                    # 2nd-scaling harmonic with-HN
   -1.560062608312729e-01
    1,19   
    9.772802043203106e-02
    1,18       1,1    
    3.509664988270967e-02
    1,18       1,2    
    9.444743340811994e-04
    1,18       1,18   
    1.867997201633480e-01
    1,18       1,19   
    8.523297763297338e-02
    1,18       1,5    
   -1.502334332366247e-02
    1,18       1,6    
    3.762585773177919e-03
    1,18       1,7    
    5.575799136243338e-03
    1,18       1,8    
    7.452458910940738e-03
    1,18       1,9    
    4.470730024759352e-03
    1,18       1,10   
   -1.815297731022376e-03
    1,18       1,11   
   -8.215624283068240e-03
    1,18       1,12   
    2.466264981276769e-03
    1,18       1,13   
    2.657755874792107e-03
    1,19       1,1    
   -1.968606783072794e-02
    1,19       1,2    
   -1.071535793743433e-02
    1,19       1,19   
    1.204613327679509e-01
    1,19       1,5    
   -5.439149136506987e-02
    1,19       1,6    
   -2.834838067934014e-02
    1,19       1,7    
   -5.423842232265987e-02
    1,19       1,8    
   -1.157490161392934e-02
    1,19       1,9    
   -2.292165288440720e-03
    1,19       1,10   
   -1.489055836732949e-02
    1,19       1,11   
   -1.981193688953170e-02
    1,19       1,12   
    1.844088983613080e-03
    1,19       1,13   
   -4.401224276783291e-03
    2,3        2,3    
   -1.802551728455518e-01
    2,4        2,3    
   -1.076024530654871e-01
    2,4        2,4    
    1.383670786908668e-02
    3,14       3,1    
   -3.302451568224808e-03
    3,14       3,2    
    2.869959090924814e-03
    3,14       3,3    
    5.793355577153148e-02
    3,14       3,4    
   -3.197005576468090e-03
    3,14       3,5    
   -1.014315987040864e-02
    3,14       3,6    
   -2.364532976592652e-03
    3,14       3,7    
   -1.053004534401587e-03
    3,14       3,8    
   -1.925843356946316e-03
    3,14       3,9    
   -4.949702819869634e-04
    3,14       3,10   
   -4.180158330128497e-02
    3,14       3,14   
    1.507643719946376e-01
    7,8        7,1    
    3.080058648939237e-03
    7,8        7,2    
   -1.605220932442176e-03
    7,8        7,3    
   -1.082578831840753e-03
    7,8        7,4    
    7.554906670007148e-04
    7,8        7,5    
    4.164990597638971e-04
    7,8        7,6    
    5.715464232080525e-03
    7,8        7,8    
    4.191478218937669e-02
    5,2        2,3        3,1               # 2nd-scaling C2v-planar B2 x B2 <- G8 irred-5 x irred-2 x irred-3
   -6.599592110776603e-03
    5,2        2,3        3,2    
   -9.556475215782597e-03
    5,2        2,3        3,3    
   -3.185296282614945e-02
    5,2        2,3        3,4    
   -8.908889109547321e-03
    5,2        2,3        3,5    
    1.564735472809848e-02
    5,2        2,3        3,6    
    7.395392759372399e-03
    5,2        2,3        3,7    
   -2.462114821253195e-03
    5,2        2,3        3,8    
   -6.002663911225102e-03
    5,2        2,3        3,9    
    2.463672575896410e-03
    5,2        2,3        3,10   
    3.781437643195197e-02
    5,2        2,4        3,1    
   -7.550582643596544e-02
    5,2        2,4        3,2    
   -4.759035726332334e-02
    5,2        2,4        3,3    
    2.046304255598002e-02
    5,2        2,4        3,4    
   -5.833317218411380e-02
    5,2        2,4        3,5    
   -9.225688280892055e-03
    5,2        2,4        3,6    
    4.863103928298348e-02
    5,2        2,4        3,7    
    3.941177630706265e-03
    5,2        2,4        3,8    
   -1.532351664297294e-02
    5,2        2,4        3,9    
    3.640153725041072e-03
    5,2        2,4        3,10   
    1.137835186500182e-01
    5,2        8,2        4,1               # 2nd-scaling C2v-planar / C2v-perpendicular A2 x A2 <- G8 irred-4 x irred-5 x irred-8
    2.327916143794543e-01
    5,2        8,2        4,2    
   -1.306342155242123e-01
    5,2        8,2        4,3    
   -2.273634025173454e-02
    8,2        8,2                          # 2nd-scaling NH2 rotation
   -1.595790829413060e-02
    1,24       1,1                          # 2nd-scaling bias replacing an irred-1 HN coord
    2.663737395237420e-02
    1,24       1,2    
    5.516966979223816e-03
    1,24       1,18   
    3.811637248531936e-01
    1,24       1,19   
   -3.178219442261915e-02
    1,24       1,5    
    1.090517046503483e-01
    1,24       1,6    
    1.590313746893026e-02
    1,24       1,7    
   -6.124647720077833e-02
    1,24       1,8    
   -5.268230077635443e-04
    1,24       1,9    
   -3.454707715975823e-03
    1,24       1,10   
    7.357991056395479e-03
    1,24       1,11   
    1.052931583248905e-03
    1,24       1,12   
    1.022716778772783e-03
    1,24       1,13   
   -2.624802043326347e-03
    2,7        2,3                          # 2nd-scaling bias replacing an irred-2 HN coord
    2.656354406642666e-01
    2,7        2,4    
   -6.003861662039900e-02
    2,7        5,2        3,1    
   -1.015250340953510e-02
    2,7        5,2        3,2    
    5.638959652876100e-02
    2,7        5,2        3,3    
    7.734624445401712e-02
    2,7        5,2        3,4    
    1.879541994419736e-02
    2,7        5,2        3,5    
   -1.739618060168327e-02
    2,7        5,2        3,6    
   -6.881637832483912e-03
    2,7        5,2        3,7    
   -7.598697674907134e-04
    2,7        5,2        3,8    
    1.019501182248934e-02
    2,7        5,2        3,9    
    1.039469169392345e-02
    2,7        5,2        3,10   
   -1.935974004937917e-01
bias
    6.767268662556540e-01
