    8,1        3,11       3,11   
    7,7        5,1        3,11   
    8,1        5,1        5,1    
    8,1        7,7        7,7    
    8,1        8,1        8,1    
    8,1        1,1    
    8,1        1,2    
    8,1        1,3    
    8,1        1,4    
    8,1        1,5    
    8,1        1,6    
    8,1        1,7    
    8,1        1,8    
    8,1        1,9    
    8,1        1,10   
    8,1        1,11   
    8,1        1,12   
    8,1        1,13   
    7,1        2,1    
    7,2        2,1    
    7,3        2,1    
    7,4        2,1    
    7,5        2,1    
    7,6        2,1    
    7,7        2,1    
    7,1        2,2    
    7,2        2,2    
    7,3        2,2    
    7,4        2,2    
    7,5        2,2    
    7,6        2,2    
    7,7        2,2    
    5,1        4,1    
    5,1        4,2    
    5,1        4,3    
    8,1    
