    1.97950146079714    1.92931089290031    2.02352308651815
    1.07260201187766    1.51555158933330    1.51170335285695
    1.33853601478033    1.45542556086080    2.10702353762758
    2.97336946524313    2.95416726350855    3.00328517328098
    2.99904536432419    0.00000067507792    0.00000017465286
   -0.00000050115837   -0.00000039427790   -0.00000120391435
   -0.00000095914782    0.00000065218855   -0.00000008711133
   -0.00000046479290    0.00000021717864   -0.00000056490819
   -0.00000023968624    0.00000013445792    0.00000012949173
   -0.00000031507880    0.00000015500528    0.00000013264443
    0.00000019551441    0.00000062033558   -0.01709687561285
   -0.00274508181793   -0.00930017028375    0.60584797201342
