   1.214438E-06  -8.764244E-08  -6.259742E-02
  -5.022066E-06   4.894387E-08   5.134158E-02
   1.846855E-06  -4.154730E-06   1.079563E-02
   1.750274E-06   4.308995E-06   3.802360E-02
   2.433074E-06   3.997958E-06  -7.903425E-04
   2.377164E-06  -4.259812E-06  -2.732525E-02
  -5.590375E-06   1.281987E-07   6.934046E-03
   4.995087E-08   6.100438E-08   1.979109E-02
  -3.720539E-08  -1.211156E-08  -1.321868E-02
   7.225689E-08  -4.666792E-08  -1.728470E-02
   8.479478E-08   5.073530E-08   1.018653E-02
   4.772262E-08   1.130527E-07  -4.840833E-03
   6.272441E-08  -8.144903E-08  -1.268625E-02
  -2.822096E-08  -1.498340E-08  -4.938660E-05
  -1.295048E-01   6.993330E-03  -2.805787E-07
   5.612038E-01   3.221308E-03   6.634445E-07
  -2.055423E-01   4.605294E-01   1.073355E-07
  -2.016026E-01  -4.784765E-01   3.460195E-08
  -2.670143E-01  -4.506742E-01   3.361246E-07
  -2.654330E-01   4.601063E-01  -2.646284E-07
   6.216608E-01  -1.693966E-03  -4.261430E-07
  -5.758114E-03  -6.700575E-03   9.731391E-08
   1.081536E-03   3.012785E-03  -7.168101E-08
  -8.251107E-03   5.136409E-03  -1.012181E-07
  -8.720342E-03  -6.668515E-03   2.649407E-08
  -6.814812E-03  -1.031050E-02  -1.267526E-08
  -7.360868E-03   9.680448E-03  -5.319821E-08
   3.457869E-03   1.276700E-04  -1.006602E-08
   1.010028E-06  -4.341426E-08   6.368697E-02
  -4.136509E-06  -1.572766E-07  -5.179614E-02
   1.575664E-06  -3.391780E-06  -1.064100E-02
   1.418068E-06   3.571341E-06  -3.841368E-02
   1.850006E-06   3.418228E-06   7.612881E-04
   1.969911E-06  -3.442923E-06   2.757648E-02
  -4.550648E-06  -5.899820E-10  -6.919340E-03
   4.737450E-08   6.730559E-08  -2.027288E-02
  -1.455780E-08  -2.369549E-08   1.347513E-02
   5.434088E-08  -3.537987E-08   1.718211E-02
   6.877435E-08   4.920443E-08  -1.065209E-02
   6.099117E-08   6.407934E-08   4.839109E-03
   4.856628E-08  -6.912124E-08   1.288654E-02
  -2.520592E-08   8.592249E-09   6.446846E-05
   7.782714E-10   1.641746E-08   6.262404E-02
  -1.673815E-08  -5.339856E-08  -5.097764E-02
   4.047036E-09   6.237094E-08  -1.074672E-02
  -2.506755E-08  -4.012920E-08  -3.824562E-02
  -2.310915E-08  -7.939980E-08   7.880376E-04
   2.731669E-08   7.466620E-08   2.740633E-02
   5.292310E-09   1.345758E-08  -7.045055E-03
  -1.178381E-09  -1.916803E-09  -1.980067E-02
  -8.768996E-09   5.776662E-09   1.317467E-02
   1.139822E-08  -3.261218E-09   1.717302E-02
   6.324569E-09   4.718426E-09  -1.015050E-02
   8.833259E-10   5.074193E-09   4.895977E-03
   1.494972E-09  -2.688065E-09   1.266167E-02
   1.544395E-08  -1.435683E-09   5.533643E-05
  -1.317216E-01   7.493549E-03   1.365411E-08
   5.670701E-01   3.053534E-03   3.116224E-08
  -2.078790E-01   4.591254E-01   1.710053E-08
  -2.037726E-01  -4.772709E-01  -3.034589E-08
  -2.675351E-01  -4.510840E-01  -4.809154E-08
  -2.659450E-01   4.606136E-01  -1.429426E-08
   6.234879E-01  -1.605676E-03   1.786073E-08
  -5.695718E-03  -6.715908E-03   4.984975E-10
   1.188770E-03   3.105007E-03  -3.440492E-09
  -8.205489E-03   5.039536E-03   1.143520E-08
  -8.679223E-03  -6.622991E-03  -1.245310E-08
  -6.877001E-03  -1.046155E-02  -4.418011E-10
  -7.431872E-03   9.808479E-03   8.609240E-09
   3.179810E-03   1.308907E-04   8.740416E-09
  -1.343079E-01   7.259713E-03  -1.952400E-07
   5.679178E-01   3.555536E-03   5.033141E-07
  -2.075233E-01   4.564679E-01   8.051945E-08
  -2.040350E-01  -4.752183E-01  -1.605659E-08
  -2.657271E-01  -4.501553E-01   3.203134E-07
  -2.640241E-01   4.599738E-01  -1.533318E-07
   6.231983E-01  -1.774889E-03  -4.052990E-07
  -5.823467E-03  -6.761893E-03   7.398721E-08
   1.117329E-03   3.032284E-03  -5.570629E-08
  -8.042305E-03   4.959910E-03  -6.071325E-08
  -8.507044E-03  -6.557668E-03   1.910346E-08
  -6.919242E-03  -1.044564E-02  -1.163802E-08
  -7.495707E-03   9.804479E-03  -3.954541E-08
   3.134414E-03   1.373367E-04  -1.190095E-08
   2.725591E-07  -1.804959E-08   6.099494E-02
  -1.419982E-06   2.829490E-08  -5.009802E-02
   5.318864E-07  -1.169670E-06  -1.116850E-02
   6.109052E-07   1.219521E-06  -3.803166E-02
   5.876223E-07   1.119417E-06   8.630402E-04
   5.875786E-07  -1.114118E-06   2.696793E-02
  -1.442433E-06  -6.574932E-08  -7.009734E-03
   1.567311E-08   2.412869E-08  -1.926460E-02
  -1.050607E-08  -1.019131E-08   1.283730E-02
   2.730857E-08  -9.018536E-09   1.739375E-02
   2.390396E-08   7.946988E-09  -9.346932E-03
   2.348430E-08   1.972682E-08   4.869170E-03
   7.119658E-09  -3.588781E-08   1.254334E-02
  -4.334267E-09   1.394672E-08   4.762973E-05
   3.142594E-08   2.323976E-09  -6.258783E-02
  -9.411042E-08   4.417000E-09   5.133757E-02
   2.490717E-08  -7.200201E-08   1.078908E-02
  -2.155688E-08   8.237917E-08   3.802066E-02
   3.687390E-08   9.085407E-08  -7.820554E-04
  -1.454715E-08  -1.081815E-07  -2.732299E-02
   3.445498E-08   1.097827E-08   6.926833E-03
  -4.645315E-10  -1.206034E-09   1.979001E-02
   7.058669E-09  -5.883984E-09  -1.321833E-02
  -1.246388E-08   2.531216E-09  -1.728720E-02
   8.441159E-09  -2.133083E-09   1.018700E-02
  -4.706569E-09  -2.400753E-09  -4.838894E-03
   5.217225E-09  -5.017215E-10  -1.268691E-02
   5.147153E-09  -1.549500E-09  -4.672454E-05
  -1.313639E-01   7.102023E-03  -1.218762E-07
   5.641663E-01   3.336955E-03   9.352311E-08
  -2.062757E-01   4.598919E-01  -1.901507E-08
  -2.025971E-01  -4.782674E-01   7.796990E-08
  -2.668237E-01  -4.517226E-01  -7.510036E-09
  -2.651750E-01   4.613728E-01  -2.693928E-08
   6.231962E-01  -1.723573E-03   6.043722E-08
  -5.786146E-03  -6.765142E-03   4.304072E-08
   1.126942E-03   3.056887E-03  -1.329699E-08
  -8.223118E-03   5.073785E-03  -6.240218E-08
  -8.694746E-03  -6.632709E-03   2.909051E-08
  -6.885884E-03  -1.038256E-02  -8.419273E-09
  -7.451575E-03   9.752704E-03  -4.732758E-08
   3.033739E-03   1.264120E-04  -1.080866E-09
   8.912807E-08  -2.933601E-08   6.260540E-02
  -6.003980E-07   5.415779E-08  -5.138348E-02
   2.828531E-07  -4.634825E-07  -1.080038E-02
   2.090350E-07   3.948079E-07  -3.803844E-02
   3.024522E-07   4.645883E-07   7.846339E-04
   3.101568E-07  -4.203932E-07   2.732768E-02
  -6.964413E-07   1.479870E-08  -6.970918E-03
   1.304122E-09   3.707799E-09  -1.979384E-02
  -4.395865E-09   2.125653E-10   1.322371E-02
  -3.331817E-09  -9.020302E-09   1.729157E-02
   2.270417E-08   5.578423E-09  -1.018526E-02
  -3.250105E-09   1.249364E-08   4.869767E-03
   7.958783E-09  -1.265380E-08   1.274933E-02
   1.223687E-08  -1.060195E-08   4.804114E-05
   1.313125E-01  -7.096338E-03  -1.578514E-07
  -5.641241E-01  -3.338549E-03   1.084675E-07
   2.062659E-01  -4.599278E-01   5.401167E-08
   2.025971E-01   4.782956E-01   9.315250E-08
   2.668383E-01   4.518940E-01  -4.266476E-08
   2.651999E-01  -4.615467E-01  -3.076355E-08
  -6.227616E-01   1.747516E-03   5.765795E-08
   5.782395E-03   6.760917E-03   5.371782E-08
  -1.126698E-03  -3.052012E-03  -2.199357E-08
   8.220174E-03  -5.074156E-03  -7.399567E-08
   8.691142E-03   6.631761E-03   2.106364E-08
   6.807975E-03   1.023641E-02  -1.423532E-08
   7.370670E-03  -9.611851E-03  -4.706157E-08
  -3.268380E-03  -1.371229E-04  -4.146069E-09
  -7.119246E-09   8.263365E-08   6.259281E-02
  -1.429827E-09  -3.613028E-08  -5.136375E-02
   4.952515E-08   2.687266E-08  -1.099708E-02
  -1.429002E-07  -2.460203E-08  -3.782675E-02
  -2.000411E-08   2.658614E-08   8.380534E-04
   4.315464E-08  -1.185471E-08   2.728292E-02
   1.066243E-07   1.452345E-08  -6.936626E-03
   1.876968E-09  -2.614660E-09  -1.978968E-02
   4.885005E-09  -2.075004E-08   1.322864E-02
  -9.301147E-09  -1.401683E-08   1.739495E-02
   8.686975E-09  -1.600760E-08  -1.028519E-02
  -1.634544E-08  -1.425871E-08   4.820894E-03
  -6.556691E-09  -2.997951E-10   1.270657E-02
   4.434125E-09  -1.097450E-08   4.573103E-05
  -1.313258E-01   7.108092E-03   2.037282E-08
   5.641239E-01   3.350858E-03  -5.206896E-08
  -2.065224E-01   4.599630E-01  -4.846946E-09
  -2.028370E-01  -4.783652E-01   6.381501E-08
  -2.666528E-01  -4.516890E-01  -2.404806E-08
  -2.650114E-01   4.613674E-01   3.584614E-09
   6.227397E-01  -1.750724E-03  -6.997558E-09
  -5.776429E-03  -6.762773E-03   3.376057E-09
   1.132176E-03   3.049756E-03  -3.496301E-09
  -8.061006E-03   4.979177E-03   5.379973E-10
  -8.542002E-03  -6.533660E-03  -7.911621E-09
  -6.893241E-03  -1.037881E-02   3.957808E-09
  -7.459549E-03   9.750511E-03   1.653597E-09
   3.269845E-03   1.372292E-04   1.745853E-09
   6.785819E-08   2.255999E-08  -6.485320E-02
  -1.360614E-08  -8.168532E-08   5.609921E-02
  -2.069538E-08   3.751927E-08   8.306924E-03
  -1.737687E-07   5.918562E-09   3.557523E-02
  -7.184175E-09   4.070599E-08   2.447234E-03
   1.957960E-07  -6.157314E-08  -2.641761E-02
  -8.362703E-09   7.776105E-08   6.008902E-03
   2.180803E-09  -4.744259E-09   2.019159E-02
  -4.080296E-08   6.691602E-09  -1.329700E-02
   1.035431E-09  -9.126385E-09  -1.690834E-02
   8.521086E-09  -9.591514E-10   1.049349E-02
   1.489301E-08  -9.995476E-09  -6.763420E-03
  -2.072284E-08  -1.745941E-08  -1.299600E-02
  -4.751526E-09  -5.618155E-09   3.076528E-04
  -1.291027E-01   7.320547E-03   3.225096E-09
   5.637309E-01   2.992853E-03   2.153480E-08
  -2.077370E-01   4.600044E-01   1.746840E-08
  -2.038614E-01  -4.780153E-01   2.657527E-08
  -2.672533E-01  -4.530109E-01  -4.414839E-08
  -2.657111E-01   4.624164E-01   4.203452E-09
   6.220438E-01  -1.600395E-03  -2.778519E-08
  -5.611279E-03  -6.578862E-03   3.788327E-10
   1.127580E-03   3.004679E-03  -8.422204E-09
  -8.112047E-03   5.067689E-03   3.355395E-09
  -8.577442E-03  -6.600422E-03  -2.662773E-09
  -6.842963E-03  -1.032655E-02  -8.080371E-09
  -7.399783E-03   9.699788E-03   1.264394E-08
   3.384151E-03   1.333751E-04   1.727021E-09
   1.276186E-01  -7.007680E-03   6.310589E-06
  -5.617341E-01  -3.082883E-03  -6.538587E-06
   2.079496E-01  -4.635061E-01  -1.343217E-06
   2.037725E-01   4.812553E-01  -3.705199E-06
   2.644801E-01   4.529640E-01   1.197002E-06
   2.628793E-01  -4.621544E-01   2.435340E-06
  -6.176395E-01   1.654263E-03   1.155898E-08
   5.649639E-03   6.599300E-03  -1.919226E-06
  -1.093678E-03  -2.988724E-03   1.131440E-06
   8.325090E-03  -5.134777E-03   1.777188E-06
   8.799838E-03   6.633536E-03  -9.092917E-07
   6.784945E-03   1.028510E-02   4.722894E-07
   7.332256E-03  -9.679721E-03   1.185177E-06
  -3.381618E-03  -1.380151E-04   4.503596E-08
  -2.377676E-05   1.330531E-06  -6.470114E-02
   9.955458E-05   6.713903E-07   5.240602E-02
  -3.604283E-05   8.035377E-05   1.057627E-02
  -3.535946E-05  -8.361718E-05   3.883097E-02
  -4.726776E-05  -7.939120E-05  -7.878433E-04
  -4.709141E-05   8.105056E-05  -2.797704E-02
   1.105488E-04  -3.153541E-07   7.068505E-03
  -1.042895E-06  -1.226831E-06   2.061058E-02
   2.402633E-07   5.370437E-07  -1.368856E-02
  -1.424090E-06   8.738542E-07  -1.712760E-02
  -1.515096E-06  -1.162697E-06   1.096812E-02
  -1.237327E-06  -1.836488E-06  -4.833455E-03
  -1.326593E-06   1.731353E-06  -1.312401E-02
   5.505114E-07   8.858415E-09  -5.803818E-05
   8.293716E-07  -5.841522E-08   6.081925E-02
  -3.498851E-06  -1.481439E-07  -5.043488E-02
   1.264103E-06  -3.046613E-06  -1.096000E-02
   1.219356E-06   3.145124E-06  -3.734215E-02
   1.647644E-06   3.020199E-06   7.491706E-04
   1.727368E-06  -2.948080E-06   2.675850E-02
  -3.928056E-06  -2.759136E-08  -6.840514E-03
   4.184089E-08   5.510243E-08  -1.908477E-02
  -7.746585E-09  -1.867402E-08   1.281535E-02
   5.849015E-08  -1.392013E-08   1.749670E-02
   4.786163E-08   4.958345E-08  -9.565555E-03
   5.068633E-08   5.751702E-08   4.836685E-03
   4.118572E-08  -5.766818E-08   1.232305E-02
  -2.799609E-08   3.499303E-09   4.623978E-05
  -1.345205E-01   7.162910E-03  -6.855440E-07
   5.652440E-01   3.577632E-03   9.522154E-07
  -2.039857E-01   4.563262E-01   1.397859E-07
  -2.008129E-01  -4.752906E-01   3.496629E-07
  -2.686875E-01  -4.511955E-01   3.368662E-07
  -2.670278E-01   4.613116E-01  -4.474078E-07
   6.262143E-01  -1.860721E-03  -3.743006E-07
  -5.906780E-03  -6.898005E-03   2.346293E-07
   1.150814E-03   3.094604E-03  -1.662997E-07
  -8.090314E-03   5.008700E-03  -2.002747E-07
  -8.558109E-03  -6.610525E-03   9.118603E-08
  -6.898660E-03  -1.052733E-02  -4.252711E-08
  -7.488216E-03   9.880895E-03  -1.437861E-07
   3.093130E-03   1.403450E-04  -1.070666E-08
  -1.434557E-05   8.139516E-07  -6.258771E-02
   6.175781E-05   3.749584E-07   5.126594E-02
  -2.267403E-05   5.050059E-05   1.078970E-02
  -2.214321E-05  -5.240837E-05   3.797565E-02
  -2.919223E-05  -4.962767E-05  -7.667598E-04
  -2.912507E-05   5.057177E-05  -2.720746E-02
   6.834957E-05  -1.635191E-07   6.967831E-03
  -6.411508E-07  -7.563803E-07   1.978868E-02
   1.400257E-07   3.233433E-07  -1.321418E-02
  -8.871589E-07   5.573274E-07  -1.727904E-02
  -9.549668E-07  -7.276713E-07   1.020284E-02
  -7.758961E-07  -1.130318E-06  -4.858075E-03
  -8.249980E-07   1.069785E-06  -1.274803E-02
   3.631977E-07   1.274833E-09  -5.029900E-05
   1.313326E-01  -7.092928E-03   7.148545E-06
  -5.640507E-01  -3.345885E-03  -6.347850E-06
   2.062392E-01  -4.598299E-01  -1.257456E-06
   2.025675E-01   4.782365E-01  -4.322483E-06
   2.668843E-01   4.515955E-01  -2.011090E-07
   2.652382E-01  -4.612711E-01   3.347966E-06
  -6.226666E-01   1.755687E-03  -4.107252E-07
   5.790676E-03   6.766575E-03  -2.295705E-06
  -1.124219E-03  -3.057559E-03   1.623639E-06
   8.219613E-03  -5.071624E-03   2.005857E-06
   8.693434E-03   6.629375E-03  -1.158756E-06
   6.698034E-03   1.042378E-02   5.556393E-07
   7.275300E-03  -9.807738E-03   1.457579E-06
  -3.260843E-03  -1.370753E-04   6.644684E-09
  -1.312399E-01   7.083944E-03  -3.647404E-06
   5.641750E-01   3.340369E-03   3.359079E-06
  -2.064732E-01   4.599228E-01   7.321515E-07
  -2.028192E-01  -4.782841E-01   2.060702E-06
  -2.667527E-01  -4.518605E-01   2.359285E-07
  -2.651035E-01   4.614897E-01  -1.725570E-06
   6.227287E-01  -1.738505E-03   6.499436E-09
  -5.775282E-03  -6.757321E-03   1.155476E-06
   1.128554E-03   3.049278E-03  -7.514607E-07
  -8.095899E-03   5.231304E-03  -1.019484E-06
  -8.559515E-03  -6.769816E-03   5.582815E-07
  -6.897241E-03  -1.038002E-02  -2.720551E-07
  -7.463649E-03   9.751631E-03  -7.266358E-07
   3.260336E-03   1.361669E-04  -1.880122E-08
  -4.076500E-06   3.364915E-07  -6.262402E-02
   1.748090E-05   5.686599E-08   5.147227E-02
  -6.424269E-06   1.437142E-05   1.068531E-02
  -6.220476E-06  -1.488453E-05   3.801744E-02
  -8.243942E-06  -1.414768E-05  -7.922404E-04
  -8.316407E-06   1.438921E-05  -2.730083E-02
   1.939015E-05  -6.830534E-08   6.956778E-03
  -1.852415E-07  -2.272139E-07   1.980629E-02
   4.590975E-08   9.079352E-08  -1.323101E-02
  -2.571070E-07   1.519820E-07  -1.730818E-02
  -2.704372E-07  -2.083902E-07   1.018851E-02
  -2.211624E-07  -3.181574E-07  -4.856755E-03
  -2.231528E-07   3.083951E-07  -1.268735E-02
   1.036915E-07  -2.448366E-09  -5.240710E-05
  -1.685839E-05   7.674593E-07  -6.238152E-02
   7.241763E-05   3.651814E-07   5.144576E-02
  -2.628117E-05   5.923455E-05   1.082747E-02
  -2.622762E-05  -6.120051E-05   3.815098E-02
  -3.436041E-05  -5.814122E-05  -7.886386E-04
  -3.397657E-05   5.913063E-05  -2.731533E-02
   8.008239E-05  -7.278605E-08   6.946427E-03
  -7.367551E-07  -8.785064E-07   1.954155E-02
   1.407436E-07   3.789000E-07  -1.323281E-02
  -1.052109E-06   6.458727E-07  -1.728361E-02
  -1.117752E-06  -8.450529E-07   1.011684E-02
  -8.885244E-07  -1.337538E-06  -4.832424E-03
  -9.650254E-07   1.251987E-06  -1.281904E-02
   4.191449E-07  -1.310456E-08  -7.808978E-05
  -7.600052E-05   4.882343E-06  -6.282844E-02
   3.266729E-04   2.276979E-06   5.124442E-02
  -1.207264E-04   2.657106E-04   1.076835E-02
  -1.162598E-04  -2.775785E-04   3.790308E-02
  -1.538091E-04  -2.612513E-04  -7.893284E-04
  -1.539185E-04   2.674087E-04  -2.733838E-02
   3.604465E-04  -1.478727E-06   6.922534E-03
  -3.425998E-06  -3.967160E-06   2.004628E-02
   8.372239E-07   1.805694E-06  -1.320715E-02
  -4.724074E-06   2.946154E-06  -1.729185E-02
  -5.034761E-06  -3.839890E-06   1.026058E-02
  -4.031317E-06  -5.976167E-06  -4.850969E-03
  -4.276244E-06   5.671382E-06  -1.255829E-02
   1.899257E-06   1.102237E-07  -2.019026E-05
   1.312236E-01  -8.047830E-03   2.396239E-06
  -5.637982E-01  -1.509859E-03  -2.439354E-06
   2.075615E-01  -4.595895E-01  -4.985598E-07
   2.011474E-01   4.779650E-01  -1.289960E-06
   2.662806E-01   4.516507E-01  -2.483691E-07
   2.649588E-01  -4.605190E-01   1.196174E-06
  -6.221973E-01   1.393915E-03   1.676461E-07
   5.874501E-03   6.775594E-03  -7.667045E-07
  -1.173928E-03  -3.068902E-03   5.164225E-07
   8.247403E-03  -5.159187E-03   6.755975E-07
   8.645075E-03   6.538172E-03  -3.667069E-07
   6.809078E-03   1.030275E-02   1.785312E-07
   7.526758E-03  -9.796636E-03   4.744071E-07
  -3.256649E-03  -2.424519E-04   1.852985E-08
  -2.177641E-06   1.714402E-07  -6.262948E-02
   9.253301E-06   4.833790E-08   5.104797E-02
  -3.427993E-06   7.585642E-06   1.083686E-02
  -3.238022E-06  -7.713535E-06   3.844449E-02
  -4.343145E-06  -7.500987E-06  -9.236565E-04
  -4.357612E-06   7.446049E-06  -2.782015E-02
   1.015184E-05   2.517396E-08   6.948339E-03
  -9.771801E-08  -1.264239E-07   1.978459E-02
   3.841790E-08   5.440472E-08  -1.322939E-02
  -1.184819E-07   8.606573E-08  -1.724299E-02
  -1.453484E-07  -1.108506E-07   1.030348E-02
  -1.236010E-07  -1.635427E-07  -4.760096E-03
  -1.125008E-07   1.622416E-07  -1.256147E-02
   6.024157E-08  -1.516512E-08   4.574518E-05
  -2.515785E-06   2.986505E-07  -6.101570E-02
   1.052674E-05  -4.031706E-08   5.095693E-02
  -3.952818E-06   8.813288E-06   1.064202E-02
  -3.666990E-06  -8.945756E-06   3.831074E-02
  -4.876681E-06  -8.659055E-06  -8.727420E-04
  -5.045602E-06   8.596474E-06  -2.777310E-02
   1.165399E-05   4.818386E-08   7.085586E-03
  -1.032610E-07  -1.355208E-07   1.960317E-02
   5.860707E-08   5.504767E-08  -1.366029E-02
  -1.465629E-07   9.968392E-08  -1.699878E-02
  -1.559909E-07  -1.331865E-07   9.803752E-03
  -1.401364E-07  -1.912585E-07  -4.781870E-03
  -1.290921E-07   1.847613E-07  -1.282274E-02
   6.843686E-08  -7.264625E-09   4.706821E-05
  -1.309021E-01   1.574273E-03  -1.482084E-06
   5.636976E-01   8.446791E-03   1.861442E-06
  -2.020518E-01   4.571460E-01   1.002561E-07
  -2.066740E-01  -4.805453E-01   1.250492E-06
  -2.692005E-01  -4.496443E-01  -1.824333E-07
  -2.622236E-01   4.627876E-01  -1.106679E-06
   6.225762E-01  -3.258276E-03   2.504319E-07
  -6.166464E-03  -7.090578E-03   5.383713E-07
   5.661446E-04   2.895125E-03  -6.524458E-07
  -8.250309E-03   5.151822E-03  -4.524047E-07
  -8.632694E-03  -6.546813E-03   3.311305E-07
  -6.827577E-03  -1.026312E-02  -1.478796E-07
  -7.520412E-03   9.856280E-03  -3.925764E-07
   3.257311E-03   1.362422E-04   2.882388E-08
   2.063006E-08  -1.567770E-08  -6.255958E-02
   4.375697E-08   4.794951E-08   5.131828E-02
   2.228362E-09  -4.017513E-08   1.081136E-02
  -5.610284E-08  -2.883313E-08   3.799289E-02
   7.001007E-08   1.594461E-07  -8.002012E-04
  -8.344881E-09  -1.311987E-07  -2.733293E-02
  -6.658762E-08   3.233604E-09   6.918782E-03
   9.689555E-10   2.988151E-10   1.979038E-02
   8.402358E-09  -1.025520E-08  -1.323047E-02
  -9.305314E-09   7.891115E-09  -1.728325E-02
  -4.056756E-09  -2.813870E-09   1.019018E-02
   2.099883E-10  -1.364331E-10  -4.854413E-03
   5.941819E-09   9.009078E-09  -1.262607E-02
  -4.832310E-09   1.080256E-09  -4.607661E-05
   1.313292E-01  -7.004278E-03  -9.355686E-08
  -5.641897E-01  -3.395465E-03   7.554821E-08
   2.061894E-01  -4.598737E-01   2.158338E-08
   2.027604E-01   4.782969E-01   8.164097E-08
   2.668818E-01   4.519138E-01   7.862108E-09
   2.649071E-01  -4.611568E-01  -6.830150E-08
  -6.227658E-01   1.682003E-03   2.250006E-08
   5.796472E-03   6.771409E-03   3.438520E-08
  -1.117957E-03  -3.050911E-03  -1.435587E-08
   8.222923E-03  -5.080391E-03  -4.716441E-08
   8.685557E-03   6.627481E-03   2.434178E-08
   6.803405E-03   1.022827E-02  -1.700467E-08
   7.552851E-03  -9.904516E-03  -2.761852E-08
  -3.257369E-03  -1.291882E-04  -3.011341E-09
   1.511919E-07  -4.144243E-08   6.271274E-02
  -7.694482E-07   1.137231E-08  -5.128211E-02
   1.951084E-07  -6.359529E-07  -1.095496E-02
   2.966762E-07   7.117328E-07  -3.823324E-02
   4.384870E-07   7.166103E-07   8.292362E-04
   4.025057E-07  -7.103634E-07   2.734643E-02
  -8.819743E-07  -7.948756E-08  -6.871732E-03
   6.019128E-09   6.588807E-09  -1.980358E-02
   1.667164E-09  -2.668564E-09   1.318915E-02
   1.465372E-08  -2.316040E-09   1.736331E-02
   1.763793E-08   1.264219E-08  -1.011052E-02
   2.215541E-08   2.305064E-08   4.816748E-03
   7.003071E-09  -6.748037E-09   1.266166E-02
   1.847810E-09   3.880279E-09   4.951804E-05
   1.313609E-01  -7.350084E-03   1.569189E-07
  -5.641989E-01  -2.994589E-03  -6.531878E-08
   2.066943E-01  -4.600921E-01  -7.639134E-08
   2.022613E-01   4.780519E-01  -8.052808E-08
   2.666520E-01   4.516748E-01   1.796852E-09
   2.651524E-01  -4.613852E-01   5.034021E-08
  -6.227706E-01   1.730573E-03  -5.246786E-08
   5.754431E-03   6.748878E-03  -4.896194E-08
  -1.135292E-03  -3.062521E-03   2.017422E-08
   8.055124E-03  -4.974001E-03   6.807615E-08
   8.841228E-03   6.743029E-03  -2.566604E-08
   6.897787E-03   1.038664E-02   9.975334E-09
   7.454525E-03  -9.748400E-03   4.086339E-08
  -3.258261E-03  -1.412506E-04   5.405716E-09
   1.316061E-01  -1.027412E-02   1.178320E-06
  -5.643473E-01   6.010163E-04  -1.344564E-06
   2.093389E-01  -4.616558E-01  -2.455711E-07
   1.995512E-01   4.765489E-01  -4.676822E-07
   2.653690E-01   4.513030E-01  -3.130703E-07
   2.667010E-01  -4.618692E-01   6.257309E-07
  -6.228570E-01   2.679323E-03   2.566720E-07
   5.475405E-03   6.515410E-03  -3.521322E-07
  -1.383311E-03  -3.168346E-03   1.532385E-07
   8.240672E-03  -4.995939E-03   3.304699E-07
   8.685211E-03   6.716423E-03  -1.456137E-07
   6.995679E-03   1.042369E-02   8.177062E-08
   7.353361E-03  -9.717409E-03   2.035516E-07
  -3.259295E-03  -9.255758E-05   2.227581E-08
   2.208760E-06  -1.563667E-07   6.376488E-02
  -9.340225E-06  -8.882684E-08  -5.128643E-02
   3.396246E-06  -7.676772E-06  -1.058324E-02
   3.373165E-06   7.926649E-06  -3.853729E-02
   4.365445E-06   7.575486E-06   7.042365E-04
   4.376453E-06  -7.530038E-06   2.709747E-02
  -1.026427E-05  -4.660340E-08  -6.804003E-03
   1.069217E-07   1.337157E-07  -1.995084E-02
  -2.555199E-08  -5.254480E-08   1.289643E-02
   1.328474E-07  -8.730037E-08   1.735455E-02
   1.393562E-07   1.111836E-07  -1.033512E-02
   1.226543E-07   1.639787E-07   4.742001E-03
   9.462452E-08  -1.743069E-07   1.271657E-02
  -5.757564E-08   1.416202E-08   9.975076E-05
   9.033205E-05  -4.932299E-06   6.258133E-02
  -3.882103E-04  -2.271255E-06  -5.134061E-02
   1.420070E-04  -3.165627E-04  -1.079573E-02
   1.394818E-04   3.291306E-04  -3.801614E-02
   1.835876E-04   3.109545E-04   7.788520E-04
   1.823457E-04  -3.174589E-04   2.731340E-02
  -4.285676E-04   1.245891E-06  -6.938458E-03
   3.991356E-06   4.670465E-06  -1.978354E-02
  -8.243055E-07  -2.104206E-06   1.322022E-02
   5.626440E-06  -3.489064E-06   1.728925E-02
   5.976840E-06   4.559862E-06  -1.018204E-02
   4.750149E-06   7.141166E-06   4.840084E-03
   5.128282E-06  -6.719010E-06   1.268668E-02
  -2.239458E-06  -1.887117E-07   6.414893E-05
   1.159561E-04  -6.240776E-06   6.261357E-02
  -4.983263E-04  -2.974062E-06  -5.134281E-02
   1.822891E-04  -4.063589E-04  -1.079553E-02
   1.789668E-04   4.222925E-04  -3.803108E-02
   2.355209E-04   3.990550E-04   8.014573E-04
   2.342041E-04  -4.073654E-04   2.733730E-02
  -5.500591E-04   1.352852E-06  -6.929626E-03
   5.118123E-06   5.980883E-06  -1.979865E-02
  -1.023218E-06  -2.693700E-06   1.321714E-02
   7.244782E-06  -4.480708E-06   1.728019E-02
   7.662276E-06   5.855495E-06  -1.019112E-02
   6.094845E-06   9.163282E-06   4.841651E-03
   6.588406E-06  -8.615312E-06   1.268601E-02
  -2.880621E-06   4.246217E-08   3.454181E-05
  -1.313285E-01   6.879946E-03  -3.834302E-06
   5.641980E-01   3.520274E-03   3.616353E-06
  -2.062711E-01   4.599489E-01   6.564279E-07
  -2.026761E-01  -4.782427E-01   2.175222E-06
  -2.665068E-01  -4.517984E-01   2.237570E-07
  -2.653184E-01   4.612898E-01  -1.842157E-06
   6.228053E-01  -1.802313E-03   1.445689E-07
  -5.801826E-03  -6.779385E-03   1.233478E-06
   1.106475E-03   3.045857E-03  -8.725280E-07
  -8.221635E-03   5.071542E-03  -1.080538E-06
  -8.686687E-03  -6.635570E-03   6.099596E-07
  -7.079465E-03  -1.034361E-02  -2.948173E-07
  -7.283595E-03   9.804270E-03  -7.824498E-07
   3.257505E-03   1.443723E-04  -1.554222E-08
   5.693061E-06  -4.004501E-07   6.251728E-02
  -2.440539E-05  -7.942347E-08  -5.127870E-02
   8.996631E-06  -2.004278E-05  -1.082597E-02
   8.722603E-06   2.069499E-05  -3.793858E-02
   1.154707E-05   1.970900E-05   8.280614E-04
   1.153905E-05  -1.999578E-05   2.721086E-02
  -2.703179E-05   4.600328E-08  -6.944717E-03
   2.554540E-07   3.092459E-07  -1.978213E-02
  -7.460263E-08  -1.258612E-07   1.323674E-02
   3.483171E-07  -2.309315E-07   1.727739E-02
   3.751921E-07   2.845190E-07  -1.020498E-02
   2.745427E-07   4.532328E-07   4.825233E-03
   3.257098E-07  -4.209518E-07   1.274018E-02
  -1.472004E-07   1.628188E-08   4.880287E-05
   4.400753E-04  -2.394006E-05   6.256416E-02
  -1.890944E-03  -1.045751E-05  -5.114675E-02
   6.921206E-04  -1.541115E-03  -1.092486E-02
   6.784933E-04   1.602922E-03  -3.797215E-02
   8.938721E-04   1.513690E-03   7.881134E-04
   8.881144E-04  -1.545801E-03   2.729084E-02
  -2.086768E-03   5.872092E-06  -6.918752E-03
   1.941072E-05   2.268356E-05  -1.977459E-02
  -3.827884E-06  -1.027084E-05   1.322548E-02
   2.716313E-05  -1.751199E-05   1.727140E-02
   2.953048E-05   2.177740E-05  -1.025922E-02
   2.308142E-05   3.478241E-05   4.819687E-03
   2.500520E-05  -3.268987E-05   1.268303E-02
  -1.091499E-05  -4.609684E-07   5.242520E-05
   4.871611E-05  -2.669608E-06   6.263032E-02
  -2.092902E-04  -1.373696E-06  -5.153467E-02
   7.653948E-05  -1.707337E-04  -1.066618E-02
   7.524324E-05   1.774386E-04  -3.807719E-02
   9.891344E-05   1.677245E-04   7.923283E-04
   9.837100E-05  -1.711518E-04   2.735997E-02
  -2.310889E-04   5.725279E-07  -6.948894E-03
   2.152534E-06   2.524306E-06  -1.980750E-02
  -4.623311E-07  -1.119617E-06   1.321171E-02
   3.075175E-06  -1.822375E-06   1.729779E-02
   3.174587E-06   2.503285E-06  -1.011386E-02
   2.566073E-06   3.849433E-06   4.862121E-03
   2.766938E-06  -3.619726E-06   1.268905E-02
  -1.212948E-06  -3.656774E-08   4.630333E-05
   4.164157E-07  -2.235180E-08   6.256531E-02
  -1.815954E-06  -1.885565E-07  -5.140846E-02
   6.630858E-07  -1.546714E-06  -1.071638E-02
   6.256345E-07   1.628042E-06  -3.788752E-02
   7.093530E-07   1.575917E-06   8.954986E-04
   9.346555E-07  -1.445409E-06   2.703068E-02
  -1.933571E-06  -5.022177E-08  -7.017365E-03
   2.687339E-08   3.947708E-08  -1.999861E-02
  -8.809311E-09  -3.641349E-09   1.318973E-02
   3.043821E-08  -1.177089E-08   1.726849E-02
   2.308860E-08   2.528455E-08  -9.844963E-03
   5.389102E-08   2.347026E-08   4.911395E-03
   1.186661E-09  -4.824302E-08   1.267404E-02
  -1.438627E-08   1.746557E-08   6.289731E-05
   1.313117E-01  -6.740722E-03   2.814339E-07
  -5.642718E-01  -2.057370E-03  -6.389976E-07
   2.061467E-01  -4.612231E-01  -1.356249E-07
   2.028937E-01   4.770420E-01  -4.202970E-08
   2.670410E-01   4.518975E-01  -2.555637E-07
   2.648689E-01  -4.613581E-01   2.550633E-07
  -6.229046E-01   2.262235E-03   3.757415E-07
   5.797671E-03   6.780207E-03  -9.770922E-08
  -1.141156E-03  -3.098265E-03   7.265762E-08
   8.242662E-03  -5.112973E-03   9.540683E-08
   8.670690E-03   6.617013E-03  -2.865142E-08
   6.935629E-03   1.038344E-02   1.488619E-08
   7.422316E-03  -9.759692E-03   4.337344E-08
  -3.257382E-03  -1.141362E-04   2.054342E-08
   1.314610E-01  -7.090629E-03  -5.675980E-09
  -5.644777E-01  -3.302052E-03   3.252746E-08
   2.062982E-01  -4.599276E-01   1.663583E-08
   2.027384E-01   4.782026E-01   1.509695E-08
   2.666359E-01   4.515829E-01  -2.372767E-08
   2.649347E-01  -4.612015E-01  -2.910422E-08
  -6.224731E-01   1.742401E-03  -9.421616E-09
   5.660639E-03   6.727240E-03  -1.148899E-09
  -1.122015E-03  -3.064026E-03  -1.640799E-09
   8.228739E-03  -5.078123E-03   3.832351E-09
   8.691710E-03   6.632410E-03  -1.146550E-09
   6.894488E-03   1.038003E-02  -2.601843E-09
   7.456724E-03  -9.759268E-03   5.646729E-09
  -3.255258E-03  -1.354852E-04   7.203802E-10
  -2.533182E-08  -7.679621E-09  -6.209722E-02
  -6.751427E-09   1.826445E-08   5.139548E-02
   1.075440E-08  -1.131703E-08   1.077995E-02
  -1.183708E-08  -1.801050E-08   3.778130E-02
   8.386106E-09   2.352040E-08  -8.890458E-04
   1.240359E-08  -8.489053E-09  -2.715496E-02
   1.276836E-08  -3.298447E-10   6.831012E-03
  -1.530276E-09  -1.476401E-09   1.926226E-02
   4.972300E-09  -8.691317E-10  -1.315175E-02
  -1.242597E-10   6.981598E-09  -1.703821E-02
  -1.405028E-09  -6.901646E-10   1.001549E-02
  -1.798160E-09  -1.067249E-09  -4.795702E-03
   7.279518E-10   1.046431E-09  -1.261261E-02
  -1.469000E-09  -3.759437E-11  -5.164912E-05
  -1.311824E-01   7.076274E-03  -4.825113E-07
   5.645696E-01   3.408371E-03   7.928104E-07
  -2.066088E-01   4.600576E-01   1.350505E-07
  -2.028797E-01  -4.784407E-01   1.563392E-07
  -2.667435E-01  -4.519038E-01   3.207076E-07
  -2.651651E-01   4.614975E-01  -3.474080E-07
   6.226865E-01  -1.699392E-03  -3.506045E-07
  -5.716990E-03  -6.752088E-03   1.615193E-07
   1.236345E-03   3.005065E-03  -1.239512E-07
  -8.215804E-03   5.081710E-03  -1.411607E-07
  -8.695957E-03  -6.636068E-03   5.700221E-08
  -6.887367E-03  -1.038055E-02  -3.216593E-08
  -7.455618E-03   9.747653E-03  -9.189771E-08
   3.268200E-03   1.368982E-04  -1.769373E-08
   1.435331E-06  -9.390456E-08   6.227384E-02
  -6.080019E-06  -4.945010E-08  -5.112955E-02
   2.264277E-06  -5.178907E-06  -1.066137E-02
   2.103785E-06   5.216274E-06  -3.800640E-02
   2.833010E-06   5.103256E-06   6.680947E-04
   2.848381E-06  -5.020036E-06   2.736205E-02
  -6.674535E-06  -3.654993E-08  -6.877193E-03
   7.101752E-08   9.037883E-08  -1.974069E-02
  -1.916335E-08  -3.317819E-08   1.332422E-02
   9.811575E-08  -4.609223E-08   1.732652E-02
   7.790733E-08   7.242854E-08  -1.032311E-02
   9.009363E-08   1.064886E-07   4.785733E-03
   7.591956E-08  -1.090311E-07   1.266654E-02
  -3.186830E-08   1.326558E-08   5.273540E-05
   1.314030E-01  -6.899025E-03   3.570091E-05
  -5.640795E-01  -3.768371E-03  -3.056417E-05
   2.061532E-01  -4.597835E-01  -6.131345E-06
   2.026229E-01   4.783756E-01  -2.165888E-05
   2.665997E-01   4.517097E-01   1.442931E-06
   2.651264E-01  -4.612466E-01   1.529525E-05
  -6.228019E-01   1.664028E-03  -3.365328E-06
   5.947067E-03   6.854666E-03  -1.156857E-05
  -1.125224E-03  -2.985567E-03   7.560915E-06
   8.211322E-03  -5.079589E-03   1.003036E-05
   8.685712E-03   6.632637E-03  -5.759983E-06
   6.892725E-03   1.038369E-02   2.776548E-06
   7.464589E-03  -9.754747E-03   7.171742E-06
  -3.253583E-03  -1.379883E-04   5.426451E-08
   1.249885E-05  -7.506734E-07   6.235746E-02
  -5.381391E-05  -2.687684E-07  -5.127055E-02
   1.978549E-05  -4.398902E-05  -1.109093E-02
   1.930405E-05   4.565788E-05  -3.798136E-02
   2.541551E-05   4.324317E-05   9.688892E-04
   2.535301E-05  -4.406719E-05   2.736808E-02
  -5.950380E-05   1.350386E-07  -6.815714E-03
   5.418423E-07   6.522251E-07  -1.923763E-02
  -1.327684E-07  -2.907682E-07   1.315536E-02
   7.776740E-07  -4.910250E-07   1.690668E-02
   8.332250E-07   6.267577E-07  -1.020081E-02
   6.697479E-07   9.828405E-07   4.769681E-03
   6.995382E-07  -9.324491E-07   1.270743E-02
  -3.176693E-07   4.827943E-09   4.248034E-05
  -5.375058E-07   2.011631E-08  -6.214355E-02
   2.136598E-06   1.316004E-07   5.119737E-02
  -7.770651E-07   1.805754E-06   1.061065E-02
  -6.753658E-07  -1.870106E-06   3.789833E-02
  -8.450218E-07  -1.814869E-06  -6.882428E-04
  -1.081326E-06   1.744169E-06  -2.727185E-02
   2.256664E-06   2.316050E-08   6.893827E-03
  -2.803676E-08  -4.309741E-08   1.977476E-02
  -1.348725E-09   8.159867E-09  -1.343500E-02
  -3.747139E-08   1.730043E-08  -1.731575E-02
  -2.701162E-08  -2.857768E-08   1.022335E-02
  -5.605954E-08  -2.832012E-08  -4.801492E-03
  -5.476820E-09   4.820502E-08  -1.263268E-02
   1.641865E-08  -8.789270E-09  -5.017079E-05
  -1.310001E-01   7.061475E-03  -1.109695E-07
   5.642173E-01   3.507445E-03   2.275217E-07
  -2.064115E-01   4.599228E-01  -2.895266E-08
  -2.027994E-01  -4.783010E-01   6.697564E-08
  -2.667468E-01  -4.518801E-01  -1.173227E-07
  -2.651927E-01   4.614105E-01  -5.510362E-08
   6.227224E-01  -1.672663E-03   4.578552E-08
  -5.752879E-03  -6.729562E-03   4.629988E-08
   1.038360E-03   2.942443E-03  -2.371769E-08
  -8.218919E-03   5.071062E-03  -3.205112E-08
  -8.680634E-03  -6.622845E-03   1.227635E-08
  -6.889800E-03  -1.037677E-02  -1.845385E-08
  -7.453940E-03   9.751642E-03  -3.783735E-08
   3.267143E-03   1.360967E-04   9.520271E-09
   9.254543E-02  -5.466714E-03   4.432695E-02
  -3.962357E-01  -2.516359E-03  -3.653361E-02
   1.447471E-01  -3.227050E-01  -6.572708E-03
   1.424198E-01   3.360643E-01  -2.819116E-02
   1.872332E-01   3.166420E-01  -3.545829E-04
   1.859603E-01  -3.236457E-01   2.030408E-02
  -4.374665E-01   1.335286E-03  -4.956986E-03
   3.791787E-03   4.979026E-03  -1.409967E-02
  -7.945614E-04  -2.124547E-03   9.653984E-03
   5.834892E-03  -3.564937E-03   1.200218E-02
   6.141706E-03   4.657915E-03  -6.955411E-03
   4.851466E-03   7.301308E-03   2.975727E-03
   5.198685E-03  -6.840765E-03   9.593636E-03
  -2.264452E-03  -9.999865E-05   4.182911E-05
  -9.099201E-02   4.922993E-03  -4.524237E-02
   3.901077E-01   2.243772E-03   3.711049E-02
  -1.426228E-01   3.180335E-01   8.537561E-03
  -1.400574E-01  -3.307631E-01   2.673432E-02
  -1.844619E-01  -3.121378E-01  -7.253259E-04
  -1.833629E-01   3.188833E-01  -1.968167E-02
   4.309144E-01  -1.236556E-03   5.152469E-03
  -3.987542E-03  -4.660710E-03   1.430528E-02
   7.540886E-04   2.122332E-03  -9.574221E-03
  -5.688090E-03   3.505502E-03  -1.229294E-02
  -6.018855E-03  -4.579339E-03   7.201557E-03
  -4.763953E-03  -7.190021E-03  -4.122397E-03
  -5.159296E-03   6.745273E-03  -8.575661E-03
   2.286559E-03   9.194266E-05  -6.038529E-05
  -9.067619E-02   4.961425E-03   4.498263E-02
   3.898165E-01   2.281076E-03  -3.703073E-02
  -1.424416E-01   3.180271E-01  -7.889909E-03
  -1.399038E-01  -3.304495E-01  -2.742023E-02
  -1.844948E-01  -3.125220E-01   2.591491E-04
  -1.828966E-01   3.182857E-01   1.992625E-02
   4.303398E-01  -1.021925E-03  -4.973322E-03
  -3.879838E-03  -4.529241E-03  -1.426336E-02
   4.845456E-04   2.119586E-03   9.753167E-03
  -5.705596E-03   3.480052E-03   1.297473E-02
  -6.023416E-03  -4.562120E-03  -7.826961E-03
  -4.722191E-03  -7.152235E-03   3.328159E-03
  -5.283433E-03   6.833410E-03   9.410338E-03
   2.253774E-03   9.467004E-05   3.361649E-05
  -9.370022E-02   4.967249E-03  -4.410298E-02
   4.002609E-01   3.220274E-03   3.622726E-02
  -1.460018E-01   3.262561E-01   8.537713E-03
  -1.436897E-01  -3.394308E-01   2.593573E-02
  -1.891551E-01  -3.201037E-01  -1.034866E-03
  -1.876969E-01   3.262386E-01  -1.879699E-02
   4.420174E-01  -1.176914E-03   4.950157E-03
  -3.998314E-03  -4.912196E-03   1.397273E-02
   8.944486E-04   2.154259E-03  -9.370278E-03
  -6.039232E-03   3.463555E-03  -1.274703E-02
  -6.371519E-03  -4.630515E-03   7.757113E-03
  -4.892278E-03  -7.368354E-03  -2.984334E-03
  -5.297445E-03   6.963295E-03  -9.515136E-03
   2.307560E-03   9.803174E-05  -1.527139E-05
   9.320624E-02  -5.985763E-03   4.372368E-02
  -3.983973E-01  -2.180046E-03  -3.628233E-02
   1.454540E-01  -3.245611E-01  -5.389924E-03
   1.431253E-01   3.379639E-01  -2.927775E-02
   1.884284E-01   3.181137E-01  -9.289758E-04
   1.869149E-01  -3.250099E-01   2.074824E-02
  -4.403483E-01   1.424812E-03  -4.931652E-03
   3.550896E-03   4.998896E-03  -1.400449E-02
  -4.789187E-04  -2.152614E-03   9.987676E-03
   5.872310E-03  -3.600618E-03   1.174966E-02
   6.159904E-03   4.684839E-03  -6.743215E-03
   4.859617E-03   7.347808E-03   3.137402E-03
   5.280667E-03  -6.900706E-03   9.451274E-03
  -2.282308E-03  -1.057208E-04   4.112567E-05
   9.389256E-02  -3.610456E-03   4.414806E-02
  -4.031418E-01  -1.903565E-03  -3.596955E-02
   1.475350E-01  -3.282683E-01  -9.495726E-03
   1.443089E-01   3.397584E-01  -2.434752E-02
   1.894954E-01   3.207014E-01   1.426190E-03
   1.883080E-01  -3.261394E-01   1.799750E-02
  -4.438058E-01   8.942000E-04  -5.147604E-03
   4.547903E-03   3.901308E-03  -1.392055E-02
  -3.809565E-04  -2.265208E-03   8.944505E-03
   5.903552E-03  -3.640237E-03   1.247022E-02
   6.196747E-03   4.745661E-03  -7.520518E-03
   4.910366E-03   7.392626E-03   3.326267E-03
   5.287987E-03  -7.036816E-03   9.236892E-03
  -2.284595E-03  -8.796171E-05   4.961918E-05
  -9.242925E-02   4.990686E-03  -4.536886E-02
   3.967292E-01   2.780055E-03   3.611337E-02
  -1.449446E-01   3.237876E-01   1.007837E-02
  -1.422832E-01  -3.363641E-01   2.965003E-02
  -1.879293E-01  -3.179413E-01  -8.346782E-04
  -1.864417E-01   3.243906E-01  -1.973132E-02
   4.389654E-01  -1.243025E-03   3.294053E-03
  -4.319161E-03  -5.002601E-03   1.412062E-02
   6.395890E-04   2.268954E-03  -9.295016E-03
  -5.855248E-03   3.498565E-03  -1.223542E-02
  -6.050418E-03  -4.683812E-03   7.217928E-03
  -4.869547E-03  -7.320564E-03  -3.623795E-03
  -5.299239E-03   6.915519E-03  -9.251484E-03
   2.284848E-03   8.059818E-05  -1.046964E-03
   9.179694E-02  -4.712403E-03   4.484471E-02
  -3.924999E-01  -2.898345E-03  -3.569481E-02
   1.434823E-01  -3.199532E-01  -7.525361E-03
   1.408831E-01   3.328845E-01  -2.702367E-02
   1.856405E-01   3.143989E-01  -1.323223E-04
   1.842757E-01  -3.208681E-01   1.873478E-02
  -4.335138E-01   1.201873E-03  -5.349149E-03
   3.820074E-03   4.745988E-03  -1.417374E-02
  -8.058863E-04  -2.016962E-03   9.494428E-03
   5.709421E-03  -3.568903E-03   1.193526E-02
   6.087309E-03   4.605331E-03  -7.781598E-03
   4.823623E-03   7.251574E-03   3.593209E-03
   5.281560E-03  -6.893184E-03   9.306988E-03
  -2.266359E-03  -8.762986E-05   9.021999E-04
   9.197632E-02  -5.820220E-03   4.559317E-02
  -3.954621E-01  -1.404573E-03  -3.655863E-02
   1.442814E-01  -3.230476E-01  -9.430789E-03
   1.414692E-01   3.341449E-01  -2.891041E-02
   1.870923E-01   3.172115E-01   1.060447E-03
   1.857129E-01  -3.222650E-01   1.990820E-02
  -4.365853E-01   7.428754E-04  -3.590798E-03
   4.781866E-03   5.271835E-03  -1.422412E-02
  -3.352439E-04  -2.422571E-03   9.601173E-03
   5.924688E-03  -3.328978E-03   1.284906E-02
   5.870494E-03   4.714241E-03  -6.681770E-03
   4.839266E-03   7.271370E-03   2.913060E-03
   5.209680E-03  -6.815510E-03   8.546642E-03
  -2.278195E-03  -9.646790E-05  -5.769749E-05
   9.404766E-02  -4.774116E-03   4.437823E-02
  -4.018153E-01  -2.159818E-03  -3.643250E-02
   1.467378E-01  -3.268117E-01  -7.527735E-03
   1.441625E-01   3.403461E-01  -2.696173E-02
   1.892911E-01   3.193709E-01   8.347163E-04
   1.882393E-01  -3.266336E-01   1.900484E-02
  -4.433673E-01   1.396857E-03  -5.090865E-03
   3.892445E-03   4.187247E-03  -1.394083E-02
  -5.732264E-04  -2.271796E-03   9.312038E-03
   5.880057E-03  -3.578917E-03   1.199745E-02
   6.220784E-03   4.718962E-03  -7.088834E-03
   4.890283E-03   7.406436E-03   3.501374E-03
   5.298024E-03  -6.964540E-03   9.165864E-03
  -2.281315E-03  -9.979192E-05   4.148635E-05
  -9.366555E-02   5.320541E-03   4.345510E-02
   4.026781E-01   2.119342E-03  -3.572086E-02
  -1.471951E-01   3.279972E-01  -7.233066E-03
  -1.444611E-01  -3.407691E-01  -2.671976E-02
  -1.899402E-01  -3.212700E-01   4.174966E-04
  -1.887276E-01   3.278422E-01   1.890591E-02
   4.441080E-01  -1.180456E-03  -4.874718E-03
  -4.215856E-03  -4.899071E-03  -1.392510E-02
   3.977179E-04   2.186891E-03   9.576392E-03
  -5.882954E-03   3.610165E-03   1.210569E-02
  -6.194835E-03  -4.725907E-03  -7.110845E-03
  -4.911352E-03  -7.409007E-03   3.375540E-03
  -5.312246E-03   6.970126E-03   9.002786E-03
   2.304589E-03   9.584772E-05   5.217593E-05
