    16.083840    -0.210690    -7.210668     0.121037     0.004863     0.404359    -0.996837    -0.071242
    15.287929    15.067198     0.491790    -0.996784    -0.060387    -0.008778    -0.002356    -0.007584
    -0.000695    -0.010331     0.165428     0.092473     0.000000     0.000000     0.000000     0.000000
     0.000000     0.000000     0.000000     0.000000     0.000000     0.000000     0.000000     0.000000
     0.000000     0.000000     0.000000     0.000000
    -0.210690     8.174269     0.837740    -0.010632     0.063315     0.074264    -0.026961    -0.061702
    -1.598768    -1.355097    -0.278964     0.284500     0.007012     0.008337     0.001546     0.001125
     0.010264     0.011544     0.019060     0.022330     0.000000     0.000000     0.000000     0.000000
     0.000000     0.000000     0.000000     0.000000     0.000000     0.000000     0.000000     0.000000
     0.000000     0.000000     0.000000     0.000000
    -7.210668     0.837740    14.315814    -0.017536     0.057677    -0.359143     1.465464     0.018433
   -13.808827   -13.929534    -0.229317     0.739376     0.069742     0.015294     0.003889     0.011955
    -0.003439     0.027002    -0.066351    -0.020457     0.000000     0.000000     0.000000     0.000000
     0.000000     0.000000     0.000000     0.000000     0.000000     0.000000     0.000000     0.000000
     0.000000     0.000000     0.000000     0.000000
     0.121037    -0.010632    -0.017536     5.992104     0.057574     0.020819    -0.003233    -0.001170
    -0.125433     0.106747    -0.009722     0.011367    -0.001657     0.001013    -0.000909     0.000020
     0.001019     0.001151    -0.001951    -0.000481     0.000000     0.000000     0.000000     0.000000
     0.000000     0.000000     0.000000     0.000000     0.000000     0.000000     0.000000     0.000000
     0.000000     0.000000     0.000000     0.000000
     0.004863     0.063315     0.057677     0.057574     5.975803     0.053042     0.006981    -0.003283
    -0.059530    -0.316049     0.006943    -0.012101     0.001630    -0.001871     0.000311    -0.001367
    -0.003736    -0.001451     0.006167     0.001978     0.000000     0.000000     0.000000     0.000000
     0.000000     0.000000     0.000000     0.000000     0.000000     0.000000     0.000000     0.000000
     0.000000     0.000000     0.000000     0.000000
     0.404359     0.074264    -0.359143     0.020819     0.053042     5.989736     0.033241    -0.000038
     0.816330     0.908507     0.013660    -0.018288     0.018447    -0.000885    -0.001369    -0.002816
     0.008488    -0.003727     0.015605     0.015147     0.000000     0.000000     0.000000     0.000000
     0.000000     0.000000     0.000000     0.000000     0.000000     0.000000     0.000000     0.000000
     0.000000     0.000000     0.000000     0.000000
    -0.996837    -0.026961     1.465464    -0.003233     0.006981     0.033241     5.947495    -0.153680
    -1.897673    -1.773841    -0.014299     0.040113     0.571237    -0.011705     0.001310     0.008979
    -0.021982    -0.022462    -0.123749    -0.187023     0.000000     0.000000     0.000000     0.000000
     0.000000     0.000000     0.000000     0.000000     0.000000     0.000000     0.000000     0.000000
     0.000000     0.000000     0.000000     0.000000
    -0.071242    -0.061702     0.018433    -0.001170    -0.003283    -0.000038    -0.153680     6.803763
    -0.054581    -0.051200    -0.000677    -0.000226     0.006966    -0.058567    -0.015925    -0.004525
    -0.064995    -0.099001    -0.422550    -0.431667     0.000000     0.000000     0.000000     0.000000
     0.000000     0.000000     0.000000     0.000000     0.000000     0.000000     0.000000     0.000000
     0.000000     0.000000     0.000000     0.000000
    15.287929    -1.598768   -13.808827    -0.125433    -0.059530     0.816330    -1.897673    -0.054581
    30.217211    28.811304     0.545363    -2.266392    -0.109875    -0.027938    -0.001193    -0.011184
    -0.014088    -0.041257     0.221699     0.114506     0.000000     0.000000     0.000000     0.000000
     0.000000     0.000000     0.000000     0.000000     0.000000     0.000000     0.000000     0.000000
     0.000000     0.000000     0.000000     0.000000
    15.067198    -1.355097   -13.929534     0.106747    -0.316049     0.908507    -1.773841    -0.051200
    28.811304    30.518564     0.980604    -2.182777    -0.123500    -0.024967     0.000102    -0.006980
    -0.014814    -0.034570     0.219292     0.125289     0.000000     0.000000     0.000000     0.000000
     0.000000     0.000000     0.000000     0.000000     0.000000     0.000000     0.000000     0.000000
     0.000000     0.000000     0.000000     0.000000
     0.491790    -0.278964    -0.229317    -0.009722     0.006943     0.013660    -0.014299    -0.000677
     0.545363     0.980604     1.229646     0.023653    -0.005859     0.000757    -0.000348     0.005311
    -0.001770     0.001186    -0.001187     0.001347     0.000000     0.000000     0.000000     0.000000
     0.000000     0.000000     0.000000     0.000000     0.000000     0.000000     0.000000     0.000000
     0.000000     0.000000     0.000000     0.000000
    -0.996784     0.284500     0.739376     0.011367    -0.012101    -0.018288     0.040113    -0.000226
    -2.266392    -2.182777     0.023653     1.231255    -0.008442     0.009094    -0.001861    -0.001899
     0.018409     0.008574    -0.021118    -0.008786     0.000000     0.000000     0.000000     0.000000
     0.000000     0.000000     0.000000     0.000000     0.000000     0.000000     0.000000     0.000000
     0.000000     0.000000     0.000000     0.000000
    -0.060387     0.007012     0.069742    -0.001657     0.001630     0.018447     0.571237     0.006966
    -0.109875    -0.123500    -0.005859    -0.008442     1.073227    -0.019204     0.000076     0.002140
    -0.015515    -0.033941     0.863924     0.558105     0.000000     0.000000     0.000000     0.000000
     0.000000     0.000000     0.000000     0.000000     0.000000     0.000000     0.000000     0.000000
     0.000000     0.000000     0.000000     0.000000
    -0.008778     0.008337     0.015294     0.001013    -0.001871    -0.000885    -0.011705    -0.058567
    -0.027938    -0.024967     0.000757     0.009094    -0.019204     0.702075    -0.530968     0.366002
     0.263234     0.469871    -0.435009    -0.005126     0.000000     0.000000     0.000000     0.000000
     0.000000     0.000000     0.000000     0.000000     0.000000     0.000000     0.000000     0.000000
     0.000000     0.000000     0.000000     0.000000
    -0.002356     0.001546     0.003889    -0.000909     0.000311    -0.001369     0.001310    -0.015925
    -0.001193     0.000102    -0.000348    -0.001861     0.000076    -0.530968     2.015196    -0.446600
     0.055253     0.090051    -0.079617     0.001809     0.000000     0.000000     0.000000     0.000000
     0.000000     0.000000     0.000000     0.000000     0.000000     0.000000     0.000000     0.000000
     0.000000     0.000000     0.000000     0.000000
    -0.007584     0.001125     0.011955     0.000020    -0.001367    -0.002816     0.008979    -0.004525
    -0.011184    -0.006980     0.005311    -0.001899     0.002140     0.366002    -0.446600     2.137421
    -0.379343    -0.352013    -0.010557    -0.001733     0.000000     0.000000     0.000000     0.000000
     0.000000     0.000000     0.000000     0.000000     0.000000     0.000000     0.000000     0.000000
     0.000000     0.000000     0.000000     0.000000
    -0.000695     0.010264    -0.003439     0.001019    -0.003736     0.008488    -0.021982    -0.064995
    -0.014088    -0.014814    -0.001770     0.018409    -0.015515     0.263234     0.055253    -0.379343
     1.854759     0.254625    -0.362617     0.005621     0.000000     0.000000     0.000000     0.000000
     0.000000     0.000000     0.000000     0.000000     0.000000     0.000000     0.000000     0.000000
     0.000000     0.000000     0.000000     0.000000
    -0.010331     0.011544     0.027002     0.001151    -0.001451    -0.003727    -0.022462    -0.099001
    -0.041257    -0.034570     0.001186     0.008574    -0.033941     0.469871     0.090051    -0.352013
     0.254625     1.159936    -0.794301    -0.008955     0.000000     0.000000     0.000000     0.000000
     0.000000     0.000000     0.000000     0.000000     0.000000     0.000000     0.000000     0.000000
     0.000000     0.000000     0.000000     0.000000
     0.165428     0.019060    -0.066351    -0.001951     0.006167     0.015605    -0.123749    -0.422550
     0.221699     0.219292    -0.001187    -0.021118     0.863924    -0.435009    -0.079617    -0.010557
    -0.362617    -0.794301     4.067103     1.214589     0.000000     0.000000     0.000000     0.000000
     0.000000     0.000000     0.000000     0.000000     0.000000     0.000000     0.000000     0.000000
     0.000000     0.000000     0.000000     0.000000
     0.092473     0.022330    -0.020457    -0.000481     0.001978     0.015147    -0.187023    -0.431667
     0.114506     0.125289     0.001347    -0.008786     0.558105    -0.005126     0.001809    -0.001733
     0.005621    -0.008955     1.214589     0.792212     0.000000     0.000000     0.000000     0.000000
     0.000000     0.000000     0.000000     0.000000     0.000000     0.000000     0.000000     0.000000
     0.000000     0.000000     0.000000     0.000000
     0.000000     0.000000     0.000000     0.000000     0.000000     0.000000     0.000000     0.000000
     0.000000     0.000000     0.000000     0.000000     0.000000     0.000000     0.000000     0.000000
     0.000000     0.000000     0.000000     0.000000     6.859106     1.809305    -0.886294     0.063534
     0.062804    -0.018179     1.210720     0.268904     0.221042    -0.155324     0.068447     0.015344
    -0.011037    -0.003331    -0.009149    -0.025097
     0.000000     0.000000     0.000000     0.000000     0.000000     0.000000     0.000000     0.000000
     0.000000     0.000000     0.000000     0.000000     0.000000     0.000000     0.000000     0.000000
     0.000000     0.000000     0.000000     0.000000     1.809305     7.136337     1.510816     0.045392
     0.207822     0.025639     1.105865     0.066852    -0.160990    -0.215204    -0.175967     0.012315
     0.008204     0.000427    -0.006830     0.022407
     0.000000     0.000000     0.000000     0.000000     0.000000     0.000000     0.000000     0.000000
     0.000000     0.000000     0.000000     0.000000     0.000000     0.000000     0.000000     0.000000
     0.000000     0.000000     0.000000     0.000000    -0.886294     1.510816     6.584676    -0.021994
     0.126379     0.002102     0.283215    -0.011901    -0.037915    -0.427541     0.425250    -0.032356
    -0.008099     0.004716    -0.013448     0.004621
     0.000000     0.000000     0.000000     0.000000     0.000000     0.000000     0.000000     0.000000
     0.000000     0.000000     0.000000     0.000000     0.000000     0.000000     0.000000     0.000000
     0.000000     0.000000     0.000000     0.000000     0.063534     0.045392    -0.021994     5.945204
     0.044973    -0.001926    -0.192721    -0.009104    -0.015271    -0.012934     0.016866    -0.004793
    -0.002497    -0.001239    -0.004070     0.001742
     0.000000     0.000000     0.000000     0.000000     0.000000     0.000000     0.000000     0.000000
     0.000000     0.000000     0.000000     0.000000     0.000000     0.000000     0.000000     0.000000
     0.000000     0.000000     0.000000     0.000000     0.062804     0.207822     0.126379     0.044973
     5.935661     0.009626     0.219309     0.010610     0.013230     0.000355    -0.029967     0.013577
     0.006759    -0.001935     0.013794     0.002368
     0.000000     0.000000     0.000000     0.000000     0.000000     0.000000     0.000000     0.000000
     0.000000     0.000000     0.000000     0.000000     0.000000     0.000000     0.000000     0.000000
     0.000000     0.000000     0.000000     0.000000    -0.018179     0.025639     0.002102    -0.001926
     0.009626     6.861175     0.020089    -0.001231     0.002484    -0.011716    -0.104935     0.188854
    -0.007582     0.001540     0.027529    -0.004659
     0.000000     0.000000     0.000000     0.000000     0.000000     0.000000     0.000000     0.000000
     0.000000     0.000000     0.000000     0.000000     0.000000     0.000000     0.000000     0.000000
     0.000000     0.000000     0.000000     0.000000     1.210720     1.105865     0.283215    -0.192721
     0.219309     0.020089     3.354926     0.110158     0.714956    -0.425124    -0.163601     0.048909
    -0.016574     0.001168    -0.021290    -0.012738
     0.000000     0.000000     0.000000     0.000000     0.000000     0.000000     0.000000     0.000000
     0.000000     0.000000     0.000000     0.000000     0.000000     0.000000     0.000000     0.000000
     0.000000     0.000000     0.000000     0.000000     0.268904     0.066852    -0.011901    -0.009104
     0.010610    -0.001231     0.110158     0.594845    -0.023742     0.027405     0.003624    -0.001299
     0.000222     0.000416     0.000696    -0.000488
     0.000000     0.000000     0.000000     0.000000     0.000000     0.000000     0.000000     0.000000
     0.000000     0.000000     0.000000     0.000000     0.000000     0.000000     0.000000     0.000000
     0.000000     0.000000     0.000000     0.000000     0.221042    -0.160990    -0.037915    -0.015271
     0.013230     0.002484     0.714956    -0.023742     1.175598     0.018142    -0.029190     0.008451
    -0.000538     0.005135    -0.001788    -0.001445
     0.000000     0.000000     0.000000     0.000000     0.000000     0.000000     0.000000     0.000000
     0.000000     0.000000     0.000000     0.000000     0.000000     0.000000     0.000000     0.000000
     0.000000     0.000000     0.000000     0.000000    -0.155324    -0.215204    -0.427541    -0.012934
     0.000355    -0.011716    -0.425124     0.027405     0.018142     1.170371     0.010347    -0.014228
     0.012731    -0.001917     0.025499    -0.005993
     0.000000     0.000000     0.000000     0.000000     0.000000     0.000000     0.000000     0.000000
     0.000000     0.000000     0.000000     0.000000     0.000000     0.000000     0.000000     0.000000
     0.000000     0.000000     0.000000     0.000000     0.068447    -0.175967     0.425250     0.016866
    -0.029967    -0.104935    -0.163601     0.003624    -0.029190     0.010347     1.029326    -0.122813
    -0.013545    -0.000738    -0.019221     0.049357
     0.000000     0.000000     0.000000     0.000000     0.000000     0.000000     0.000000     0.000000
     0.000000     0.000000     0.000000     0.000000     0.000000     0.000000     0.000000     0.000000
     0.000000     0.000000     0.000000     0.000000     0.015344     0.012315    -0.032356    -0.004793
     0.013577     0.188854     0.048909    -0.001299     0.008451    -0.014228    -0.122813     0.765158
    -0.009108    -0.001963    -0.018715    -0.021281
     0.000000     0.000000     0.000000     0.000000     0.000000     0.000000     0.000000     0.000000
     0.000000     0.000000     0.000000     0.000000     0.000000     0.000000     0.000000     0.000000
     0.000000     0.000000     0.000000     0.000000    -0.011037     0.008204    -0.008099    -0.002497
     0.006759    -0.007582    -0.016574     0.000222    -0.000538     0.012731    -0.013545    -0.009108
     1.898867     0.914891     0.548238    -0.017579
     0.000000     0.000000     0.000000     0.000000     0.000000     0.000000     0.000000     0.000000
     0.000000     0.000000     0.000000     0.000000     0.000000     0.000000     0.000000     0.000000
     0.000000     0.000000     0.000000     0.000000    -0.003331     0.000427     0.004716    -0.001239
    -0.001935     0.001540     0.001168     0.000416     0.005135    -0.001917    -0.000738    -0.001963
     0.914891     2.123774    -0.236743     0.002573
     0.000000     0.000000     0.000000     0.000000     0.000000     0.000000     0.000000     0.000000
     0.000000     0.000000     0.000000     0.000000     0.000000     0.000000     0.000000     0.000000
     0.000000     0.000000     0.000000     0.000000    -0.009149    -0.006830    -0.013448    -0.004070
     0.013794     0.027529    -0.021290     0.000696    -0.001788     0.025499    -0.019221    -0.018715
     0.548238    -0.236743     1.813927     0.032362
     0.000000     0.000000     0.000000     0.000000     0.000000     0.000000     0.000000     0.000000
     0.000000     0.000000     0.000000     0.000000     0.000000     0.000000     0.000000     0.000000
     0.000000     0.000000     0.000000     0.000000    -0.025097     0.022407     0.004621     0.001742
     0.002368    -0.004659    -0.012738    -0.000488    -0.001445    -0.005993     0.049357    -0.021281
    -0.017579     0.002573     0.032362     0.040540
