    1.94454243726610    1.94716828547919    1.94692137981788
    1.07411906161794    1.51905549006488    1.51718409345459
    1.44734045177284    2.08846661810982    2.96961312564428
    2.95931121767562    2.97473263891382   -0.00076290183159
   -0.00312301793730    0.00609438914303   -0.00024636099764
   -0.00076611120234   -0.00283741418030    0.00221266201141
    0.00126902361828    0.00965702976440   -0.05651217159976
    1.69999915270038    1.04287428361140    1.85533139797948
    1.87296906478384   -0.01020799197043   -0.00521901085759
   -0.00942793816686   -0.00204032170503   -0.00007367275729
    0.00717740504699    0.01002445715347   -0.01315081438053
   -0.03028274605360    1.41236936283120    0.00000088958809
