   -1.02949251850075    -286.0941545261    -285.9193018505    -285.9039642737
   -1.00716668711941    -286.0953954511    -285.9206541902    -285.9068773427
   -0.98387562241477    -286.0964474686    -285.9218189012    -285.9096055212
   -0.95958362808107    -286.0973249477    -285.9228097149    -285.9121593049
   -0.93425946906842    -286.0980422271    -285.9236401965    -285.9145489945
   -0.90787115825628    -286.0986135740    -285.9243237270    -285.9167846817
   -0.88039255684308    -286.0990530299    -285.9248733499    -285.9188760863
   -0.85180698267410    -286.0993743736    -285.9253017618    -285.9208325468
   -0.82209833878932    -286.0995910297    -285.9256212426    -285.9226629551
   -0.79126027454396    -286.0997152658    -285.9258428514    -285.9243750347
   -0.75930145615007    -286.0997607672    -285.9259790561    -285.9259777526
   -0.68311616483492    -286.0995776393    -285.9290706537    -285.9260804469
   -0.57722781091954    -286.0995731458    -285.9340007690    -285.9256826625
   -0.46378937493926    -286.0990830834    -285.9379555213    -285.9246364397
   -0.34561596619879    -286.0983018870    -285.9410548491    -285.9231109548
   -0.22637471242934    -286.0973177537    -285.9433475114    -285.9211819234
   -0.10999955882233    -286.0961019417    -285.9448030739    -285.9188241904
    0.00000000000000    -286.0945184995    -285.9453200579    -285.9159186745