    3,1        1,3                 # harmonic with-HN
   -5.387911552780369e+00
    3,2        1,3    
    1.384526229046363e+00
    3,3        1,3    
   -2.183735613220625e+00
    3,4        1,3    
   -3.234689555638508e-01
    3,5        1,3    
   -7.842046353078965e-01
    3,6        1,3    
   -3.549619092341843e-01
    3,7        1,3    
   -3.143582597845992e-01
    3,8        1,3    
   -1.436261070966295e-01
    3,9        1,3    
    1.397938650863589e-01
    3,10       1,3    
   -2.600974837175160e+00
    3,1        1,14   
   -1.574656665153255e-01
    3,2        1,14   
    7.715271491122253e-01
    3,3        1,14   
   -7.716418104280393e-01
    3,4        1,14   
    3.126406941901026e-01
    3,5        1,14   
    7.089382389238597e-02
    3,6        1,14   
    4.743449772810024e-02
    3,7        1,14   
    1.731724372739141e-01
    3,8        1,14   
    9.245389307541478e-02
    3,9        1,14   
   -5.852655963760875e-02
    3,10       1,14   
    3.590172380695963e-01
    5,1        2,1    
    3.221520955331439e-01
    5,1        2,2    
    3.187971963556976e-01
    8,1        6,1    
   -4.085630965728046e-03
    5,1        2,1        1,1     # C2v-planar B2 x A1 <- G8 irred-5 x irred-2 x irred-1
    4.700213873100280e-01
    5,1        2,1        1,2    
    5.072880630703213e-02
    5,1        2,1        1,3    
    9.914537930952009e-01
    5,1        2,1        1,5    
    3.010805166949035e-01
    5,1        2,1        1,6    
   -2.816272525832082e-01
    5,1        2,1        1,7    
   -4.584297963210962e-02
    5,1        2,1        1,8    
   -6.167517681966558e-02
    5,1        2,1        1,9    
   -3.570082732369485e-02
    5,1        2,1        1,10   
   -1.571836682319600e-01
    5,1        2,1        1,11   
   -2.838248084944281e-01
    5,1        2,1        1,12   
   -5.083096068751337e-02
    5,1        2,1        1,13   
   -1.136960147755781e-01
    5,1        2,1        1,14   
   -1.643808889729420e-01
    5,1        2,2        1,1    
   -2.370178976206825e-01
    5,1        2,2        1,2    
    2.371184616618641e-01
    5,1        2,2        1,3    
   -1.706525263085424e-01
    5,1        2,2        1,5    
   -5.981778932101941e-01
    5,1        2,2        1,6    
    6.865821714891197e-01
    5,1        2,2        1,7    
    1.324825278102182e+00
    5,1        2,2        1,8    
    1.680785351724824e-02
    5,1        2,2        1,9    
    6.862818981444485e-02
    5,1        2,2        1,10   
    7.408829430538286e-03
    5,1        2,2        1,11   
   -3.529480812831745e-01
    5,1        2,2        1,12   
   -1.979594885326275e-01
    5,1        2,2        1,13   
   -4.808788406143402e-02
    5,1        2,2        1,14   
    2.413175823384765e-02
    5,1        6,1        4,1     # C2v-planar B1 x A2 <- G8 irred-5 x irred-6 x irred-4
   -2.883695782682698e-02
    5,1        6,1        4,2    
   -8.728754831856253e-02
    5,1        6,1        4,3    
    8.153839431223524e-02
    5,1        8,1        7,1     # C2v-planar / C2v-perpendicular A2 x B1 <- G8 irred-5 x irred-8 x irred-7
    7.235117171879814e-02
    5,1        8,1        7,2    
   -5.007858598699681e-03
    5,1        8,1        7,3    
   -5.171437708097675e-03
    5,1        8,1        7,4    
    1.070714758719981e-02
    5,1        8,1        7,5    
   -2.491673727347426e-02
    5,1        8,1        7,6    
   -5.458173422552594e-02
    1,22       3,1               # 1st-scaling bias replacing an irred-1 HN coord
    2.232727036461104e+00
    1,22       3,2    
   -4.685928469193535e+00
    1,22       3,3    
    1.152124236537394e+00
    1,22       3,4    
   -1.371737957578066e+00
    1,22       3,5    
   -1.236911384316518e+00
    1,22       3,6    
    1.733949556808872e-01
    1,22       3,7    
    2.144242716178448e-01
    1,22       3,8    
   -3.841088026475914e-02
    1,22       3,9    
   -5.502613826039188e-01
    1,22       3,10   
   -1.392676686114485e+00
    1,22       5,1        2,1    
    2.375977565627682e-03
    1,22       5,1        2,2    
   -8.196525856456093e-03
    2,6        5,1               # 1st-scaling bias replacing an irred-2 HN coord
    1.406266188123957e-01
    2,6        5,1        1,1    
    1.722961095809487e+00
    2,6        5,1        1,2    
   -1.174045004965210e-01
    2,6        5,1        1,3    
   -5.974354859072277e-01
    2,6        5,1        1,5    
   -3.363295384268098e+00
    2,6        5,1        1,6    
    5.533880285702776e+00
    2,6        5,1        1,7    
    4.067062372183217e+00
    2,6        5,1        1,8    
    1.107323231832334e+00
    2,6        5,1        1,9    
    4.499436036764598e-01
    2,6        5,1        1,10   
    1.127888368028488e-01
    2,6        5,1        1,11   
   -1.457443651748141e+00
    2,6        5,1        1,12   
    9.784876860002502e-02
    2,6        5,1        1,13   
    6.923660147916653e-01
    2,6        5,1        1,14   
   -1.013210754242133e+00
    1,23       3,1               # 1st-scaling redundancy bias replacing an irred-1 HN coord
   -6.304600387564149e+00
    1,23       3,2    
    1.008876505457349e+01
    1,23       3,3    
   -4.396366597273161e+00
    1,23       3,4    
    9.624717412344850e-01
    1,23       3,5    
    7.354161114986054e-01
    1,23       3,6    
   -1.062947259256046e+00
    1,23       3,7    
   -5.808806718870705e-01
    1,23       3,8    
   -1.429895188012552e+00
    1,23       3,9    
    1.395608249940240e+00
    1,23       3,10   
    6.854603822199197e-01
    1,23       5,1        2,1    
   -3.127944865630702e-01
    1,23       5,1        2,2    
   -3.367739665875137e-01
    3,1        1,18               # 2nd-scaling harmonic with-HN
   -2.256454539170316e+00
    3,2        1,18   
    2.367673037034419e+00
    3,3        1,18   
   -1.585824705253620e+00
    3,4        1,18   
   -5.437153123634431e-01
    3,5        1,18   
   -8.067070401721109e-01
    3,6        1,18   
   -4.457899376506441e-01
    3,7        1,18   
   -1.546062462859249e-01
    3,8        1,18   
   -1.030451767449790e+00
    3,9        1,18   
    4.481562214155417e-01
    3,10       1,18   
   -8.568598650667235e-01
    3,1        1,19   
    5.407561551093662e+00
    3,2        1,19   
   -8.565859939075297e+00
    3,3        1,19   
   -4.209109969085024e+00
    3,4        1,19   
    5.090397096227067e+00
    3,5        1,19   
   -4.480461595656529e+00
    3,6        1,19   
    1.802007435279743e+00
    3,7        1,19   
    4.920251904283130e-01
    3,8        1,19   
   -1.158846933741839e+00
    3,9        1,19   
    3.969405802287698e-01
    3,10       1,19   
    1.115282175994911e+00
    5,2        2,3    
    3.173082805359244e-01
    5,2        2,4    
   -3.808653927339987e-01
    7,8        4,1    
   -3.951580253108256e-01
    7,8        4,2    
   -1.193602809819260e+00
    7,8        4,3    
    1.297073777496975e+00
    5,2        2,3        1,1    # 2nd-scaling C2v-planar B2 x A1 <- G8 irred-5 x irred-2 x irred-1
   -9.679536923515694e-01
    5,2        2,3        1,2    
    1.537553073423343e-01
    5,2        2,3        1,18   
   -3.934602876154611e-02
    5,2        2,3        1,19   
   -2.635409949358177e+00
    5,2        2,3        1,5    
    2.690272928528132e+00
    5,2        2,3        1,6    
   -1.562152826901968e+00
    5,2        2,3        1,7    
   -2.679390297829622e+00
    5,2        2,3        1,8    
    9.083713141890646e-01
    5,2        2,3        1,9    
    7.643622767981952e-02
    5,2        2,3        1,10   
    3.612569851596779e-01
    5,2        2,3        1,11   
    8.400287242067789e-01
    5,2        2,3        1,12   
    4.076586496205530e-01
    5,2        2,3        1,13   
    5.527397287331132e-01
    5,2        2,4        1,1    
   -1.829970446334105e+00
    5,2        2,4        1,2    
   -3.756501782283453e+00
    5,2        2,4        1,18   
    3.163647830656091e-01
    5,2        2,4        1,19   
   -1.842173288776124e+00
    5,2        2,4        1,5    
    9.375824452638639e+00
    5,2        2,4        1,6    
    9.473393831670858e+00
    5,2        2,4        1,7    
   -2.514233355143665e+01
    5,2        2,4        1,8    
    2.158063692587139e+01
    5,2        2,4        1,9    
    1.094281146314240e+00
    5,2        2,4        1,10   
    4.363087517517948e+00
    5,2        2,4        1,11   
    1.988184711144889e+01
    5,2        2,4        1,12   
    1.085209402537109e+01
    5,2        2,4        1,13   
    9.599145384101570e+00
    5,2        8,2        7,1    # 2nd-scaling C2v-planar / C2v-perpendicular A2 x B1 <- G8 irred-5 x irred-8 x irred-7
   -2.039399034280062e+00
    5,2        8,2        7,2    
    1.388593871420100e+00
    5,2        8,2        7,3    
   -1.073367253268931e-01
    5,2        8,2        7,4    
   -1.678662789142997e+00
    5,2        8,2        7,5    
    6.714413330831251e-01
    5,2        8,2        7,6    
   -1.011922613221911e+00
    5,2        8,2        7,8    
    7.807896364712345e+00
    1,24       3,1                # 2nd-scaling bias replacing an irred-1 HN coord
   -6.263150248626554e-01
    1,24       3,2    
   -1.573541837362801e+00
    1,24       3,3    
    3.129004936967341e+00
    1,24       3,4    
    2.226846118029811e-01
    1,24       3,5    
   -4.329475438867966e-01
    1,24       3,6    
    6.412300899661642e-01
    1,24       3,7    
    1.651591991331810e-01
    1,24       3,8    
   -6.341906257879006e-02
    1,24       3,9    
    1.198358238163393e-01
    1,24       3,10   
    3.971217903268454e-01
    1,24       5,2        2,3    
   -2.853569055024335e-01
    1,24       5,2        2,4    
   -4.628191667338031e-01
    2,7        5,2               # 2nd-scaling bias replacing an irred-2 HN coord
   -3.862257881877243e-01
    2,7        5,2        1,1    
   -1.958659919584450e+00
    2,7        5,2        1,2    
    7.057448193690767e-01
    2,7        5,2        1,18   
   -2.153723394540199e-01
    2,7        5,2        1,19   
   -2.459909393016436e-01
    2,7        5,2        1,5    
    3.540656720199774e+00
    2,7        5,2        1,6    
    1.650760510642756e+00
    2,7        5,2        1,7    
   -2.840154623065908e+00
    2,7        5,2        1,8    
    1.343249655508273e+00
    2,7        5,2        1,9    
    5.095384997924542e-01
    2,7        5,2        1,10   
    6.894601641924503e-01
    2,7        5,2        1,11   
    7.426455259654816e-01
    2,7        5,2        1,12   
    7.097224772224721e-01
    2,7        5,2        1,13   
    4.231667441817610e-01
