 N      7.   -4.46825862    0.22423952   -0.01385173   14.00307401
 C      6.   -1.76514735   -0.02306955   -0.01458699   12.00000000
 C      6.   -0.42052894    0.00576598   -2.28085818   12.00000000
 C      6.   -0.43493046   -0.03304533    2.25813701   12.00000000
 C      6.    2.19178190    0.00863423   -2.25864282   12.00000000
 C      6.    2.18300616   -0.01169925    2.25591466   12.00000000
 C      6.    3.50988559    0.00482070    0.00466798   12.00000000
 H      1.   -5.29101732   -1.27873007   -1.77432046    1.00782504
 H      1.   -5.16063226   -0.68367337    1.56721067    1.00782504
 H      1.   -1.42405740    0.03243009   -4.04195986    1.00782504
 H      1.   -1.44320380   -0.05919401    4.01808192    1.00782504
 H      1.    3.20316409    0.01920282   -4.01801440    1.00782504
 H      1.    3.18104876   -0.02138216    4.02284589    1.00782504
 H      1.    5.53810876    0.01001658    0.00901324    1.00782504
