    1,1    # no NH
   -4.567589077806525e-05
    1,2    
   -1.176313685047597e-05
    1,5    
    9.417925608091017e-05
    1,6    
   -2.616160133454750e-05
    1,7    
   -1.961829422165180e-04
    1,8    
   -1.897352275250005e-04
    1,9    
   -1.837780922549709e-04
    1,10   
   -1.936499139311952e-05
    1,11   
   -2.044666321754287e-05
    1,12   
   -1.327123226575397e-06
    1,13   
   -6.058695443348500e-07
    1,1        1,1    
    1.860481220623623e+00
    1,2        1,1    
   -4.433822505135792e-03
    1,5        1,1    
   -3.251362546496845e-01
    1,6        1,1    
   -7.101060598432277e-02
    1,7        1,1    
    9.536438733187332e-01
    1,8        1,1    
    6.817679362996675e-01
    1,9        1,1    
    6.304883401945618e-01
    1,10       1,1    
    2.222914564264440e-03
    1,11       1,1    
    5.417972845353980e-03
    1,12       1,1    
    3.038680730814710e-03
    1,13       1,1    
   -7.707733229856097e-03
    1,2        1,2    
    7.973616248205347e-01
    1,5        1,2    
    3.776737740832366e-02
    1,6        1,2    
   -4.858855282639040e-03
    1,7        1,2    
   -7.940407853140340e-03
    1,8        1,2    
    2.467519936873732e-02
    1,9        1,2    
   -3.371271923271216e-02
    1,10       1,2    
    1.565831867020616e-02
    1,11       1,2    
    4.844137527910905e-03
    1,12       1,2    
    1.989989230735999e-03
    1,13       1,2    
   -1.585526089742751e-03
    1,5        1,5    
    3.188607851790957e+00
    1,6        1,5    
    1.515349036574634e-01
    1,7        1,5    
   -2.998463888923482e+00
    1,8        1,5    
   -4.783697513060516e+00
    1,9        1,5    
   -4.656583136968849e+00
    1,10       1,5    
    1.181588382905157e-03
    1,11       1,5    
    9.783789624802283e-02
    1,12       1,5    
   -1.343223153325105e-01
    1,13       1,5    
    6.357224253244512e-02
    1,6        1,6    
    1.848877282265712e+00
    1,7        1,6    
    3.270323709907350e-01
    1,8        1,6    
    3.751687949864547e-01
    1,9        1,6    
    2.371634854192262e-01
    1,10       1,6    
    1.980031134024850e-02
    1,11       1,6    
    1.671436900429391e-02
    1,12       1,6    
    7.289264400998587e-02
    1,13       1,6    
   -6.770296381572667e-02
    1,7        1,7    
    2.967240422791144e+00
    1,8        1,7    
    4.532417152827417e+00
    1,9        1,7    
    4.566288122185703e+00
    1,10       1,7    
    1.488167020420483e-02
    1,11       1,7    
   -8.756316981700468e-02
    1,12       1,7    
    6.584453815710806e-02
    1,13       1,7    
    1.438388330857220e-02
    1,8        1,8    
    3.803822045949313e+00
    1,9        1,8    
    7.152696664831621e+00
    1,10       1,8    
    9.916098556785720e-03
    1,11       1,8    
   -1.598181451016532e-01
    1,12       1,8    
    1.217000644628894e-01
    1,13       1,8    
   -1.178130187459890e-01
    1,9        1,9    
    3.806199829700014e+00
    1,10       1,9    
    7.308291804415087e-02
    1,11       1,9    
   -1.771528515335593e-01
    1,12       1,9    
    8.312029545905250e-02
    1,13       1,9    
   -8.109678758193219e-02
    1,10       1,10   
    7.992483378266863e-01
    1,11       1,10   
    1.371158144145877e-02
    1,12       1,10   
    4.827878756249043e-04
    1,13       1,10   
    3.109128989865600e-03
    1,11       1,11   
    8.067568030937573e-01
    1,12       1,11   
   -2.487849843482960e-03
    1,13       1,11   
    5.051594704908301e-03
    1,12       1,12   
    9.431608922557091e-02
    1,13       1,12   
    3.056350857528386e-03
    1,13       1,13   
    9.513733111048651e-02
    3,1        3,1    
    1.290959700611222e+00
    3,2        3,1    
    8.790690121605883e-01
    3,3        3,1    
   -1.076353401006329e-01
    3,4        3,1    
   -2.544722466318391e-01
    3,5        3,1    
    1.387054841096823e-02
    3,6        3,1    
    1.783352624935893e-02
    3,7        3,1    
   -9.666134691434183e-02
    3,8        3,1    
   -6.581864122133638e-02
    3,9        3,1    
   -1.970959454298048e-02
    3,10       3,1    
    4.440068331008519e-02
    3,2        3,2    
    1.685917240446188e+00
    3,3        3,2    
    3.661895049729304e-01
    3,4        3,2    
   -4.282766126591706e-01
    3,5        3,2    
    1.546411130498164e-02
    3,6        3,2    
    4.633752103436739e-02
    3,7        3,2    
   -3.319429443840818e-02
    3,8        3,2    
    4.363548524973000e-02
    3,9        3,2    
   -7.080099427625673e-02
    3,10       3,2    
    3.192965409711033e-02
    3,3        3,3    
    1.404019268897941e+00
    3,4        3,3    
   -8.723546317025045e-02
    3,5        3,3    
   -5.963206367044415e-03
    3,6        3,3    
    2.277440025183025e-02
    3,7        3,3    
    2.441505275248471e-03
    3,8        3,3    
    3.549899093824999e-03
    3,9        3,3    
    6.520417425200017e-02
    3,10       3,3    
   -1.394771532187042e-01
    3,4        3,4    
    4.016096694074479e-01
    3,5        3,4    
    4.848277675088286e-02
    3,6        3,4    
   -4.625018794079154e-02
    3,7        3,4    
    4.158147305809790e-02
    3,8        3,4    
    2.821516655811022e-02
    3,9        3,4    
    2.949077200349148e-02
    3,10       3,4    
   -6.216837473543242e-02
    3,5        3,5    
    7.957143778192287e-01
    3,6        3,5    
    1.116153205920020e-02
    3,7        3,5    
    2.758266887618300e-03
    3,8        3,5    
    3.536787202206298e-03
    3,9        3,5    
    3.108811628774747e-03
    3,10       3,5    
   -3.770172867648408e-03
    3,6        3,6    
    8.021930549789116e-01
    3,7        3,6    
   -1.819450135409068e-03
    3,8        3,6    
   -2.563153650944222e-03
    3,9        3,6    
    6.831488309565830e-04
    3,10       3,6    
    9.464675426926441e-03
    3,7        3,7    
    9.211702747450079e-02
    3,8        3,7    
   -4.700040458517489e-03
    3,9        3,7    
    5.968289562225686e-03
    3,10       3,7    
    8.136931169581028e-04
    3,8        3,8    
    9.027658295693955e-02
    3,9        3,8    
    1.887437381471377e-03
    3,10       3,8    
   -6.995501779816472e-03
    3,9        3,9    
    9.072169127544619e-02
    3,10       3,9    
    8.257421209629553e-04
    3,10       3,10   
    1.556661239770308e-01
    4,1        4,1    
    1.857057957126661e-01
    4,2        4,1    
    1.059523312998202e-01
    4,3        4,1    
    5.324323493438501e-02
    4,2        4,2    
    6.401993965769852e-02
    4,3        4,2    
   -1.783563719046625e-02
    4,3        4,3    
    4.961691695424157e-02
    7,1        7,1    
    5.323645287359868e-02
    7,2        7,1    
   -1.061764513915699e-03
    7,3        7,1    
   -4.514473386225049e-02
    7,4        7,1    
   -1.904422965115507e-02
    7,5        7,1    
   -3.363809229063374e-03
    7,6        7,1    
    4.485445663954140e-03
    7,2        7,2    
    6.273256745186497e-02
    7,3        7,2    
   -2.746176429332061e-02
    7,4        7,2    
   -7.709690895315779e-03
    7,5        7,2    
   -9.552912062373679e-03
    7,6        7,2    
   -3.999236819175750e-02
    7,3        7,3    
    5.397459283979695e-02
    7,4        7,3    
    3.581316915201822e-02
    7,5        7,3    
    2.306539318162149e-02
    7,6        7,3    
    6.321042448445371e-02
    7,4        7,4    
    6.512863348952444e-02
    7,5        7,4    
   -2.637337833357151e-02
    7,6        7,4    
   -4.215994427696109e-02
    7,5        7,5    
    5.589456865874968e-02
    7,6        7,5    
    1.196056857651433e-02
    7,6        7,6    
    9.579599082178461e-02
    1,3    # with NH
   -2.166783788211391e-05
    1,4    
   -1.972315189203554e-06
    1,3        1,1    
   -1.404946118738786e-01
    1,4        1,1    
    1.078933422562186e-01
    1,3        1,2    
   -1.206033748246594e-03
    1,4        1,2    
   -2.252875745956611e-04
    1,3        1,3    
    7.478854772546921e-01
    1,4        1,3    
   -1.991801807669531e-02
    1,5        1,3    
    5.868362904082718e-02
    1,6        1,3    
   -2.702688057418117e-02
    1,7        1,3    
   -1.032537032405557e-01
    1,8        1,3    
   -9.314240173416240e-02
    1,9        1,3    
   -7.802937786819791e-02
    1,10       1,3    
   -3.956751539475338e-03
    1,11       1,3    
    2.139865848908276e-03
    1,12       1,3    
   -9.252469871907369e-04
    1,13       1,3    
    7.980745226276072e-04
    1,4        1,4    
    1.085404440134376e-01
    1,5        1,4    
   -4.178333267270891e-02
    1,6        1,4    
    2.134526159049847e-03
    1,7        1,4    
    5.723514859116319e-02
    1,8        1,4    
    6.502564660385476e-02
    1,9        1,4    
    6.333814960671361e-02
    1,10       1,4    
    1.709537735919975e-04
    1,11       1,4    
    1.429780679685464e-03
    1,12       1,4    
    7.226675225286720e-04
    1,13       1,4    
    2.903031681154888e-03
    2,1        2,1    
    7.242950798391303e-01
    2,2        2,1    
   -6.167400293969929e-02
    2,2        2,2    
    9.072971629792315e-02
    7,7        7,1    
   -1.653621800874333e-04
    7,7        7,2    
   -9.953688934989737e-03
    7,7        7,3    
    3.666226942646896e-04
    7,7        7,4    
    1.669216027183291e-03
    7,7        7,5    
   -9.534516632200112e-04
    7,7        7,6    
   -9.886857492510427e-04
    7,7        7,7    
    1.568556242210311e-02
    8,1        8,1    
    1.020896335240136e-02
    2,1        3,1        5,1    # C2v-planar B2 x B2 -> G8 irred-2 x irred-3 x irred-5
    1.262690829465684e-03
    2,1        3,2        5,1    
    1.277560253241911e-03
    2,1        3,3        5,1    
    8.608653148666538e-03
    2,1        3,4        5,1    
   -2.355183238326938e-03
    2,1        3,5        5,1    
   -1.001473568477318e-03
    2,1        3,6        5,1    
    4.882278992860908e-04
    2,1        3,7        5,1    
    9.201032211138445e-05
    2,1        3,8        5,1    
    4.914057952738263e-04
    2,1        3,9        5,1    
    1.279105045457488e-03
    2,1        3,10       5,1    
   -1.692726928975507e-03
    2,2        3,1        5,1    
   -4.280434178196671e-03
    2,2        3,2        5,1    
    1.070447587203363e-04
    2,2        3,3        5,1    
    3.385600797628461e-03
    2,2        3,4        5,1    
    5.333423133011524e-03
    2,2        3,5        5,1    
    2.516857549012402e-04
    2,2        3,6        5,1    
   -5.563061775757487e-04
    2,2        3,7        5,1    
   -1.583955504198173e-04
    2,2        3,8        5,1    
    7.936068310667836e-04
    2,2        3,9        5,1    
   -1.875204963244500e-03
    2,2        3,10       5,1    
   -7.354462582966025e-03
    4,1        8,1        5,1    # C2v-planar A2 x A2 -> G8 irred-4 x irred-8 x irred-5
    4.241269977044845e-03
    4,2        8,1        5,1    
    1.202616741843779e-03
    4,3        8,1        5,1    
    1.197115492990454e-03
bias
    1.622014425653442e-01
