   0.457417e-01   0.261201e-01   0.256075e-07
  -0.692967e-04  -0.508047e-02   0.687832e-07
   0.257195e-02   0.364504e-02   0.107208e-06
  -0.256793e-02   0.353511e-02   0.453039e-07
   0.458487e-02   0.250363e-02   0.430239e-07
  -0.461181e-02   0.245744e-02  -0.114823e-06
   0.188619e-04  -0.566134e-02  -0.168570e-06
  -0.455133e-01  -0.269165e-01  -0.512252e-08
  -0.157935e-03  -0.785429e-04  -0.684431e-08
   0.637584e-03  -0.534787e-03   0.358744e-09
  -0.635721e-03  -0.531800e-03   0.647838e-08
   0.212858e-03   0.335789e-03   0.526103e-08
  -0.213972e-03   0.333442e-03  -0.729420e-08
   0.217825e-05  -0.127114e-03   0.629389e-09
   0.462028e-01   0.279382e-01  -0.103850e-07
   0.694480e-04   0.518283e-02   0.445997e-08
  -0.252022e-02  -0.370538e-02   0.625687e-07
   0.251893e-02  -0.359680e-02  -0.347940e-09
  -0.433686e-02  -0.239393e-02   0.112076e-06
   0.435987e-02  -0.234200e-02  -0.918317e-07
  -0.146632e-04   0.541388e-02  -0.634975e-07
  -0.464447e-01  -0.271011e-01  -0.333284e-08
   0.167049e-03   0.830278e-04  -0.845384e-08
  -0.633750e-03   0.534843e-03  -0.193720e-08
   0.632591e-03   0.533287e-03   0.668760e-08
  -0.209260e-03  -0.337174e-03   0.509328e-08
   0.210784e-03  -0.334825e-03  -0.725154e-08
  -0.202888e-05   0.125138e-03  -0.384822e-08
   0.459992e-01   0.268257e-01   0.531178e-08
   0.325452e-04   0.104323e-02   0.116727e-08
   0.276424e-03   0.694053e-02   0.142450e-07
  -0.329619e-03   0.692358e-02  -0.101651e-08
   0.372113e-03  -0.663552e-02  -0.264283e-07
  -0.322365e-03  -0.662569e-02   0.116522e-07
  -0.475170e-05  -0.133857e-02  -0.371646e-08
  -0.460971e-01  -0.270766e-01  -0.115698e-08
   0.730676e-04  -0.200850e-04  -0.210025e-08
  -0.704821e-04   0.194637e-03   0.503821e-09
   0.663626e-04   0.198018e-03  -0.141102e-08
  -0.680017e-04  -0.224736e-03   0.136444e-08
   0.724807e-04  -0.221936e-03   0.151493e-08
   0.973791e-07   0.173822e-04   0.701237e-10
   0.459442e-01   0.272001e-01  -0.112803e-09
  -0.325302e-04  -0.104466e-02  -0.179885e-07
  -0.265257e-03  -0.666125e-02  -0.871690e-08
   0.318393e-03  -0.664670e-02   0.171099e-07
  -0.380295e-03   0.636130e-02   0.132291e-07
   0.328660e-03   0.635615e-02  -0.607715e-08
   0.812462e-05   0.132220e-02   0.296732e-08
  -0.458525e-01  -0.269442e-01   0.394992e-09
  -0.694583e-04   0.206385e-04  -0.113630e-08
   0.699149e-04  -0.192826e-03  -0.177220e-08
  -0.653153e-04  -0.195586e-03  -0.251817e-09
   0.688791e-04   0.222447e-03  -0.238548e-09
  -0.729372e-04   0.219522e-03  -0.116658e-09
   0.455903e-07  -0.170939e-04   0.270950e-08
   0.462168e-01   0.300500e-01   0.159098e-07
   0.703666e-04   0.825689e-02   0.849513e-07
   0.214528e-02  -0.509424e-02   0.107817e-06
  -0.213070e-02  -0.492983e-02   0.385250e-07
   0.103892e-02  -0.811046e-03   0.634021e-07
  -0.101028e-02  -0.805566e-03  -0.142510e-06
   0.964459e-06   0.142455e-03  -0.166244e-06
  -0.466866e-01  -0.272065e-01  -0.211356e-08
   0.353121e-03   0.375223e-04  -0.612945e-08
  -0.493822e-03   0.344382e-03  -0.733275e-09
   0.496815e-03   0.342701e-03   0.812190e-08
  -0.675957e-04  -0.175439e-03   0.705047e-08
   0.674232e-04  -0.169244e-03  -0.827043e-08
  -0.699327e-06   0.178679e-04   0.223276e-09
   0.457187e-01   0.240776e-01  -0.713556e-08
  -0.735738e-04  -0.801256e-02   0.101123e-07
  -0.195915e-02   0.494912e-02   0.642219e-07
   0.194965e-02   0.478629e-02   0.102438e-07
  -0.100875e-02   0.776747e-03   0.107082e-06
   0.976129e-03   0.774713e-03  -0.990330e-07
   0.263257e-05  -0.153492e-03  -0.742343e-07
  -0.452644e-01  -0.268043e-01  -0.327811e-08
  -0.340599e-03  -0.344486e-04  -0.115290e-07
   0.482840e-03  -0.340941e-03  -0.162760e-08
  -0.485041e-03  -0.337137e-03   0.680437e-08
   0.674940e-04   0.170529e-03   0.597259e-08
  -0.667449e-04   0.164085e-03  -0.610886e-08
   0.734619e-06  -0.162662e-04  -0.149066e-08
   0.459828e-01   0.270118e-01   0.470777e-08
   0.226300e-05  -0.984741e-05  -0.111776e-07
   0.463883e-04  -0.174209e-04  -0.176753e-07
  -0.455100e-04  -0.217427e-04   0.270578e-08
  -0.110995e-03   0.225814e-03   0.158121e-07
   0.106960e-03   0.230518e-03   0.364918e-08
  -0.157055e-04   0.717040e-02   0.151518e-08
  -0.459908e-01  -0.270179e-01  -0.673163e-09
   0.604077e-05  -0.627436e-06  -0.439631e-09
   0.968124e-05   0.124722e-04  -0.893259e-10
  -0.103242e-04   0.136209e-04   0.146753e-09
   0.398371e-04  -0.329960e-04   0.821989e-09
  -0.402845e-04  -0.333411e-04   0.403172e-09
   0.196823e-04  -0.753075e-02   0.293156e-09
   0.459620e-01   0.270215e-01   0.570119e-09
  -0.272022e-05  -0.889712e-05  -0.610800e-08
  -0.468009e-04   0.197637e-04  -0.364865e-08
   0.483992e-04   0.233427e-04   0.201864e-07
   0.105196e-03  -0.226572e-03   0.144980e-08
  -0.105183e-03  -0.227160e-03  -0.742706e-08
   0.185045e-04  -0.676312e-02  -0.106135e-07
  -0.459622e-01  -0.270047e-01   0.846434e-09
  -0.507693e-06   0.628015e-06   0.144420e-08
  -0.878910e-05  -0.133105e-04  -0.151440e-08
   0.991133e-05  -0.139129e-04   0.169194e-08
  -0.382435e-04   0.322413e-04  -0.953692e-09
   0.389682e-04   0.325586e-04  -0.513512e-10
  -0.184527e-04   0.712766e-02   0.412769e-08
   0.459962e-01   0.270582e-01  -0.103813e-07
   0.779326e-05   0.570320e-05  -0.506834e-08
  -0.182230e-03   0.306507e-04   0.150319e-07
   0.181789e-03   0.283336e-04  -0.385636e-08
  -0.432474e-02   0.251155e-02   0.350974e-09
   0.431267e-02   0.255194e-02   0.309018e-08
   0.182622e-06   0.291634e-03  -0.580109e-08
  -0.460203e-01  -0.270359e-01   0.217108e-08
   0.159815e-04  -0.326912e-05   0.275506e-08
   0.430719e-04   0.100111e-04   0.122678e-08
  -0.441762e-04   0.125404e-04  -0.831534e-09
   0.456303e-02  -0.267665e-02  -0.921891e-09
  -0.454931e-02  -0.271291e-02   0.112371e-08
   0.111771e-06  -0.718223e-04   0.111077e-08
   0.459485e-01   0.269754e-01   0.967253e-08
  -0.824247e-05  -0.254370e-04   0.430832e-08
   0.183186e-03  -0.292608e-04  -0.957406e-08
  -0.180271e-03  -0.276773e-04   0.948764e-08
   0.414391e-02  -0.240592e-02  -0.252355e-08
  -0.413647e-02  -0.244084e-02  -0.682213e-09
   0.367621e-05  -0.292719e-03  -0.111254e-07
  -0.459327e-01  -0.269867e-01  -0.180030e-08
  -0.103158e-04   0.321295e-05  -0.146146e-08
  -0.424505e-04  -0.108242e-04  -0.580459e-09
   0.440441e-04  -0.128247e-04  -0.397581e-09
  -0.438780e-02   0.257380e-02   0.165214e-08
   0.437489e-02   0.260863e-02   0.480137e-08
   0.719985e-07   0.711159e-04  -0.177692e-08
   0.459577e-01   0.270242e-01  -0.159500e-08
  -0.160638e-05  -0.267756e-03  -0.137505e-08
  -0.443757e-02  -0.259540e-02   0.107259e-07
   0.444365e-02  -0.254940e-02   0.114596e-07
  -0.161541e-03   0.786007e-05  -0.164098e-08
   0.169315e-03   0.747131e-05  -0.490191e-08
   0.365465e-06  -0.316426e-04  -0.105530e-07
  -0.459645e-01  -0.270155e-01   0.162980e-08
  -0.253159e-05   0.389513e-05  -0.252365e-08
   0.464889e-02   0.275377e-02  -0.378284e-08
  -0.465074e-02   0.271165e-02  -0.146212e-08
   0.413334e-04  -0.129762e-04   0.772385e-09
  -0.434813e-04  -0.144079e-04   0.122611e-09
   0.719256e-06  -0.217070e-04   0.312419e-08
   0.459875e-01   0.270098e-01   0.722815e-08
   0.136771e-05   0.249106e-03  -0.439052e-08
   0.425784e-02   0.248961e-02   0.174646e-07
  -0.426135e-02   0.244482e-02  -0.131681e-07
   0.158306e-03  -0.552270e-05   0.229554e-09
  -0.170292e-03  -0.105327e-05   0.100710e-07
   0.353822e-05   0.308245e-04  -0.112810e-07
  -0.459892e-01  -0.270079e-01  -0.154834e-08
   0.825365e-05  -0.424958e-05  -0.475261e-08
  -0.447025e-02  -0.264722e-02  -0.212053e-08
   0.447241e-02  -0.260674e-02   0.350374e-08
  -0.406049e-04   0.130597e-04  -0.157285e-08
   0.430452e-04   0.144868e-04   0.130184e-08
  -0.541359e-06   0.210088e-04  -0.965011e-09
   0.450939e-01   0.380833e-01   0.201080e-06
  -0.234662e-05  -0.914404e-02  -0.909104e-07
   0.605272e-03  -0.124526e-02  -0.603265e-08
  -0.562262e-03  -0.119164e-02  -0.174058e-07
   0.287740e-03   0.404236e-03   0.284963e-07
  -0.298215e-03   0.387311e-03   0.359574e-07
  -0.339938e-05  -0.427824e-03  -0.265470e-07
  -0.459787e-01  -0.267430e-01  -0.585713e-07
   0.879495e-03  -0.164186e-03  -0.507652e-07
  -0.243990e-04   0.226171e-04  -0.792832e-08
  -0.157971e-05   0.343378e-04  -0.106857e-07
   0.633562e-05  -0.145553e-04  -0.927216e-11
  -0.888788e-07  -0.132261e-04   0.403319e-08
  -0.177326e-05   0.119759e-04  -0.710910e-09
   0.468437e-01   0.165939e-01   0.629969e-08
  -0.153724e-04   0.849383e-02   0.111604e-07
  -0.602739e-03   0.124215e-02  -0.872685e-08
   0.565508e-03   0.118788e-02  -0.607715e-08
  -0.287263e-03  -0.404952e-03   0.624393e-08
   0.292921e-03  -0.386503e-03  -0.717579e-08
   0.626972e-05   0.418959e-03   0.399235e-08
  -0.459492e-01  -0.272580e-01  -0.801147e-09
  -0.875508e-03   0.154178e-03  -0.172854e-08
   0.233585e-04  -0.235024e-04   0.235590e-08
   0.225896e-05  -0.334816e-04  -0.216204e-08
  -0.508367e-05   0.142973e-04  -0.264909e-08
  -0.545876e-06   0.126474e-04   0.786656e-09
   0.175643e-05  -0.113783e-04  -0.151836e-08
   0.456213e-01   0.245725e-01  -0.117778e-07
  -0.114315e-03  -0.860356e-02   0.150464e-07
   0.462721e-02   0.549122e-02   0.605376e-07
  -0.463078e-02   0.528388e-02   0.834746e-08
  -0.907802e-03  -0.509185e-04   0.106081e-06
   0.873653e-03  -0.597153e-04  -0.950556e-07
   0.953450e-05   0.190724e-02  -0.728271e-07
  -0.451332e-01  -0.268163e-01  -0.322003e-08
  -0.355501e-03  -0.108991e-03  -0.105050e-07
   0.139435e-02  -0.123988e-02  -0.973682e-09
  -0.138541e-02  -0.124173e-02   0.846454e-08
   0.199835e-03   0.369883e-03   0.614332e-08
  -0.199758e-03   0.367366e-03  -0.805718e-08
   0.916670e-06   0.129012e-03  -0.220351e-08
   0.463264e-01   0.295652e-01  -0.591668e-08
   0.112198e-03   0.894143e-02  -0.346936e-08
  -0.451156e-02  -0.564040e-02   0.694483e-07
   0.451996e-02  -0.542803e-02  -0.146951e-07
   0.100607e-02  -0.161911e-04   0.116958e-06
  -0.972868e-03  -0.293576e-05  -0.911783e-07
  -0.625626e-05  -0.195099e-02  -0.578327e-07
  -0.468373e-01  -0.271973e-01  -0.377771e-08
   0.371638e-03   0.119058e-03  -0.952458e-08
  -0.134842e-02   0.124291e-02  -0.243961e-08
   0.134047e-02   0.124732e-02   0.776448e-08
  -0.202370e-03  -0.378243e-03   0.462852e-08
   0.202809e-03  -0.375426e-03  -0.617617e-08
  -0.772191e-06  -0.126341e-03  -0.378908e-08
   0.456385e-01   0.247934e-01  -0.515103e-08
  -0.101880e-03  -0.891735e-02   0.140096e-07
   0.567743e-02   0.565181e-02   0.565583e-07
  -0.568516e-02   0.544916e-02   0.406654e-08
  -0.317385e-02   0.998797e-03   0.102701e-06
   0.313232e-02   0.994158e-03  -0.990562e-07
   0.139954e-04  -0.109357e-02  -0.560389e-07
  -0.452086e-01  -0.268427e-01  -0.293403e-08
  -0.301144e-03  -0.129930e-03  -0.127536e-07
   0.141622e-02  -0.115601e-02  -0.352969e-08
  -0.140822e-02  -0.115720e-02   0.579908e-08
   0.212944e-03   0.766976e-03   0.580249e-08
  -0.213845e-03   0.761624e-03  -0.718239e-08
   0.122929e-05  -0.119136e-03  -0.229101e-08
   0.463099e-01   0.293482e-01   0.228718e-07
   0.101211e-03   0.923720e-02   0.696609e-07
  -0.559724e-02  -0.577404e-02   0.104659e-06
   0.560833e-02  -0.556729e-02   0.421245e-07
   0.325206e-02  -0.108080e-02   0.674403e-07
  -0.321163e-02  -0.107181e-02  -0.137600e-06
  -0.108825e-04   0.105978e-02  -0.169322e-06
  -0.467627e-01  -0.271731e-01  -0.348438e-08
   0.317223e-03   0.139580e-03  -0.572486e-08
  -0.136289e-02   0.116435e-02   0.349192e-09
   0.135593e-02   0.116772e-02   0.844217e-08
  -0.212785e-03  -0.787729e-03   0.651694e-08
   0.214573e-03  -0.782023e-03  -0.650943e-08
  -0.114262e-05   0.119952e-03   0.575974e-09
   0.459561e-01   0.269938e-01  -0.410891e-08
  -0.303789e-05  -0.189463e-03  -0.364248e-08
   0.451688e-03  -0.169183e-03   0.453888e-07
  -0.446775e-03  -0.174309e-03   0.364116e-08
  -0.448558e-03  -0.930886e-03   0.122917e-06
   0.447369e-03  -0.926520e-03  -0.889613e-07
   0.208292e-05   0.650707e-03  -0.638262e-07
  -0.459521e-01  -0.269997e-01  -0.285439e-08
  -0.956197e-06  -0.489362e-05  -0.812432e-08
   0.252213e-06   0.187512e-04  -0.120347e-08
  -0.444593e-06   0.190452e-04   0.751598e-08
   0.509572e-03   0.852504e-03   0.468986e-08
  -0.515285e-03   0.847989e-03  -0.742784e-08
   0.108470e-06   0.122080e-04  -0.400424e-08
   0.459883e-01   0.270387e-01   0.251146e-07
   0.284206e-05   0.172072e-03   0.501776e-07
  -0.453999e-03   0.174248e-03   0.900116e-07
   0.451577e-03   0.178561e-03   0.491779e-07
   0.440152e-03   0.934584e-03   0.504578e-07
  -0.443177e-03   0.934818e-03  -0.123092e-06
   0.174520e-05  -0.647696e-03  -0.149109e-06
  -0.460010e-01  -0.270228e-01  -0.178970e-08
   0.668173e-05   0.500972e-05   0.745807e-09
  -0.633321e-06  -0.195795e-04   0.733218e-09
   0.134539e-05  -0.191709e-04   0.760172e-08
  -0.495439e-03  -0.860303e-03   0.648333e-08
   0.501575e-03  -0.855874e-03  -0.719268e-08
   0.874340e-07  -0.125710e-04   0.680499e-09
   0.459959e-01   0.271001e-01   0.329206e-08
  -0.259479e-05   0.533373e-03  -0.199011e-07
   0.463628e-03  -0.899211e-03   0.111232e-07
  -0.441148e-03  -0.902608e-03  -0.320836e-07
  -0.452924e-03  -0.149247e-03   0.472254e-07
   0.456384e-03  -0.145571e-03   0.446244e-08
   0.915129e-06  -0.187977e-03  -0.358897e-08
  -0.460018e-01  -0.270395e-01  -0.798769e-08
  -0.204557e-05  -0.953444e-05  -0.102961e-07
  -0.520971e-03   0.827994e-03   0.246741e-08
   0.505590e-03   0.841521e-03   0.346477e-08
  -0.370883e-05   0.208309e-04  -0.175446e-09
   0.235901e-05   0.199393e-04   0.225961e-08
   0.440053e-06  -0.100863e-04  -0.261998e-09
   0.459479e-01   0.269323e-01  -0.481571e-08
   0.213677e-05  -0.555911e-03   0.591287e-08
  -0.468292e-03   0.899532e-03   0.498206e-07
   0.448384e-03   0.902226e-03   0.500006e-08
   0.446435e-03   0.147849e-03   0.106868e-06
  -0.454109e-03   0.148381e-03  -0.949892e-07
   0.300793e-05   0.185979e-03  -0.544267e-07
  -0.459503e-01  -0.269823e-01  -0.441075e-08
   0.741575e-05   0.981412e-05  -0.106806e-07
   0.534971e-03  -0.821647e-03  -0.550048e-09
  -0.518968e-03  -0.834636e-03   0.764231e-08
   0.376599e-05  -0.209734e-04   0.481544e-08
  -0.209497e-05  -0.201099e-04  -0.647528e-08
  -0.247866e-06   0.950128e-05  -0.371150e-08
   0.462083e-01   0.269602e-01  -0.141733e-07
  -0.151489e-05  -0.127510e-04  -0.104263e-08
   0.287623e-03   0.197656e-02   0.530185e-07
   0.309413e-03  -0.192639e-02   0.814429e-08
   0.349745e-02   0.110043e-02   0.109854e-06
   0.334152e-02  -0.100434e-02  -0.743893e-07
  -0.766320e-02  -0.148302e-03  -0.686543e-07
  -0.460460e-01  -0.269284e-01  -0.303995e-08
   0.155238e-05  -0.189807e-04  -0.100905e-07
   0.102727e-03  -0.885878e-04  -0.841815e-09
   0.101929e-03   0.931484e-04   0.685312e-08
   0.135077e-03   0.149315e-03   0.620502e-08
   0.133773e-03  -0.149230e-03  -0.716406e-08
  -0.408601e-03  -0.261224e-05  -0.467871e-08
   0.457333e-01   0.270753e-01   0.178564e-07
   0.256687e-05   0.994995e-05   0.800700e-07
  -0.287313e-03  -0.193983e-02   0.102873e-06
  -0.307764e-03   0.196353e-02   0.449333e-07
  -0.333337e-02  -0.102531e-02   0.378475e-07
  -0.350871e-02   0.108010e-02  -0.127101e-06
   0.766606e-02  -0.844456e-04  -0.156988e-06
  -0.459085e-01  -0.270943e-01  -0.218454e-08
   0.768711e-05   0.177943e-04  -0.783646e-08
  -0.104286e-03   0.888071e-04   0.219724e-08
  -0.999236e-04  -0.921392e-04   0.771635e-08
  -0.133077e-03  -0.148486e-03   0.752971e-08
  -0.135426e-03   0.150056e-03  -0.781022e-08
   0.408718e-03  -0.103455e-05   0.897383e-09
   0.461752e-01   0.268753e-01  -0.119603e-07
  -0.158815e-02   0.166668e-04   0.211080e-07
   0.120069e-02   0.652377e-02   0.527304e-07
   0.128229e-02  -0.625205e-02  -0.237593e-08
   0.464786e-03  -0.508110e-02   0.113731e-06
   0.402444e-03   0.480612e-02  -0.968199e-07
  -0.205640e-02  -0.995304e-05  -0.646703e-07
  -0.460765e-01  -0.268648e-01  -0.301827e-08
   0.135873e-04  -0.986598e-05  -0.899018e-08
   0.186690e-03  -0.745901e-04   0.631260e-10
   0.188181e-03   0.803056e-04   0.761254e-08
  -0.295381e-04  -0.146180e-03   0.505752e-08
  -0.340459e-04   0.139619e-03  -0.829476e-08
  -0.129280e-03  -0.324197e-05  -0.417289e-08
   0.457643e-01   0.271524e-01   0.439883e-08
   0.158894e-02   0.217655e-04  -0.169569e-07
  -0.122775e-02  -0.627674e-02   0.597419e-07
  -0.125485e-02   0.649961e-02   0.150071e-07
  -0.427345e-03   0.482213e-02   0.117688e-06
  -0.442478e-03  -0.506208e-02  -0.987014e-07
   0.206053e-02  -0.177455e-04  -0.690137e-07
  -0.458741e-01  -0.271544e-01  -0.300811e-08
  -0.618310e-05   0.106605e-04  -0.111467e-07
  -0.188324e-03   0.786780e-04  -0.155415e-08
  -0.186200e-03  -0.752294e-04   0.758602e-08
   0.297039e-04   0.142800e-03   0.626616e-08
   0.342952e-04  -0.142955e-03  -0.690015e-08
   0.129445e-03   0.115000e-05  -0.340687e-08
   0.454168e-01   0.269847e-01  -0.235451e-08
  -0.828285e-02   0.725365e-04  -0.299658e-09
   0.420656e-02  -0.175505e-02   0.606635e-07
   0.402428e-02   0.161510e-02   0.134663e-08
  -0.216270e-03  -0.652459e-03   0.113147e-06
  -0.230019e-03   0.659477e-03  -0.104981e-06
   0.485704e-03   0.597862e-06  -0.555380e-07
  -0.459299e-01  -0.269203e-01  -0.358558e-08
   0.563307e-04  -0.155945e-04  -0.845742e-08
   0.250457e-03  -0.298981e-03   0.556043e-10
   0.237106e-03   0.311725e-03   0.747542e-08
  -0.179987e-04  -0.345522e-05   0.522661e-08
  -0.178140e-04   0.818906e-06  -0.717103e-08
   0.175998e-04   0.871488e-06  -0.552708e-08
   0.465239e-01   0.270839e-01  -0.115985e-07
   0.828414e-02   0.808304e-04  -0.448002e-08
  -0.405024e-02   0.166256e-02   0.616471e-07
  -0.418006e-02  -0.170952e-02   0.503484e-09
   0.214086e-03   0.647513e-03   0.117582e-06
   0.228265e-03  -0.659629e-03  -0.838941e-07
  -0.481668e-03   0.341872e-05  -0.690176e-07
  -0.460252e-01  -0.271027e-01  -0.351804e-08
  -0.448734e-04   0.133035e-04  -0.924243e-08
  -0.244219e-03   0.294809e-03  -0.780851e-09
  -0.242887e-03  -0.315337e-03   0.717834e-08
   0.182898e-04   0.343538e-05   0.591977e-08
   0.178740e-04  -0.102883e-05  -0.724036e-08
  -0.174113e-04  -0.156575e-05  -0.305870e-08
   0.459590e-01   0.270192e-01  -0.346628e-08
   0.516083e-04  -0.134867e-04   0.265613e-08
  -0.170555e-03   0.420953e-04   0.445706e-08
  -0.172621e-03  -0.371996e-04  -0.136767e-07
  -0.433511e-02   0.255966e-02  -0.160859e-08
  -0.414471e-02  -0.249022e-02   0.155364e-07
  -0.183967e-03  -0.106742e-05  -0.438894e-08
  -0.459773e-01  -0.270137e-01  -0.315675e-09
  -0.193269e-05   0.428914e-05   0.216136e-08
   0.373254e-04   0.653395e-05  -0.337736e-08
   0.378860e-04  -0.907998e-05   0.122357e-08
   0.453593e-02  -0.267547e-02   0.265148e-09
   0.434901e-02   0.260900e-02   0.712245e-09
   0.154584e-04  -0.545141e-06  -0.178435e-09
   0.459856e-01   0.270145e-01  -0.118267e-08
  -0.520712e-04  -0.658679e-05   0.809294e-08
   0.171192e-03  -0.410507e-04  -0.183276e-07
   0.174480e-03   0.374609e-04  -0.161003e-07
   0.415484e-02  -0.245480e-02   0.107641e-07
   0.432038e-02   0.260057e-02   0.402587e-08
   0.187807e-03   0.100931e-05   0.952740e-08
  -0.459757e-01  -0.270089e-01   0.124882e-08
   0.762578e-05  -0.439332e-05   0.101217e-08
  -0.360921e-04  -0.703674e-05   0.109345e-08
  -0.386460e-04   0.910876e-05  -0.226120e-09
  -0.436221e-02   0.257386e-02  -0.347483e-08
  -0.452191e-02  -0.271206e-02   0.679141e-10
  -0.152733e-04  -0.165523e-05   0.347893e-08
   0.460001e-01   0.269926e-01  -0.208176e-08
  -0.175536e-03   0.146487e-04   0.888085e-08
  -0.445092e-02  -0.264310e-02  -0.197905e-07
  -0.426701e-02   0.248932e-02  -0.401166e-08
  -0.153307e-03  -0.140081e-05   0.433393e-08
  -0.160999e-03   0.557347e-05   0.536133e-08
   0.398474e-04   0.125567e-05   0.342839e-08
  -0.459462e-01  -0.270032e-01   0.155671e-08
  -0.943670e-07  -0.410738e-05   0.767755e-09
   0.461257e-02   0.275577e-02   0.143442e-09
   0.443962e-02  -0.260850e-02   0.105932e-09
   0.358987e-04  -0.958548e-05   0.102996e-08
   0.366429e-04   0.105430e-04  -0.495370e-09
  -0.106176e-04   0.121043e-06   0.770999e-09
   0.459450e-01   0.270416e-01  -0.574695e-08
   0.175312e-03  -0.333523e-04  -0.886401e-08
   0.427272e-02   0.253810e-02  -0.370432e-08
   0.444781e-02  -0.259299e-02  -0.131391e-08
   0.149470e-03   0.425196e-05  -0.734385e-12
   0.160644e-03   0.133574e-05   0.142858e-07
  -0.359424e-04  -0.108327e-05   0.453640e-08
  -0.460076e-01  -0.270202e-01  -0.228689e-09
   0.589572e-05   0.374734e-05   0.125565e-08
  -0.443637e-02  -0.265046e-02  -0.366076e-09
  -0.461549e-02   0.271218e-02  -0.107925e-08
  -0.343657e-04   0.924560e-05   0.909886e-09
  -0.378920e-04  -0.108816e-04   0.915572e-09
   0.108000e-04  -0.144504e-05  -0.599382e-09
   0.464204e-01   0.269700e-01  -0.112871e-07
  -0.109278e-02  -0.229707e-04   0.164702e-07
   0.181877e-02   0.110641e-02   0.476788e-07
   0.183049e-02  -0.106720e-02   0.343927e-09
  -0.203240e-02   0.222169e-03   0.115555e-06
  -0.202760e-02  -0.238384e-03  -0.994079e-07
   0.430031e-03  -0.954799e-05  -0.631347e-07
  -0.461067e-01  -0.269263e-01  -0.256102e-08
  -0.121932e-05  -0.361644e-04  -0.867018e-08
   0.310885e-03  -0.227963e-03  -0.952052e-09
   0.300059e-03   0.233595e-03   0.893624e-08
   0.162944e-03   0.568371e-03   0.567365e-08
   0.164324e-03  -0.570298e-03  -0.559971e-08
  -0.177246e-03  -0.175034e-05  -0.304517e-08
   0.455240e-01   0.270649e-01  -0.270702e-08
   0.109333e-02   0.199016e-04  -0.963563e-08
  -0.181622e-02  -0.108547e-02   0.521965e-07
  -0.183143e-02   0.108686e-02   0.922527e-08
   0.203816e-02  -0.232438e-03   0.114297e-06
   0.201825e-02   0.232343e-03  -0.944098e-07
  -0.426521e-03  -0.805778e-05  -0.612292e-07
  -0.458482e-01  -0.270968e-01  -0.256675e-08
   0.829715e-05   0.357677e-04  -0.816823e-08
  -0.305265e-03   0.227062e-03  -0.601272e-09
  -0.304996e-03  -0.233594e-03   0.773666e-08
  -0.161594e-03  -0.574986e-03   0.616597e-08
  -0.165247e-03   0.563670e-03  -0.609047e-08
   0.177443e-03   0.839171e-06  -0.421342e-08
   0.459722e-01   0.270149e-01  -0.551660e-08
   0.238462e-04  -0.104148e-04   0.367481e-08
   0.854057e-04   0.511871e-04   0.542584e-07
   0.857219e-04  -0.478294e-04   0.141439e-08
  -0.109298e-03   0.446314e-03   0.108837e-06
  -0.104961e-03  -0.439706e-03  -0.938676e-07
   0.103781e-02   0.535157e-05  -0.551697e-07
  -0.459822e-01  -0.270098e-01  -0.432889e-08
   0.296227e-05   0.131003e-05  -0.105775e-07
  -0.651663e-05   0.208703e-04  -0.129239e-08
  -0.559033e-05  -0.222125e-04   0.717545e-08
  -0.159918e-04  -0.110103e-04   0.475876e-08
  -0.162156e-04   0.112945e-04  -0.658690e-08
  -0.967134e-03  -0.102533e-04  -0.277896e-08
   0.459723e-01   0.270178e-01  -0.583564e-08
  -0.240740e-04  -0.862121e-05   0.447226e-08
  -0.843209e-04  -0.481135e-04   0.581538e-07
  -0.843494e-04   0.500789e-04   0.107755e-07
   0.106658e-03  -0.441258e-03   0.120851e-06
   0.103342e-03   0.449294e-03  -0.103346e-06
  -0.103390e-02  -0.340745e-06  -0.737659e-07
  -0.459711e-01  -0.270128e-01  -0.475758e-08
   0.284926e-05  -0.126206e-05  -0.976563e-08
   0.646718e-05  -0.219119e-04  -0.113699e-08
   0.623567e-05   0.218474e-04   0.848212e-08
   0.161478e-04   0.115681e-04   0.679340e-08
   0.163615e-04  -0.107982e-04  -0.609547e-08
   0.967381e-03  -0.548826e-05  -0.482458e-08
   0.460424e-01   0.270326e-01  -0.730597e-08
  -0.458671e-04  -0.127478e-04   0.344352e-09
   0.450866e-03  -0.143746e-03   0.507343e-07
   0.454114e-03   0.153808e-03   0.585910e-09
  -0.597385e-03  -0.824552e-03   0.112162e-06
  -0.594619e-03   0.827592e-03  -0.887664e-07
  -0.699796e-03  -0.303570e-05  -0.545150e-07
  -0.459924e-01  -0.270247e-01  -0.396268e-08
  -0.401831e-05  -0.211383e-05  -0.106149e-07
   0.337342e-05   0.138758e-04  -0.179210e-08
   0.434631e-05  -0.143463e-04   0.681644e-08
   0.474917e-03   0.823011e-03   0.477310e-08
   0.468252e-03  -0.825805e-03  -0.683175e-08
   0.357827e-04   0.182442e-06  -0.162720e-08
   0.459020e-01   0.269998e-01  -0.718706e-08
   0.456272e-04  -0.473992e-05   0.748885e-08
  -0.453308e-03   0.149073e-03   0.623325e-07
  -0.449234e-03  -0.149323e-03   0.121168e-07
   0.590083e-03   0.828240e-03   0.113046e-06
   0.597626e-03  -0.819310e-03  -0.965053e-07
   0.703773e-03   0.477890e-05  -0.753592e-07
  -0.459608e-01  -0.269978e-01  -0.593973e-08
   0.976342e-05   0.222240e-05  -0.971464e-08
  -0.363344e-05  -0.146707e-04  -0.119508e-08
  -0.349744e-05   0.142337e-04   0.747052e-08
  -0.461868e-03  -0.830265e-03   0.573738e-08
  -0.480945e-03   0.818417e-03  -0.814663e-08
  -0.355891e-04  -0.594011e-06  -0.414496e-08
   0.459697e-01   0.270358e-01  -0.202721e-08
   0.746668e-03  -0.101056e-04  -0.722903e-08
   0.581687e-03  -0.773374e-03   0.572007e-07
   0.574715e-03   0.785340e-03   0.678821e-08
  -0.440714e-03  -0.134352e-03   0.115853e-06
  -0.441277e-03   0.130440e-03  -0.893631e-07
   0.271529e-04   0.877231e-06  -0.649501e-07
  -0.460032e-01  -0.270462e-01  -0.595940e-08
   0.178837e-05   0.185855e-04  -0.991891e-08
  -0.482851e-03   0.801586e-03  -0.134899e-08
  -0.478399e-03  -0.809346e-03   0.671219e-08
  -0.682266e-05   0.160509e-04   0.520557e-08
  -0.507438e-05  -0.151685e-04  -0.689953e-08
  -0.434338e-04  -0.173745e-06  -0.406375e-08
   0.459738e-01   0.269959e-01  -0.114582e-07
  -0.746929e-03  -0.111654e-04   0.714956e-08
  -0.585550e-03   0.773377e-03   0.596336e-07
  -0.568445e-03  -0.786092e-03   0.565116e-08
   0.433960e-03   0.132820e-03   0.114027e-06
   0.443798e-03  -0.127551e-03  -0.975501e-07
  -0.232250e-04  -0.202890e-05  -0.647235e-07
  -0.459489e-01  -0.269756e-01  -0.363752e-08
   0.372886e-05  -0.182742e-04  -0.923767e-08
   0.496061e-03  -0.795560e-03  -0.182222e-08
   0.465878e-03   0.815932e-03   0.784190e-08
   0.678964e-05  -0.161635e-04   0.532251e-08
   0.545152e-05   0.150216e-04  -0.677266e-08
   0.436274e-04  -0.623482e-06  -0.442343e-08
   0.445672e-01   0.266559e-01  -0.207150e-08
   0.137201e-02   0.155890e-04   0.351761e-08
  -0.120768e-03  -0.761019e-03   0.516484e-07
  -0.139273e-03   0.666552e-03   0.736133e-08
   0.928932e-04  -0.452052e-04   0.115897e-06
   0.100925e-03   0.415040e-04  -0.110769e-06
   0.619338e-04  -0.174001e-05  -0.580889e-07
  -0.458943e-01  -0.265816e-01  -0.224704e-08
   0.418101e-04   0.149835e-04  -0.914756e-08
  -0.382572e-04  -0.143143e-04   0.413582e-09
  -0.338295e-04   0.156501e-04   0.739933e-08
  -0.298194e-06  -0.295591e-04   0.417161e-08
  -0.443237e-05   0.244358e-04  -0.552249e-08
  -0.564911e-05  -0.112834e-05  -0.256160e-08
   0.473750e-01   0.274067e-01   0.489204e-07
  -0.137311e-02  -0.431922e-04  -0.117555e-07
   0.124169e-03   0.753814e-03   0.469813e-07
   0.138546e-03  -0.673791e-03   0.175576e-08
  -0.965130e-04   0.453009e-04   0.119725e-06
  -0.101716e-03  -0.368935e-04  -0.829292e-07
  -0.580449e-04   0.161387e-05  -0.772749e-07
  -0.460573e-01  -0.274392e-01  -0.209147e-07
  -0.345990e-04  -0.136378e-04  -0.259198e-07
   0.380960e-04   0.110222e-04  -0.193481e-08
   0.345763e-04  -0.178016e-04   0.578891e-08
   0.619378e-06   0.297034e-04   0.683364e-08
   0.444582e-05  -0.243477e-04  -0.560201e-08
   0.581303e-05   0.638018e-06  -0.367412e-08
   0.462232e-01   0.275034e-01  -0.132364e-07
   0.451576e-03  -0.603925e-03  -0.501781e-07
  -0.180825e-03   0.223381e-04  -0.201122e-07
  -0.206575e-04   0.305201e-03  -0.472224e-07
   0.100502e-03   0.235276e-04   0.137336e-06
   0.250351e-04   0.427787e-04  -0.643811e-07
  -0.788837e-05   0.605118e-04   0.747679e-07
  -0.468601e-01  -0.274961e-01  -0.246535e-08
   0.217639e-03   0.967586e-04  -0.117502e-07
   0.489690e-04  -0.285974e-04  -0.296056e-08
   0.136730e-04  -0.447064e-05   0.699486e-08
  -0.287582e-04   0.215558e-04   0.379432e-08
   0.124662e-04   0.421911e-04  -0.888958e-08
   0.515030e-05   0.148773e-04  -0.169735e-08
   0.453247e-01   0.262361e-01   0.208821e-07
  -0.531128e-03   0.670314e-03   0.685820e-07
   0.202372e-03  -0.181759e-04   0.946336e-07
   0.325923e-04  -0.336245e-03   0.402798e-07
  -0.111832e-03  -0.221628e-04   0.413694e-07
  -0.317544e-04  -0.378831e-04  -0.106238e-06
   0.125898e-04  -0.646726e-04  -0.154173e-06
  -0.446056e-01  -0.262398e-01  -0.457121e-08
  -0.234067e-03  -0.138572e-03  -0.697798e-08
  -0.519624e-04   0.312357e-04  -0.582339e-09
  -0.166143e-04   0.616792e-05   0.738854e-08
   0.305728e-04  -0.232842e-04   0.616410e-08
  -0.143415e-04  -0.465945e-04  -0.713442e-08
  -0.546145e-05  -0.165009e-04   0.377421e-09
   0.526132e-01   0.217480e-01  -0.332347e-07
   0.145815e-03   0.631966e-03   0.172425e-07
  -0.994194e-04   0.554613e-04   0.603978e-07
   0.508197e-04   0.341198e-04   0.721536e-08
   0.575435e-05   0.922156e-05   0.124178e-06
  -0.117807e-04   0.147537e-04  -0.108537e-06
   0.170528e-05   0.690547e-04  -0.662292e-07
  -0.460995e-01  -0.270490e-01   0.274300e-08
  -0.661083e-02   0.447136e-02  -0.376850e-08
   0.820492e-06   0.722237e-05  -0.202391e-08
  -0.669664e-05  -0.459103e-05   0.871518e-08
  -0.219037e-05   0.507290e-05   0.529938e-08
   0.130162e-04   0.470363e-05  -0.721692e-08
  -0.654389e-06   0.269880e-05  -0.478164e-08
   0.398085e-01   0.319714e-01  -0.919077e-08
  -0.141157e-03  -0.630051e-03   0.733254e-10
   0.971009e-04  -0.573971e-04   0.583920e-07
  -0.508282e-04  -0.298830e-04   0.220516e-08
  -0.678935e-05  -0.768048e-05   0.119199e-06
   0.111762e-04  -0.842527e-05  -0.962036e-07
   0.192873e-05  -0.718202e-04  -0.635638e-07
  -0.458493e-01  -0.269777e-01  -0.336258e-08
   0.613141e-02  -0.417113e-02  -0.800006e-08
  -0.143016e-05  -0.865130e-05  -0.211902e-08
   0.925471e-05   0.473730e-05   0.703715e-08
   0.221668e-05  -0.532528e-05   0.512496e-08
  -0.130032e-04  -0.465791e-05  -0.576845e-08
   0.915473e-06  -0.343940e-05  -0.382315e-08
   0.469633e-01   0.256546e-01  -0.281926e-08
  -0.477911e-03  -0.119247e-03  -0.131994e-08
  -0.115776e-04  -0.557113e-04   0.505675e-07
   0.386543e-04  -0.680932e-04   0.125784e-07
  -0.233045e-05   0.618164e-05   0.120218e-06
  -0.204675e-04  -0.881626e-05  -0.100383e-06
  -0.988721e-05  -0.277188e-05  -0.666742e-07
  -0.466634e-01  -0.257389e-01  -0.463259e-08
   0.182181e-03   0.364101e-03  -0.891865e-08
  -0.308742e-05  -0.228861e-04  -0.698163e-09
   0.170580e-05  -0.225028e-05   0.692378e-08
   0.965533e-06   0.119524e-05   0.571874e-08
   0.159912e-05  -0.524813e-05  -0.695900e-08
   0.304874e-06  -0.218230e-05  -0.360214e-08
   0.449630e-01   0.283638e-01   0.112739e-08
   0.469955e-03   0.978655e-04  -0.240716e-07
   0.120351e-04   0.558332e-04   0.183749e-07
  -0.369643e-04   0.683995e-04  -0.322582e-07
  -0.999897e-06  -0.561547e-05   0.470833e-07
   0.194548e-04   0.135907e-04   0.317232e-08
   0.135123e-04   0.149150e-05   0.968827e-09
  -0.452551e-01  -0.282573e-01  -0.753396e-08
  -0.184733e-03  -0.367018e-03  -0.109492e-07
   0.293899e-05   0.213315e-04   0.442494e-09
  -0.766654e-06   0.181246e-05   0.190829e-08
  -0.722630e-06  -0.106542e-05  -0.113926e-08
  -0.154716e-05   0.521324e-05   0.315631e-08
  -0.106269e-06   0.169763e-05  -0.281697e-09
   0.449963e-01   0.259463e-01  -0.392938e-08
   0.543132e-03  -0.206045e-03  -0.130237e-08
  -0.217693e-04  -0.852176e-04   0.626941e-07
   0.236938e-04  -0.274133e-04   0.168532e-07
   0.252669e-04  -0.178884e-04   0.108639e-06
  -0.140163e-04   0.846751e-05  -0.986707e-07
   0.117107e-04  -0.120390e-04  -0.681573e-07
  -0.459510e-01  -0.265900e-01  -0.668116e-08
   0.406899e-03   0.100886e-02  -0.100471e-07
  -0.449182e-05   0.373621e-06  -0.201462e-08
  -0.120407e-04  -0.133753e-04   0.643845e-08
  -0.567712e-06  -0.884396e-05   0.581249e-08
  -0.173193e-05  -0.157529e-05  -0.609406e-08
  -0.143064e-05  -0.158117e-05  -0.354095e-08
   0.469468e-01   0.280756e-01  -0.238753e-08
  -0.537347e-03   0.185323e-03   0.386232e-08
   0.231759e-04   0.862782e-04   0.489726e-07
  -0.212048e-04   0.272843e-04   0.156033e-07
  -0.287252e-04   0.185733e-04   0.117405e-06
   0.128912e-04  -0.321905e-05  -0.101842e-06
  -0.764502e-05   0.113848e-04  -0.687168e-07
  -0.459844e-01  -0.274294e-01  -0.604586e-08
  -0.424252e-03  -0.994898e-03  -0.927375e-08
   0.404097e-05  -0.134209e-05  -0.109621e-08
   0.124553e-04   0.127561e-04   0.791041e-08
   0.691958e-06   0.897394e-05   0.607379e-08
   0.196319e-05   0.169752e-05  -0.701201e-08
   0.158492e-05   0.980338e-06  -0.345359e-08
   0.459732e-01   0.270180e-01  -0.912578e-05
   0.283280e-06   0.110257e-04  -0.793223e-04
  -0.692448e-05  -0.108450e-04  -0.489112e-04
   0.798521e-05  -0.110207e-04  -0.337866e-04
   0.349155e-05   0.219154e-05   0.840916e-04
  -0.508607e-05   0.406919e-05   0.854787e-04
   0.143931e-05  -0.384882e-05  -0.861334e-04
  -0.459782e-01  -0.270116e-01  -0.959392e-04
   0.324985e-05   0.237380e-06   0.426007e-05
  -0.245139e-05   0.210494e-05   0.827740e-04
   0.278374e-05   0.248750e-05   0.723660e-04
   0.291453e-06  -0.303271e-06   0.124607e-03
  -0.128558e-06  -0.345495e-06   0.125285e-03
   0.999907e-07  -0.217639e-05  -0.225644e-03
   0.459722e-01   0.270095e-01  -0.352965e-04
  -0.212163e-06  -0.230865e-05  -0.279941e-04
   0.481196e-05  -0.427072e-05   0.251701e-03
  -0.351087e-05  -0.496063e-05   0.255573e-03
   0.562754e-05   0.163966e-04   0.235627e-03
  -0.787906e-05   0.188293e-04   0.233616e-03
   0.198195e-05   0.375342e-05  -0.166711e-02
  -0.459755e-01  -0.270107e-01   0.171448e-04
   0.193652e-05   0.328933e-06   0.451482e-05
  -0.164890e-07  -0.203139e-06  -0.181418e-04
   0.270230e-06   0.143082e-06  -0.172795e-04
   0.690204e-07  -0.252751e-06  -0.134319e-03
   0.850378e-07  -0.283579e-06  -0.134572e-03
   0.174056e-06  -0.259608e-04   0.103654e-02
   0.459722e-01   0.270160e-01  -0.209920e-04
   0.884034e-08  -0.478032e-05   0.658101e-03
  -0.624319e-05   0.750481e-05   0.110174e-03
   0.720256e-05   0.708735e-05   0.987490e-04
  -0.355333e-05   0.889024e-05  -0.112282e-02
   0.170605e-05   0.108321e-04  -0.112323e-02
   0.165440e-05  -0.339178e-05   0.178896e-03
  -0.459765e-01  -0.270112e-01  -0.397427e-05
   0.281627e-05   0.101225e-06  -0.199007e-04
   0.117177e-06  -0.839442e-06  -0.191088e-03
   0.232779e-06  -0.574588e-06  -0.183292e-03
   0.931205e-05  -0.145383e-04   0.903724e-03
  -0.907432e-05  -0.146102e-04   0.905623e-03
   0.956678e-07  -0.394447e-06  -0.189966e-03
   0.459725e-01   0.270116e-01  -0.153459e-03
   0.176429e-06  -0.118432e-04   0.925346e-04
  -0.619086e-05   0.992938e-05  -0.101728e-02
   0.674057e-05   0.943545e-05  -0.970179e-03
  -0.971530e-06  -0.408459e-05   0.151748e-03
  -0.605649e-06  -0.223928e-05   0.143825e-03
   0.151188e-05  -0.751980e-07   0.545785e-03
  -0.459763e-01  -0.270111e-01   0.343935e-04
   0.232965e-05   0.273226e-06   0.190592e-04
   0.164591e-04  -0.113084e-05   0.781279e-03
  -0.158696e-04  -0.875457e-06   0.768611e-03
   0.276689e-07   0.188614e-06  -0.185158e-03
   0.131035e-06   0.186473e-06  -0.186330e-03
   0.102459e-06  -0.308440e-06  -0.248317e-04
   0.459722e-01   0.270113e-01  -0.192541e-04
   0.166397e-06   0.787871e-05  -0.699705e-03
   0.177081e-05  -0.191373e-05   0.648472e-03
  -0.786849e-06  -0.253074e-05   0.678923e-03
   0.210194e-05  -0.194648e-05  -0.233664e-03
  -0.392148e-05   0.119629e-07  -0.231282e-03
   0.161383e-05  -0.163039e-05   0.177305e-03
  -0.459763e-01  -0.270105e-01  -0.153582e-03
   0.263516e-05  -0.721129e-07   0.198354e-04
  -0.956327e-06   0.557278e-06   0.524365e-04
   0.124679e-05   0.104390e-05   0.321424e-04
  -0.602495e-07  -0.107246e-05  -0.147126e-03
   0.225361e-06  -0.114506e-05  -0.147570e-03
   0.986253e-07   0.791351e-08   0.230685e-04
   0.459710e-01   0.270307e-01  -0.679873e-03
  -0.166206e-05  -0.227808e-04  -0.196464e-02
   0.646253e-05  -0.350019e-05   0.644474e-03
  -0.422914e-05  -0.398838e-05   0.562009e-03
  -0.486936e-05  -0.192583e-05   0.127646e-03
   0.295073e-05  -0.266327e-06   0.120487e-03
   0.160401e-05   0.959896e-06   0.405570e-04
  -0.459627e-01  -0.270013e-01   0.101075e-02
  -0.897193e-05   0.113499e-05   0.333992e-03
   0.338589e-07  -0.283612e-06  -0.480533e-04
   0.196483e-06   0.451718e-06  -0.323673e-04
   0.304423e-06   0.540216e-06  -0.565248e-04
  -0.183227e-06   0.413414e-06  -0.557853e-04
   0.102201e-06  -0.166724e-06  -0.267007e-05
   0.459738e-01   0.270252e-01   0.165240e-03
   0.649566e-06   0.324207e-04   0.621632e-05
  -0.196958e-04  -0.154458e-04  -0.114873e-02
   0.205999e-04  -0.146820e-04   0.114661e-02
   0.114068e-04  -0.635948e-05   0.136771e-03
  -0.128705e-04  -0.444571e-05  -0.143314e-03
   0.156138e-05  -0.117692e-05   0.649693e-05
  -0.459812e-01  -0.270129e-01  -0.128770e-03
   0.516941e-05   0.200938e-06  -0.448269e-04
  -0.302593e-05   0.230771e-05   0.196475e-03
   0.338786e-05   0.262067e-05  -0.187675e-03
   0.221521e-05  -0.382549e-05   0.367676e-03
  -0.206229e-05  -0.389529e-05  -0.372710e-03
   0.896691e-07  -0.687346e-07   0.546720e-06
   0.459724e-01   0.270163e-01   0.382482e-04
  -0.457553e-07  -0.466075e-05  -0.236801e-05
  -0.650646e-05   0.606411e-05   0.140078e-03
   0.759316e-05   0.565459e-05  -0.139509e-03
  -0.220752e-05   0.931900e-05  -0.150657e-02
   0.239583e-06   0.114215e-04   0.150437e-02
   0.178773e-05  -0.359915e-05   0.335623e-05
  -0.459767e-01  -0.270113e-01  -0.966391e-05
   0.276869e-05   0.134442e-06  -0.274570e-04
   0.260006e-06  -0.742230e-06  -0.125132e-03
   0.555497e-07  -0.436317e-06   0.126476e-03
   0.911747e-05  -0.138422e-04   0.889783e-03
  -0.889404e-05  -0.139164e-04  -0.891735e-03
   0.973434e-07  -0.346041e-06   0.127804e-06
   0.459722e-01   0.270141e-01  -0.424652e-05
   0.818823e-07  -0.132465e-04   0.209934e-04
  -0.554052e-05   0.130396e-04  -0.117341e-02
   0.666787e-05   0.128331e-04   0.117271e-02
  -0.134509e-05  -0.548645e-05   0.159976e-03
  -0.288755e-06  -0.368084e-05  -0.163126e-03
   0.147630e-05  -0.351854e-06   0.241369e-05
  -0.459769e-01  -0.270119e-01   0.342222e-05
   0.277435e-05  -0.224130e-06  -0.229769e-04
   0.147856e-04  -0.266743e-05   0.698860e-03
  -0.141729e-04  -0.226029e-05  -0.686259e-03
   0.142603e-06   0.448522e-07  -0.128756e-03
   0.193541e-07   0.171004e-07   0.121008e-03
   0.105074e-06  -0.282562e-06  -0.608330e-06
   0.459673e-01   0.270201e-01  -0.680341e-03
  -0.391571e-06  -0.110716e-04   0.327918e-04
   0.399980e-06   0.197216e-05  -0.991886e-04
   0.113814e-05   0.107585e-05   0.115039e-03
  -0.147905e-05   0.638509e-06  -0.664793e-05
  -0.413233e-06   0.225842e-05  -0.860556e-05
   0.157242e-05  -0.128242e-06   0.110299e-04
  -0.459711e-01  -0.270121e-01   0.616844e-03
   0.249996e-05  -0.201947e-05  -0.329055e-05
  -0.660779e-07  -0.476486e-06   0.251783e-04
   0.381744e-06  -0.197113e-06   0.387237e-06
  -0.431542e-08   0.126657e-06   0.393495e-05
   0.129714e-06   0.961426e-07  -0.111377e-04
   0.876519e-07  -0.264231e-06   0.400684e-05
   0.459753e-01   0.270215e-01   0.323362e-03
   0.420423e-06  -0.122646e-04  -0.102146e-04
  -0.182444e-06   0.157504e-05  -0.144214e-03
   0.912170e-06   0.135369e-05   0.807455e-04
  -0.143745e-05   0.234873e-06   0.113406e-05
  -0.264466e-06   0.250971e-05   0.378998e-05
   0.166141e-05   0.113148e-07  -0.668836e-05
  -0.459771e-01  -0.270134e-01   0.255033e-05
   0.103894e-06  -0.787618e-06  -0.248773e-03
  -0.886413e-07  -0.560341e-06   0.105300e-05
   0.401116e-06  -0.170973e-06  -0.120129e-04
   0.979567e-08   0.133025e-06   0.135789e-04
   0.166806e-06   0.104127e-06  -0.245359e-05
   0.101126e-06  -0.265356e-06  -0.185735e-05
