   0.600212e-01   0.967935e-01   0.291804e-07
   0.666726e-02  -0.588438e-01  -0.563123e-08
  -0.796657e-03   0.648780e-01   0.218595e-06
  -0.131170e-02   0.681309e-01   0.152069e-06
   0.164838e-01  -0.496814e-01   0.698628e-07
  -0.151259e-01  -0.497688e-01  -0.121796e-06
  -0.766194e-04  -0.101901e-01  -0.346826e-06
  -0.823790e-01  -0.510019e-01   0.465742e-09
   0.165149e-01  -0.932661e-02  -0.513492e-08
   0.312956e-02   0.452508e-03   0.285613e-08
  -0.290925e-02   0.417725e-03   0.227323e-08
  -0.282109e-03  -0.741665e-03   0.116316e-07
   0.390348e-04  -0.468353e-03  -0.801628e-08
   0.254996e-04  -0.650142e-03   0.470575e-09
   0.599983e-01   0.981082e-01  -0.106999e-08
   0.669990e-02  -0.492200e-01  -0.448973e-08
  -0.662174e-02   0.584034e-01   0.122470e-06
   0.462823e-02   0.618286e-01   0.609229e-07
   0.743919e-02  -0.552948e-01   0.110924e-06
  -0.607890e-02  -0.552546e-01  -0.151992e-06
  -0.709435e-04   0.142928e-02  -0.120011e-06
  -0.824586e-01  -0.508409e-01  -0.150049e-08
   0.164784e-01  -0.912952e-02  -0.941359e-08
   0.176680e-02   0.145315e-02  -0.341052e-08
  -0.156886e-02   0.146115e-02   0.456763e-08
  -0.690213e-03  -0.141403e-02   0.629211e-08
   0.454378e-03  -0.113122e-02  -0.106524e-07
   0.240410e-04  -0.398666e-03  -0.263730e-08
   0.599692e-01   0.973024e-01  -0.361398e-08
   0.667608e-02  -0.534245e-01   0.492457e-09
  -0.364115e-02   0.694125e-01   0.668835e-08
   0.155311e-02   0.727379e-01  -0.759848e-08
   0.120518e-01  -0.600288e-01  -0.121209e-07
  -0.106569e-01  -0.600445e-01   0.213090e-07
  -0.663619e-04  -0.528639e-02  -0.111311e-07
  -0.823888e-01  -0.509094e-01  -0.169207e-08
   0.165082e-01  -0.923547e-02  -0.178658e-09
   0.238237e-02   0.116817e-02   0.113996e-08
  -0.217732e-02   0.115530e-02   0.203945e-08
  -0.563794e-03  -0.130565e-02   0.374567e-08
   0.328347e-03  -0.102700e-02   0.270735e-09
   0.253695e-04  -0.514367e-03   0.649625e-09
   0.600534e-01   0.975649e-01  -0.411664e-08
   0.669066e-02  -0.547606e-01  -0.217974e-07
  -0.381405e-02   0.542191e-01   0.576183e-08
   0.179783e-02   0.575711e-01   0.115849e-07
   0.116223e-01  -0.453326e-01   0.181230e-07
  -0.102978e-01  -0.453655e-01  -0.388434e-08
  -0.815455e-04  -0.324087e-02  -0.338344e-08
  -0.824473e-01  -0.509387e-01   0.248617e-09
   0.164827e-01  -0.922487e-02   0.163120e-09
   0.250989e-02   0.739212e-03  -0.182795e-08
  -0.229680e-02   0.724987e-03  -0.245073e-08
  -0.412087e-03  -0.850797e-03  -0.252284e-08
   0.168572e-03  -0.573462e-03  -0.882161e-09
   0.241820e-04  -0.531882e-03   0.498391e-08
   0.598653e-01   0.988446e-01   0.235002e-07
   0.669252e-02  -0.445423e-01  -0.935215e-08
  -0.134332e-02   0.563770e-01   0.217128e-06
  -0.607013e-03   0.598496e-01   0.152761e-06
   0.130810e-01  -0.531144e-01   0.819398e-07
  -0.117326e-01  -0.531256e-01  -0.115801e-06
  -0.565671e-04  -0.413741e-02  -0.359963e-06
  -0.824134e-01  -0.508300e-01   0.204288e-08
   0.165326e-01  -0.918060e-02  -0.929930e-09
   0.190158e-02   0.129008e-02   0.112137e-08
  -0.170750e-02   0.130698e-02   0.405311e-08
  -0.535958e-03  -0.125448e-02   0.120863e-07
   0.299197e-03  -0.972687e-03  -0.912879e-08
   0.241820e-04  -0.510792e-03   0.541824e-09
   0.601508e-01   0.961132e-01   0.214558e-08
   0.667329e-02  -0.633928e-01   0.566031e-08
  -0.593417e-02   0.668266e-01   0.110708e-06
   0.378434e-02   0.700365e-01   0.654373e-07
   0.106290e-01  -0.520016e-01   0.110901e-06
  -0.925815e-02  -0.520388e-01  -0.151845e-06
  -0.914116e-04  -0.438120e-02  -0.124776e-06
  -0.824192e-01  -0.510091e-01  -0.534231e-09
   0.164580e-01  -0.927509e-02  -0.121197e-07
   0.297879e-02   0.617103e-03  -0.327495e-08
  -0.275451e-02   0.574721e-03   0.368034e-08
  -0.439729e-03  -0.904807e-03   0.518435e-08
   0.197692e-03  -0.630441e-03  -0.941210e-08
   0.252623e-04  -0.534327e-03  -0.175426e-08
   0.600119e-01   0.974460e-01  -0.511961e-08
   0.668520e-02  -0.541119e-01  -0.953732e-08
  -0.369058e-02   0.616508e-01  -0.315300e-08
   0.163796e-02   0.649911e-01   0.755449e-09
   0.117248e-01  -0.522915e-01   0.127074e-07
  -0.103662e-01  -0.523160e-01   0.412873e-08
  -0.929373e-04   0.282965e-02   0.130167e-10
  -0.824226e-01  -0.509270e-01   0.499750e-09
   0.164983e-01  -0.923192e-02   0.994920e-09
   0.245869e-02   0.969634e-03   0.753808e-09
  -0.224955e-02   0.955904e-03  -0.223386e-09
  -0.448283e-03  -0.110986e-02  -0.681423e-09
   0.208818e-03  -0.832104e-03  -0.423974e-09
   0.445483e-04  -0.802274e-02  -0.714401e-09
   0.600106e-01   0.974305e-01   0.566566e-09
   0.668271e-02  -0.540869e-01  -0.743225e-08
  -0.377607e-02   0.616927e-01   0.174075e-08
   0.172442e-02   0.650312e-01   0.505810e-08
   0.119590e-01  -0.527846e-01  -0.110411e-08
  -0.105985e-01  -0.528090e-01  -0.251389e-08
  -0.565075e-04  -0.109404e-01  -0.448387e-08
  -0.824163e-01  -0.509218e-01   0.547914e-09
   0.164951e-01  -0.922897e-02   0.259740e-08
   0.243508e-02   0.934650e-03   0.168388e-09
  -0.222599e-02   0.921210e-03   0.135167e-08
  -0.526758e-03  -0.104448e-02   0.521869e-09
   0.287153e-03  -0.766287e-03  -0.112666e-08
   0.607898e-05   0.657220e-02   0.410812e-08
   0.600112e-01   0.974592e-01   0.246453e-08
   0.668761e-02  -0.540697e-01  -0.141537e-07
  -0.394688e-02   0.616873e-01   0.682412e-09
   0.189185e-02   0.650284e-01   0.366395e-08
   0.759719e-02  -0.500408e-01   0.144257e-07
  -0.624661e-02  -0.500309e-01  -0.369102e-08
  -0.749894e-04  -0.394179e-02  -0.589904e-08
  -0.824286e-01  -0.509282e-01   0.137448e-08
   0.165033e-01  -0.923138e-02  -0.236238e-09
   0.249142e-02   0.964451e-03   0.113082e-09
  -0.228223e-02   0.950451e-03   0.143451e-08
   0.404402e-02  -0.374793e-02  -0.231115e-08
  -0.427218e-02  -0.350416e-02   0.233001e-08
   0.249371e-04  -0.594878e-03  -0.197532e-09
   0.600112e-01   0.974175e-01   0.933822e-08
   0.668028e-02  -0.541302e-01   0.100056e-07
  -0.351781e-02   0.616554e-01  -0.187155e-07
   0.146861e-02   0.649931e-01   0.197421e-07
   0.159104e-01  -0.549282e-01  -0.719301e-08
  -0.145424e-01  -0.549856e-01  -0.830732e-08
  -0.734005e-04  -0.457941e-02  -0.535406e-08
  -0.824102e-01  -0.509207e-01  -0.178062e-08
   0.164901e-01  -0.922955e-02  -0.313487e-09
   0.240209e-02   0.939893e-03   0.732380e-09
  -0.219307e-02   0.926728e-03   0.144606e-08
  -0.484497e-02   0.149120e-02   0.246346e-08
   0.459456e-02   0.180198e-02   0.433639e-09
   0.246451e-04  -0.452230e-03  -0.249743e-08
   0.600081e-01   0.974713e-01  -0.435447e-08
   0.668463e-02  -0.544439e-01   0.497009e-08
  -0.806240e-02   0.591078e-01   0.715441e-08
   0.601398e-02   0.624918e-01   0.559327e-08
   0.116225e-01  -0.525328e-01   0.230793e-08
  -0.102612e-01  -0.525563e-01  -0.448461e-08
  -0.737344e-04  -0.431074e-02  -0.866745e-08
  -0.824276e-01  -0.509092e-01   0.170999e-08
   0.165161e-01  -0.921584e-02  -0.137790e-08
   0.705572e-02   0.370991e-02  -0.391025e-08
  -0.686095e-02   0.364132e-02  -0.154031e-08
  -0.444415e-03  -0.109051e-02   0.471416e-09
   0.204467e-03  -0.812438e-03   0.134121e-09
   0.249078e-04  -0.550412e-03   0.199378e-08
   0.600145e-01   0.974052e-01   0.630798e-08
   0.668326e-02  -0.537537e-01   0.669882e-09
   0.416242e-03   0.641271e-01   0.715375e-08
  -0.247163e-02   0.674240e-01  -0.355813e-08
   0.120640e-01  -0.525400e-01  -0.822056e-08
  -0.107062e-01  -0.525655e-01   0.508319e-08
  -0.746613e-04  -0.420944e-02  -0.831779e-08
  -0.824112e-01  -0.509399e-01  -0.208396e-08
   0.164772e-01  -0.924524e-02  -0.488798e-08
  -0.198439e-02  -0.169846e-02  -0.134443e-08
   0.220742e-02  -0.165910e-02   0.631578e-08
  -0.531321e-03  -0.106309e-02   0.119036e-08
   0.292190e-03  -0.785209e-03   0.111089e-08
   0.246755e-04  -0.496638e-03   0.581008e-09
   0.593758e-01   0.109075e+00   0.202674e-06
   0.668102e-02  -0.647860e-01  -0.930908e-07
  -0.364538e-02   0.609484e-01  -0.846092e-08
   0.162249e-02   0.643668e-01  -0.226412e-07
   0.119667e-01  -0.523910e-01   0.308956e-07
  -0.106107e-01  -0.524350e-01   0.405138e-07
  -0.774153e-04  -0.434138e-02  -0.240497e-07
  -0.823500e-01  -0.506982e-01  -0.590849e-07
   0.170508e-01  -0.932505e-02  -0.514268e-07
   0.245396e-02   0.102141e-02  -0.822908e-08
  -0.225340e-02   0.100398e-02  -0.104090e-07
  -0.485127e-03  -0.109589e-02   0.335342e-09
   0.246785e-03  -0.816392e-03   0.354818e-08
   0.244822e-04  -0.526834e-03  -0.574753e-09
   0.606661e-01   0.863724e-01   0.555202e-08
   0.667061e-02  -0.439787e-01   0.773135e-08
  -0.381560e-02   0.623830e-01  -0.819750e-08
   0.173798e-02   0.656438e-01  -0.437643e-08
   0.117237e-01  -0.526730e-01  -0.108598e-07
  -0.103614e-01  -0.526789e-01  -0.187235e-08
  -0.714025e-04  -0.419219e-02   0.116593e-07
  -0.824790e-01  -0.511430e-01  -0.108024e-08
   0.159270e-01  -0.913840e-02  -0.100027e-08
   0.243713e-02   0.885654e-03   0.424567e-08
  -0.221953e-02   0.876205e-03   0.156359e-09
  -0.490290e-03  -0.105729e-02  -0.221506e-08
   0.249729e-03  -0.780991e-03   0.202880e-09
   0.249906e-04  -0.518594e-03   0.540016e-10
   0.601026e-01   0.960801e-01  -0.143670e-08
   0.666932e-02  -0.630591e-01   0.763094e-08
   0.570244e-03   0.669506e-01   0.109369e-06
  -0.271222e-02   0.701343e-01   0.733585e-07
   0.113545e-01  -0.522964e-01   0.854184e-07
  -0.999103e-02  -0.523547e-01  -0.137862e-06
  -0.977304e-04  -0.307953e-02  -0.118523e-06
  -0.824031e-01  -0.510693e-01  -0.177114e-08
   0.164969e-01  -0.936605e-02  -0.127112e-07
   0.392455e-02  -0.209909e-03  -0.359965e-08
  -0.369609e-02  -0.259174e-03   0.510832e-08
  -0.311723e-03  -0.699025e-03   0.556983e-08
   0.694162e-04  -0.428188e-03  -0.895695e-08
   0.243115e-04  -0.343631e-03  -0.159348e-08
   0.599135e-01   0.989072e-01   0.152550e-08
   0.669412e-02  -0.447910e-01  -0.295785e-07
  -0.795068e-02   0.562478e-01   0.128210e-06
   0.599575e-02   0.597473e-01   0.557948e-07
   0.124138e-01  -0.528423e-01   0.111917e-06
  -0.110583e-01  -0.528305e-01  -0.143011e-06
  -0.495879e-04  -0.551500e-02  -0.107768e-06
  -0.824347e-01  -0.507653e-01  -0.118516e-08
   0.164980e-01  -0.908310e-02  -0.889077e-08
   0.101233e-02   0.212164e-02  -0.378385e-08
  -0.822748e-03   0.214331e-02   0.535724e-08
  -0.664919e-03  -0.146359e-02   0.431923e-08
   0.428328e-03  -0.117793e-02  -0.107134e-07
   0.251213e-04  -0.698615e-03  -0.219263e-08
   0.600934e-01   0.961360e-01   0.261714e-08
   0.666703e-02  -0.633532e-01   0.106088e-07
   0.155758e-02   0.670906e-01   0.107045e-06
  -0.368218e-02   0.702764e-01   0.665440e-07
   0.920128e-02  -0.512546e-01   0.926097e-07
  -0.784721e-02  -0.512939e-01  -0.147031e-06
  -0.876399e-04  -0.594714e-02  -0.110300e-06
  -0.824056e-01  -0.510841e-01  -0.596104e-09
   0.164993e-01  -0.938659e-02  -0.152082e-07
   0.396161e-02  -0.107014e-03  -0.434277e-08
  -0.373627e-02  -0.153024e-03   0.317898e-08
  -0.332091e-03  -0.281467e-03   0.560777e-08
   0.852399e-04  -0.133166e-04  -0.953321e-08
   0.255349e-04  -0.628661e-03  -0.120022e-08
   0.599233e-01   0.988288e-01   0.357240e-07
   0.669680e-02  -0.445025e-01  -0.270452e-07
  -0.895546e-02   0.561323e-01   0.194629e-06
   0.698218e-02   0.596302e-01   0.148319e-06
   0.145528e-01  -0.539014e-01   0.733922e-07
  -0.131878e-01  -0.539082e-01  -0.111458e-06
  -0.595958e-04  -0.261948e-02  -0.320430e-06
  -0.824297e-01  -0.507512e-01   0.186650e-09
   0.164927e-01  -0.906267e-02  -0.143687e-08
   0.981830e-03   0.202533e-02   0.135068e-08
  -0.789282e-03   0.204348e-02   0.244370e-08
  -0.641851e-03  -0.189348e-02   0.120164e-07
   0.410038e-03  -0.160503e-02  -0.888267e-08
   0.238997e-04  -0.416167e-03   0.119027e-08
   0.600121e-01   0.974273e-01  -0.282935e-09
   0.668224e-02  -0.542658e-01  -0.215742e-08
  -0.327651e-02   0.614874e-01   0.106223e-06
   0.122919e-02   0.648204e-01   0.584047e-07
   0.114045e-01  -0.534660e-01   0.114636e-06
  -0.100377e-01  -0.534821e-01  -0.145450e-06
  -0.759844e-04  -0.361164e-02  -0.117441e-06
  -0.824193e-01  -0.509297e-01  -0.265547e-09
   0.164963e-01  -0.923714e-02  -0.821156e-08
   0.244614e-02   0.973925e-03  -0.255131e-08
  -0.223753e-02   0.960941e-03   0.525569e-08
   0.106598e-04  -0.219226e-03   0.461258e-08
  -0.258910e-03   0.525519e-04  -0.952674e-08
   0.248251e-04  -0.510921e-03  -0.324575e-08
   0.600101e-01   0.974483e-01   0.370946e-07
   0.668584e-02  -0.539316e-01  -0.318207e-07
  -0.419212e-02   0.618587e-01   0.197905e-06
   0.213508e-02   0.652045e-01   0.150961e-06
   0.122761e-01  -0.516054e-01   0.691785e-07
  -0.109239e-01  -0.516380e-01  -0.108347e-06
  -0.724887e-04  -0.490467e-02  -0.324756e-06
  -0.824195e-01  -0.509190e-01   0.886203e-09
   0.164972e-01  -0.922363e-02   0.431450e-08
   0.244655e-02   0.930599e-03  -0.241932e-08
  -0.223689e-02   0.916523e-03   0.303367e-08
  -0.972982e-03  -0.194218e-02   0.109698e-07
   0.742333e-03  -0.165809e-02  -0.769279e-08
   0.247453e-04  -0.535951e-03   0.691221e-09
   0.600227e-01   0.975345e-01   0.239331e-07
   0.667737e-02  -0.535545e-01  -0.472201e-07
  -0.327419e-02   0.607811e-01   0.312134e-07
   0.122306e-02   0.641101e-01  -0.328181e-07
   0.113869e-01  -0.527043e-01   0.333160e-07
  -0.100238e-01  -0.527257e-01   0.343749e-08
  -0.739962e-04  -0.444434e-02   0.271391e-08
  -0.824212e-01  -0.509366e-01  -0.731371e-08
   0.164923e-01  -0.923845e-02  -0.103772e-07
   0.195440e-02   0.177717e-02   0.125111e-08
  -0.174859e-02   0.176802e-02  -0.428714e-09
  -0.490124e-03  -0.105394e-02  -0.615876e-09
   0.250208e-03  -0.776132e-03   0.134939e-08
   0.248662e-04  -0.537000e-03   0.155923e-08
   0.599995e-01   0.973418e-01   0.720391e-07
   0.669062e-02  -0.546482e-01  -0.412699e-07
  -0.419622e-02   0.625604e-01   0.112095e-06
   0.214328e-02   0.659103e-01   0.464033e-07
   0.122956e-01  -0.523722e-01   0.113369e-06
  -0.109398e-01  -0.523996e-01  -0.126015e-06
  -0.743161e-04  -0.407712e-02  -0.119255e-06
  -0.824177e-01  -0.509119e-01  -0.232478e-07
   0.165011e-01  -0.922220e-02  -0.279061e-07
   0.295196e-02   0.134133e-03  -0.492718e-08
  -0.273963e-02   0.116219e-03   0.298688e-08
  -0.486231e-03  -0.109989e-02   0.604720e-08
   0.247098e-03  -0.821735e-03  -0.877885e-08
   0.247116e-04  -0.510043e-03  -0.154030e-08
   0.603394e-01   0.973342e-01   0.159987e-08
   0.610005e-02  -0.541146e-01  -0.124543e-07
  -0.333317e-02   0.615606e-01   0.116247e-06
   0.206680e-02   0.651552e-01   0.615053e-07
   0.163801e-01  -0.489947e-01   0.117076e-06
  -0.609591e-02  -0.559764e-01  -0.141925e-06
  -0.965707e-02  -0.440805e-02  -0.124366e-06
  -0.825085e-01  -0.507666e-01  -0.169722e-08
   0.164780e-01  -0.928224e-02  -0.113106e-07
   0.259410e-02   0.860276e-03  -0.353543e-08
  -0.208632e-02   0.103208e-02   0.374724e-08
  -0.311690e-03  -0.908477e-03   0.731768e-08
   0.424546e-03  -0.964655e-03  -0.878058e-08
  -0.390340e-03  -0.526618e-03  -0.342484e-08
   0.596792e-01   0.975214e-01   0.199512e-07
   0.726699e-02  -0.540751e-01   0.222847e-07
  -0.412021e-02   0.618104e-01   0.191349e-06
   0.128336e-02   0.648932e-01   0.137302e-06
   0.747110e-02  -0.559874e-01   0.653856e-07
  -0.150382e-01  -0.490541e-01  -0.107305e-06
   0.951040e-02  -0.434240e-02  -0.344207e-06
  -0.823237e-01  -0.510798e-01   0.188277e-08
   0.165126e-01  -0.917885e-02  -0.742054e-08
   0.229731e-02   0.104592e-02   0.101847e-07
  -0.238698e-02   0.847130e-03   0.401110e-08
  -0.662882e-03  -0.124418e-02   0.138169e-07
   0.710013e-04  -0.631969e-03  -0.994125e-08
   0.439923e-03  -0.524180e-03   0.270629e-08
   0.602789e-01   0.972548e-01  -0.899466e-09
   0.631359e-02  -0.540724e-01  -0.345754e-08
  -0.332893e-02   0.692683e-01   0.111662e-06
   0.216765e-02   0.576357e-01   0.513688e-07
   0.108274e-01  -0.593429e-01   0.116956e-06
  -0.115841e-01  -0.460097e-01  -0.134870e-06
   0.114440e-02  -0.427177e-02  -0.124062e-06
  -0.825606e-01  -0.506718e-01  -0.235029e-08
   0.164802e-01  -0.928524e-02  -0.866540e-08
   0.265593e-02   0.925604e-03  -0.279367e-08
  -0.202176e-02   0.969699e-03   0.359842e-08
  -0.526998e-03  -0.126087e-02   0.601169e-08
   0.204343e-03  -0.616256e-03  -0.104640e-07
  -0.500327e-04  -0.523196e-03  -0.203492e-08
   0.597377e-01   0.976295e-01   0.496195e-08
   0.705392e-02  -0.540796e-01   0.135536e-08
  -0.416933e-02   0.542940e-01   0.117584e-06
   0.122628e-02   0.726059e-01   0.680347e-07
   0.129226e-01  -0.459623e-01   0.121476e-06
  -0.944603e-02  -0.593442e-01  -0.170334e-06
  -0.129226e-02  -0.428862e-02  -0.124099e-06
  -0.822754e-01  -0.511737e-01  -0.123085e-08
   0.165155e-01  -0.917531e-02  -0.110651e-07
   0.223558e-02   0.984445e-03  -0.368267e-08
  -0.245175e-02   0.913632e-03   0.300694e-08
  -0.448596e-03  -0.895564e-03   0.668275e-08
   0.292198e-03  -0.984231e-03  -0.942674e-08
   0.995619e-04  -0.523831e-03  -0.326311e-08
   0.596092e-01   0.974078e-01   0.428198e-08
  -0.195949e-02  -0.539846e-01  -0.169451e-07
   0.268110e-03   0.591024e-01   0.129527e-06
   0.546571e-02   0.674259e-01   0.584907e-07
   0.122877e-01  -0.525155e-01   0.113309e-06
  -0.100305e-01  -0.525721e-01  -0.142377e-06
  -0.296059e-03  -0.426396e-02  -0.132835e-06
  -0.824498e-01  -0.508242e-01  -0.250690e-08
   0.165097e-01  -0.925982e-02  -0.799353e-08
   0.274943e-02   0.684331e-03  -0.239271e-08
  -0.193206e-02   0.119712e-02   0.393535e-08
  -0.498302e-03  -0.105853e-02   0.617858e-08
   0.237250e-03  -0.815345e-03  -0.880735e-08
   0.390825e-04  -0.523559e-03  -0.186585e-08
   0.604080e-01   0.974703e-01   0.229860e-08
   0.153271e-01  -0.540134e-01  -0.120790e-07
  -0.756658e-02   0.641286e-01   0.114143e-06
  -0.227106e-02   0.624838e-01   0.534089e-07
   0.113986e-01  -0.525507e-01   0.128961e-06
  -0.109376e-01  -0.525427e-01  -0.153875e-06
   0.148447e-03  -0.425123e-02  -0.109984e-06
  -0.823820e-01  -0.510209e-01  -0.239295e-08
   0.164816e-01  -0.920088e-02  -0.115778e-07
   0.214910e-02   0.121795e-02  -0.304983e-08
  -0.254818e-02   0.678732e-03   0.300425e-08
  -0.477688e-03  -0.109423e-02   0.554294e-08
   0.259712e-03  -0.781472e-03  -0.118575e-07
   0.104889e-04  -0.523827e-03  -0.254193e-08
   0.599826e-01   0.974397e-01  -0.626095e-09
   0.675903e-02  -0.540999e-01  -0.270082e-08
  -0.395075e-02   0.617189e-01   0.281992e-08
   0.146430e-02   0.649624e-01  -0.132671e-07
   0.761640e-02  -0.500014e-01  -0.296626e-08
  -0.145233e-01  -0.550258e-01   0.189634e-07
  -0.330936e-03  -0.426092e-02  -0.538188e-09
  -0.824188e-01  -0.509278e-01  -0.190284e-08
   0.164962e-01  -0.922707e-02   0.189762e-08
   0.248686e-02   0.961878e-03  -0.489757e-08
  -0.219792e-02   0.929134e-03   0.186664e-08
   0.401304e-02  -0.374943e-02   0.196313e-08
   0.456476e-02   0.180432e-02  -0.135183e-08
   0.385211e-04  -0.524065e-03   0.740035e-09
   0.600398e-01   0.974370e-01  -0.663309e-08
   0.660885e-02  -0.541003e-01   0.162482e-07
  -0.351419e-02   0.616235e-01  -0.203097e-07
   0.189641e-02   0.650587e-01  -0.153961e-07
   0.158914e-01  -0.549681e-01   0.779960e-08
  -0.626596e-02  -0.499911e-01   0.361124e-08
   0.182550e-03  -0.425955e-02   0.128448e-07
  -0.824201e-01  -0.509210e-01   0.204820e-08
   0.164972e-01  -0.923389e-02   0.165945e-08
   0.240718e-02   0.942694e-03   0.103300e-08
  -0.227789e-02   0.948267e-03  -0.231605e-08
  -0.481526e-02   0.149365e-02  -0.395953e-08
  -0.424112e-02  -0.350554e-02  -0.934056e-09
   0.110638e-04  -0.524288e-03   0.430405e-08
   0.600643e-01   0.974274e-01  -0.143919e-07
   0.638898e-02  -0.541067e-01   0.414756e-07
  -0.802006e-02   0.590425e-01  -0.267658e-07
  -0.243352e-02   0.674918e-01  -0.139008e-07
   0.116395e-01  -0.525225e-01  -0.919844e-08
  -0.106887e-01  -0.525732e-01   0.126840e-07
  -0.501598e-04  -0.425941e-02   0.140076e-08
  -0.824116e-01  -0.509109e-01   0.157648e-08
   0.164929e-01  -0.923740e-02   0.498155e-08
   0.701039e-02   0.370338e-02  -0.881320e-11
   0.216342e-02  -0.165474e-02   0.220244e-08
  -0.448390e-03  -0.108794e-02  -0.125091e-09
   0.287192e-03  -0.788328e-03  -0.146192e-08
   0.568456e-05  -0.523975e-03   0.153196e-08
   0.599581e-01   0.974493e-01   0.111679e-08
   0.697889e-02  -0.540906e-01  -0.194325e-07
   0.374722e-03   0.641928e-01  -0.404337e-08
   0.597503e-02   0.624242e-01   0.818013e-08
   0.120465e-01  -0.525499e-01  -0.931978e-08
  -0.102782e-01  -0.525482e-01   0.173691e-07
  -0.982362e-04  -0.425990e-02   0.637697e-08
  -0.824271e-01  -0.509383e-01  -0.208147e-09
   0.165003e-01  -0.922376e-02   0.625957e-09
  -0.194103e-02  -0.169267e-02  -0.423454e-09
  -0.681493e-02   0.363623e-02   0.544483e-09
  -0.526684e-03  -0.106601e-02  -0.459257e-09
   0.208798e-03  -0.809675e-03   0.771118e-09
   0.439013e-04  -0.523637e-03  -0.109808e-08
   0.604140e-01   0.973265e-01  -0.959983e-10
   0.609569e-02  -0.540988e-01  -0.424121e-08
  -0.274069e-02   0.627627e-01   0.117476e-06
   0.265915e-02   0.639360e-01   0.618373e-07
   0.105577e-01  -0.525568e-01   0.113104e-06
  -0.117685e-01  -0.525579e-01  -0.141330e-06
   0.702945e-04  -0.426538e-02  -0.130346e-06
  -0.825182e-01  -0.507206e-01  -0.366266e-08
   0.164877e-01  -0.931472e-02  -0.910877e-08
   0.279130e-02   0.777513e-03  -0.337306e-08
  -0.189309e-02   0.111319e-02   0.423208e-08
  -0.369794e-03  -0.483816e-03   0.681975e-08
   0.370923e-03  -0.139366e-02  -0.929615e-08
  -0.156505e-03  -0.524287e-03  -0.201471e-08
   0.596074e-01   0.975473e-01  -0.744587e-09
   0.727248e-02  -0.540901e-01   0.496519e-08
  -0.472088e-02   0.605908e-01   0.113072e-06
   0.698479e-03   0.660947e-01   0.597514e-07
   0.131374e-01  -0.525213e-01   0.110789e-06
  -0.920780e-02  -0.525671e-01  -0.161723e-06
  -0.218367e-03  -0.426414e-02  -0.107862e-06
  -0.823198e-01  -0.511278e-01  -0.114684e-09
   0.165052e-01  -0.914607e-02  -0.982507e-08
   0.210671e-02   0.112774e-02  -0.204017e-08
  -0.258671e-02   0.765340e-03   0.286468e-08
  -0.604967e-03  -0.167583e-02   0.461672e-08
   0.124801e-03  -0.209977e-03  -0.991132e-08
   0.206066e-03  -0.523379e-03  -0.383790e-08
   0.600133e-01   0.974338e-01   0.225699e-08
   0.669966e-02  -0.540999e-01  -0.103680e-07
  -0.364359e-02   0.616896e-01   0.116718e-06
   0.176948e-02   0.649936e-01   0.606797e-07
   0.117371e-01  -0.520651e-01   0.105461e-06
  -0.105872e-01  -0.530296e-01  -0.143928e-06
   0.923974e-03  -0.425456e-02  -0.112315e-06
  -0.824238e-01  -0.509196e-01  -0.354733e-08
   0.164961e-01  -0.923060e-02  -0.105524e-07
   0.244406e-02   0.976031e-03  -0.360081e-08
  -0.223951e-02   0.914644e-03   0.438509e-08
  -0.504241e-03  -0.108941e-02   0.557242e-08
   0.232393e-03  -0.785998e-03  -0.921798e-08
  -0.917724e-03  -0.533033e-03  -0.154491e-08
   0.600089e-01   0.974419e-01  -0.152084e-08
   0.666838e-02  -0.540991e-01  -0.751000e-08
  -0.382141e-02   0.616544e-01   0.119740e-06
   0.159115e-02   0.650292e-01   0.708166e-07
   0.119492e-01  -0.530050e-01   0.120954e-06
  -0.103802e-01  -0.520891e-01  -0.154043e-06
  -0.107230e-02  -0.425989e-02  -0.127673e-06
  -0.824150e-01  -0.509292e-01  -0.296099e-08
   0.164974e-01  -0.923025e-02  -0.123172e-07
   0.244892e-02   0.928275e-03  -0.198247e-08
  -0.223515e-02   0.962576e-03   0.388497e-08
  -0.471995e-03  -0.106379e-02   0.605358e-08
   0.264793e-03  -0.811251e-03  -0.107591e-07
   0.967340e-03  -0.528772e-03  -0.268310e-08
   0.600611e-01   0.974464e-01   0.569088e-09
   0.658440e-02  -0.540977e-01  -0.131383e-07
  -0.326657e-02   0.614769e-01   0.116967e-06
   0.214400e-02   0.652140e-01   0.534605e-07
   0.113038e-01  -0.533084e-01   0.105276e-06
  -0.110237e-01  -0.517948e-01  -0.135711e-06
  -0.847405e-03  -0.426132e-02  -0.109434e-06
  -0.824115e-01  -0.509301e-01  -0.301949e-08
   0.164979e-01  -0.923550e-02  -0.109129e-07
   0.244970e-02   0.968421e-03  -0.360265e-08
  -0.223318e-02   0.922370e-03   0.553086e-08
  -0.271025e-04  -0.246477e-03   0.552921e-08
   0.705345e-03  -0.163052e-02  -0.976107e-08
   0.631726e-04  -0.523224e-03  -0.175262e-08
   0.599611e-01   0.974291e-01   0.713688e-09
   0.678364e-02  -0.540998e-01   0.159982e-08
  -0.420215e-02   0.618694e-01   0.125540e-06
   0.122030e-02   0.648112e-01   0.688497e-07
   0.123777e-01  -0.517632e-01   0.109257e-06
  -0.993888e-02  -0.533253e-01  -0.158910e-06
   0.699114e-03  -0.425627e-02  -0.129901e-06
  -0.824274e-01  -0.509186e-01  -0.386026e-08
   0.164955e-01  -0.922527e-02  -0.107194e-07
   0.244309e-02   0.936132e-03  -0.198155e-08
  -0.224128e-02   0.955090e-03   0.430306e-08
  -0.936187e-03  -0.191434e-02   0.640602e-08
  -0.221022e-03   0.255399e-04  -0.901199e-08
  -0.136044e-04  -0.523667e-03  -0.228494e-08
   0.599833e-01   0.974550e-01   0.798667e-09
   0.743987e-02  -0.541123e-01  -0.293824e-08
  -0.318279e-02   0.609302e-01   0.116346e-06
   0.223844e-02   0.657636e-01   0.671226e-07
   0.113684e-01  -0.527003e-01   0.117109e-06
  -0.109597e-01  -0.524042e-01  -0.150811e-06
   0.161869e-04  -0.425989e-02  -0.130333e-06
  -0.824223e-01  -0.509517e-01  -0.262827e-08
   0.164919e-01  -0.921473e-02  -0.115696e-07
   0.199494e-02   0.174771e-02  -0.324643e-08
  -0.269962e-02   0.146471e-03   0.501481e-08
  -0.493521e-03  -0.106039e-02   0.678723e-08
   0.243760e-03  -0.815712e-03  -0.981193e-08
  -0.189005e-04  -0.523682e-03  -0.184042e-08
   0.600387e-01   0.974208e-01  -0.472575e-08
   0.592819e-02  -0.540892e-01  -0.702817e-08
  -0.428679e-02   0.624110e-01   0.124945e-06
   0.112704e-02   0.642565e-01   0.697575e-07
   0.123140e-01  -0.523765e-01   0.118395e-06
  -0.100037e-01  -0.527212e-01  -0.152883e-06
  -0.164510e-03  -0.426063e-02  -0.127443e-06
  -0.824165e-01  -0.508968e-01  -0.233938e-08
   0.165015e-01  -0.924589e-02  -0.118964e-07
   0.291057e-02   0.163311e-03  -0.304846e-08
  -0.178768e-02   0.173761e-02   0.425841e-08
  -0.482945e-03  -0.109340e-02   0.574469e-08
   0.253675e-03  -0.782128e-03  -0.107390e-07
   0.684696e-04  -0.523562e-03  -0.299681e-08
   0.592221e-01   0.971388e-01   0.166325e-06
   0.795694e-02  -0.540988e-01  -0.753759e-07
  -0.388325e-02   0.609530e-01   0.118865e-06
   0.150188e-02   0.656310e-01   0.377252e-07
   0.119413e-01  -0.525624e-01   0.125071e-06
  -0.103779e-01  -0.525314e-01  -0.124286e-06
   0.277562e-04  -0.425582e-02  -0.134929e-06
  -0.827302e-01  -0.505328e-01  -0.490536e-07
   0.164160e-01  -0.921508e-02  -0.500132e-07
   0.241243e-02   0.941049e-03  -0.996199e-08
  -0.226439e-02   0.934280e-03  -0.185497e-08
  -0.488649e-03  -0.111622e-02   0.662278e-08
   0.245342e-03  -0.761536e-03  -0.820149e-08
   0.206520e-04  -0.524064e-03  -0.933203e-09
   0.607978e-01   0.977589e-01   0.674673e-07
   0.541043e-02  -0.541027e-01  -0.373223e-07
  -0.357736e-02   0.623794e-01   0.109854e-06
   0.185576e-02   0.643812e-01   0.676892e-07
   0.117434e-01  -0.525121e-01   0.132627e-06
  -0.105882e-01  -0.525917e-01  -0.141510e-06
  -0.176000e-03  -0.426237e-02  -0.139025e-06
  -0.821076e-01  -0.513123e-01  -0.211404e-07
   0.165783e-01  -0.924402e-02  -0.270124e-07
   0.248029e-02   0.960667e-03  -0.632430e-08
  -0.221004e-02   0.941272e-03  -0.331748e-09
  -0.487390e-03  -0.103732e-02   0.575172e-08
   0.251670e-03  -0.836046e-03  -0.818816e-08
   0.289170e-04  -0.522935e-03  -0.253519e-08
   0.585035e-01   0.966447e-01  -0.491042e-08
   0.640157e-02  -0.542184e-01  -0.261753e-07
  -0.372550e-02   0.617115e-01  -0.134184e-07
   0.171941e-02   0.649909e-01  -0.805880e-07
   0.118727e-01  -0.525580e-01   0.103254e-06
  -0.105324e-01  -0.525788e-01  -0.108676e-06
  -0.713461e-04  -0.427498e-02   0.163213e-06
  -0.806098e-01  -0.498347e-01  -0.421944e-08
   0.164183e-01  -0.937368e-02  -0.137488e-07
   0.246302e-02   0.943255e-03  -0.454298e-08
  -0.222675e-02   0.939484e-03   0.392891e-08
  -0.494483e-03  -0.107229e-02   0.167475e-08
   0.255638e-03  -0.799402e-03  -0.129890e-07
   0.262453e-04  -0.519581e-03  -0.280224e-08
   0.613280e-01   0.980813e-01   0.321531e-07
   0.695298e-02  -0.539524e-01  -0.370906e-08
  -0.373645e-02   0.616325e-01   0.207058e-06
   0.164427e-02   0.650269e-01   0.135528e-06
   0.118105e-01  -0.525143e-01   0.568771e-07
  -0.104332e-01  -0.525422e-01  -0.101192e-06
  -0.774021e-04  -0.424406e-02  -0.330417e-06
  -0.840183e-01  -0.518877e-01  -0.451967e-09
   0.165666e-01  -0.909147e-02  -0.425479e-08
   0.242892e-02   0.960857e-03   0.248683e-08
  -0.224867e-02   0.938209e-03   0.232700e-08
  -0.481451e-03  -0.108148e-02   0.114174e-07
   0.241059e-03  -0.798594e-03  -0.966950e-08
   0.232482e-04  -0.527581e-03   0.184624e-08
   0.668535e-01   0.922451e-01   0.365287e-07
   0.703492e-02  -0.535667e-01  -0.202188e-07
  -0.382903e-02   0.616283e-01   0.100457e-06
   0.167862e-02   0.650486e-01   0.789365e-07
   0.118652e-01  -0.525487e-01   0.139777e-06
  -0.104723e-01  -0.525607e-01  -0.160773e-06
  -0.748928e-04  -0.423251e-02  -0.128217e-06
  -0.823761e-01  -0.510272e-01  -0.902320e-08
   0.933472e-02  -0.447366e-02  -0.261629e-07
   0.243681e-02   0.955384e-03  -0.327546e-08
  -0.223639e-02   0.928280e-03  -0.162399e-09
  -0.492848e-03  -0.107950e-02   0.400938e-08
   0.253580e-03  -0.795290e-03  -0.950050e-08
   0.241914e-04  -0.521376e-03  -0.237529e-08
   0.536255e-01   0.102323e+00  -0.367806e-08
   0.632459e-02  -0.546073e-01  -0.302706e-08
  -0.363976e-02   0.617165e-01   0.120957e-06
   0.168559e-02   0.649752e-01   0.662888e-07
   0.118220e-01  -0.525236e-01   0.120523e-06
  -0.104959e-01  -0.525602e-01  -0.159350e-06
  -0.735601e-04  -0.428861e-02  -0.125598e-06
  -0.824673e-01  -0.508211e-01  -0.188031e-08
   0.232144e-01  -0.137096e-01  -0.929910e-08
   0.245571e-02   0.948540e-03  -0.291508e-08
  -0.223693e-02   0.949107e-03   0.475983e-08
  -0.483580e-03  -0.107381e-02   0.539681e-08
   0.243936e-03  -0.802185e-03  -0.970177e-08
   0.254036e-04  -0.525588e-03  -0.247629e-08
   0.611110e-01   0.955988e-01   0.664085e-07
   0.608928e-02  -0.542196e-01  -0.346587e-07
  -0.376878e-02   0.616572e-01   0.109165e-06
   0.176626e-02   0.649567e-01   0.614524e-07
   0.118603e-01  -0.525170e-01   0.128147e-06
  -0.105029e-01  -0.525951e-01  -0.139701e-06
  -0.953097e-04  -0.423958e-02  -0.135202e-06
  -0.833578e-01  -0.492558e-01  -0.221420e-07
   0.168757e-01  -0.887232e-02  -0.266072e-07
   0.247501e-02   0.950584e-03  -0.446544e-08
  -0.224241e-02   0.942007e-03   0.220145e-08
  -0.487903e-03  -0.107642e-02   0.608978e-08
   0.250667e-03  -0.806742e-03  -0.938237e-08
   0.268553e-04  -0.522724e-03  -0.130624e-08
   0.588938e-01   0.992686e-01   0.197002e-07
   0.727084e-02  -0.539838e-01  -0.430533e-07
  -0.369743e-02   0.616853e-01   0.292954e-07
   0.159555e-02   0.650654e-01  -0.261191e-07
   0.118258e-01  -0.525570e-01   0.400101e-07
  -0.104638e-01  -0.525284e-01  -0.117648e-07
  -0.535522e-04  -0.428055e-02   0.425172e-08
  -0.814509e-01  -0.525736e-01  -0.483330e-08
   0.161121e-01  -0.959289e-02  -0.104307e-07
   0.241855e-02   0.953641e-03   0.124051e-08
  -0.223196e-02   0.935179e-03  -0.725357e-09
  -0.488325e-03  -0.107707e-02  -0.141248e-08
   0.246482e-03  -0.790891e-03   0.303600e-08
   0.227742e-04  -0.524128e-03   0.805059e-09
   0.592126e-01   0.961893e-01   0.843154e-08
   0.728800e-02  -0.542962e-01  -0.607597e-08
  -0.381190e-02   0.616156e-01   0.117201e-06
   0.171496e-02   0.650220e-01   0.758742e-07
   0.118699e-01  -0.525636e-01   0.111705e-06
  -0.104974e-01  -0.525485e-01  -0.159055e-06
  -0.609590e-04  -0.424351e-02  -0.126850e-06
  -0.827806e-01  -0.506252e-01  -0.542533e-08
   0.170902e-01  -0.803920e-02  -0.123534e-07
   0.245599e-02   0.956910e-03  -0.358990e-08
  -0.226294e-02   0.939998e-03   0.453670e-08
  -0.489353e-03  -0.108580e-02   0.711704e-08
   0.248091e-03  -0.798669e-03  -0.963887e-08
   0.233669e-04  -0.523101e-03  -0.187672e-08
   0.608188e-01   0.986796e-01   0.128101e-08
   0.608790e-02  -0.539070e-01  -0.332744e-08
  -0.365403e-02   0.617270e-01   0.100719e-06
   0.164661e-02   0.649998e-01   0.773851e-07
   0.118158e-01  -0.525109e-01   0.126794e-06
  -0.104695e-01  -0.525742e-01  -0.159108e-06
  -0.870770e-04  -0.427608e-02  -0.124369e-06
  -0.820512e-01  -0.512258e-01  -0.300515e-08
   0.158796e-01  -0.104065e-01  -0.105266e-07
   0.243674e-02   0.947422e-03  -0.226639e-08
  -0.221211e-02   0.937199e-03   0.330742e-08
  -0.486998e-03  -0.106773e-02   0.597266e-08
   0.249242e-03  -0.798794e-03  -0.948477e-08
   0.261715e-04  -0.523900e-03  -0.337111e-08
   0.600110e-01   0.974398e-01   0.294780e-03
   0.668330e-02  -0.540812e-01  -0.338072e-03
  -0.373944e-02   0.616612e-01  -0.615923e-04
   0.168857e-02   0.650000e-01  -0.777708e-04
   0.118465e-01  -0.525377e-01   0.130199e-03
  -0.104877e-01  -0.525610e-01   0.146686e-03
  -0.738095e-04  -0.426210e-02  -0.867210e-04
  -0.824194e-01  -0.509237e-01  -0.213356e-03
   0.164967e-01  -0.922999e-02  -0.521248e-04
   0.244401e-02   0.954771e-03   0.894401e-04
  -0.223495e-02   0.941269e-03   0.945439e-04
  -0.487776e-03  -0.107722e-02   0.127802e-03
   0.248254e-03  -0.799200e-03   0.123782e-03
   0.247814e-04  -0.525088e-03  -0.177596e-03
   0.600114e-01   0.974353e-01  -0.413217e-04
   0.668387e-02  -0.540974e-01   0.196268e-04
  -0.373275e-02   0.616690e-01   0.169101e-03
   0.168096e-02   0.650083e-01   0.164306e-03
   0.118500e-01  -0.525226e-01   0.220565e-03
  -0.104910e-01  -0.525468e-01   0.223004e-03
  -0.739273e-04  -0.426110e-02  -0.134093e-02
  -0.824195e-01  -0.509243e-01   0.152008e-04
   0.164964e-01  -0.923016e-02   0.305370e-05
   0.244657e-02   0.952498e-03  -0.175839e-04
  -0.223744e-02   0.938968e-03  -0.191709e-04
  -0.488261e-03  -0.107715e-02  -0.108734e-03
   0.248743e-03  -0.799152e-03  -0.107358e-03
   0.248783e-04  -0.545336e-03   0.820239e-03
   0.600109e-01   0.974359e-01  -0.806561e-04
   0.668358e-02  -0.540948e-01   0.228590e-03
  -0.374090e-02   0.616738e-01  -0.138840e-04
   0.168936e-02   0.650130e-01   0.477343e-04
   0.118474e-01  -0.525251e-01  -0.478630e-03
  -0.104882e-01  -0.525490e-01  -0.516103e-03
  -0.738722e-04  -0.426327e-02   0.339804e-04
  -0.824188e-01  -0.509239e-01   0.357588e-04
   0.164964e-01  -0.923006e-02   0.605667e-05
   0.244670e-02   0.951874e-03  -0.364307e-04
  -0.223766e-02   0.938332e-03  -0.421433e-04
  -0.483462e-03  -0.109058e-02   0.485175e-03
   0.243794e-03  -0.812668e-03   0.483527e-03
   0.247925e-04  -0.523500e-03  -0.152975e-03
   0.600109e-01   0.974350e-01  -0.573193e-04
   0.668296e-02  -0.541049e-01  -0.134974e-03
  -0.373254e-02   0.616788e-01  -0.242759e-03
   0.168188e-02   0.650173e-01  -0.263114e-03
   0.118405e-01  -0.525393e-01  -0.854554e-06
  -0.104817e-01  -0.525628e-01  -0.990115e-05
  -0.739043e-04  -0.425941e-02   0.174410e-03
  -0.824183e-01  -0.509244e-01  -0.636498e-05
   0.164959e-01  -0.923038e-02  -0.455574e-05
   0.245791e-02   0.951156e-03   0.314668e-03
  -0.224888e-02   0.937517e-03   0.333855e-03
  -0.488161e-03  -0.107654e-02  -0.386322e-04
   0.248611e-03  -0.798532e-03  -0.390786e-04
   0.247746e-04  -0.523514e-03  -0.253796e-04
   0.600113e-01   0.974328e-01   0.540641e-03
   0.668343e-02  -0.540851e-01  -0.703097e-03
  -0.373253e-02   0.616666e-01   0.158079e-03
   0.168117e-02   0.650050e-01   0.750269e-04
   0.118449e-01  -0.525396e-01   0.833531e-04
  -0.104863e-01  -0.525619e-01   0.157582e-03
  -0.733420e-04  -0.426001e-02   0.460673e-04
  -0.824188e-01  -0.509215e-01  -0.384745e-03
   0.164958e-01  -0.922883e-02  -0.960604e-04
   0.244593e-02   0.953404e-03   0.909607e-04
  -0.223668e-02   0.939823e-03   0.958697e-04
  -0.488199e-03  -0.107765e-02  -0.358484e-04
   0.248554e-03  -0.799698e-03  -0.430093e-04
   0.247859e-04  -0.523373e-03   0.151807e-04
   0.600085e-01   0.974677e-01  -0.124062e-02
   0.668116e-02  -0.541054e-01  -0.122940e-02
  -0.372642e-02   0.616603e-01   0.638285e-03
   0.167725e-02   0.649991e-01   0.551842e-03
   0.118358e-01  -0.525433e-01  -0.107975e-03
  -0.104775e-01  -0.525676e-01  -0.103878e-03
  -0.741179e-04  -0.425592e-02  -0.627168e-05
  -0.824046e-01  -0.509135e-01   0.140202e-02
   0.164858e-01  -0.923447e-02   0.242014e-03
   0.244625e-02   0.952993e-03  -0.534243e-04
  -0.223744e-02   0.939582e-03  -0.571746e-04
  -0.487873e-03  -0.107714e-02  -0.137101e-04
   0.248320e-03  -0.799245e-03  -0.553622e-05
   0.247638e-04  -0.523232e-03  -0.161771e-04
   0.600075e-01   0.974365e-01   0.322673e-03
   0.668450e-02  -0.540517e-01   0.107509e-04
  -0.375415e-02   0.616464e-01  -0.578455e-04
   0.170254e-02   0.649845e-01  -0.174548e-05
   0.118511e-01  -0.525381e-01  -0.411598e-03
  -0.104935e-01  -0.525612e-01   0.438890e-03
  -0.734690e-04  -0.425719e-02  -0.165524e-04
  -0.824141e-01  -0.509204e-01  -0.373732e-03
   0.164952e-01  -0.922919e-02   0.695296e-04
   0.244354e-02   0.955498e-03   0.924745e-04
  -0.223450e-02   0.941752e-03  -0.945918e-04
  -0.486863e-03  -0.108014e-02   0.171285e-03
   0.247447e-03  -0.802214e-03  -0.147530e-03
   0.247881e-04  -0.524519e-03  -0.200783e-05
   0.600113e-01   0.974359e-01   0.366084e-04
   0.668380e-02  -0.540953e-01   0.108039e-04
  -0.374183e-02   0.616733e-01   0.327280e-04
   0.168995e-02   0.650126e-01  -0.267566e-04
   0.118468e-01  -0.525248e-01  -0.685409e-03
  -0.104877e-01  -0.525489e-01   0.675503e-03
  -0.739465e-04  -0.426299e-02   0.231890e-05
  -0.824193e-01  -0.509244e-01  -0.356777e-04
   0.164964e-01  -0.923021e-02  -0.111590e-04
   0.244676e-02   0.951861e-03  -0.242945e-04
  -0.223758e-02   0.938275e-03   0.249760e-04
  -0.482040e-03  -0.108974e-02   0.392564e-03
   0.242598e-03  -0.811686e-03  -0.391156e-03
   0.247879e-04  -0.523870e-03  -0.105011e-05
   0.600108e-01   0.974325e-01   0.498168e-04
   0.668346e-02  -0.541038e-01   0.727031e-05
  -0.373554e-02   0.616781e-01  -0.374134e-03
   0.168417e-02   0.650171e-01   0.391054e-03
   0.118389e-01  -0.525379e-01   0.120231e-03
  -0.104799e-01  -0.525619e-01  -0.126322e-03
  -0.739450e-04  -0.425727e-02  -0.410726e-05
  -0.824181e-01  -0.509244e-01  -0.210544e-04
   0.164958e-01  -0.923047e-02  -0.304854e-04
   0.245979e-02   0.950429e-03   0.137656e-03
  -0.225062e-02   0.936683e-03  -0.156528e-03
  -0.488219e-03  -0.107655e-02  -0.235893e-04
   0.248660e-03  -0.798566e-03   0.290831e-04
   0.247795e-04  -0.523898e-03   0.110891e-05
   0.600061e-01   0.974402e-01  -0.440481e-03
   0.668094e-02  -0.540985e-01  -0.165336e-03
  -0.373045e-02   0.616716e-01  -0.134948e-05
   0.168177e-02   0.650096e-01  -0.130408e-04
   0.118420e-01  -0.525363e-01  -0.557629e-04
  -0.104842e-01  -0.525609e-01   0.739643e-04
  -0.739430e-04  -0.426013e-02  -0.969263e-05
  -0.824110e-01  -0.509245e-01   0.738253e-03
   0.164947e-01  -0.923279e-02  -0.140495e-03
   0.244617e-02   0.952097e-03   0.129757e-04
  -0.223726e-02   0.938577e-03  -0.129690e-04
  -0.488213e-03  -0.107676e-02   0.147855e-04
   0.248624e-03  -0.798730e-03  -0.104379e-06
   0.247494e-04  -0.523472e-03  -0.748032e-06
   0.600117e-01   0.974420e-01  -0.490089e-04
   0.668432e-02  -0.541004e-01   0.121028e-03
  -0.373216e-02   0.616717e-01  -0.669583e-04
   0.168025e-02   0.650109e-01   0.369607e-04
   0.118428e-01  -0.525376e-01  -0.310792e-04
  -0.104835e-01  -0.525607e-01   0.253931e-04
  -0.738108e-04  -0.425996e-02   0.328871e-05
  -0.824174e-01  -0.509260e-01   0.119451e-03
   0.164933e-01  -0.923159e-02  -0.159128e-03
   0.244631e-02   0.952083e-03   0.132556e-04
  -0.223716e-02   0.938563e-03  -0.114727e-04
  -0.488190e-03  -0.107676e-02   0.569312e-05
   0.248674e-03  -0.798741e-03  -0.750600e-05
   0.247921e-04  -0.523489e-03   0.822393e-07
