  -2.229442E-07  -1.333517E-01   2.757994E-03
   1.237644E-07   5.909978E-01  -4.385981E-03
  -2.278485E-07  -2.060477E-01   4.667037E-01
   2.010007E-07  -2.095220E-01  -4.659299E-01
   1.392096E-08  -2.652990E-01  -4.467855E-01
  -1.749047E-07  -2.566140E-01   4.508643E-01
  -6.553546E-08   6.168918E-01  -2.195076E-03
   8.121438E-08  -1.086764E-03  -5.879014E-03
   9.044729E-08  -7.938552E-04   5.922680E-03
   9.570595E-08  -9.887158E-03   6.266998E-03
  -5.968439E-08  -1.003747E-02  -6.097858E-03
  -3.058608E-08  -6.004122E-03  -1.053216E-02
   2.360512E-08  -9.499451E-03   9.615564E-03
   7.817538E-09   3.031027E-03  -9.566462E-05
   8.786827E-08   1.332236E-01  -5.431010E-03
  -7.125272E-08  -5.904118E-01   8.697840E-03
   9.283657E-08   2.041403E-01  -4.669770E-01
  -1.291457E-07   2.111248E-01   4.654578E-01
   5.111428E-08   2.697120E-01   4.447046E-01
   8.622637E-08   2.523777E-01  -4.528120E-01
   5.200619E-08  -6.172806E-01   4.368125E-03
   5.092780E-09   1.230242E-03   5.853301E-03
  -3.089975E-08   6.524293E-04  -5.939492E-03
  -6.363995E-08   9.805136E-03  -6.335791E-03
   3.353797E-08   1.010540E-02   5.996625E-03
   2.125847E-08   4.276230E-03   1.075325E-02
  -1.235075E-08   1.124637E-02  -8.934548E-03
   4.992828E-09  -2.990928E-03   1.925889E-04
   1.227933E-07   1.330085E-01  -7.929862E-03
  -8.796728E-08  -5.894179E-01   1.286040E-02
   1.776698E-07   2.020932E-01  -4.671531E-01
  -1.841927E-07   2.126614E-01   4.649476E-01
  -2.995410E-08   2.741505E-01   4.426288E-01
   4.175344E-08   2.482404E-01  -4.546695E-01
   8.446509E-08  -6.179287E-01   6.499872E-03
  -1.048258E-08   1.365537E-03   5.825011E-03
  -5.131500E-08   5.202625E-04  -5.952222E-03
  -8.012888E-08   9.719134E-03  -6.394369E-03
   7.298326E-08   1.016774E-02   5.883214E-03
   1.720836E-08   2.574407E-03   1.080009E-02
  -1.395612E-08   1.297486E-02  -8.108332E-03
  -5.232535E-09  -2.924418E-03   2.920435E-04
  -2.790708E-07  -1.327036E-01   1.015695E-02
   1.928221E-07   5.880118E-01  -1.679097E-02
  -1.819115E-07  -1.998806E-01   4.672123E-01
   2.016110E-07  -2.141548E-01  -4.644145E-01
   1.751874E-07  -2.785979E-01  -4.405832E-01
   3.285267E-08  -2.442256E-01   4.564150E-01
  -4.203198E-07   6.188327E-01  -8.572508E-03
   2.009867E-08  -1.487836E-03  -5.794306E-03
   5.925505E-08  -4.017427E-04   5.959779E-03
   9.585096E-08  -9.629887E-03   6.443041E-03
  -7.464621E-08  -1.022326E-02  -5.756133E-03
  -5.438466E-08  -9.096925E-04  -1.065459E-02
   6.551347E-08  -1.466363E-02   7.133869E-03
   4.068296E-08   2.831633E-03  -3.957506E-04
   8.139510E-08   1.323051E-01  -1.200160E-02
  -1.869518E-07  -5.861632E-01   2.039916E-02
   1.699476E-07   1.974721E-01  -4.671299E-01
  -1.390962E-07   2.156340E-01   4.638718E-01
  -1.165482E-07   2.830367E-01   4.385893E-01
  -5.040818E-09   2.403622E-01  -4.580324E-01
   1.653304E-07  -6.199854E-01   1.057266E-02
   2.178567E-08   1.591700E-03   5.761063E-03
  -1.760430E-08   3.021391E-04  -5.960851E-03
  -7.801552E-08   9.538038E-03  -6.481803E-03
   6.193702E-08   1.026979E-02   5.613139E-03
   9.949821E-09  -7.048408E-04   1.029352E-02
  -1.469924E-08   1.628154E-02  -6.003301E-03
   1.905703E-08  -2.712316E-03   5.057477E-04
   2.897949E-07   1.318176E-01  -1.325407E-02
  -9.082154E-08  -5.838546E-01   2.321921E-02
   1.491049E-07   1.951224E-01  -4.667543E-01
  -2.500286E-07   2.168463E-01   4.634709E-01
  -2.294765E-07   2.871741E-01   4.368449E-01
  -5.513033E-08   2.369715E-01  -4.593578E-01
   5.485980E-07  -6.213782E-01   1.210289E-02
  -2.187753E-08   1.665974E-03   5.725399E-03
  -7.209369E-08   2.319030E-04  -5.954218E-03
  -9.993320E-08   9.448228E-03  -6.504426E-03
   5.675011E-08   1.030075E-02   5.457890E-03
   4.445605E-08  -2.259707E-03   9.688422E-03
  -5.583426E-08   1.778819E-02  -4.694072E-03
  -3.938964E-08  -2.566232E-03   6.227350E-04
   3.015594E-07   1.312188E-01  -1.392827E-02
  -1.297970E-07  -5.810337E-01   2.585485E-02
   1.158793E-07   1.922083E-01  -4.662892E-01
  -2.214404E-07   2.184172E-01   4.629618E-01
  -2.282976E-07   2.915221E-01   4.350070E-01
  -8.684857E-08   2.335199E-01  -4.606704E-01
   5.624373E-07  -6.229700E-01   1.392766E-02
  -7.451517E-09   1.712485E-03   5.685851E-03
  -7.080136E-08   1.894676E-04  -5.937115E-03
  -9.284087E-08   9.353550E-03  -6.521202E-03
   5.358912E-08   1.031841E-02   5.274289E-03
   4.647731E-08  -3.724905E-03   8.813738E-03
  -5.198089E-08   1.911943E-02  -3.212460E-03
  -2.597444E-08  -2.392249E-03   7.524174E-04
  -9.009122E-07   1.305139E-01  -1.376308E-02
   3.978006E-07  -5.776689E-01   2.780175E-02
   2.866520E-07   1.889749E-01  -4.655619E-01
  -1.566757E-07   2.201226E-01   4.624983E-01
  -5.470185E-07   2.957676E-01   4.332497E-01
  -2.571874E-07   2.303356E-01  -4.618061E-01
   7.339214E-07  -6.247225E-01   1.565906E-02
   2.992194E-07   1.716995E-03   5.641931E-03
   2.682794E-07   1.889895E-04  -5.908278E-03
  -3.253055E-08   9.259120E-03  -6.523700E-03
   9.035968E-08   1.031328E-02   5.064667E-03
   4.623314E-08  -5.089365E-03   7.644705E-03
  -6.249488E-08   2.020407E-02  -1.530569E-03
  -2.200048E-08  -2.190795E-03   8.957332E-04
  -2.524779E-07  -1.296977E-01   1.254631E-02
   8.694998E-08   5.737188E-01  -2.889030E-02
  -1.509487E-07  -1.853725E-01   4.645102E-01
   1.972663E-07  -2.220515E-01  -4.621125E-01
   2.556742E-07  -2.998558E-01  -4.315481E-01
   6.431484E-08  -2.274634E-01   4.627580E-01
  -4.995311E-07   6.265527E-01  -1.730536E-02
   1.853824E-08  -1.669140E-03  -5.592964E-03
   5.243373E-08  -2.405047E-04   5.864591E-03
   8.524918E-08  -9.167325E-03   6.507517E-03
  -2.949814E-08  -1.027795E-02  -4.824033E-03
  -5.296753E-08   6.339351E-03  -6.165324E-03
   5.069836E-08  -2.094402E-02  -3.720892E-04
   2.089310E-08   1.963612E-03  -1.055124E-03
  -2.427218E-07  -1.287671E-01   1.002263E-02
   2.914443E-08   5.691420E-01  -2.891778E-02
  -1.296155E-07  -1.813544E-01   4.630535E-01
   2.775785E-07  -2.243259E-01  -4.618451E-01
   2.866864E-07  -3.037088E-01  -4.298447E-01
   3.829823E-08  -2.249407E-01   4.635306E-01
  -5.383277E-07   6.283384E-01  -1.889205E-02
   1.734256E-08  -1.557528E-03  -5.538604E-03
   4.679959E-08  -3.565370E-04   5.802698E-03
   7.862094E-08  -9.083066E-03   6.467301E-03
  -2.581193E-08  -1.020335E-02  -4.546089E-03
  -4.591852E-08   7.469734E-03  -4.379374E-03
   4.988590E-08  -2.121240E-02  -2.516950E-03
   9.103293E-09   1.715190E-03  -1.231996E-03
