    3,1                                     # harmonic no-HN
    1.389122534537264e+00    1.515973828944685e-01
    3,2    
   -1.097855242061477e+00   -2.128801571627800e-01
    3,3    
   -1.852228454297610e-01    3.269555850670176e-01
    3,4    
    3.759876583775422e-01    3.112983011245188e-01
    3,5    
    1.987051615404419e-01    2.549336785076663e-01
    3,6    
    8.723334746103314e-02    1.165980105034014e-01
    3,7    
   -1.793042144510862e-01   -9.266392620078787e-02
    3,8    
   -2.167953345482095e-01   -7.889636860639877e-02
    3,9    
    1.323344576946540e-01   -1.435977904710123e-01
    3,10   
   -4.033236767728944e-01    8.000755828583811e-02
    3,1        1,1    
   -3.361180017838112e+00   -2.603347634036473e+00
    3,2        1,1    
    5.121254273008363e+00   -3.232373538180519e+00
    3,3        1,1    
   -8.531655288571390e+00    5.368224914324220e+00
    3,4        1,1    
   -1.613376180587071e-01   -3.089287387112993e-01
    3,5        1,1    
    8.311353907918838e-02    1.488515457410192e+00
    3,6        1,1    
    9.702854918748594e-01    1.342555278545626e+00
    3,7        1,1    
    9.277342169261243e-02   -4.214338128824950e-01
    3,8        1,1    
   -1.881983584886340e-02    4.007599673014277e-02
    3,9        1,1    
    1.047784070713186e-01   -2.120548269136291e-01
    3,10       1,1    
   -8.329897129459455e-01    1.785329387575268e+00
    3,1        1,2    
   -6.502874050073974e+00    3.121056899037442e+00
    3,2        1,2    
   -9.485351834965680e-01   -4.008880329312949e+00
    3,3        1,2    
   -1.477509106011160e+00    8.184302627539957e+00
    3,4        1,2    
    9.911070352785546e-02   -1.574040240087028e-01
    3,5        1,2    
   -6.545152084780535e+00   -2.203120752335419e+01
    3,6        1,2    
   -1.541464850169904e+00   -1.042741369656496e+01
    3,7        1,2    
   -1.701273179832601e-01    1.873152571485619e-01
    3,8        1,2    
   -1.023993747025902e-01    8.365547242393326e-02
    3,9        1,2    
    2.606160471373021e-02    8.714529028519899e-02
    3,10       1,2    
   -1.214666089641922e+00   -2.450556645893625e+00
    3,1        1,5    
   -8.926607790623149e-01    8.650631800490702e+00
    3,2        1,5    
    1.060595141041680e+01    2.298702350048561e+00
    3,3        1,5    
    5.798599160498850e+00   -1.942455084324189e+01
    3,4        1,5    
    2.687693189962113e-01    3.753418164921606e-01
    3,5        1,5    
   -4.328314606044552e+00   -1.051464444284850e+00
    3,6        1,5    
    5.835567860462587e+00   -6.855307439623189e+00
    3,7        1,5    
    3.520492377941847e-01    6.975608692499456e-02
    3,8        1,5    
    2.210835135397710e-01    3.986475475617817e-01
    3,9        1,5    
    2.866313891439633e-02   -2.810241329548778e-01
    3,10       1,5    
    2.399905197261118e+00   -3.761237334586951e+00
    3,1        1,6    
   -3.006916714151026e+00    1.706654703652457e+00
    3,2        1,6    
   -2.914258054223962e+00    2.039466962759522e-01
    3,3        1,6    
   -2.321996244589471e+00    1.363559028641245e+00
    3,4        1,6    
    4.245233107448227e-02    1.012821158918609e-01
    3,5        1,6    
    1.233400486680499e+00   -4.984295205021862e-02
    3,6        1,6    
   -1.649230922260111e+00   -2.675993781740267e+00
    3,7        1,6    
   -1.196419641559527e-01    4.066618032076368e-01
    3,8        1,6    
   -4.563687452905486e-02   -3.167403967458549e-01
    3,9        1,6    
   -9.315514189924040e-03   -2.385962702295374e-01
    3,10       1,6    
    1.167251757871187e-01    2.267168593239745e+00
    3,1        1,7    
    6.651101836614606e-01    4.560325484725823e+00
    3,2        1,7    
    1.403178074890212e+01    6.906173488063589e-01
    3,3        1,7    
   -1.048564533591153e+01   -3.085955137175929e+00
    3,4        1,7    
   -2.623402798600246e-01   -2.514679373503179e-01
    3,5        1,7    
    5.601300256361853e-01    2.188795661917852e+00
    3,6        1,7    
   -3.486884318623037e-01   -4.920765216677146e+00
    3,7        1,7    
   -9.213765013298898e-02   -1.833084221454817e-01
    3,8        1,7    
    3.068443147523802e-03    2.755514134253673e-02
    3,9        1,7    
   -1.714111821705429e-01   -2.629446151392254e-01
    3,10       1,7    
    1.919682775856661e+00   -2.796218406364826e+00
    3,1        1,8    
   -6.566120421278362e-01   -6.621859795904673e-01
    3,2        1,8    
    1.802409189563002e-01   -7.836238249219825e-01
    3,3        1,8    
   -6.831826346246374e-01   -7.581103322147543e-01
    3,4        1,8    
    6.870330557957553e-02   -1.938560832003538e-01
    3,5        1,8    
   -3.040666307382173e-01   -2.867993569252472e-01
    3,6        1,8    
    1.249616597168018e-01    6.014760350902071e-01
    3,7        1,8    
   -1.414698495910402e-01    2.351673856929683e-01
    3,8        1,8    
   -2.721021826446630e-03    1.181424612442601e-01
    3,9        1,8    
   -1.099522058959331e-01   -1.556542466467629e-01
    3,10       1,8    
   -1.447097087558430e-01    2.003702817999963e-01
    3,1        1,9    
   -1.315788516740146e-01   -3.202265286368720e-01
    3,2        1,9    
    6.614987196570717e-01    4.173682352067444e-03
    3,3        1,9    
   -8.794197444288476e-01    5.641572452561383e-01
    3,4        1,9    
   -1.404749964043037e-01    1.326247634614044e-02
    3,5        1,9    
   -1.807683552395259e-01   -6.479775137606854e-02
    3,6        1,9    
   -2.118511271313586e-01    4.067343611474929e-01
    3,7        1,9    
   -1.372793029134958e-01   -2.198828729493374e-02
    3,8        1,9    
    7.922006336611691e-02    9.640618267955942e-02
    3,9        1,9    
    2.837451883966088e-03    1.051845417266641e-01
    3,10       1,9    
   -2.903022565870150e-01   -2.788675371087416e-01
    3,1        1,10   
   -9.196688756185077e-01   -2.453650719556843e+00
    3,2        1,10   
    6.158231769877091e+00   -7.075878519262910e+00
    3,3        1,10   
   -1.493313922020371e+01    1.220980546670298e+01
    3,4        1,10   
    1.795319474498626e-01    1.897969589452982e-02
    3,5        1,10   
   -2.424773870033669e+00    4.296866123626445e+00
    3,6        1,10   
   -2.146881877432580e+00   -7.961989679142948e+00
    3,7        1,10   
   -1.977246039943289e-01   -4.975844266420118e-02
    3,8        1,10   
    1.820166923781027e-01    1.881183275571764e-01
    3,9        1,10   
    7.580906721034616e-02   -2.709782689365777e-02
    3,10       1,10   
   -9.437781288317718e-01    2.056291289859922e+00
    3,1        1,11   
   -8.016759343609658e+00    1.737315168342110e+01
    3,2        1,11   
    1.299380743248871e+01   -1.316080901106020e+01
    3,3        1,11   
   -6.447808730709802e+00    4.437618492823878e+00
    3,4        1,11   
   -2.004039607592300e-01    6.684888788489983e-02
    3,5        1,11   
    2.916933866079618e+00    6.047785663588467e+00
    3,6        1,11   
   -6.144078395927258e+00    3.092674263664470e+00
    3,7        1,11   
    1.456115399322686e-01    2.985556560995412e-01
    3,8        1,11   
   -1.351170016260332e-01    2.091740900121965e-02
    3,9        1,11   
   -6.776750566696452e-02    4.716733503883894e-02
    3,10       1,11   
   -4.022739605284371e+00    1.932472610172638e+00
    3,1        1,12   
    1.620752986785027e-01   -1.503472913975734e-01
    3,2        1,12   
   -3.906890735533792e-03    2.593026044912239e-01
    3,3        1,12   
   -2.548202274412770e-01   -1.278251592597604e-01
    3,4        1,12   
   -5.756771839718592e-02    3.570207774634876e-02
    3,5        1,12   
    1.703807409547720e-02    5.076415447485177e-02
    3,6        1,12   
    6.817316578217235e-02    2.357102435854427e-01
    3,7        1,12   
   -5.474553289954423e-02   -2.306447104265851e-03
    3,8        1,12   
    1.621049677015572e-01    1.701911910200927e-01
    3,9        1,12   
   -2.969128940614498e-02   -1.944614218952486e-03
    3,10       1,12   
   -2.246918021095141e-02    1.911854092822886e-02
    3,1        1,13   
   -1.329232847211127e-01   -8.925593671394605e-02
    3,2        1,13   
   -6.745654125792698e-03   -1.389825104363991e-01
    3,3        1,13   
   -2.882866935838487e-01    1.655099398267738e-01
    3,4        1,13   
   -1.353821034540473e-01   -8.521045937809940e-02
    3,5        1,13   
    5.889027137170445e-02   -7.635179863527064e-02
    3,6        1,13   
    3.512444812281427e-02   -1.697217429738166e-01
    3,7        1,13   
    6.747976212283346e-02    1.416149783193306e-01
    3,8        1,13   
    5.989599282650344e-02   -8.319692808963604e-02
    3,9        1,13   
    8.321461173686695e-02    5.923714240368126e-02
    3,10       1,13   
   -2.261462622716127e-01   -3.434032625941632e-02
    7,1        4,1    
    8.881834908577185e-02    1.325914210592958e-01
    7,2        4,1    
    1.834216656454284e-02    3.800845437586649e-02
    7,3        4,1    
   -8.648813011844418e-02    8.795601452067972e-02
    7,4        4,1    
    8.915229155609657e-02   -7.163595608631723e-02
    7,5        4,1    
    1.099063635935485e-01   -5.713336348910318e-02
    7,6        4,1    
    2.809562102325603e-02    1.425558742938737e-01
    7,1        4,2    
    1.236218544121164e-02    1.198570704732898e-01
    7,2        4,2    
   -1.323627850466502e-01    4.000876403692215e-02
    7,3        4,2    
    2.345400000253197e-02    5.738268023384658e-03
    7,4        4,2    
   -3.404877385077807e-03    1.842381114662294e-01
    7,5        4,2    
    5.637896337321771e-03   -2.761837695180139e-02
    7,6        4,2    
    5.242312797146784e-02    1.323308548006366e-01
    7,1        4,3    
   -7.753943650777072e-03    3.308920324088199e-02
    7,2        4,3    
    1.126014699333985e-01   -5.974517916289182e-03
    7,3        4,3    
   -3.044538869161377e-02    5.528973577247290e-02
    7,4        4,3    
   -4.546052686833855e-03   -7.304232292802887e-02
    7,5        4,3    
   -1.989863134467772e-01    3.252964408449902e-02
    7,6        4,3    
   -6.850238883125008e-02   -5.941410474896069e-02
    3,1        1,3                           # harmonic with-HN
    1.816156874709665e-01    2.056119204882477e-01
    3,2        1,3    
   -1.546388244151808e-01   -1.877974641787908e-01
    3,3        1,3    
    2.281649114326770e-01   -4.358671522719875e-02
    3,4        1,3    
    4.988212796220717e-02    1.377561704828708e-04
    3,5        1,3    
   -5.983268016470289e-02   -1.203764572699610e-01
    3,6        1,3    
   -1.244203077735262e-02   -1.279052778725299e-01
    3,7        1,3    
    2.965326371768448e-03   -5.297005187282082e-02
    3,8        1,3    
    6.041609439791041e-03    4.734241239931066e-02
    3,9        1,3    
   -1.219231025313153e-01   -1.027084182712456e-01
    3,10       1,3    
    1.268974783012179e-01    1.200109789327153e-01
    3,1        1,14   
    2.851141583012615e-01   -3.275220067582670e-01
    3,2        1,14   
   -2.194229582177407e-01   -2.849610713577055e-01
    3,3        1,14   
   -1.202707632096037e-01    2.289693684282864e-01
    3,4        1,14   
    2.041667028848417e-01   -1.104839047151169e-01
    3,5        1,14   
    7.712870200973297e-02    7.356984872138013e-02
    3,6        1,14   
   -1.300318474041671e-01   -1.593651514700647e-01
    3,7        1,14   
   -8.737241145945064e-02   -1.873731118011246e-01
    3,8        1,14   
   -2.036112527990425e-03   -1.108040072044406e-01
    3,9        1,14   
   -8.803804692897670e-02   -1.267576023874309e-01
    3,10       1,14   
    8.674794375548997e-02   -3.653534223488396e-02
    5,1        2,1    
   -6.760141821245308e-02   -3.905986963886919e-02
    5,1        2,2    
   -1.413747379171406e-01   -2.448747513837292e-02
    8,1        6,1    
   -2.568445579564749e-01    2.562326962993026e-01
    5,1        2,1        1,1               # C2v-planar B2 x A1 <- G8 irred-5 x irred-2 x irred-1
    1.992808916328304e-01   -2.843537116718970e-01
    5,1        2,1        1,2    
   -1.027383481265451e-01    1.625197762854980e-01
    5,1        2,1        1,3    
   -3.245636771503177e-01    1.139913671215017e-01
    5,1        2,1        1,5    
   -4.024820954400369e-01   -1.494927021360950e-03
    5,1        2,1        1,6    
    3.247469746769718e-02   -3.480822514991182e-02
    5,1        2,1        1,7    
   -3.372322865127679e-01    1.441593401060188e-01
    5,1        2,1        1,8    
    1.424717544310116e-01   -8.807465244850757e-02
    5,1        2,1        1,9    
    1.389879406526619e-01    3.881349175281716e-03
    5,1        2,1        1,10   
   -3.510162311952091e-02   -2.788067398988889e-01
    5,1        2,1        1,11   
    1.236806589318975e-01   -5.250174125355564e-02
    5,1        2,1        1,12   
   -6.839624271922129e-03   -2.679116726476839e-02
    5,1        2,1        1,13   
   -3.484845896015784e-03    1.505296134330287e-02
    5,1        2,1        1,14   
   -2.278025496024723e-01    1.604708049809435e-01
    5,1        2,2        1,1    
   -3.250570709207034e-01   -2.793860482679982e-01
    5,1        2,2        1,2    
   -2.067035941181522e-02    3.174518497685545e-01
    5,1        2,2        1,3    
   -9.437297243112815e-02   -8.235584769095451e-02
    5,1        2,2        1,5    
    3.511120207309736e-01    3.052305159286101e-01
    5,1        2,2        1,6    
   -1.027128104462478e-01   -1.544137287460951e-01
    5,1        2,2        1,7    
   -2.312193760725668e-01   -2.926440711887958e-01
    5,1        2,2        1,8    
   -4.404193891870083e-02   -2.218063769381256e-01
    5,1        2,2        1,9    
    1.483026762639250e-01   -6.913695756030672e-02
    5,1        2,2        1,10   
   -6.743318401804489e-02   -2.073369479408676e-01
    5,1        2,2        1,11   
   -2.153704863970177e-02    7.747077935182034e-02
    5,1        2,2        1,12   
    8.989147046957024e-02   -9.228911256372442e-02
    5,1        2,2        1,13   
   -2.722979121519809e-02   -1.496839518598301e-01
    5,1        2,2        1,14   
    2.328076805512347e-01   -6.758773637051400e-02
    5,1        6,1        4,1               # C2v-planar B1 x A2 <- G8 irred-5 x irred-6 x irred-4
    1.658803978044777e-02    1.054150324679569e-01
    5,1        6,1        4,2    
    1.318598338274894e-02   -6.970363658522166e-02
    5,1        6,1        4,3    
    5.920989703880418e-02    7.660331410800848e-02
    8,1        2,1        4,1               # C2v-perpendicular B1 x A2 <- G8 irred-8 x irred-2 x irred-4
   -1.019183673614710e-01    5.511544903543383e-02
    8,1        2,1        4,2    
   -3.202793761134436e-02   -3.700845757276366e-02
    8,1        2,1        4,3    
   -2.106922610542804e-02    2.164175311504437e-01
    8,1        2,2        4,1    
    1.085232788005772e+00   -6.460967075330093e-01
    8,1        2,2        4,2    
    1.883242853335667e-01   -2.129878020066721e+00
    8,1        2,2        4,3    
    1.791110246262726e+00   -6.756265055894939e-01
    8,1        6,1        1,1               # C2v-perpendicular B2 x A1 <- G8 irred-8 x irred-6 x irred-1
    5.234567022066374e-01    3.467275437684832e-01
    8,1        6,1        1,2    
   -7.220182585539832e-02   -1.948895193120430e-01
    8,1        6,1        1,3    
   -3.167064113035342e-01    6.722650546654330e-02
    8,1        6,1        1,5    
    3.438789250141118e-01   -4.096877375248035e-01
    8,1        6,1        1,6    
    4.448317075190668e-01    1.394102113984962e+00
    8,1        6,1        1,7    
    2.901900184251808e-01   -8.791244692790826e-01
    8,1        6,1        1,8    
    2.220675537957066e-02    3.337064540333943e-01
    8,1        6,1        1,9    
   -1.980947636744923e-02   -4.994628961590341e-02
    8,1        6,1        1,10   
    1.276610366338498e-01   -1.326402891353207e-01
    8,1        6,1        1,11   
   -1.129695021509480e-01   -1.062417160698606e-01
    8,1        6,1        1,12   
    5.544430460915414e-04   -1.373667807443744e-01
    8,1        6,1        1,13   
   -1.388354981351019e-02    1.405506506244051e-01
    8,1        6,1        1,14   
   -1.166655258923800e-01    2.450536061612775e-01
    5,1        8,1        7,1               # C2v-planar / C2v-perpendicular A2 x B1 <- G8 irred-5 x irred-8 x irred-7
   -3.911124782416658e-02    1.066026146777561e-01
    5,1        8,1        7,2    
    9.227787678939195e-02   -9.301085833266007e-03
    5,1        8,1        7,3    
    1.714202803142623e-01    2.406032583900198e-02
    5,1        8,1        7,4    
   -1.508701095411408e-01    1.375809775183125e-01
    5,1        8,1        7,5    
    5.127162171056279e-02   -1.199449871941448e-01
    5,1        8,1        7,6    
   -1.719440146873119e-01   -2.805673680127259e-01
    3,13                                     # HN spherical coordinate angles
   -2.044039834107662e-02    1.423658743149381e-01
    3,13       1,4    
    6.124553159720739e-01    8.978747102339646e-02
    3,1        1,4    
    5.295812924297046e-01    2.717632886295723e-01
    3,2        1,4    
   -3.247164895969112e-01   -3.796654695295148e-01
    3,3        1,4    
   -1.516752980217455e+00   -3.296704630291546e-01
    3,4        1,4    
    3.053346674755853e-01   -7.707572468569332e-02
    3,5        1,4    
   -2.360940143521633e-02    1.467751902435960e-01
    3,6        1,4    
    7.255856625808924e-02   -1.435830841114190e-01
    3,7        1,4    
   -1.490460521117843e-01   -2.720419188241478e-01
    3,8        1,4    
   -1.372792799785945e-01    1.444346582462437e-01
    3,9        1,4    
   -1.365157091858520e-01   -1.149500798375256e-02
    3,10       1,4    
    2.553145894833749e-01    8.164927655345403e-02
    5,1        2,1        1,4    
   -6.369847790559874e-02   -4.330457151773516e-02
    5,1        2,2        1,4    
   -2.261215675635607e-01   -7.934204489646984e-02
    7,7        4,1               # C2v-planar B1 x A2 <- G8 irred-5 x irred-6 x irred-4
    6.838264482440412e-02   -6.846098335703517e-03
    7,7        4,2    
   -6.893901299310926e-02   -5.138960683842724e-02
    7,7        4,3    
   -9.123360436829468e-02   -1.152757818644304e-01
    3,13       1,1               # C2v-perpendicular B2 x A1 <- G8 irred-8 x irred-6 x irred-1
    9.061122159734897e-01    1.330273354813329e-01
    3,13       1,2    
   -1.297557347676342e-01   -1.870028538456947e-01
    3,13       1,3    
   -3.013770175157700e-01   -3.545123533619649e-01
    3,13       1,5    
   -3.822496726968976e-02   -5.696183238613763e-01
    3,13       1,6    
    5.355138307541827e-01    1.184002475266510e+00
    3,13       1,7    
    5.575945836724973e-01   -5.208629839584283e-01
    3,13       1,8    
    1.150493917409868e-01    1.165906444561553e-01
    3,13       1,9    
    1.313369790671625e-01   -1.010311272886026e-01
    3,13       1,10   
   -2.913245202602672e-01   -2.051974834377795e-01
    3,13       1,11   
   -2.849688697921703e-01    1.267122638465212e-01
    3,13       1,12   
   -1.788627377041594e-01   -2.226359848376663e-01
    3,13       1,13   
   -1.884337910290001e-03   -8.633592034631349e-02
    1,22       3,1               # 1st-scaling bias replacing an irred-1 HN coord
    4.949338881950895e-01   -9.636460900442327e-02
    1,22       3,2    
   -7.813969048155266e-01    4.912035398035004e-02
    1,22       3,3    
   -1.049797872984295e-01   -5.819363046735774e-02
    1,22       3,4    
    7.854341107182930e-02    6.851319201162136e-02
    1,22       3,5    
    3.463645722933368e-02    5.611439751370043e-02
    1,22       3,6    
   -1.904702632221789e-01   -1.267305877698899e-02
    1,22       3,7    
    2.906651482228283e-03   -1.870889477752269e-03
    1,22       3,8    
    7.426068848652799e-02    1.002413668230210e-01
    1,22       3,9    
   -9.853094830092186e-02   -3.740218496751414e-02
    1,22       3,10   
   -1.381996373831703e-01   -5.905707426984905e-02
    1,22       3,13   
   -2.388351943735245e-01    7.928472598853950e-03
    1,22       5,1        2,1    
   -2.849426801732435e-02    1.127278120679809e-02
    1,22       5,1        2,2    
   -1.277962767511495e-01   -5.086132254304003e-02
    2,6        5,1               # 1st-scaling bias replacing an irred-2 HN coord
    8.691713307249951e-01   -7.578103048206247e-01
    2,6        5,1        1,1    
   -8.805245342255258e-01   -6.164591533774550e-02
    2,6        5,1        1,2    
    4.074364761681028e-02   -5.453553355577708e-01
    2,6        5,1        1,3    
    1.290169757526423e+00   -7.386127935061151e-01
    2,6        5,1        1,4    
    2.327230937230436e-01   -2.876248189424643e-01
    2,6        5,1        1,5    
   -4.744602544914894e-01    5.975941841802894e-01
    2,6        5,1        1,6    
    1.209412250920151e-01   -4.757033915985588e-01
    2,6        5,1        1,7    
    1.041894520170257e+00   -6.673423898117757e-01
    2,6        5,1        1,8    
    1.185517031155017e-01   -6.308858270154118e-02
    2,6        5,1        1,9    
   -2.139826648677850e-01   -3.432695111434496e-01
    2,6        5,1        1,10   
   -4.817712571412793e-02    3.289336174281722e-01
    2,6        5,1        1,11   
   -4.807984751949517e-01    8.499119673428383e-02
    2,6        5,1        1,12   
    1.622423195654407e-01   -3.203252923623724e-01
    2,6        5,1        1,13   
    1.019208558415733e-01   -2.023601294407823e-01
    2,6        8,1        4,1    
   -7.225500092588392e-01    1.350213663745726e-01
    2,6        8,1        4,2    
    2.204011817718234e-01    1.063270103535763e+00
    2,6        8,1        4,3    
    3.156824832138697e-01   -6.095183333872256e-02
    1,23       3,1               # 1st-scaling redundancy bias replacing an irred-1 HN coord
    4.107101946292008e-02   -3.384718405375179e-01
    1,23       3,2    
   -4.265031484367336e-01    4.032872910950046e-02
    1,23       3,3    
    4.947145378900858e-01    3.551120842645815e-01
    1,23       3,4    
    1.171058478735974e-01    2.676546771607707e-01
    1,23       3,5    
   -1.596797454851963e-01   -7.533040725087034e-02
    1,23       3,6    
    1.079030268269234e-01   -6.684179664204987e-02
    1,23       3,7    
    5.236013423333722e-03   -6.351369576223255e-02
    1,23       3,8    
    2.300530286034390e-01   -6.707715520675837e-02
    1,23       3,9    
   -5.668255168701170e-02   -2.334966927970033e-01
    1,23       3,10   
   -6.175318551450242e-02   -1.925219598747293e-01
    1,23       5,1        2,1    
    4.884400183293958e-02   -6.304470499884156e-02
    1,23       5,1        2,2    
    1.322796746444797e-01   -5.604140767394371e-02
    1,23       6,1        8,1    
   -8.306721370120788e-02    3.227870293025943e-01
    3,1        1,18              # 2nd-scaling
    2.215213282623369e-01    4.222718936994972e-01
    3,2        1,18   
   -1.732444537397751e-01    2.919864210316080e-01
    3,3        1,18   
    1.231007823860790e+00   -1.458326731873292e-01
    3,4        1,18   
    1.360047888943360e-01   -1.528383035451470e-01
    3,5        1,18   
   -5.089690823000250e-02   -8.304889519917176e-02
    3,6        1,18   
    2.427699472641903e-02    7.289173164782032e-03
    3,7        1,18   
    8.344692132755327e-02    4.430384896687352e-02
    3,8        1,18   
   -6.852863440848750e-02    3.876680411593503e-02
    3,9        1,18   
   -9.857457233065121e-02   -1.157232500898927e-02
    3,10       1,18   
    2.277416511595532e-02    1.145005086407467e-01
    3,1        1,19   
   -8.786798632480500e-01    7.369274261710846e-01
    3,2        1,19   
   -2.238663159777177e+00   -1.507837109810299e+00
    3,3        1,19   
    6.253127879433273e+00    2.142874832878088e+00
    3,4        1,19   
   -1.175601399854658e+00    3.067623230419119e-02
    3,5        1,19   
   -9.069873844966605e-01    7.957538711916923e-01
    3,6        1,19   
    1.315801639827024e+00   -5.124587087023498e-01
    3,7        1,19   
    4.207813839415448e-02   -2.459886188885942e-01
    3,8        1,19   
   -3.414433830595547e-01    4.370964392925138e-01
    3,9        1,19   
   -5.285516442191730e-01   -6.423393553164037e-01
    3,10       1,19   
    5.732079711638708e-01    5.039041927720055e-02
    5,2        2,3    
   -1.592097983863759e-01    8.704836955477047e-02
    5,2        2,4    
    4.745024509125479e-02   -2.257322634587282e-01
    5,2        2,3        1,1    
    1.533147795863663e-02    9.208140457876882e-02
    5,2        2,3        1,2    
   -2.763613099186941e-01    2.785676417600191e-01
    5,2        2,3        1,18   
   -2.283852095337045e-01   -9.684352049415829e-02
    5,2        2,3        1,5    
   -1.721949022756608e-01    2.622538138022526e-01
    5,2        2,3        1,6    
   -2.240677741812056e-01    4.244099234450862e-01
    5,2        2,3        1,7    
   -3.476554413969402e-01    6.766255743751173e-01
    5,2        2,3        1,8    
   -9.792483717766459e-02    2.575174225778785e-01
    5,2        2,3        1,9    
   -1.353275133970625e-01    3.119975070475438e-01
    5,2        2,3        1,10   
    3.574215341837080e-02    2.512766518236110e-01
    5,2        2,3        1,11   
    1.756006088189953e-01   -3.183739444014549e-01
    5,2        2,3        1,12   
   -1.450812686675289e-01    8.012508917907428e-02
    5,2        2,3        1,13   
    2.612719056462844e-02    1.549686045663566e-01
    5,2        2,3        1,19   
   -5.521089656952026e-01   -2.068006808366869e-02
    5,2        2,4        1,18   
    2.773749064436236e-01   -6.944065899002541e-02
    5,2        2,4        1,19   
    3.816919779579367e+00    3.631472306182036e+00
    7,8        4,1    
    4.006600911917294e-02   -1.166996707795195e-01
    7,8        4,2    
   -2.663609993177846e-02    2.078885974358107e-01
    7,8        4,3    
    4.792580717329757e-02   -1.666893192012363e-01
    8,2        2,3        4,1    
   -1.881854066240216e-01   -1.826064271525212e-01
    8,2        2,3        4,2    
    1.172162928616451e-01    1.723584349045361e-01
    8,2        2,3        4,3    
   -1.367523514783781e-01   -1.702006567246281e-02
    8,2        2,4        4,1    
    7.178415610481496e-01    6.733152135468994e-01
    8,2        2,4        4,2    
   -1.844504868369030e-01    3.297714345381715e-01
    8,2        2,4        4,3    
   -3.493806839305342e-01   -7.760960415573690e-01
    3,14       1,1    
   -9.158144508696959e-01    8.304778332137686e-02
    3,14       1,2    
    1.311986785050633e-01   -3.580879774983030e-01
    3,14       1,18   
    1.401302404758240e-01    2.103696010726032e-01
    3,14       1,5    
    3.589489623389977e-02   -1.506962545321494e-01
    3,14       1,6    
    3.536893707698157e-01    2.669732712050195e-01
    3,14       1,7    
    1.059507413147804e+00    1.683405279478354e-01
    3,14       1,8    
   -3.831245263872454e-02   -8.239439739049924e-02
    3,14       1,9    
    3.905268540643865e-02   -1.754203114012514e-01
    3,14       1,10   
   -1.812829308002678e-01   -3.366248424372094e-01
    3,14       1,11   
    2.871268040836554e-01    4.862216817986004e-01
    3,14       1,12   
    1.888965692186632e-01    1.964557321096766e-01
    3,14       1,13   
   -1.883934482826705e-02   -1.533845974222726e-01
    5,2        8,2        7,1    
    3.300923293124708e-01    1.798910311430139e-01
    5,2        8,2        7,2    
    8.033882910818038e-03   -3.901017245371899e-03
    5,2        8,2        7,3    
   -5.304903651991951e-02    1.128044734195949e-01
    5,2        8,2        7,4    
   -2.327565194541958e-02   -3.854284078518687e-01
    5,2        8,2        7,5    
    2.468280592021407e-01    2.853308056706806e-01
    5,2        8,2        7,6    
   -7.207309736217827e-01   -4.984088225852508e-01
    3,14   
    1.629693220464773e-02    3.138368997837469e-02
    3,14       1,19   
   -4.385368014616162e-01   -2.006074233407655e-01
    1,24       3,1    
    1.309943326355878e-01    2.715493832951489e-01
    1,24       3,2    
   -1.898189855425856e-01   -1.904882165420712e-01
    1,24       3,3    
    1.401036617481761e+00    5.323427418316229e-01
    1,24       3,4    
   -1.381498573478111e-01    1.064800018551001e-01
    1,24       3,5    
   -1.778278345564226e-01    9.678037582368386e-02
    1,24       3,6    
    7.563152284847736e-02    1.970633624771077e-01
    1,24       3,7    
    1.565112411816310e-02   -5.148059043344157e-02
    1,24       3,8    
   -1.168667334194865e-01    1.241031659591894e-01
    1,24       3,9    
   -4.112828983558185e-02   -1.538704080315556e-01
    1,24       3,10   
   -9.640080239860721e-02    1.289163324613856e-01
    1,24       3,14   
   -2.917699522965702e-01   -2.440708988574496e-01
    1,24       5,2        2,3    
   -6.052195679935204e-02    7.378091488207111e-02
    1,24       5,2        2,4    
    1.449320841306878e-01    3.067687935666564e-02
    2,7        5,2    
    7.168572702954032e-01   -1.658576315326762e-02
    2,7        5,2        1,1    
    4.079180223474230e-01   -6.315284309589259e-02
    2,7        5,2        1,2    
    6.810653573666275e-02    4.756927584559610e-01
    2,7        5,2        1,18   
    1.568577188886293e-02    1.336267432533658e-01
    2,7        5,2        1,19   
    1.915428632247341e+00    2.251415231314812e+00
    2,7        5,2        1,5    
   -7.154345534302760e-01   -2.323547419535258e-01
    2,7        5,2        1,6    
   -7.939147465405402e-02    1.209477810199704e+00
    2,7        5,2        1,7    
   -5.301034257073258e-01   -1.379975193047839e-01
    2,7        5,2        1,8    
    1.766373030403227e-01   -5.159256633194580e-01
    2,7        5,2        1,9    
   -1.499349256778894e-01   -1.354541763128865e-01
    2,7        5,2        1,10   
   -2.824381921872717e-01   -4.762816184828695e-01
    2,7        5,2        1,11   
   -5.474826558221972e-01   -5.410696046831145e-01
    2,7        5,2        1,12   
   -1.734153248567273e-01   -3.077179379854004e-01
    2,7        5,2        1,13   
    6.040177190257031e-02   -3.535186423954534e-01
    2,7        8,2        4,1    
   -2.560785340844099e-01    1.679690026637542e-01
    2,7        8,2        4,2    
   -1.571409309054541e-01   -4.248798110708926e-02
    2,7        8,2        4,3    
    7.494497518342359e-04   -2.286306782704918e-01
