    1,21                                    # 4th-order Morse
   -7.787000682968988e-01    1.432347976045767e-01    2.628777317981692e-01   -1.607688515627746e-01   -2.028795921702274e-01
    1,21       1,21
   -5.663529265875569e-02    7.997842903356594e-03   -2.896522688372760e-02   -1.657102633857105e-02   -1.795001280762217e-02
    2,5        2,5
    9.293242174637172e-02    1.643737006912781e-01    1.885801552656930e-02   -3.892066832167813e-01   -7.153891345276074e-02
    1,21       1,21       1,21
    6.339695903865744e-03    2.946834560940948e-03   -1.270899603130591e-02    8.460300122077633e-04   -6.263347118487247e-03
    2,5        2,5        1,21
   -2.708683100931683e-01    8.434430115944722e-02   -2.562626905541955e-02   -1.725356222345401e-01   -6.806623685544320e-02
    1,21       1,21       1,21       1,21
    4.913691395448620e-03   -4.845899605838748e-04   -8.449234866741139e-03   -2.419118816868597e-03   -2.249341402147346e-03
    2,5        2,5        1,21       1,21
   -1.262289914033971e-01    3.441573199157009e-02   -6.792003206668169e-02   -7.297679692255840e-02    3.290866959360983e-02
    2,5        2,5        2,5        2,5
    8.054846591119421e-01    5.324909197968500e-01    9.620133155434418e-02   -1.208654847819465e-01   -8.273472025759507e-01
    1,1                                     # harmonic no-HN
    2.551301103187297e-01   -7.352928469735951e-01   -1.707552250250284e-01   -2.701468601689279e-01    3.828372490840420e-01
    1,2    
   -1.326467453142263e-01    6.866844086621077e-02    7.781137423282615e-02   -1.320017664209806e-01    3.145661847012232e-02
    1,5    
    4.246616693698564e-01    2.138606248395613e-01    4.666786170837068e-01    1.219199944778526e-01    8.260144461110589e-01
    1,6    
   -1.807127489737561e+00    1.147001018227062e-01   -1.097526709147304e+00   -5.383938498179085e-01   -1.913139486979496e+00
    1,7    
    3.975396804635042e-01    2.147128699203985e-01    6.577700943924020e-01    3.718899190362019e-01    2.716720067181300e-01
    1,8    
   -3.265958966183005e-01   -8.003779384205159e-02    1.920245737423072e-01   -5.696071544057841e-02   -8.989427518546268e-02
    1,9    
   -2.401766582946680e-01    2.664867407120159e-02   -3.356946128859482e-02   -1.413334026415712e-02   -7.881607234281850e-02
    1,10   
   -1.578695007725335e-01    2.341821318095899e-03    2.670757358999953e-01    3.557606715547822e-01   -1.583484776176870e-01
    1,11   
   -5.170724968430001e-03   -7.321193963809118e-02   -1.717402121104676e-02    1.499419474098699e-01    2.943853680475259e-02
    1,12   
   -2.521666015626200e-01   -3.741672608385908e-02    1.171293733067165e-01    8.520166997110137e-02    7.887307588869011e-02
    1,13   
    2.383725485286352e-01    2.379544648694159e-02   -2.541085733032916e-01    9.820651289879000e-02    3.686815316598976e-02
    1,1        1,1    
   -6.330492901927970e+00   -1.340439907319516e+00   -5.656771845994010e-01   -5.951271922855331e+00   -5.237365117147736e+00
    1,2        1,1    
   -7.177486204610619e-01    1.505128418459265e+00    2.540701308074753e+00    2.218274975403400e+00   -1.450016083009845e+00
    1,5        1,1    
   -2.166420345071141e+00    1.075084404293594e+00    1.089608622394689e+00    1.555864516521323e+00   -4.385999728624972e+00
    1,6        1,1    
    6.406765110343055e+00    1.525508069890713e+00   -6.041225838984157e+00    4.866710099991029e+00   -2.138416681336807e+00
    1,7        1,1    
    8.110215672374158e+00   -4.472067720557429e-01   -1.292424702302676e+00    5.688656394585387e+00    2.884032814569642e+00
    1,8        1,1    
   -8.956976037607152e-01    2.625157937501934e-01   -4.448800168058072e-01    5.233439379775007e-01   -3.507462808169367e-01
    1,9        1,1    
   -1.301497114377484e-01   -6.204253134894870e-01    3.793462322794280e-01    5.215494726307979e-01   -1.167348835242125e-01
    1,10       1,1    
    9.052878117396923e-01   -9.270681415324598e-01   -2.330694375063970e-01    7.504958639989150e-01   -2.294926837562875e+00
    1,11       1,1    
   -1.164136413208876e+00   -2.258616972462205e+00    1.039120016782479e+00   -7.073400040647557e-01   -7.023606333967009e-01
    1,12       1,1    
   -4.298915075067243e-01    2.650960241750016e-01   -1.805587603665641e-01    7.028143705592360e-02   -4.726480764273285e-01
    1,13       1,1    
    4.419703666201052e-01   -3.952364919345928e-02    2.204483942140870e-01   -4.158580547361427e-02    2.248333172859428e-01
    1,2        1,2    
   -3.906712920373889e+00   -8.542267103887657e+00    3.612551283487461e+00   -9.240315918716107e-01   -3.629777230317051e+00
    1,5        1,2    
    4.641195603981851e+00    3.626964888821315e+00    1.004074117090448e+00   -7.467201352856400e+00    3.221579095699446e+00
    1,6        1,2    
    4.771287715923051e-01    5.178606466353838e-01    1.811999686313229e+00    2.203379834481053e+00   -6.569944083328068e-01
    1,7        1,2    
   -2.480753279148477e-01   -5.932492412940349e-01    1.368358353549054e-01   -1.303131716210923e-01   -6.935760902250365e-01
    1,8        1,2    
    1.236763150910154e-01   -5.062629710369323e-01    1.903750540635759e-01   -2.405219086760190e-01    2.001945110531945e-01
    1,9        1,2    
   -5.686297853875601e-01    2.811011696545266e-02    2.071910833294101e-01    5.185018644505031e-01   -5.443283766995067e-01
    1,10       1,2    
    3.119410906318066e+00    3.799374758223015e+00   -9.404407894441842e+00    2.294913407069310e+00   -9.403685847321166e+00
    1,11       1,2    
    3.854186082233277e+00   -2.721862091426388e+00    3.244956680886406e+00    1.068562145937949e+01   -6.339517973926489e+00
    1,12       1,2    
   -1.105331886239712e-01   -1.915117845542607e-02    7.011103291655682e-02   -1.001527908867439e-01   -7.396396496702791e-02
    1,13       1,2    
    1.519707343957295e-01    2.607452158890520e-03   -4.564365851493279e-02    1.072428008670090e-01    1.864749255460450e-01
    1,5        1,5    
    8.310962537923860e+00   -2.171660376087050e-01    2.728947272504601e+00   -3.073741524531738e+00    6.779071053125985e+00
    1,6        1,5    
   -5.112628060609309e+00   -1.797282728782043e+00   -9.194939954751458e+00    1.519324601588317e+00   -4.683386443127681e+00
    1,7        1,5    
    5.242552035132954e+00   -3.238041340999613e+00    8.177609179031968e+00    6.410468046554323e-02    9.090406900030603e+00
    1,8        1,5    
   -2.094240143192973e+00   -1.690996724295952e-01   -5.633528953015118e-01    1.012337010718647e-01   -2.649486438898492e-01
    1,9        1,5    
   -1.219444049916492e+00    2.926451075716048e-01    1.334363085259133e-01    6.755284520670837e-02   -4.350727262740802e-01
    1,10       1,5    
    4.106579258307304e+00   -6.540044395098954e-01    8.691287490451943e+00    5.060283011750100e-01    7.549361967955048e+00
    1,11       1,5    
    1.685466636407876e+00    2.277539244295812e-01    5.880460877768171e+00    3.225653719873700e+00    3.610519102693339e+00
    1,12       1,5    
   -1.238184975760888e-01   -1.378209568371953e-01    9.138248024764668e-01   -3.483981248096275e-01    2.169038761768708e-01
    1,13       1,5    
    2.592198858961438e-01    7.100526029124835e-02   -5.977904446692569e-01   -1.547658773011714e-01    2.465438177384147e-01
    1,6        1,6    
    1.760141382367050e+00   -1.700528123309347e-01   -2.789852883780225e+00   -1.018682547462485e+01    4.793955478160412e-01
    1,7        1,6    
   -3.889044698350653e+00   -2.330021380816332e-01   -8.369331746785928e+00   -7.853066930548481e+00    1.503169773354158e+00
    1,8        1,6    
    1.287561736023079e+00   -4.160568071904490e-01   -1.651781964511023e+00   -3.276357555609191e-01    8.937451938822741e-01
    1,9        1,6    
   -7.384876772919921e-01    4.020731586554562e-01    5.476887230625119e-01    1.866535123079861e-01   -9.067721163990594e-01
    1,10       1,6    
    3.337119531322742e+00    1.355324071033335e+00    2.432810897075840e+00    4.203111272324877e+00   -8.322203489137573e-01
    1,11       1,6    
    3.154491525369984e+00    2.258452580967313e+00   -2.639061554659343e+00    2.472883945625060e+00   -5.906767384876183e-01
    1,12       1,6    
    5.707977313187443e-01   -2.301861511467972e-01    4.062070115893573e-02    5.577543036432944e-02    1.062255632015621e+00
    1,13       1,6    
   -1.411077257052946e+00    4.214070871036671e-01   -3.773140974345734e-01   -2.540607176775874e-01   -2.577413850570336e-01
    1,7        1,7    
   -5.830530225826264e+00    4.484462468810223e+00    8.093160045966370e+00   -1.024168403565849e+00   -5.256829267475010e+00
    1,8        1,7    
    1.546314016539628e+00    1.037912679497779e-01   -2.259321916951009e-01   -3.141585756469179e-01    8.670906085227342e-01
    1,9        1,7    
    1.688822483700845e+00    9.969615700637070e-02   -9.037554462886436e-01    6.453101557776116e-01    6.098166802254869e-01
    1,10       1,7    
   -6.233052196708332e-01    2.421122734940301e+00    3.607224233251986e+00    2.398755232123102e+00    3.387574169106275e+00
    1,11       1,7    
   -3.470974257961150e+00   -2.195388033171513e-01    3.621691515621555e+00   -1.268329295517146e+00    1.251466076425375e+00
    1,12       1,7    
    1.788232443399031e-01    1.910491705295960e-01   -2.238573006711853e-02    5.091372334671092e-02    2.575896940640280e-01
    1,13       1,7    
   -8.118968867358392e-01   -5.055819366316263e-01   -2.048097367102680e+00    2.523431076850091e-01    8.295103761369242e-01
    1,8        1,8    
   -3.045644147149227e-01    2.471929965791660e-01    6.059560516918058e-02   -7.035097313194410e-03    1.519718081028839e-01
    1,9        1,8    
    2.524276307132640e-01   -2.449889212208169e-01    1.320883275838687e-01    3.171650651324188e-01    1.982904775675135e-02
    1,10       1,8    
   -7.172559025967803e-01   -2.626022806748154e-01    5.756774243469965e-01    1.499294977107036e-01    3.749305882060316e-01
    1,11       1,8    
   -4.343675086615635e-01   -1.437328719806441e-01    4.450561348787389e-01   -1.075835550431195e-01   -4.571370857058958e-01
    1,12       1,8    
    1.176383392315167e-03   -8.244418387656476e-02   -4.503869266961001e-01    8.050331655598475e-02    1.032522724708455e-01
    1,13       1,8    
   -3.079719118796073e-01    1.422191690664265e-01   -1.280159154291714e-01    7.559769396761264e-02    8.871294655726808e-03
    1,9        1,9    
    9.809789868568440e-02    8.756594517969740e-02    6.136789811158332e-01   -1.831452677908931e-01    1.042263927754629e-02
    1,10       1,9    
    4.798176765353023e-01    2.752864861242404e-01   -9.104354697936988e-02   -4.196141943229049e-01    4.374417835829291e-01
    1,11       1,9    
   -6.342489624305196e-01    2.428473958555142e-02   -5.593364142287597e-03   -2.119497311631856e-01    6.544704922595347e-02
    1,12       1,9    
    1.427081500528075e-02   -3.089355603633778e-01    3.286168469508594e-01   -1.829315904526692e-03    4.033177062368170e-01
    1,13       1,9    
    3.520254253646837e-01   -7.729044632996999e-02    1.359452022665684e-01   -1.171468970551406e-02   -2.640022044761136e-02
    1,10       1,10   
    1.569643556496584e+00   -5.352303871267229e+00    4.738825406543343e+00   -4.688410586300678e+00   -4.226177373866547e+00
    1,11       1,10   
    7.677654311690374e+00    2.852922834498097e+00    8.551541038586080e+00    1.997163475016150e+01   -4.088547346351191e+00
    1,12       1,10   
    4.147786144154487e-01   -2.286806557788530e-01   -2.906781577205549e-01   -9.425110864779615e-02    1.782035462914834e-01
    1,13       1,10   
    1.539526190672892e-01   -8.290076905659204e-02    9.014319964556496e-02    2.823600249918380e-02    9.882563910157922e-02
    1,11       1,11   
    9.877084620023023e+00    5.662514887339679e+00   -1.205284076684160e+00    1.335189328685725e+00    6.147742990580753e+00
    1,12       1,11   
   -8.624069698507994e-02   -1.722659933564119e-01    1.138443669014666e-02    3.701780378504277e-02   -1.522390446302283e-01
    1,13       1,11   
   -3.243015137144797e-01   -1.826628986603976e-01   -2.747760117780542e-01   -1.337545772406157e-01   -5.826912181015774e-02
    1,12       1,12   
   -3.406994782290054e-05    1.323760016967459e-01    7.746233224837490e-02   -7.689260867815259e-02    9.197311308095305e-02
    1,13       1,12   
    9.560037621594021e-02   -6.610504186996836e-02    7.221431498993719e-02    2.789829279269087e-02    1.220761193876292e-01
    1,13       1,13   
   -5.058353362198913e-02   -2.454827638470767e-01   -9.023249545592034e-02    8.098432949365655e-02   -2.723872124656882e-01
    3,1        3,1    
    6.021342178038351e+00   -3.325772546282776e+00   -8.477406698156589e+00   -5.924607373692415e+00   -6.218786760301269e+00
    3,2        3,1    
    1.518735148644140e+01    7.561722829443543e+00    2.774367619790971e+01   -2.569498907398534e+01    2.885299274568672e+01
    3,3        3,1    
   -1.853976225401303e+01   -4.393766339901611e+01   -7.582284034814866e+01    4.158452583712054e+01   -4.493995174106271e+01
    3,4        3,1    
    6.013063565821143e-01   -3.067146400720817e-01   -6.122959062618705e-01   -2.409206459716756e-01    3.982851772516917e-01
    3,5        3,1    
   -7.950010722488332e+00   -1.322361212862272e+01   -7.295298071400706e+00    1.702378294523474e+00   -4.370212631429180e+00
    3,6        3,1    
   -2.883107593079385e+00    9.270435794759250e+00   -4.372510768344777e+00    1.634673780150236e+01   -1.195362490566476e+00
    3,7        3,1    
   -8.998527814472495e-01    3.208370900219279e-01    1.312905582574627e+00   -1.277092220862648e-01   -8.503759831209742e-01
    3,8        3,1    
   -1.074007973443113e+00    1.774134037734983e-01    1.074555895129237e+00   -2.688433451361057e-01   -5.162040550847978e-01
    3,9        3,1    
    5.993440082713657e-02    1.478247028308502e-01   -2.625048297959203e-01   -1.270740061846511e-01   -3.347369246631723e-02
    3,10       3,1    
   -7.160027369159785e+00   -1.222466316381227e+00    2.457388777526350e+00    4.124851480601059e+00    6.863527029889191e+00
    3,2        3,2    
   -5.846851234539092e+00   -7.473582818891818e+00    1.511529725341017e+01   -3.729374648076605e-01   -4.341175345105847e+00
    3,3        3,2    
    5.479264517905130e+00   -1.056419899447570e+01   -2.812691488462488e+01   -1.472467940723672e+01   -2.736575426983383e+01
    3,4        3,2    
   -5.740022679336866e-01    2.883522057988956e-01    2.345451920749548e-01   -1.709651253355374e-01   -2.584493036448128e-01
    3,5        3,2    
   -7.279500279261787e+00   -1.492889204661803e+01   -7.559910819967690e+00    2.279646259418209e+01   -1.221012104579885e+01
    3,6        3,2    
    5.063824570304100e+00    6.444565981346757e+00    3.192490919977984e+00   -1.275570150890785e+01    4.036195024721842e+00
    3,7        3,2    
    2.328397257320745e-02   -9.942717032525618e-02    5.668506838883384e-02    1.487531744495036e-01   -6.465091403262684e-02
    3,8        3,2    
    8.433099975831858e-01   -4.202317405064290e-01   -1.145175693102805e+00    2.344300233683863e-02    5.481246701103604e-01
    3,9        3,2    
   -5.479555821913809e-01    1.344699669129264e-01    1.009464764799888e+00   -8.762828852707079e-02   -9.542515165312415e-01
    3,10       3,2    
    6.223478375849692e+00    1.494826536000817e+00    3.270346535816226e+00   -1.740176051777780e+00   -1.695311099583609e+00
    3,3        3,3    
    3.243378136851410e+00   -1.326176959306844e+00    8.251653160642496e+00   -1.074838492217050e+01    4.221866600668566e+01
    3,4        3,3    
   -7.709280993026689e-01    1.501140503056614e-01    4.796547828173617e-01   -1.157247460422972e-01   -5.676190957585386e-01
    3,5        3,3    
    2.833396221331684e+00   -1.097584034817241e+01    6.720874560832455e+00    3.917981054577467e+00   -6.842122788655502e+00
    3,6        3,3    
   -5.293918237180296e+00    1.270916273153542e+01   -8.823580980372508e+00    1.005984094855277e+01    2.473016566049228e+00
    3,7        3,3    
    1.350868950742156e-02   -1.649091666174581e-01    3.035843922316652e-02    3.377844877515374e-01   -3.753411178920413e-01
    3,8        3,3    
    2.242310168778704e-01    1.546525239499472e-01    5.295106098935819e-02    1.798112893727369e-01    1.006148955883556e-01
    3,9        3,3    
    2.304999927629595e-01   -2.856297717110334e-01   -8.487363493388597e-01    1.162719797932034e-01    6.537962735772322e-01
    3,10       3,3    
    9.117913522746134e+00    3.276967210174037e+00    6.699071640293306e+00   -4.680291627397034e+00   -5.465670679632939e+00
    3,4        3,4    
   -4.986164157686072e-02    6.294651695175667e-02    2.645474351756329e-01    2.492842151446113e-02    1.451196607834586e-01
    3,5        3,4    
   -3.436147946190298e-01   -1.663656700857802e-01    3.845762647484914e-01    9.574471426703092e-02   -3.269626010062103e-01
    3,6        3,4    
    5.900500795245258e-01    3.556024223202543e-02   -2.233329818646194e-01    2.563752501559122e-01    3.939801894082339e-01
    3,7        3,4    
   -1.586693165659063e-02   -5.657369353099377e-02    1.345623509625807e-02   -1.441450780473637e-01   -1.018671709492355e-01
    3,8        3,4    
   -3.783166551448838e-01    1.514882590454701e-01   -6.479312377162452e-02   -1.024683548869289e-01   -1.497976890854454e-01
    3,9        3,4    
   -1.962545832206754e-02    7.065787000270972e-02    1.103588165676734e-01    8.328637462397633e-02   -2.672013718850743e-02
    3,10       3,4    
   -1.490531092200073e-02    1.550598898829549e-01   -1.909296858506430e-01    1.836396301306635e-01   -1.031702166339127e-01
    3,5        3,5    
    3.298856151649089e+00   -1.665629269333101e+00    2.597769047368141e+00   -9.340215127042857e+00    7.654196400801163e+00
    3,6        3,5    
    4.163245670335911e+00    3.199934344112413e+00    6.173820054728172e+00   -6.773928199742939e+00    3.365128487480628e+00
    3,7        3,5    
   -1.794672992709371e-01   -1.094761111793276e-02   -3.309293757766762e-02   -7.497025816856170e-02    4.209383016933893e-02
    3,8        3,5    
    1.969125676619987e-01    3.736221322604605e-02   -1.057615256008352e-01    5.734100226170771e-02   -2.571213303779548e-02
    3,9        3,5    
   -2.408494795318078e-01    2.985352472855845e-02   -6.167421644593452e-02   -3.768521943850978e-02   -9.584980852794101e-02
    3,10       3,5    
    2.728883050683731e-01    3.618415645619348e-01    3.145519692535828e-01    1.667274824570312e+00   -1.501164532938764e-01
    3,6        3,6    
   -4.994613921285310e+00    6.355299523989718e-01   -1.995553099436096e+00    8.583065185059501e+00   -6.554497499171591e+00
    3,7        3,6    
    5.426898510814502e-02    6.840978219018101e-02   -2.821404718776441e-01   -6.346226366207297e-02    3.431982072947676e-01
    3,8        3,6    
    7.302441647181467e-02    6.018529726050567e-02   -5.930706358889972e-02   -1.575197829500506e-01   -1.868768867927182e-01
    3,9        3,6    
    1.491880386300208e-02   -9.713988598571004e-02   -9.527118528277705e-02    1.784032386949638e-01   -8.126838682306746e-04
    3,10       3,6    
    9.851725497945138e-02    3.762016558517012e-01   -2.133732149919267e+00    8.339287606138985e-01   -9.839316647892532e-01
    3,7        3,7    
   -1.354032564717327e-02    2.382243868121515e-01    4.945082822354214e-01    1.924923853013458e-02    4.189269232420045e-01
    3,8        3,7    
    5.551464829686138e-02   -1.176593012939428e-01    1.506696779899674e-01    6.904745697693007e-02   -4.647406810197331e-02
    3,9        3,7    
    1.748031646483542e-02    5.387149666611794e-02   -3.859236262100084e-02   -9.535941047995478e-02    6.658468276037198e-02
    3,10       3,7    
   -4.264336098567870e-02    1.114942960215451e-01    9.589460786708363e-02    7.655304428726900e-02    4.646616055452880e-02
    3,8        3,8    
    3.787362306155466e-02    2.369624238793959e-01    1.173232434407112e-01   -7.891436191564707e-04    1.151719023056636e-01
    3,9        3,8    
    9.054543986260722e-04    2.801530965514164e-02   -1.502887677418089e-01    4.327610842826829e-02   -7.754327532148630e-02
    3,10       3,8    
   -6.792014939282723e-02   -1.565782736368093e-01   -9.080165200614856e-02    7.140905656355269e-02   -6.553494100037201e-02
    3,9        3,9    
   -1.672479552743857e-01   -1.593202973427332e-01    1.443760806363288e-01    9.079055902371429e-02   -2.702042973865397e-01
    3,10       3,9    
    8.800454684234497e-02    1.064554840585252e-01    1.444071511452130e-01   -2.180925595723579e-02   -1.081599903142398e-01
    3,10       3,10   
   -2.013436830317826e+00   -3.304573701186365e-01   -4.112824005205908e+00    2.610818142252057e-01   -3.117162404308122e+00
    4,1        4,1    
   -2.116780800034855e-01    4.792094192570900e-02    1.401904465653988e-01    5.872963219351399e-02   -2.712922016285111e-01
    4,2        4,1    
   -3.150255271492289e-01    7.337760774065410e-02    4.445223706403691e-01   -5.580103811600137e-02   -2.474059003785934e-01
    4,3        4,1    
   -1.138582041921714e-01    1.324066359757348e-01   -6.936826776108823e-02    7.613165439097148e-02   -1.572092579147329e-01
    4,2        4,2    
    9.244557113961668e-02    1.739482022387038e-01   -6.542664921725212e-02   -1.372336545281590e-02    2.226513702417697e-01
    4,3        4,2    
    2.407905772370346e-02    1.019833103509009e-01    1.694517232894397e-01   -7.090185265342590e-03   -6.211834743927642e-02
    4,3        4,3    
   -3.229596380463051e-01   -1.653709997379618e-02    6.363631538078944e-01   -7.987102366406050e-02   -5.972890716827547e-02
    7,1        7,1    
   -1.433590146322226e-01   -1.473750128545747e-02    3.052991159615553e-01   -8.801121580664723e-03    1.274624625052529e-01
    7,2        7,1    
    6.839224611203626e-02   -6.299709983820705e-02   -7.320145096423544e-02    4.084631339468661e-02    3.327316556394924e-02
    7,3        7,1    
   -5.118700154411999e-01    1.878248464102347e-01    4.836703992918829e-01    1.381554302543237e-02   -1.846229389661199e-01
    7,4        7,1    
   -5.324626405849717e-02    1.305570690156522e-01    1.949628949521483e-01    6.173936886967451e-02   -1.015206869723199e-02
    7,5        7,1    
    1.935999949262349e-01   -8.209501762354016e-03   -1.641465100796967e-01    3.624331125180154e-02    9.287738557541604e-02
    7,6        7,1    
    4.223972588561317e-01   -1.366568261507890e-01   -4.877716318996499e-01    7.289087779361789e-02    2.874380625688258e-01
    7,2        7,2    
   -7.306017326228553e-02    2.940095738946341e-02    1.377726943724416e-01   -1.767309960684008e-02   -5.893744702277524e-02
    7,3        7,2    
   -2.981056066253978e-01    1.066002948738383e-01    3.501503196597169e-01    2.350482901800197e-02   -1.482103354460256e-01
    7,4        7,2    
   -1.847041817703702e-01    7.868182330386998e-02    1.904147574052892e-01    3.798300758141313e-02   -1.198048995561149e-01
    7,5        7,2    
   -1.591252634630543e-01    2.389268625280180e-02    2.184116711348839e-01    3.168187439675218e-02   -4.336823553034891e-02
    7,6        7,2    
   -2.414984487310434e-01    1.205697132160876e-01    3.946233210138686e-01   -1.130231077008489e-02   -2.645487169123621e-01
    7,3        7,3    
    1.305438111014096e-01    1.366183593251890e-01    5.844579768216819e-01   -1.531837989648512e-01    9.259591853394504e-01
    7,4        7,3    
    1.506040378433284e-02   -8.922072114803427e-02    6.194846506250964e-02   -1.872662967872593e-02   -5.177425384406478e-02
    7,5        7,3    
   -1.179449493873313e-01    1.690069539973150e-02   -3.607530018310019e-03   -6.087986979010863e-02   -2.138286827707824e-02
    7,6        7,3    
   -1.833300544568315e-02    1.589821452372399e-02    6.128581915351116e-02   -3.702400940205343e-02    3.628630623734438e-02
    7,4        7,4    
    5.156062738137948e-02    1.144297405549930e-01    8.553933545816604e-02    3.169947242229682e-02    2.190586368291767e-01
    7,5        7,4    
   -1.118268745636682e-01    7.879315462360761e-02    1.137556999202567e-01    2.128034762633958e-02   -2.488722258957263e-02
    7,6        7,4    
    5.563540897153940e-02    7.040156753331339e-02    6.313695914465449e-02    1.041786873144196e-02    1.059484098786856e-01
    7,5        7,5    
   -5.510479837436074e-01   -2.171911114707464e-01    3.890556011279713e-01    7.817922961112621e-02   -1.673347149751247e-01
    7,6        7,5    
   -4.941959085970846e-02   -8.181254178068190e-02   -1.572709254056799e-01    1.881864903311745e-02    3.780170195580968e-02
    7,6        7,6    
   -1.839781566738078e-01    7.473286178271160e-02    2.472618665933295e-01   -1.701076480810040e-02   -2.120661129698707e-01
    1,3                                     # harmonic with-HN
    1.659535081168636e-01   -4.340456274705336e-02   -4.500145650065715e-02   -9.580629236423267e-04   -6.106390145767125e-02
    1,14   
    3.877086088739380e-01   -8.853419283199140e-02   -5.521152766505812e-01    5.131066637234907e-01    1.570975673339008e-01
    1,3        1,1    
   -7.416175852189675e-01    1.699810685333426e-01   -2.564678089760578e-01   -1.662891598926497e-01   -4.157097338116426e-02
    1,3        1,2    
   -5.298150073298254e-02   -8.687372566548417e-02    4.586022379453150e-02    1.699260383854641e-01   -6.897143732261346e-02
    1,3        1,3    
   -4.944349081479190e-01    1.279297780920073e-01    1.784789963278731e-01    4.529855632141252e-02   -2.954753235096985e-01
    1,3        1,5    
    4.659560627803738e-01    2.586279551293086e-01    8.806867975625977e-01    4.008155301886781e-01   -2.336500850486386e-01
    1,3        1,6    
   -1.169437901982975e-01   -3.455935607453520e-02   -2.164207824952515e+00   -3.827565768530359e-01   -6.072620098754521e-01
    1,3        1,7    
   -1.473725633222060e-01    2.489558990299069e-01    2.043034358467008e+00    4.243176543843974e-01   -8.145585523123207e-03
    1,3        1,8    
   -5.534570437357547e-02   -5.703283630874965e-02   -7.887076268721821e-02   -1.078895414398151e-01    1.486207961879581e-01
    1,3        1,9    
    8.148630761964604e-02    2.783135108213809e-02   -9.386674536304729e-02   -9.452826382651991e-02   -5.238796254588946e-02
    1,3        1,10   
   -8.626466190516153e-03    3.796167265662063e-02    3.797851950704589e-02    7.750883175697315e-02    9.497389515351773e-02
    1,3        1,11   
   -6.872107976766959e-02   -1.491180498773746e-01    1.381797015427537e-01   -1.000557082849127e-01    2.895799879554801e-02
    1,3        1,12   
    1.135301476276751e-01    3.306187451456996e-03    1.230020237474692e-01    7.682452375203498e-02    4.581699617480808e-02
    1,3        1,13   
    9.527321465031874e-03    9.406579730578919e-02   -9.054409322238795e-02   -9.232299788287947e-02   -2.075039872466992e-01
    1,3        1,14   
   -1.532962004583660e-01   -3.999879383118828e-02   -8.685774070509021e-03   -6.717821306628001e-02   -3.789602886615743e-01
    1,14       1,1    
    4.441583360292792e-02    6.525311836252767e-01    1.574819982117424e+00   -5.814158226081479e-01   -4.669775708135089e-01
    1,14       1,2    
    1.729488492475432e-01   -1.491618623042812e-01    8.368779383539940e-02   -1.511475456124329e-02    2.164855432234336e-01
    1,14       1,5    
    1.828461169276489e+00   -3.268592414638233e-01   -7.284887473039350e-02   -1.358491798562162e-01   -2.591152192165776e-02
    1,14       1,6    
    1.070495161732864e-05   -2.265963741864833e-02   -4.610726129852014e-02    6.310045607591688e-01   -8.637143505075284e-01
    1,14       1,7    
    4.753508626466723e-01   -4.975316059232973e-01   -1.283313424957565e+00    5.468153695161236e-01    7.628935448603669e-01
    1,14       1,8    
    7.507307543532758e-02   -4.610303834198030e-02    1.349726156647508e-01   -5.589362339752355e-02    1.201347286926216e-01
    1,14       1,9    
    2.959627463922410e-01   -1.438930483455252e-01   -5.681554671981245e-02   -9.942548351278763e-02    1.364228494909510e-01
    1,14       1,10   
   -2.021168447268676e-02    4.051733348970685e-02    2.587733558713716e-02    2.175487391396173e-01    8.247220240349876e-02
    1,14       1,11   
   -1.238921357184050e-01   -1.626177801001656e-01    1.082807763496495e-01   -7.062072867829255e-02    1.697981862950317e-01
    1,14       1,12   
    2.900891572588788e-01    2.899685160532719e-02    2.761175334321518e-01   -2.056909082839009e-01   -2.462032488320113e-03
    1,14       1,13   
    5.927099739995407e-02    4.026216134624792e-03    2.226786972821646e-02    1.720120841235341e-01   -2.896326065287779e-01
    1,14       1,14   
   -8.907899964708148e-01    3.489959232179819e-01    2.148080284378389e-01   -2.668343225829139e-01   -1.451294025832012e-01
    2,1        2,1    
    1.491836054020343e-01   -1.918810620598811e-01    1.493421547350362e-01   -5.272895040680463e-02    2.390932802452072e-01
    2,2        2,1    
   -1.679351896955421e-01    1.080011573473142e-01    4.016637502622001e-01    2.353578230074068e-02   -3.227464979178353e-01
    2,2        2,2    
    2.322071428841400e-01    4.039766304651810e-01   -2.251107394570480e-01    1.938455130744112e-01    3.427108866493608e-01
    6,1        6,1    
   -1.321222063014918e-01   -1.161247661268273e-02   -7.529545577333939e-02    8.188763841221443e-02    7.945839953774780e-02
    5,1        2,1        3,1               # C2v-planar B2 x B2 <- G8 irred-5 x irred-2 x irred-3
    1.929234101492743e-01    4.794085420360152e-01    4.373842246513690e-01   -2.743922527666009e-01    3.516212876248082e-01
    5,1        2,1        3,2    
   -4.122165845229470e-01   -1.591378960900386e-01   -7.225832846104388e-02    7.033210800924493e-02    3.788099667475414e-01
    5,1        2,1        3,3    
   -6.746489058230528e-01   -1.167985851719605e-01   -7.064289575910248e-01    1.287744369658355e-01   -1.693476853115021e-01
    5,1        2,1        3,4    
   -1.172135856274866e-01   -9.357884363782265e-02   -8.138899968155969e-02    8.013126388002173e-02    9.401383118765330e-02
    5,1        2,1        3,5    
   -1.394778400240688e-01    9.034315823055168e-02   -6.359270182739866e-02    1.637341468411186e-01    1.302367173329929e-01
    5,1        2,1        3,6    
    1.021854176072896e-01    1.580406949826415e-01   -5.254275241008060e-02    1.705770817900775e-01   -1.945692627433750e-01
    5,1        2,1        3,7    
    6.088633987468501e-02    6.518704386456839e-02    1.288514768950389e-01   -3.489236603294888e-02    4.591373251201831e-02
    5,1        2,1        3,8    
    3.481632450221689e-02    6.688850837598324e-02    6.842616277987819e-02    1.120852805939129e-02    1.789040422857851e-02
    5,1        2,1        3,9    
   -4.112314658906545e-02    4.083174546692452e-02    2.818234660814968e-02   -7.566101840313978e-03    4.451985532419934e-02
    5,1        2,1        3,10   
    2.751000214976220e-01    5.925542007316910e-02    6.766761743460765e-02   -6.383702585638201e-02   -5.222285410591125e-01
    5,1        2,2        3,1    
    2.275884120436195e-01   -9.035968243671874e-02    3.536758897061781e-01    1.322378782529415e-01    3.775929767164047e-02
    5,1        2,2        3,2    
   -5.358507644994750e-02    1.038391984070800e-01    1.148493776456382e-01    2.199073230759746e-01    1.191061433013587e-01
    5,1        2,2        3,3    
    1.353216962000907e-01    2.648944812848318e-01   -3.341133870263462e-01   -2.985065916742546e-02    1.049813477074640e-01
    5,1        2,2        3,4    
   -9.088856044875841e-02   -1.656237078314560e-01   -2.426104792816954e-01    8.521420484489452e-02    3.306074614029734e-02
    5,1        2,2        3,5    
   -4.672766527364316e-02    1.546619097763427e-01    6.242441861246882e-02   -1.510975944604677e-01    2.960396859179661e-01
    5,1        2,2        3,6    
    2.188981574960613e-01   -4.437738244774214e-03   -1.272507258313781e-01   -2.543409248883166e-02   -1.379123667188640e-01
    5,1        2,2        3,7    
    1.774166216275307e-01    1.325829156225329e-01    1.516143143055603e-02   -1.677437717666553e-03   -9.807645279496091e-02
    5,1        2,2        3,8    
    2.515426281786339e-02    2.310124829454671e-02    4.377923071293715e-02    5.109141331650082e-02   -9.849711589460471e-02
    5,1        2,2        3,9    
    2.044235972103343e-01   -5.241353296511075e-02   -4.585210467468687e-02   -1.680280757334640e-02    1.235365835689606e-01
    5,1        2,2        3,10   
   -1.956834402959156e-02    3.634768808671000e-01   -1.204661297268505e-01    1.595386734395638e-01   -3.174240677085930e-01
    5,1        6,1        7,1               # C2v-planar B1 x B1 <- G8 irred-5 x irred-6 x irred-7
    4.790292148133679e-02   -8.734249833779352e-02   -8.691640269918577e-02    7.625044740330932e-02   -5.389691763626695e-02
    5,1        6,1        7,2    
   -2.791206895675310e-02    1.820484924347313e-02    3.397359043905136e-02    1.206089493101268e-02   -1.996714814246846e-02
    5,1        6,1        7,3    
   -1.645916497545961e-02    5.181073368804007e-03    6.316403456665973e-04    3.301093007184946e-02   -3.962910705318091e-02
    5,1        6,1        7,4    
    8.143700117947178e-02    5.632218634802393e-02   -2.374212838888191e-02   -2.831417682754091e-02    1.795765148391281e-02
    5,1        6,1        7,5    
   -1.749699451059560e-02    3.380227609192118e-02    3.436693047340889e-02   -1.774361501321530e-03    2.040411038002912e-02
    5,1        6,1        7,6    
    1.118085240000479e-01    6.349891114797157e-02   -9.987163577029366e-02   -6.290777921269544e-02    1.144610412270534e-01
    8,1        2,1        7,1               # C2v-perpendicular B1 x B1 <- G8 irred-8 x irred-2 x irred-7
    1.991803353723549e-01    1.492252373193387e-02    4.477495441806438e-01    1.697987971005760e-01    1.468557483387477e-01
    8,1        2,1        7,2    
    1.073845310601432e-02    9.104423014197731e-02   -1.344679581247919e-01   -4.277809344539502e-03   -2.856289783826762e-02
    8,1        2,1        7,3    
   -2.184157056450504e-01    4.543895508151825e-02    7.237361514199291e-02    8.592655857025160e-02   -1.312012300435530e-01
    8,1        2,1        7,4    
    1.035981957378075e-01    5.815566484261336e-02   -9.075333344094141e-02   -1.300435128495362e-01    2.004051650001150e-02
    8,1        2,1        7,5    
    2.362623406508068e-01    1.106549539526825e-01    1.387728024055121e-03   -2.026687334171458e-01    2.340762843849607e-01
    8,1        2,1        7,6    
   -7.033810376341368e-01   -1.279199412051041e-01    1.761548587417200e+00    3.044974299736049e-01   -7.762964660673877e-01
    8,1        2,2        7,1    
   -1.228004173113880e+00   -1.485281093805559e+00   -7.005967978197356e+00   -7.774330340732094e-01    8.300832096186346e-01
    8,1        2,2        7,2    
   -1.263572520327074e-01    1.459974743430534e-01    1.925992494509523e+00    1.066306533571711e+00    1.827160927982923e-01
    8,1        2,2        7,3    
   -3.321396578461344e+00   -3.051074404652010e+00    4.669812579974804e+00   -3.609513819476425e-01   -2.837764294453260e+00
    8,1        2,2        7,4    
    1.238993348411913e-01   -3.397056353343981e+00   -5.846507089187868e-01   -1.860125660780406e-02    1.238111979252003e-01
    8,1        2,2        7,5    
    1.103394787327640e+00    3.309387897280415e-01    2.288159108316219e+00   -6.713365674220598e-01    3.060502981679845e+00
    8,1        2,2        7,6    
    3.432522185037906e+00    1.014057352936098e+01   -2.677214309462837e+01   -9.391374301595203e+00   -2.819028455441887e+00
    8,1        6,1        3,1               # C2v-perpendicular B2 x B2 <- G8 irred-8 x irred-6 x irred-3
   -5.209912957458785e-01    8.196724439668962e-02    7.394943086405005e-01    3.020324845516357e-01   -1.848378305824555e-01
    8,1        6,1        3,2    
    2.067970168857071e-02   -1.144312965045466e-01   -3.523147641312773e-01   -2.824469490155779e-01    1.607981056972680e-01
    8,1        6,1        3,3    
    4.942771240826209e-01   -2.186308120525204e-01   -2.531929345628683e-01   -8.199620832956572e-02    3.976416178739013e-01
    8,1        6,1        3,4    
    9.592942454275159e-02   -5.772773127469204e-02   -1.909782493601319e-01   -1.283902772308763e-01   -3.190833334578922e-01
    8,1        6,1        3,5    
   -4.564361245545982e-02   -1.671748407987467e-01    3.986741923990343e-02   -2.497213476189760e-02    6.241490512416470e-02
    8,1        6,1        3,6    
   -2.061873733807483e-01   -1.017583087056533e-01    7.894275089704048e-02    2.313110931785865e-02   -1.371798683683345e-01
    8,1        6,1        3,7    
    1.328738270558082e-02    1.579942230909035e-02    1.430894477595392e-01   -1.081146693100479e-01    1.856399176310619e-02
    8,1        6,1        3,8    
    8.298506755231366e-02    8.294368737982974e-02    1.073672422933199e-01   -8.812795036728406e-02    6.023293576687451e-02
    8,1        6,1        3,9    
   -9.202413437627487e-02   -6.392002358056069e-02    5.826859038542316e-02    9.361665007468506e-02    7.322977482853173e-02
    8,1        6,1        3,10   
   -1.789193932191101e-01   -4.269257965285750e-02   -4.172677533945130e-01   -1.087675811897949e-01   -4.002416679626428e-01
    5,1        8,1        4,1               # C2v-planar / C2v-perpendicular A2 x A2 <- G8 irred-4 x irred-5 x irred-8
    1.230222152710081e-01    4.376810369107199e-02   -1.738422650041395e-01   -1.729374058098614e-01    9.883601724169527e-02
    5,1        8,1        4,2    
    1.504501021777306e-01    3.255137918896049e-02    2.604711649971165e-02   -9.249463664785364e-02   -1.541101040469630e-01
    5,1        8,1        4,3    
   -1.825772838840241e-01    2.904864657540207e-02   -5.657170551276016e-02   -2.247622531618080e-01    2.909389941259369e-02
    1,4                                     # HN spherical coordinate angles
    2.078161904445663e-01    4.392211997792992e-01    1.321100781525904e-01   -8.415296938429611e-01   -1.597606794405960e-01
    1,4        1,4    
    2.506103247134674e-01   -3.156231021541069e-02   -8.000130290011979e-01    1.365990813803408e-02    2.382541937731456e-03
    3,13       3,13   
   -2.040890295325459e-02    2.039656811388156e-01    2.874104368538349e-01   -2.308340071954612e-01   -2.993278120969846e-01
    5,1        5,1    
   -1.992980077605337e-01    8.316210341596801e-02    6.263970626504906e-01   -5.143510458808397e-01   -2.088504538080334e-01
    7,7        7,7    
    1.792062210361249e-01    1.519118338365176e-01    1.511798844062038e-01    7.763686633495168e-02    2.316448097488236e-01
    8,1        8,1    
   -3.939674601082299e-01   -5.050738591174835e-01   -4.987434341097337e-01    2.530700414763598e-01   -1.126132753016838e-01
    1,4        1,1                          # 1st-order terms coupled with NH2 rotation
   -1.604529043391914e+00    6.053025904824630e-01   -5.675839548373010e-01   -9.929269319883158e-01   -1.295023560267120e+00
    1,4        1,2    
   -2.914488352568528e-01   -1.682275794714206e-02   -3.619213163747437e-02    3.427948365033309e-01   -2.407415083418413e-01
    1,4        1,3    
    3.430407799141166e-01    2.314032084626220e-02    7.948477746043470e-02   -2.627812298093316e-01   -1.004121747120541e-01
    1,4        1,5    
    7.604530383050268e-02    3.051198345841240e-01   -6.529615934877657e-01   -2.296174068286516e-02   -4.527048744964422e-01
    1,4        1,6    
    9.026962103427134e-01   -1.951101299128598e-01   -1.343569968880925e+00    1.012031305177185e-01   -9.744515848181357e-01
    1,4        1,7    
   -1.262570565435601e+00   -7.752160866766240e-01   -4.517296007640249e-01    3.923720649110057e-01    1.173750666008051e+00
    1,4        1,8    
    2.607343499450728e-01   -1.129295342743537e-01    1.343696068218114e-01    1.005515188709291e-01   -2.686116609165480e-01
    1,4        1,9    
    3.096881570841315e-02    1.070011703316737e-01    1.869324617713982e-01    1.749795628675732e-02    1.830798875709348e-01
    1,4        1,10   
   -3.315664027589352e-01    4.080486228854256e-02   -8.723377563705013e-02    1.563378149510261e-01    1.045926181055238e-01
    1,4        1,11   
   -9.409589072423405e-02    8.000949305492032e-02   -5.556002123257640e-02    3.131272306812213e-01    2.344888079118428e-01
    1,4        1,12   
   -1.135095914090728e-01    1.258406741047363e-01    2.875235660229490e-01    1.031003620703011e-01   -6.469065408277176e-02
    1,4        1,13   
    2.646036162757364e-01   -7.302373221146695e-02   -6.849108316778807e-01    1.368240330267590e-01   -1.868492445641795e-01
    1,4        1,14   
   -1.066154716730166e-02   -1.494730904157313e-01    4.592877740933501e-01   -4.472807004924801e-01   -9.404221743585537e-01
    3,13       3,1    
   -1.057655900092542e-01   -3.762510633807470e-01   -4.313855291438912e-02    9.001468993754420e-01   -4.533499023000532e-01
    3,13       3,2    
   -1.543304968241020e-01    1.081536674341323e-01    3.624644232513509e-01   -5.748170785933004e-01   -1.058268488062223e-01
    3,13       3,3    
   -2.063243747729192e-01    5.294478392257537e-01    3.142562561314083e-01   -7.465924200911472e-01    4.099719444832305e-01
    3,13       3,4    
    2.920437222155251e-01    1.275019716725298e-01    1.683903868518268e-01   -1.092956087659592e-01   -6.489664838312678e-02
    3,13       3,5    
    6.475412327007626e-02    1.621188251133908e-01    1.383476538547557e-01   -9.230807541754638e-02    2.696090398467445e-02
    3,13       3,6    
   -1.236328866458858e-01   -8.623122421568571e-02   -8.838953791329525e-02    2.052306642593476e-01    3.384598413681562e-01
    3,13       3,7    
   -1.634388393535764e-01   -1.088852598862631e-01   -1.833581072576687e-02    2.111291107701587e-01    1.950485412693110e-02
    3,13       3,8    
   -5.676690266856528e-02   -7.204342796436471e-03   -4.452398858392474e-02    2.169036671495604e-01   -5.811599335206352e-02
    3,13       3,9    
   -2.094348530846648e-01   -1.945240118078562e-01    2.159271881735547e-01    5.129050744307889e-02    1.877477554669160e-01
    3,13       3,10   
   -1.012169730047009e-02    9.087010352882154e-02   -4.887749151554373e-01   -4.189521849571411e-01   -1.675427156228809e-01
    7,7        7,1    
    1.379560582769590e-01   -7.386806238009663e-03   -6.557374354425591e-02   -1.005809143038747e-01    6.764787208795728e-02
    7,7        7,2    
   -4.826029439690612e-02   -2.243598165821438e-02    6.080561444369805e-04    5.732345474387451e-02   -7.000783004968482e-02
    7,7        7,3    
   -4.852019833214787e-02    7.668531959351060e-02   -7.589391851399650e-03    7.676428326703340e-02   -8.331161854738224e-02
    7,7        7,4    
    2.276316981320197e-02   -5.677768797142320e-02   -5.102835254237214e-02   -6.825282936869290e-02    2.914110782377539e-02
    7,7        7,5    
   -6.469227055607663e-02   -6.000520185243360e-02   -2.815508047966146e-02   -2.082134976406363e-02    2.162479060399772e-03
    7,7        7,6    
    1.804714498279087e-01    3.464872547352178e-02    1.604665776908063e-01    1.188628303006279e-01   -9.838145128007571e-02
    1,22                                    # 1st-scaling bias
    4.857178469279396e-01   -7.533379646927097e-01    1.554153695711449e-01    9.541565948112299e-01    6.159448984024197e-01
    1,22       1,22   
   -2.143624186296665e-02   -1.344271322077851e-01   -1.436217066612300e-01    2.671768814095978e-01    4.038246640901159e-02
    2,6        2,6    
    1.288118439648736e+00    2.077110911664669e-01   -1.104809606020866e+00    1.425598951237208e+00    4.157334489361614e-01
    1,22       1,22       1,22   
    8.343249921359462e-02   -1.752615935758972e-02   -1.883268328832665e-01    1.260003551667203e-01    3.986570150786389e-02
    2,6        2,6        1,22   
    1.493374232995169e+00   -1.445922920270275e+00   -3.269317182146661e-02    1.732549762248751e+00    1.397921605345603e+00
    1,22       1,22       1,22       1,22   
    7.920588059748632e-02   -3.133376255823172e-02   -9.804355635202031e-02    8.685206430700849e-02    2.936739396686248e-02
    2,6        2,6        1,22       1,22   
    2.014923364272581e+00   -1.960260507016897e+00   -1.106036024730436e+00    1.775556196812584e+00    2.380517969968128e+00
    2,6        2,6        2,6        2,6    
   -2.463337683782653e+00    3.303849908715492e+00   -1.077440058141104e+00    2.941776231218449e+00   -3.716863127798196e+00
    1,22       1,1                          # 1st-scaling bias replacing an irred-1 HN coord
    3.279077323419742e-01   -4.845458336569424e-01    1.865761454329842e-02   -3.276130204362236e-02   -2.665687897292460e-01
    1,22       1,2    
    5.936974810541464e-02    9.512019208891956e-02    2.155950711188101e-01   -6.300796035808835e-03    1.239157198840788e-01
    1,22       1,3    
    4.304436679246389e-02    3.660368824142479e-02   -1.681645453701373e-02    7.907436712339683e-02   -6.444101865283556e-03
    1,22       1,4    
    6.737551015892115e-02    1.895103256611647e-01    1.502801727680001e-01   -6.119384884342625e-01   -1.260679856657513e-01
    1,22       1,5    
   -2.609482138385755e-01   -1.132915958662134e-01    2.313951367267331e-01    3.375201975750197e-02    3.544006231651608e-01
    1,22       1,6    
   -5.811211713323546e-01   -3.351452653235652e-02   -1.201222257540853e-01   -3.536451606577499e-01   -7.620126914385663e-01
    1,22       1,7    
    2.036556591944094e-01    1.759177704767015e-01    9.844189347599361e-02    3.911455677426202e-01    3.054795851402815e-01
    1,22       1,8    
   -2.234409026653665e-01    8.800415445154345e-03    2.261675619181225e-01   -6.538160737881687e-03    2.672369552179693e-03
    1,22       1,9    
   -1.564352588362136e-01   -9.818658836524091e-02   -6.669422235061390e-03   -8.348244536111424e-03    2.212860723738047e-02
    1,22       1,10   
   -1.039091672583560e-01   -1.343246676122657e-01   -6.441269666288019e-02    1.042844085158750e-01    1.191291753075343e-01
    1,22       1,11   
   -1.223754871309091e-01   -6.999579772870800e-02    8.625791547193855e-02   -1.227107370197214e-02   -6.327062354269704e-02
    1,22       1,12   
   -2.794852100936700e-02    4.362389024653322e-02    5.880635154029767e-02   -5.737149549844187e-02    8.416507894333032e-02
    1,22       1,13   
    1.408180214561002e-01   -3.748979364988025e-02   -6.961599739998781e-02   -6.206888645255316e-02   -3.043937295889422e-02
    1,22       1,4        1,1    
   -1.478346012343514e+00    8.220096105427052e-01   -2.659408766777438e-01   -7.853814000235215e-01   -1.118564428685728e+00
    1,22       1,4        1,2    
   -9.152205443058081e-02   -4.406725275615316e-02    4.373707512357479e-02    2.110986163764294e-01   -4.899406542154911e-02
    1,22       1,4        1,3    
   -8.510998399865999e-02    5.559999693718931e-02    3.004757301390066e-01   -6.923843241147820e-04   -1.356506668622462e-01
    1,22       1,4        1,4    
    1.485917158921524e-01   -9.484277672369268e-02   -4.119279415111008e-01   -7.138692000475330e-02    6.529563067429181e-02
    1,22       1,4        1,5    
   -8.091084885206203e-02    4.696692896606909e-01   -5.145615127221320e-01    2.803887703690691e-01   -5.377020223365863e-01
    1,22       1,4        1,6    
    1.175986055932425e+00   -2.280526204014022e-01   -5.956078842125245e-01   -3.726877453526675e-01   -4.273960092344241e-01
    1,22       1,4        1,7    
   -7.159849654176724e-01   -5.027731579219812e-01   -1.838804659497491e-01    3.469078476983693e-01    5.784308601330841e-01
    1,22       1,4        1,8    
    1.626391440554941e-01   -2.270867828017644e-01    1.154212100133273e-01    1.916932890292453e-01   -8.437820767048280e-02
    1,22       1,4        1,9    
   -1.847683634173230e-01    7.538203619703568e-02    1.195465329486888e-01   -7.007129775632621e-02    1.033164313906705e-01
    1,22       1,4        1,10   
   -9.191434753272129e-02   -7.627250463303990e-02    2.151646313102607e-03    7.523124764030159e-02    8.928758019886107e-02
    1,22       1,4        1,11   
   -9.045569858446954e-02    1.129936576947998e-01   -7.606609179653381e-02    1.350223954204598e-02   -4.912676890774059e-02
    1,22       1,4        1,12   
    9.383701141083875e-02    8.021497944505064e-02   -4.368253079161495e-02   -5.211612363651466e-02   -5.321855540479112e-02
    1,22       1,4        1,13   
    1.324909455016330e-01    1.321123295715068e-01   -3.543758809021236e-01    1.225713267605286e-01   -6.308241511285012e-02
    1,22       2,2        2,2    
    1.699986500043142e-01    2.013791926469861e-01   -7.877628200986697e-02    1.727325645712265e-01    2.172346686654751e-01
    1,22       3,13       3,13   
   -1.089680162685440e-01    5.326979096333542e-02    5.578287518335404e-02   -9.966315634066862e-02   -6.770808160880075e-02
    1,22       5,1        5,1    
   -1.288574259677593e-02   -3.727974050498533e-02   -1.286209076891707e-02   -9.854494706913017e-02   -1.309927122586168e-03
    1,22       7,7        7,7    
    2.405498850953016e-02    7.326404768276779e-02    1.866189700340466e-01    4.136779494586095e-02    3.123928832371442e-02
    1,22       8,1        8,1    
   -3.012423093320203e-03   -3.121723937286833e-01    4.660136248940068e-02    7.134970033404896e-02   -6.461458795624170e-02
    2,6        2,1                          # 1st-scaling bias replacing an irred-2 HN coord
   -2.018563192566568e-02    1.236111370268014e-01   -8.554012599610394e-01   -6.704069820228035e-01   -2.585134898459445e-01
    2,6        2,2    
   -6.333451782191470e-01    1.022299755568008e+00   -9.745657092697560e-02   -8.840949093687870e-01   -6.939160414148379e-01
    2,6        2,2        1,2    
    8.458138716635604e-01    5.148574353545031e-01   -1.522704786779282e+00    2.303242246513507e-01   -1.078877754972459e+00
    2,6        2,2        1,3    
    2.230063613609203e+00    6.169856576248430e-01   -1.810090789045701e+00   -1.000952092399614e+00   -2.140348445051023e+00
    2,6        2,2        1,4    
   -5.188108896211362e-01    2.600889214421702e-01   -1.589080530276781e+01   -8.622544014762487e-01   -1.642173067795518e+00
    2,6        2,2        1,8    
   -2.460936557248609e+00   -2.029113209582536e+00    1.637277910875988e+00    3.022975286400547e+00    2.301863523533298e+00
    2,6        2,2        1,9    
   -7.033335820096865e-01    1.648395803530410e+00   -4.357445573974864e+00   -9.427456645982291e-04   -1.252183035950871e+00
    2,6        2,2        1,10   
   -1.457979650322233e+00   -1.188600653453361e+00   -7.978673891564869e-01    2.472734442944732e+00    2.431437186754815e-01
    2,6        2,2        1,11   
   -1.000713301930788e-01   -2.095740801077024e+00   -3.905981687465300e+00    3.577793913078396e+00   -1.740424351517763e+00
    2,6        2,2        1,12   
    3.556099487904023e-02   -9.698485769598343e-02    1.632685880881104e+00   -9.072646844653171e-01   -2.933232342113486e-02
    2,6        2,2        1,13   
   -1.374503964179886e+00   -6.485304069334740e-01    1.745339706603497e+00   -1.105738824617766e-01   -7.168019783633135e-01
    2,6        5,1        3,1    
   -7.024978265206498e-02   -4.108430485759558e-01   -1.028319905914505e+00    6.416451367398112e-01   -1.306457256760869e+00
    2,6        5,1        3,2    
    9.379853538476198e-01    3.559138084885822e-01    3.033842969728197e-01   -3.946722986819503e-01    9.034059125490101e-01
    2,6        5,1        3,3    
   -2.177512241362508e-01   -1.262696911489019e-01   -1.396945218315966e-01   -2.283367508233445e-01    1.064814352850549e+00
    2,6        5,1        3,4    
   -3.638531378966660e-01    3.911369841447547e-01   -1.644496811296030e-01   -1.392148681794800e-01    9.804736785509999e-02
    2,6        5,1        3,5    
    1.048727347821706e-01    2.290183611154099e-01    8.973762346234978e-03    2.179224795504882e-01   -1.035562718315758e-01
    2,6        5,1        3,6    
   -1.047201336071490e-01   -3.222845265369533e-01   -1.813107147550866e-02   -5.636524620535311e-02   -2.709422644021325e-01
    2,6        5,1        3,7    
    5.982297572743035e-03   -2.497354609687993e-01   -1.139469948256531e-01    6.615981326573732e-02   -1.842651759567920e-01
    2,6        5,1        3,8    
   -8.251614216412548e-02   -2.604709454696512e-01   -3.666897153111090e-01    2.377494439109173e-01   -2.017499359857803e-01
    2,6        5,1        3,9    
    5.211442930748609e-01   -2.800191232544700e-01    1.786631301179625e-01    7.871111132159676e-02   -6.479537386581814e-02
    2,6        5,1        3,10   
   -1.771127080994500e+00    1.070808427279518e+00    9.869453887041344e-01   -6.453538082158193e-01    1.622123039557636e-01
    2,6        5,1        3,13   
    4.469580307164095e-01    2.398916199494367e-01    2.358137037958373e+00   -1.186993091332613e+00    3.270630668390319e-01
    2,6        8,1        7,1    
    5.060310707323195e-01   -2.257220313066960e-01   -1.960681826840345e+00    5.440607062565422e-01   -7.411754740733205e-02
    2,6        8,1        7,2    
   -3.029895179836286e-02    1.479148683008523e-01    1.240429722302379e+00   -5.851558118889842e-01    3.561008501016580e-01
    2,6        8,1        7,3    
    3.648265905872602e-01    5.219292797075743e-01    8.330452146186329e-02   -8.070961726281191e-02    6.138044775476532e-01
    2,6        8,1        7,4    
   -7.048822277767151e-01    2.453304970384418e-01    1.115018358996142e-01   -3.518125877107496e-01    2.251876950188312e-01
    2,6        8,1        7,5    
    1.677893239715078e-01   -7.002850338548677e-01   -6.834319943121819e-01    9.249588418835941e-04    1.041896904106601e+00
    2,6        8,1        7,6    
   -3.571542649676098e+00    1.565658036652475e+00   -6.502213351348628e+00   -7.439528025619772e-01   -2.267591720850346e+00
    2,6        8,1        7,7    
    1.265004954340181e+00    1.224552291914429e+01   -1.390554441127832e+00    1.464699196631211e+01   -5.383352369244194e+00
    1,22       1,22       1,1               # 1st-scaling bias replacing a sqaure of HN coords
   -2.059180130388264e-01   -1.900711266748354e-01   -2.332846062976301e-02   -2.706880934057362e-01   -3.756993999413721e-01
    1,22       1,22       1,2    
   -2.148803491570994e-02   -6.328615248523128e-02    6.541754416316520e-03   -2.382186347906296e-02    2.103187149921800e-02
    1,22       1,22       1,3    
   -4.778559813914721e-02   -4.107784653989012e-03   -4.181258575943452e-02    2.336965188012567e-02   -3.143211592685047e-02
    1,22       1,22       1,4    
   -7.151062123731644e-02    7.785345156414851e-02    9.835693288912584e-02   -2.925151036948428e-01   -6.898814918168591e-02
    1,22       1,22       1,5    
   -8.107251479508178e-02    6.526301946945487e-02    5.684917048479243e-02   -8.159812686300009e-02    3.436699389517978e-01
    1,22       1,22       1,6    
   -1.574494979165236e-01   -4.375214287800344e-02    1.235147487638314e-01   -1.992266055748264e-01   -3.585879966084025e-01
    1,22       1,22       1,7    
    8.386835818720444e-02    4.127129998272963e-02    7.986646248732834e-02    2.130424067465794e-01    2.491719050342148e-01
    1,22       1,22       1,8    
    3.728883979259724e-02    2.472164161933342e-02    4.199109860036803e-02   -2.299696280835143e-02   -2.673177620364646e-02
    1,22       1,22       1,9    
    1.773187108316997e-02   -2.350468804766690e-02   -7.984280628332911e-02   -2.052406219197035e-02   -5.355316222512850e-03
    1,22       1,22       1,10   
   -6.556104093034944e-02    1.067887426766547e-01    5.080950151514988e-02    9.399718761039627e-02   -1.540919477456641e-02
    1,22       1,22       1,11   
    9.055467042711836e-02    7.528448275717439e-02   -2.598254481335629e-02    6.674202267886610e-02   -8.369207815824302e-02
    1,22       1,22       1,12   
    5.960650882441464e-03    5.888349905409905e-02    7.693225168672644e-03   -3.299831724114562e-02    4.230145958234605e-02
    1,22       1,22       1,13   
    4.789807199265189e-02   -9.555967709683821e-03    6.269359027320365e-02    7.696867284794966e-02   -1.511054397355360e-02
    2,6        2,6        1,1    
    1.883621893726869e+00    3.704771190163964e-01   -5.670232330178655e-01    7.303680615134887e-02    2.527018246954965e+00
    2,6        2,6        1,2    
   -2.114016290378887e-01    2.795441643956255e-01   -7.812720698262601e-01    2.420036912813786e-01   -4.510076979147213e-02
    2,6        2,6        1,3    
    1.291596293786230e+00    3.932637233160160e-01    5.310157259945265e-01   -1.087457719105752e-01   -8.384386561090322e-01
    2,6        2,6        1,4    
   -5.102974169790220e-01    8.757955787739397e-01   -4.070242774157188e+00   -7.847467907099527e-01    3.310747323172498e-01
    2,6        2,6        1,5    
    1.906775206484708e+00   -3.011378041558855e-01    1.041035219150705e+00   -4.237603027446180e-01    6.161080143817197e-01
    2,6        2,6        1,6    
   -5.344266564946534e+00    9.702359474717384e-01   -9.440877365067609e-01    4.421632290208517e-01   -5.184112146417244e+00
    2,6        2,6        1,7    
    1.754937131171013e-01   -6.324555905864111e-01    2.516329161437233e+00   -3.233092787568725e-02    1.020845395133012e+00
    2,6        2,6        1,8    
   -1.366155677129711e-01    2.821345531816198e-01    5.320644299526892e-01   -2.424493148280103e-01   -3.676367626903457e-01
    2,6        2,6        1,9    
   -1.970951112818706e-02    1.252053696991882e-01   -1.342982941041680e-01   -2.208380261955787e-02   -2.455940188389785e-01
    2,6        2,6        1,10   
    3.009758645488010e-01    1.324643304834899e-01   -2.791467031246275e-02    1.418486338808039e-01   -9.779611299418967e-02
    2,6        2,6        1,11   
   -4.910173402939162e-01   -2.242841066232164e-01   -1.455403652485918e-01    8.619858013960310e-02   -7.721259694338281e-02
    2,6        2,6        1,12   
    3.974737434115196e-01   -2.271979579448878e-02   -8.825329744367283e-02    9.625714668832286e-02    5.528562897477335e-03
    2,6        2,6        1,13   
   -4.116375032201048e-01    2.717625327026948e-01    9.475361284952905e-02   -6.976529681406970e-03    1.460101867785592e-01
    1,22       1,22       1,4        1,4    
    7.415363806591772e-02   -1.298233615655245e-02   -3.703002065871202e-01   -2.434539049649564e-02    1.179870523391825e-02
    1,22       1,22       2,2        2,2    
    1.017128670391543e-01    1.785269725167185e-01    5.995657062451527e-02    1.887786948107493e-01    7.508401836690470e-02
    1,22       1,22       3,13       3,13   
   -3.712930069246721e-02    1.098506240166615e-02   -1.129384970978765e-01   -1.266610599731003e-01    6.433636212940694e-02
    1,22       1,22       5,1        5,1    
   -9.014147064505627e-02    2.814862954386430e-02   -3.365439780446478e-02   -4.104296907529604e-02   -1.414929504520540e-02
    1,22       1,22       7,7        7,7    
   -3.967306979042764e-02    2.023948756214545e-02    1.958280190158958e-01   -2.267011716071592e-02   -1.343771754849559e-02
    1,22       1,22       8,1        8,1    
    2.211491376616209e-01   -1.399979553085936e-01    5.614714894478685e-02   -5.055570472836519e-03    1.065157275558377e-01
    2,6        2,6        1,4        1,4    
    1.940882034042156e+00    1.098087292363020e+00   -1.746404882413260e+01   -1.976512727101845e+00    1.766309616871586e+00
    2,6        2,6        2,2        2,2    
   -2.287933148873613e+01    4.274064267783723e+00   -2.174211051731417e+01   -2.351607570745971e+00   -2.991964452556284e+00
    2,6        2,6        3,13       3,13   
   -4.061379874333456e+00    2.994505800118081e+00   -1.441668001682861e-01   -4.804362339285007e+00   -4.367387769403348e+00
    2,6        2,6        5,1        5,1    
   -5.155418019823063e+00    1.440747187019208e-01    2.206617119424477e+00   -2.471319862531121e+00   -4.966074875894099e+00
    1,23                                    # 1st-scaling redundancy bias
    7.199992045778990e-02   -4.897791096153297e-01   -1.664525780418996e-01    4.276537081972849e-01    1.725921559071066e-02
    1,23       1,23    
    1.644406007953809e-01   -8.245674411502418e-02   -3.966663994100403e-01    2.813139090869065e-01    1.718923839083188e-01
    1,23       1,23       1,23   
   -1.395042567914551e-01    2.487991190672419e-01    1.038313921341620e-01    9.511850599814279e-04   -3.265107266847501e-02
    1,23       1,23       1,23       1,23   
   -5.080832168105481e-01    2.372881948192361e-01    3.660579028699804e-01   -1.854966493097072e-01    1.656856312687011e-02
    1,23       1,3                          # 1st-scaling redundancy bias replacing an irred-1 HN coord
   -9.600241478772825e-02   -2.889790650802431e-02   -9.855307328816530e-02    6.273203798247314e-02   -8.769358437994769e-02
    1,23       1,1    
   -6.140005965753224e-01   -7.465995396424310e-01   -6.849684263663791e-02   -2.187637797056732e-01   -8.715348777173602e-01
    1,23       1,2    
   -3.609137545070970e-02    1.266697564503212e-01    1.093850873773914e-01    1.794073899798930e-01    2.223571660606138e-01
    1,23       1,5    
   -4.271226389530787e-02    4.619285529743130e-02    1.780742473108149e-01   -2.995209294753444e-01    6.217150222443125e-01
    1,23       1,6    
    2.511678055583816e-01   -1.696869663464969e-01    5.063331355946293e-01   -6.744705905441750e-01    2.167597599026235e-02
    1,23       1,7    
    1.326943705375800e-01    3.819405554390644e-01   -1.556693248386697e-01    8.668132727594621e-02    2.959996829087926e-01
    1,23       1,8    
   -1.190412014320391e-01   -2.368963459730191e-01    2.698170836037336e-01   -1.369497347709327e-01    4.615277345843619e-02
    1,23       1,9    
    4.027904556298361e-02   -1.324236376686301e-02   -5.888591066151164e-02   -2.221759242054323e-01   -6.173324564217108e-02
    1,23       1,10   
    1.667195460321935e-01   -1.324513060981498e-01    5.116173641975054e-02   -5.442082906429405e-02   -4.784976870205356e-02
    1,23       1,11   
    2.625382409313349e-02    4.634108577455424e-02    3.898188804440245e-02    2.675474962316899e-01   -1.271672405953791e-01
    1,23       1,12   
   -3.336586766311684e-02    1.507365937745380e-02    1.018889814943319e-01   -1.954388554195426e-01    6.894063017349236e-02
    1,23       1,13   
    7.875306567906050e-02   -2.042734330349819e-02    1.058402248085779e-01    4.142925734950724e-02    1.491813944247214e-01
    1,23       1,14   
    1.384324163744449e-01    1.202278567518260e-01   -4.504856248136031e-01    4.004198237541269e-01    1.825870648216022e-01
    1,23       1,4    
    1.183952647272459e-01    2.905123215621618e-01    3.515852585173206e-01   -6.907126727543085e-01   -1.223935541941964e-01
    1,23       6,1        6,1    
   -2.523833175226821e-01    6.073271528741810e-02   -5.989197997638662e-03    7.547506684043666e-02    3.348934278801129e-02
    1,23       1,4        1,4    
    6.653670468617931e-02    2.708439123853374e-02   -5.683933377470699e-01   -6.166034112450979e-02   -9.211704325708020e-02
    1,23       1,14       1,4    
    2.773518023614165e-01   -1.488425917181810e-01    1.372092419846665e-01   -3.386054903151660e-01   -6.558530023291324e-01
    1,23       1,14       1,14   
   -2.908929805837625e-01    1.369152338127801e-01   -3.195392789669376e-01    5.872114371932232e-02    6.143894668342603e-02
    1,23       2,2        2,2    
    4.110439899231819e-01    3.528766855851531e-01    2.100348046611258e-01    2.421303925562868e-01    1.452425432358637e-01
    1,23       3,13       3,13   
   -8.588733369576572e-02   -7.250796861996286e-02   -3.724808497415060e-01   -1.959784230513592e-01    2.168240341379399e-01
    1,23       5,1        5,1    
   -1.163903731958421e-01   -2.662217389173288e-03   -1.762984595135075e-01   -1.223347697892185e-01   -9.912991830834073e-02
    1,23       7,7        7,7    
   -6.892498998400878e-02    1.328932353164486e-01    4.311414714924424e-01   -1.049793996562620e-01   -6.372568247025019e-02
    1,23       8,1        8,1    
    4.419391922475317e-01   -4.082833838155988e-01    1.331809825301752e-01   -5.588575627520290e-02   -7.001678453320827e-02
    1,23       1,23       1,1               # 1st-scaling redundancy bias replacing a square of HN coords
   -1.072061430228979e+00   -4.312236193474268e-01   -1.792950176634913e-01   -5.813485082383053e-01   -1.056858558505150e+00
    1,23       1,23       1,2    
    9.075166795563187e-02    1.200421207196947e-01    1.047954870910355e-01   -9.613468452173270e-02    7.142861731397543e-02
    1,23       1,23       1,3    
    1.644621497748274e-01    4.638786891537235e-02   -8.039857328662773e-01    7.883410282436366e-02    1.081384169913387e-01
    1,23       1,23       1,4    
   -7.876650216569165e-01    3.256714106304718e-01   -4.192226026991116e-03   -5.629957966438175e-01   -1.418386070836324e-01
    1,23       1,23       1,5    
    9.959738863348939e-02    1.550415681433482e-01    8.373555576915144e-02   -1.101744651572156e-02    7.517930088631574e-01
    1,23       1,23       1,6    
   -1.244144177408034e+00   -6.186539041094444e-02    1.462136003704541e+00   -3.128826392161345e-01   -9.590082988616372e-01
    1,23       1,23       1,7    
    4.141368338402002e-01    2.302141259933071e-01   -9.118212409542654e-02    2.331903765082789e-01    3.957075329184140e-01
    1,23       1,23       1,8    
   -9.632311138682885e-02    6.388869646971440e-02    1.190930170545092e-01   -2.016620674827475e-01   -9.988268690482206e-02
    1,23       1,23       1,9    
    1.978259631303011e-01   -2.402096515589876e-01   -7.210639697382115e-02   -1.600859965776477e-02    4.975681395233744e-02
    1,23       1,23       1,10   
   -2.031567375717838e-02    9.021588961766507e-03    8.092579869975494e-02    5.140606889819137e-02    2.559905787004103e-01
    1,23       1,23       1,11   
    2.843967718752757e-01    7.590857912602499e-02    1.616221336121917e-01   -2.059644410359927e-02    4.274063109323880e-02
    1,23       1,23       1,12   
    3.227813899756771e-01    1.789265234341308e-01   -8.475501026390070e-02   -2.733231329170007e-01    1.136525463208484e-01
    1,23       1,23       1,13   
   -2.143566738308084e-01    4.549242365513124e-02   -2.924691204284577e-03    8.695663851372874e-02    1.418876651667959e-01
    1,23       1,23       1,14   
    2.297708238680238e-01    2.624282999942284e-01   -4.687944780325686e-01    6.052855349334436e-01   -4.687958426842928e-02
    1,23       1,23       1,4        1,4    
    3.204266105944037e-02    6.989440877178275e-02   -6.713986174173617e-01   -1.516657702293483e-01    6.611540794934170e-02
    1,23       1,23       1,14       1,4    
    5.058425429769930e-01   -1.687726284869399e-01   -3.125961749051142e-01   -3.947571835416127e-01   -3.838243321508313e-01
    1,23       1,23       1,14       1,14   
    5.420097084046208e-02    2.702471642836929e-02   -6.761399053611146e-01    6.148331780000026e-02    2.489730032292875e-01
    1,23       1,23       6,1        6,1    
   -3.760477170133065e-01    9.740671965770109e-02    5.650385308267832e-02    5.608645128207313e-02    9.929207772996090e-03
    1,18                                    # 2nd-scaling
    3.179013316829343e-01   -7.523740964264275e-02   -8.050876606334541e-02   -9.249850421728767e-02    8.313248758554309e-02
    1,18       1,1    
    2.302576091747152e-01    7.752369161794124e-01    5.866049683331748e-01   -1.927943593502021e-01    5.303001284607531e-01
    1,18       1,2    
    2.058014759234219e-01    5.050594372080489e-02   -1.830448037580984e-02   -1.009438366116701e-02   -1.995979352220285e-01
    1,18       1,18   
   -3.534181332194093e-01   -8.472292143363090e-02   -1.296340506783920e-01    4.552564899938992e-02   -5.351972377066486e-01
    1,18       1,5    
   -1.356064802065221e-01    1.367100190144754e-01   -6.748579501912541e-01    6.854335483909464e-02   -5.322296430919300e-01
    1,18       1,6    
   -3.728388615405989e-01    1.986565664195570e-01   -8.365742213550638e-01    2.111889180326019e-01   -7.009101509211343e-01
    1,18       1,7    
   -1.278751400518459e-01   -4.077237663148163e-01   -3.526519600635098e-02   -2.146355576601160e-01    8.139898210305593e-02
    1,18       1,8    
    1.872662009812370e-01   -5.134497367461383e-02   -1.762215135851949e-02    1.506162666366929e-01   -6.292993737959316e-03
    1,18       1,9    
    1.750962418303212e-01    1.357924271995475e-01    1.059724025344098e-02    6.914139985223135e-02    1.069619150737166e-01
    1,18       1,10   
   -1.997112031564191e-02    3.497044914183153e-02   -1.132655627202388e-02    1.593139014592869e-02   -3.320196865465036e-02
    1,18       1,11   
   -1.782617372793368e-02   -1.836336067516224e-01    1.273014106474938e-01    6.097197875351491e-02   -1.373403793267323e-01
    1,18       1,12   
    1.428415728815869e-01   -6.236984442438216e-02    1.296362684903574e-02    2.721789839706133e-02    7.027910250422074e-02
    1,18       1,13   
   -7.395072254717584e-02   -1.068144540024538e-01   -1.250882517357620e-01    3.735647510715245e-02   -3.581780349969304e-02
    2,3        2,3    
   -4.515561953879779e-02    1.353859979632113e-02   -1.576840896998420e-01   -9.963416324613031e-02    2.574895620609251e-02
    2,4        2,3    
    2.051522507825807e+00    7.270024718023783e-01    2.205420624937307e+00   -9.482911794690054e-01    2.212525966416285e-01
    2,4        2,4    
   -2.950378671713048e-01    8.932347371928062e-01   -1.744435549799833e+00   -4.752267481506034e-01   -2.689101903188437e+00
    5,2        2,3        3,1    
    6.403422598774496e-01    8.594800947293110e-02   -1.016553828683998e-01   -3.250859364406296e-01   -8.337524495213965e-01
    5,2        2,3        3,2    
    2.731975378560954e-01    1.454485125552662e-01   -2.122429439111894e-01    1.485284026931411e-01   -3.582417346806630e-01
    5,2        2,3        3,3    
   -2.320186960559126e-02   -7.000912062136200e-01    3.318224935773401e-02    6.582485871311745e-01   -1.088251832494948e-01
    5,2        2,3        3,4    
    2.429239877912804e-01   -8.222302391544072e-02    4.017204129419321e-01    3.520415564386072e-01   -2.003064636663121e-01
    5,2        2,3        3,5    
    1.149451458676872e-01    1.547605717925658e-01   -1.878651850370897e-02    1.668607085606113e-01   -2.207947237591205e-01
    5,2        2,3        3,6    
   -1.565408761563122e-01    2.278514477747147e-01   -1.346381027942375e-01    8.181265681417643e-02    2.341652303031045e-01
    5,2        2,3        3,7    
    1.138958704287272e-01    1.557407464302627e-01    3.086841184672890e-03   -1.415760507519712e-01   -2.544752505254816e-01
    5,2        2,3        3,8    
    4.955849523873972e-02   -6.922700592214640e-02   -5.784675398950014e-02    4.231004110967915e-02   -9.799667921456727e-02
    5,2        2,3        3,9    
    1.219954378266313e-01    9.811695624871347e-02   -4.652039350898620e-04    1.846503622705591e-01   -5.170308300276081e-02
    5,2        2,3        3,10   
   -1.119115246329563e+00   -8.880958748514461e-02   -1.061138206400572e+00    2.005733406070437e-01   -8.315845210252161e-01
    8,2        2,3        7,1    
   -5.103341531638481e-01    1.346287369890656e-02    2.170986489772064e-01    2.425138751680083e-01   -3.309884495604383e-01
    8,2        2,3        7,2    
    2.468754881425794e-01    6.437682155281453e-02   -1.877617514283542e-01    9.931951423937223e-02    2.222880024267256e-02
    8,2        2,3        7,3    
   -1.495452270839605e-01   -1.148198263560115e-01   -5.811859804666388e-02    1.943845407040281e-01   -1.945822314542576e-01
    8,2        2,3        7,4    
    3.363514923050612e-02    9.223105409834734e-02    1.421011403746220e-01   -3.791633174044765e-02    1.665135732366771e-01
    8,2        2,3        7,5    
   -9.495373154686684e-02    5.981135518958035e-02   -4.519450100828636e-02   -1.501672934368368e-01    2.736955403894206e-02
    8,2        2,3        7,6    
   -1.325950593043785e+00    1.773437622078795e-01    1.527137262519634e-01    3.660945407292949e-01   -5.359862188665184e-01
    8,2        2,4        7,1    
    2.815971390135353e+00    4.037625346314108e-02    7.907760134856339e-01    7.786694988876457e-01   -2.235107574814875e-01
    8,2        2,4        7,2    
   -1.361205260891664e+00    3.051794401504476e-01   -5.143176100980277e-01    4.928922220291802e-01    2.449743653563280e-01
    8,2        2,4        7,3    
   -1.555806476181738e-01    5.062264552064903e-01   -7.662877724942286e-01   -4.747061488682766e-01    2.351605930718653e-01
    8,2        2,4        7,4    
   -3.512662137132470e-01   -2.533648571982621e-01    2.353459613543255e-01    2.183195945233069e-01   -7.567838722213589e-01
    8,2        2,4        7,5    
   -2.799555306347887e-01   -3.994084396086918e-01   -3.900349908661311e-01    1.004575196736232e+00   -4.217871996494004e-01
    8,2        2,4        7,6    
    3.467793307814184e+00    1.288578550294017e+00    5.355894147017890e+00    7.320270421328796e-01    1.883264020578331e-01
    5,2        8,2        4,1    
   -5.994559412363037e-01   -3.414696661043498e-01   -9.476807411755221e-01    1.035364532125758e-01    1.087458926948267e-01
    5,2        8,2        4,2    
    1.958767549939299e-01    5.173184013016339e-01    4.032640485789146e-01    2.493104348353637e-02    2.905219692196300e-01
    5,2        8,2        4,3    
    3.499611072814986e-01   -8.411434299354773e-01   -1.114200808034147e+00    3.159373825450034e-01   -1.338691943498882e+00
    1,19   
    7.800795844453008e-01    3.681393710163488e-01    5.655471753334366e-01   -6.921760103604306e-01   -1.022659479873187e+00
    1,19       1,19   
    2.065761380216269e-01    2.450021748625513e-01    2.308072977611284e-01   -6.324524746174649e-01    1.179249616269897e+00
    3,14       3,14   
    3.834564100546632e-01   -1.875688209993385e-01   -2.405781355824589e-01   -2.050849181372109e-01   -6.241817735012370e-01
    5,2        5,2    
   -4.277203613338363e-01    1.052368476614540e-01    7.134927059185745e-01   -5.217900203022081e-01   -1.123426664654858e-01
    7,8        7,8    
   -2.398690093283015e-01   -3.039688712858951e-01    3.112024053688958e-01    3.698598023470630e-01    9.931179980951612e-01
    8,2        8,2    
   -1.507038562649211e-02    6.978045571930491e-02   -6.861257407608723e-01    2.003539766716687e-01    6.606844724415414e-02
    1,19       1,1    
   -3.469781152479432e+00    1.418987760998902e+00    2.254331394229420e+00   -2.378628008364978e+00   -7.534182493514062e-01
    1,19       1,2    
    7.765008438059822e-01    3.315474919789239e-01   -2.237255136116356e-01    3.849393287716701e-02   -9.773899386585492e-01
    1,19       1,18   
    4.472357216046499e-01    2.181505310966889e-01    2.291465731569016e-01   -7.021993853547424e-01   -4.876879424551500e-01
    1,19       1,5    
    2.752637415823704e+00    1.391303176858148e+00    1.170136493380861e+00    1.349246015025336e-01    3.253821167831982e+00
    1,19       1,6    
   -5.154828657348840e+00    1.421685155368969e+00   -2.379265939743158e+00    2.602112097713507e+00    5.287666835577455e-01
    1,19       1,7    
    1.297551786529638e+00   -1.581745984794361e+00   -1.004722297156222e+00    1.214574126945741e-01    1.345595922986509e+00
    1,19       1,8    
   -4.125987187495226e-01    1.499307419248838e-01   -2.334524106164917e-01    2.350283777402764e-01    1.543030508735725e-01
    1,19       1,9    
   -7.884418309316973e-01    3.586247027616020e-01   -4.804512954946543e-01    1.527307588247886e-01    3.170693213096150e-01
    1,19       1,10   
   -2.432927861669906e-01    9.979834938020122e-03   -2.941806621045833e-01    1.046509736711795e-01   -5.649831095323520e-01
    1,19       1,11   
   -2.814029590723188e-01   -3.868193499389421e-01   -1.091782477234934e+00   -8.437824990583441e-01   -1.500557290415575e-01
    1,19       1,12   
    5.115462032952766e-01   -1.452837175989481e-01   -1.098249373804091e-01    1.960326164200227e-02    4.177504234836182e-02
    1,19       1,13   
   -3.459166581371512e-01    1.081235400212913e-01   -6.417051771195652e-01    5.503351508280754e-01   -1.942178329475347e-01
    3,14       3,1    
    1.757006956069294e-02   -4.603843404651205e-01   -6.939470159313385e-01    5.024895105223367e-01    6.998848060753404e-01
    3,14       3,2    
   -3.079345750896653e-01   -7.138378126738011e-03    5.234182940176104e-01   -4.740291535605122e-01   -6.933688623932947e-02
    3,14       3,3    
   -1.080151450668789e+00    8.564608132497652e-01    3.771307528594264e-01   -1.351390569954205e+00   -7.322927975462965e-03
    3,14       3,4    
   -3.360345862410732e-02    1.257170751774141e-01    1.313267891242451e-01   -1.212000951574025e-01    1.377394539552214e-01
    3,14       3,5    
   -2.415502195912556e-01    4.191216375117615e-01    3.573570831695949e-01   -9.499115050006959e-02    2.173945135692595e-01
    3,14       3,6    
   -4.719910607673741e-02   -1.296863609986961e-01   -6.483860253987042e-01    1.160107410855677e-01    6.052665498769028e-02
    3,14       3,7    
    1.965998303900702e-01   -1.357201475254777e-01   -3.165771705594171e-02    9.218574789690387e-02   -9.782736266739848e-02
    3,14       3,8    
   -1.312092568071960e-01   -7.009446359321761e-03   -5.306770028563291e-02    2.061140702196745e-02    1.349315993305331e-01
    3,14       3,9    
   -2.568001192192944e-01    1.121845413682145e-01    1.819710283878974e-01   -4.819306777930658e-02    1.240279466628923e-01
    3,14       3,10   
    8.420280226162355e-01   -5.363954310487641e-01   -2.029311875099115e+00    2.834616496322707e-01   -3.719518152704381e-01
    7,8        7,1    
   -1.025568155005353e-01   -1.952739675909073e-02    5.468931684118036e-01    4.483480015970787e-02   -1.525953616730745e-01
    7,8        7,2    
   -1.939215097150799e-02    6.530518181173316e-03   -1.495498568904403e-01    2.834305884291946e-02    1.324396107675491e-01
    7,8        7,3    
    1.255841863398544e-01   -2.768016581407870e-02   -1.528423213763135e-01    1.304706142233990e-02    1.849742995713671e-02
    7,8        7,4    
   -6.027391034102253e-02   -1.496189559209392e-01    9.714033254023009e-02   -6.714451353053807e-02   -3.378301000422479e-03
    7,8        7,5    
   -2.387106592972004e-01    9.628663778371184e-03   -1.634887316155322e-02   -1.009961954701099e-01    3.443883600081619e-02
    7,8        7,6    
   -1.055011159251703e-01    2.145534857553156e-01    8.683715509361021e-01    2.533871737231022e-01    3.999795868072235e-02
    1,24   
   -3.617050486444808e-01   -6.014484084247259e-02    1.911431342904550e-01   -3.448609490329345e-01    3.558558421159280e-01
    1,24       1,24   
   -6.884041717433916e-02   -5.657927962152072e-02    1.443863188984863e-02   -8.265586919281528e-02    1.824932314571729e-02
    2,7        2,7    
   -6.786951768742491e-01   -3.190905824731390e-01    8.905930670774512e-01    3.294048698617419e-01   -1.035252826576600e+00
    1,24       1,24       1,24   
    1.192416844979970e-01    1.541394990379225e-02   -2.422124668678896e-01   -1.202177134640472e-01    9.811171609054904e-02
    2,7        2,7        1,24   
    2.435562910597430e-01   -8.811020301385990e-03   -4.217971057886102e-01    4.421924150972584e-01   -1.286517017461860e+00
    1,24       1,24       1,24       1,24   
   -1.984669028543994e-02    4.604099812787976e-02   -8.290416112434947e-02   -4.217180391642831e-02    3.837732260784590e-02
    2,7        2,7        1,24       1,24   
    2.329288340619381e-01   -1.862258432114879e-02   -1.238189285174617e+00    4.016141736596796e-01    9.091523532367187e-01
    2,7        2,7        2,7        2,7    
    7.923077301749250e-01    2.813853090415790e-01   -2.016824048396610e+00    5.152378196487836e-02   -5.263749642741156e-01
    1,24       1,1    
    4.133816015617677e-01   -5.849464842476174e-02   -8.503395042614332e-01   -2.051943504470471e-01    7.335901448340010e-01
    1,24       1,2    
    1.439313833003225e-01   -2.581809758986884e-01    3.556261559249815e-02    2.078968180929867e-02    7.799900882486471e-02
    1,24       1,18   
    3.167841214360626e-01    1.143031603340171e-01   -4.530385608592886e-01   -1.401216425967105e-01    2.862639212397806e-01
    1,24       1,19   
    4.286871653678360e-01   -2.282142479641512e-01    2.783964985441692e-01   -3.238638292279415e-01    2.029461401786101e-01
    1,24       1,5    
   -4.682345395109321e-01    9.129568777505798e-02    2.623397200155383e-01   -1.055582394917279e-01   -3.208088011997450e-01
    1,24       1,6    
    1.328392085242328e+00   -6.801703009491035e-02   -1.453360648509484e+00   -1.778725276485504e-01    7.687372303755451e-01
    1,24       1,7    
   -5.102897551980577e-01    3.724694232829708e-01    1.035607599565881e+00    3.660923720603724e-01   -6.952655741468196e-01
    1,24       1,8    
   -8.583288295901101e-02   -6.158507333522020e-02    8.973696930373389e-02    6.735276155519740e-02   -3.172903013327206e-01
    1,24       1,9    
    1.426426842404154e-01    7.659635371996827e-02   -2.084333500374827e-02   -9.431951701407314e-02   -4.984341118025076e-02
    1,24       1,10   
    1.448093176709605e-01   -8.315369364170169e-02    9.356959680423869e-02    1.613007034573002e-01    2.114248116378028e-02
    1,24       1,11   
   -1.480313411845010e-01   -1.557631237286915e-01   -2.149900826764651e-02   -1.493613848201834e-01    1.437644262005291e-01
    1,24       1,12   
   -1.939934209519609e-01   -7.602260584476201e-03   -3.642717808986985e-02    2.294874830637227e-02   -6.660468173683534e-02
    1,24       1,13   
    7.083317158539414e-02   -5.860861911050077e-02   -1.158168212223190e-01   -8.995221124366203e-02   -2.623217919487351e-03
    1,24       1,19       1,1    
    1.798053063461294e-01   -4.793630179407974e-02   -4.861197569871653e-01   -2.562317237030497e+00    1.063106387491723e+00
    1,24       1,19       1,2    
   -9.689557166073437e-01   -4.022270637585076e-01    5.363567512919186e-01   -1.524651904150818e-02   -3.174150101180763e-01
    1,24       1,19       1,18   
    7.729491261542585e-01    9.542395573765838e-02    2.054301700865524e-01   -3.441740044764871e-01   -5.816557770455937e-01
    1,24       1,19       1,19   
    2.140829571502519e-01   -5.864636619450676e-01   -2.156906253373743e-01   -1.923798358139868e-01    3.443007576315326e-01
    1,24       1,19       1,5    
   -1.646668566133403e+00    1.792689624380272e+00    2.733504634425171e+00   -4.104301553821241e-01    3.352938265102751e+00
    1,24       1,19       1,6    
   -2.822532903122944e+00    5.697307361334312e-01   -1.002188908623047e+00    3.031105059521039e-01    3.223307007518567e+00
    1,24       1,19       1,7    
   -2.395112132401428e+00    3.232374006729580e-01    1.729069558790919e+00    3.046847423488920e-01   -1.873772333630656e+00
    1,24       1,19       1,8    
   -1.566595993586103e-01   -4.402135928566830e-02   -2.386238386749880e-02   -5.023095218127769e-01   -2.440911443923058e-01
    1,24       1,19       1,9    
    3.892790629086846e-01    2.673168468240105e-01   -2.247267553314609e-01    1.136912796764299e-02    3.397217340934099e-01
    1,24       1,19       1,10   
   -1.388558198435184e+00   -7.071249533376803e-01   -7.214281742635362e-01   -5.508405075038265e-01   -1.941513160156535e+00
    1,24       1,19       1,11   
    5.742867038158200e-02    1.328969622964086e-01   -1.209772528833585e+00   -4.914257619193658e-01   -7.762659554225835e-01
    1,24       1,19       1,12   
   -3.510820951108211e-01   -2.336008552175511e-01    4.482870345667758e-01    1.167497608666531e-02   -5.422954902870738e-01
    1,24       1,19       1,13   
   -3.164607815336107e-01   -2.135615307596194e-01   -9.787498513306299e-02    3.527064551878415e-01    3.847603001302635e-01
    1,24       2,4        2,4    
    2.771457872650788e-01    7.561907824593422e-01   -6.142464472576965e+00   -6.886522373301620e-01    2.695277859361323e-01
    1,24       3,14       3,14   
    2.438464310458415e-01    4.850199915709601e-02   -8.243267730795437e-03   -1.283087589402052e-01   -2.346559675259933e-01
    1,24       5,2        5,2    
    6.296059275191303e-02    3.517903007378999e-02   -1.521034563390191e-01   -1.462697903082720e-01    1.467979269460920e-01
    1,24       7,8        7,8    
   -2.951444565195934e-01   -1.647257647566359e-01   -9.873387844204221e-02    6.489989895275086e-02    2.254876962726869e-01
    1,24       8,2        8,2    
    1.012557103416568e-01    5.327689633374684e-02   -3.126840169551333e-01    7.062172591111443e-02   -8.575397294539422e-02
    2,7        2,3    
   -2.277785208927158e-01   -2.552262613462637e-01    9.780227260667262e-02   -2.108098979093608e-01   -3.417360738735991e-01
    2,7        2,4    
   -5.124505601947041e-01   -1.719203474648945e-01   -1.492345173469389e+00   -1.090460565831661e+00    9.149935401860760e-01
    2,7        2,4        1,18   
    1.560001585470610e+00    1.108533096449889e+00    3.182841889029198e+00   -9.710717306828854e-01   -1.703153566676898e+00
    2,7        2,4        1,19   
   -2.780424543888576e+00    2.501365772490411e+00   -1.286020536180050e+00   -1.537264657523657e+00   -1.386977128700642e+00
    2,7        2,4        1,8    
    1.245806925533831e-01   -2.173395198442993e+00    2.552135854333094e+00   -6.458739703909789e-01    1.125287421484473e+00
    2,7        2,4        1,9    
   -5.654861635903802e-01   -3.254279896987113e-01   -8.292421635124143e-02    2.863589819376445e-01    2.414761551836495e+00
    2,7        2,4        1,12   
    1.302510570473590e+00    7.590442642744021e-01    1.320912601183835e+00   -1.808486643293025e+00    2.300482152039274e+00
    2,7        2,4        1,13   
   -9.751570022427302e-01   -6.762105012881306e-02   -9.059120741752518e-01    1.072661660195535e+00   -7.320672355846854e-01
    2,7        5,2        3,1    
   -1.771066901045872e+00    3.558069065718655e-01   -1.300037411473004e+00   -9.904791283623515e-01   -1.204403674458176e-01
    2,7        5,2        3,2    
    1.555581254941661e+00    4.188829388104192e-01    6.003862453829740e-01   -4.044301116162732e-01    1.247628511563266e+00
    2,7        5,2        3,3    
    3.041890555844605e+00   -2.258685661292384e-01    3.769158198535718e-01    5.468289634250613e-01   -3.045592145227886e-01
    2,7        5,2        3,4    
   -3.464148570718923e-01   -3.259125754575444e-01   -1.299347313377686e-01   -1.101106200136702e-01    1.616838441061342e-01
    2,7        5,2        3,5    
    4.627969724907321e-01   -1.455618533424011e-01   -1.975487140882537e-01    1.000553392708450e-01    6.437696155346366e-02
    2,7        5,2        3,6    
   -2.647127780119897e-01   -2.993534794840764e-01   -1.060111212089886e-01    1.650588249052759e-01   -6.329879314640352e-01
    2,7        5,2        3,7    
   -2.300056435882711e-01    1.535385801130203e-01    1.045460240630350e-01    1.837898380387928e-01    2.228235560040885e-01
    2,7        5,2        3,8    
    1.593005147237454e-02   -1.820996243781297e-01    6.867761615096374e-02    3.680258233017294e-02    2.756671845491108e-02
    2,7        5,2        3,9    
    4.143899597511302e-01    1.658758901209416e-01   -1.066348748998285e-01   -2.160751910237609e-01    5.000643394553876e-01
    2,7        5,2        3,10   
   -2.743422905822574e+00   -6.473452675314000e-01   -5.983482801395132e-01    5.609040940892537e-01    3.355441452235654e-02
    2,7        5,2        3,14   
   -7.925104296984302e-02    3.465833091833186e-01   -1.968406937408460e-01   -2.806337916986432e-01   -8.814961665078065e-01
    2,7        8,2        7,1    
   -1.523357798490506e-01   -2.968758146218600e-01    4.769542004834499e-01   -1.005721604257076e-01   -3.281270007556185e-01
    2,7        8,2        7,2    
    6.585744416400711e-02   -8.161902400029951e-02   -1.951580196723373e-01   -1.212557189343184e-01    1.646604144191591e-01
    2,7        8,2        7,3    
    3.175666773376184e-02    1.481499086330152e-02   -1.640693657863310e-01    2.538475335544172e-01    7.644429016484238e-03
    2,7        8,2        7,4    
   -1.156407691049651e-01   -3.787049317250087e-02    1.252771389715180e-01   -8.425572304860574e-02    1.252987726595468e-01
    2,7        8,2        7,5    
    3.659131247017972e-01   -6.074830322405817e-02   -4.682427426291515e-01    1.182606138162687e-01    3.304502140518123e-01
    2,7        8,2        7,6    
   -3.957114693319875e-01   -2.570392816515518e-01    7.861349024254388e-01    4.224083406184289e-01    2.648019148796911e-02
    2,7        8,2        7,8    
    3.703348195082818e-01   -3.140378802865294e-01    4.635595768413822e-01    5.650127620177202e-01    8.454976531189418e-02
    1,24       1,24       1,1    
    3.812077428702804e-02    7.586883963988574e-02   -3.791290150680531e-01   -2.297569839599816e-01    3.528462703126021e-01
    1,24       1,24       1,2    
    1.499595180083641e-01   -7.515317630934897e-02   -3.772514740061252e-02    7.543679991717378e-02   -3.051322423617257e-02
    1,24       1,24       1,18   
   -2.890353105538293e-01    9.387473928307706e-02    1.578342361973156e-01    1.180192327642775e-02    1.250991903708109e-01
    1,24       1,24       1,19   
    8.808023431486386e-03   -1.606181378826695e-01    1.703084026170466e-01   -4.411844627817829e-01    4.856279994769156e-02
    1,24       1,24       1,5    
    5.270825776937391e-01   -7.295712748128776e-02   -7.633751417294791e-01    2.885925053960255e-01    1.375437848978416e-01
    1,24       1,24       1,6    
   -1.590738207360152e+00    3.205068799777364e-01    1.516011541319779e+00   -2.982422103575277e-01   -4.339695493885684e-01
    1,24       1,24       1,7    
    5.345070123390702e-01   -1.616407323595504e-01   -3.734247396047580e-01    4.830150623503524e-01   -4.746405102625503e-01
    1,24       1,24       1,8    
    1.904691019680700e-01   -1.450972330839855e-01   -2.126014850294698e-01    1.248129143404264e-01   -1.915658850886540e-01
    1,24       1,24       1,9    
    1.797123696576636e-02   -6.005872108956749e-02    1.154612070423452e-02   -3.788458108050342e-02   -3.625485610125197e-02
    1,24       1,24       1,10   
   -1.804438321536082e-02   -1.363904272480288e-01    2.007492708674334e-01    8.474885318204292e-02   -6.527727445595699e-02
    1,24       1,24       1,11   
    1.414773047524514e-01   -9.851192167142891e-02   -6.983787357675812e-02   -8.774507477663988e-02    4.540237009176210e-02
    1,24       1,24       1,12   
    1.670565361821277e-01   -1.470542076338412e-01   -2.879793460954646e-01    8.431135957109853e-02    4.257223747755161e-05
    1,24       1,24       1,13   
   -1.899923965510150e-01    9.021422046549593e-03    1.962450518418879e-01   -2.766177342156176e-02   -3.701796387930675e-02
    2,7        2,7        1,1    
   -1.402966347285804e+00   -6.058202665922661e-01   -4.408726888458513e+00   -1.583418555180359e+00    5.135607679472057e+00
    2,7        2,7        1,2    
   -2.831864616830048e-01   -6.351532513455446e-01   -5.671804477074359e-01   -3.220137172723836e-01   -2.611606065715908e-01
    2,7        2,7        1,18   
   -2.642986073116667e-01    4.523409925263654e-01   -1.280140339244009e-01    2.772036523586937e-01   -1.110480336010347e+00
    2,7        2,7        1,19   
    2.464568305806148e+00   -5.210070202181606e-01    2.780490084027853e+00   -1.624561664662661e+00    1.858543330775312e-01
    2,7        2,7        1,5    
   -2.159047917727209e+00   -3.821161994186672e-01   -2.115550959619920e+00    1.091077292525737e+00    1.638489116639884e+00
    2,7        2,7        1,6    
    4.861118550617811e+00    2.910159981128859e+00    3.424848135147072e+00   -2.093733791599464e+00    1.865473455319072e+00
    2,7        2,7        1,7    
   -3.178128600297310e-01   -4.738565290459508e-01    5.033569614633195e-01    3.341892029904761e+00   -4.539470484493719e+00
    2,7        2,7        1,8    
    1.420649411603692e+00   -9.716752791901534e-01    1.560466316851358e-01    9.400988010638086e-01   -1.249993679182634e+00
    2,7        2,7        1,9    
    9.870393921230410e-01   -1.355355314050555e-01    4.699430044294221e-01    2.346122890456835e-01   -2.163250323686175e-01
    2,7        2,7        1,10   
   -4.855069977865047e-01   -5.400537386768186e-01   -9.130677457541793e-01    7.485697812610673e-01   -8.135031804402653e-01
    2,7        2,7        1,11   
   -4.578852812902964e-01    2.578921409571051e-01   -6.113559942440593e-01   -3.335343238418575e-01   -7.845948777935917e-01
    2,7        2,7        1,12   
   -2.530989886106014e-01   -4.784387414537957e-01   -1.122545645599394e+00    4.097988256051911e-01    8.521922773819023e-02
    2,7        2,7        1,13   
    4.931733949446832e-02    6.789405754691995e-01    9.971255401230668e-01   -9.710195691785788e-01    6.412279822457632e-01
    1,24       1,24       1,19       1,19   
   -1.980325192243251e-01    6.432219326626597e-02   -2.634251908782341e-01   -7.171424248029072e-01    6.070789200249707e-03
    1,24       1,24       2,4        2,4    
    1.169961700061261e-01   -2.120805334354600e-01   -5.304577696140940e+00   -1.242395142413375e+00   -5.258085211716375e-01
    1,24       1,24       3,14       3,14   
   -3.772738190037997e-02    5.338089731781825e-02   -8.023597860705574e-02   -2.645381164343344e-01    9.278974287300211e-02
    1,24       1,24       5,2        5,2    
   -4.675281401380486e-02   -1.151917457968211e-02   -1.022501358194699e-01   -1.113251159527030e-01    1.525392207251315e-01
    1,24       1,24       7,8        7,8    
    1.211001212457759e-01   -1.228817289044490e-01   -3.175036013662081e-01    1.679070928671835e-01    2.762320928058022e-01
    1,24       1,24       8,2        8,2    
    1.033039977998042e-01    8.056133224978040e-02   -9.757290860047314e-02    5.656791684793452e-02   -3.487690589370619e-01
    2,7        2,7        1,19       1,19   
    9.123946500476227e-01    1.840403946695525e+00   -1.627538463417203e+00   -2.651429943608897e+00   -1.811844388659110e+00
    2,7        2,7        3,14       3,14   
   -1.439015263409870e+00    9.969007954258285e-01   -1.446683251233461e+00   -6.485966161406787e-01    9.137103100743240e-01
    2,7        2,7        5,2        5,2    
   -9.316219147009984e-01    7.599389021433988e-01   -1.158040013361971e+00   -4.987388682599020e-01    1.162425510120441e+00
    2,7        2,7        7,8        7,8    
    1.277745090875511e+00   -4.134571230477100e-01    1.245182902924466e+00    5.344201208908134e-01   -1.139831138008977e+00
    2,7        2,7        8,2        8,2    
   -1.304815185108624e+00   -4.174548310582575e-01    3.568283488619381e-01    9.509858286541181e-01   -2.131279041188332e+00
bias
    1.550767212225973e+00    2.144673348033113e+00   -3.351538914195519e-01   -3.653770258016986e-02    1.239824837158326e+00
