  -0.741860e-01   0.352074e-01  -0.146568e-06
   0.622760e-01  -0.138305e-01   0.889193e-07
  -0.259507e-01  -0.195371e-02   0.292506e-01
  -0.259506e-01  -0.195370e-02  -0.292503e-01
   0.206090e-01   0.933981e-03   0.141224e-01
   0.206090e-01   0.933974e-03  -0.141226e-01
  -0.242971e-02   0.733727e-04  -0.363956e-08
   0.118110e-01  -0.925456e-02   0.165074e-01
   0.118108e-01  -0.925466e-02  -0.165073e-01
  -0.972857e-03  -0.450707e-03  -0.306806e-02
  -0.972829e-03  -0.450728e-03   0.306791e-02
   0.143404e-02   0.142125e-03  -0.111187e-02
   0.143401e-02   0.142127e-03   0.111190e-02
   0.478766e-03  -0.284493e-03   0.205298e-09
  -0.751308e-01   0.349920e-01  -0.137567e-06
   0.577203e-01  -0.138630e-01   0.778272e-07
  -0.226394e-01  -0.192501e-02   0.321842e-01
  -0.226393e-01  -0.192500e-02  -0.321839e-01
   0.235116e-01   0.951022e-03   0.193541e-01
   0.235115e-01   0.951005e-03  -0.193543e-01
  -0.879515e-02   0.670038e-04   0.702348e-08
   0.117988e-01  -0.915570e-02   0.165744e-01
   0.117986e-01  -0.915581e-02  -0.165742e-01
  -0.153563e-02  -0.457054e-03  -0.242478e-02
  -0.153559e-02  -0.457079e-03   0.242462e-02
   0.178704e-02   0.136022e-03  -0.891293e-03
   0.178701e-02   0.136024e-03   0.891330e-03
   0.360952e-03  -0.294471e-03  -0.538532e-09
  -0.732139e-01   0.354295e-01  -0.150467e-06
   0.669421e-01  -0.138006e-01   0.912465e-07
  -0.293181e-01  -0.198185e-02   0.263660e-01
  -0.293180e-01  -0.198185e-02  -0.263658e-01
   0.178250e-01   0.917183e-03   0.915568e-02
   0.178250e-01   0.917178e-03  -0.915585e-02
   0.366687e-02   0.777401e-04   0.262225e-08
   0.118269e-01  -0.935549e-02   0.164376e-01
   0.118266e-01  -0.935561e-02  -0.164375e-01
  -0.408006e-03  -0.444588e-03  -0.370636e-02
  -0.407983e-03  -0.444604e-03   0.370621e-02
   0.107938e-02   0.148605e-03  -0.132943e-02
   0.107934e-02   0.148605e-03   0.132946e-02
   0.594757e-03  -0.274293e-03   0.183114e-08
  -0.742891e-01   0.351645e-01  -0.148763e-06
   0.632269e-01  -0.137708e-01   0.972517e-07
  -0.196826e-01  -0.194508e-02   0.292548e-01
  -0.196825e-01  -0.194507e-02  -0.292546e-01
   0.145855e-01   0.910270e-03   0.145328e-01
   0.145854e-01   0.910254e-03  -0.145330e-01
  -0.361535e-02   0.706950e-04   0.820498e-08
   0.117388e-01  -0.925991e-02   0.163821e-01
   0.117386e-01  -0.926001e-02  -0.163820e-01
  -0.754933e-03  -0.439875e-03  -0.314439e-02
  -0.754903e-03  -0.439901e-03   0.314423e-02
   0.120485e-02   0.140495e-03  -0.119096e-02
   0.120482e-02   0.140498e-03   0.119100e-02
   0.494554e-03  -0.276101e-03   0.443118e-09
  -0.740928e-01   0.352535e-01  -0.141431e-06
   0.613359e-01  -0.138929e-01   0.715719e-07
  -0.319687e-01  -0.196123e-02   0.292476e-01
  -0.319686e-01  -0.196126e-02  -0.292474e-01
   0.263840e-01   0.957154e-03   0.137051e-01
   0.263840e-01   0.957172e-03  -0.137052e-01
  -0.125103e-02   0.760488e-04  -0.356200e-08
   0.118842e-01  -0.924974e-02   0.166349e-01
   0.118840e-01  -0.924985e-02  -0.166348e-01
  -0.118778e-02  -0.461672e-03  -0.299228e-02
  -0.118776e-02  -0.461676e-03   0.299214e-02
   0.166079e-02   0.143678e-03  -0.103277e-02
   0.166077e-02   0.143675e-03   0.103281e-02
   0.462874e-03  -0.292905e-03   0.103867e-08
  -0.725835e-01   0.357451e-01  -0.152185e-06
   0.719880e-01  -0.139018e-01   0.110361e-06
  -0.313849e-01  -0.200946e-02   0.322184e-01
  -0.313848e-01  -0.200946e-02  -0.322181e-01
   0.199717e-01   0.959896e-03   0.151701e-01
   0.199716e-01   0.959887e-03  -0.151703e-01
  -0.229627e-02   0.644101e-04   0.454819e-08
   0.119431e-01  -0.944375e-02   0.164664e-01
   0.119429e-01  -0.944386e-02  -0.164663e-01
  -0.594990e-03  -0.469183e-03  -0.357758e-02
  -0.594967e-03  -0.469205e-03   0.357743e-02
   0.126277e-02   0.154682e-03  -0.118264e-02
   0.126273e-02   0.154684e-03   0.118267e-02
   0.496642e-03  -0.291921e-03   0.394469e-08
  -0.757399e-01   0.346896e-01  -0.137682e-06
   0.528006e-01  -0.137676e-01   0.651889e-07
  -0.206418e-01  -0.189977e-02   0.264651e-01
  -0.206418e-01  -0.189976e-02  -0.264649e-01
   0.212146e-01   0.909592e-03   0.130989e-01
   0.212145e-01   0.909579e-03  -0.130990e-01
  -0.255805e-02   0.821841e-04  -0.390316e-08
   0.116872e-01  -0.907051e-02   0.165437e-01
   0.116870e-01  -0.907062e-02  -0.165436e-01
  -0.134382e-02  -0.432806e-03  -0.256984e-02
  -0.134379e-02  -0.432825e-03   0.256969e-02
   0.160130e-02   0.130181e-03  -0.104245e-02
   0.160128e-02   0.130183e-03   0.104248e-02
   0.462716e-03  -0.277435e-03   0.330982e-09
  -0.741951e-01   0.352134e-01  -0.146858e-06
   0.622754e-01  -0.138301e-01   0.934218e-07
  -0.259689e-01  -0.195456e-02   0.292924e-01
  -0.259688e-01  -0.195455e-02  -0.292921e-01
   0.208267e-01   0.933498e-03   0.140129e-01
   0.208266e-01   0.933485e-03  -0.140131e-01
   0.474292e-02   0.874856e-04   0.122565e-08
   0.118097e-01  -0.925721e-02   0.165053e-01
   0.118095e-01  -0.925732e-02  -0.165051e-01
  -0.960239e-03  -0.450242e-03  -0.305782e-02
  -0.960210e-03  -0.450263e-03   0.305766e-02
   0.140154e-02   0.142254e-03  -0.107257e-02
   0.140151e-02   0.142255e-03   0.107260e-02
  -0.704051e-02  -0.298039e-03   0.124065e-08
  -0.741775e-01   0.352017e-01  -0.144316e-06
   0.622771e-01  -0.138310e-01   0.850635e-07
  -0.259334e-01  -0.195283e-02   0.292073e-01
  -0.259333e-01  -0.195282e-02  -0.292070e-01
   0.203898e-01   0.934455e-03   0.142287e-01
   0.203897e-01   0.934450e-03  -0.142289e-01
  -0.919454e-02   0.598510e-04  -0.725414e-08
   0.118124e-01  -0.925194e-02   0.165097e-01
   0.118122e-01  -0.925205e-02  -0.165096e-01
  -0.985107e-03  -0.451176e-03  -0.307690e-02
  -0.985078e-03  -0.451197e-03   0.307675e-02
   0.146564e-02   0.141998e-03  -0.114985e-02
   0.146561e-02   0.141999e-03   0.114988e-02
   0.759649e-02  -0.271507e-03   0.172676e-08
  -0.741839e-01   0.352177e-01  -0.140889e-06
   0.623029e-01  -0.138308e-01   0.759832e-07
  -0.259319e-01  -0.195447e-02   0.290766e-01
  -0.259318e-01  -0.195446e-02  -0.290764e-01
   0.230399e-01   0.933310e-03   0.978190e-02
   0.230398e-01   0.933303e-03  -0.978208e-02
  -0.213770e-02   0.727597e-04  -0.124267e-08
   0.118080e-01  -0.925890e-02   0.164990e-01
   0.118077e-01  -0.925901e-02  -0.164988e-01
  -0.959478e-03  -0.451392e-03  -0.302382e-02
  -0.959450e-03  -0.451413e-03   0.302367e-02
  -0.115134e-02   0.143906e-03   0.346008e-02
  -0.115137e-02   0.143904e-03  -0.346005e-02
   0.408573e-03  -0.284398e-03   0.180327e-08
  -0.741885e-01   0.351973e-01  -0.149186e-06
   0.622489e-01  -0.138302e-01   0.958529e-07
  -0.259714e-01  -0.195293e-02   0.294242e-01
  -0.259713e-01  -0.195292e-02  -0.294239e-01
   0.182795e-01   0.934576e-03   0.182849e-01
   0.182795e-01   0.934566e-03  -0.182851e-01
  -0.272072e-02   0.739503e-04   0.632444e-08
   0.118141e-01  -0.925021e-02   0.165159e-01
   0.118139e-01  -0.925032e-02  -0.165158e-01
  -0.985844e-03  -0.450029e-03  -0.311116e-02
  -0.985815e-03  -0.450050e-03   0.311101e-02
   0.391976e-02   0.140450e-03  -0.550881e-02
   0.391974e-02   0.140453e-03   0.550884e-02
   0.548351e-03  -0.284576e-03   0.133278e-08
  -0.741945e-01   0.351856e-01  -0.147740e-06
   0.620131e-01  -0.138244e-01   0.946220e-07
  -0.283682e-01  -0.194142e-02   0.248706e-01
  -0.283681e-01  -0.194142e-02  -0.248704e-01
   0.206088e-01   0.935032e-03   0.139594e-01
   0.206088e-01   0.935023e-03  -0.139595e-01
  -0.246058e-02   0.753007e-04   0.195615e-08
   0.118185e-01  -0.924506e-02   0.165100e-01
   0.118182e-01  -0.924517e-02  -0.165099e-01
   0.161113e-02  -0.465726e-03   0.151926e-02
   0.161116e-02  -0.465750e-03  -0.151942e-02
   0.142182e-02   0.141558e-03  -0.106748e-02
   0.142179e-02   0.141560e-03   0.106751e-02
   0.458120e-03  -0.285115e-03  -0.280766e-09
  -0.741778e-01   0.352296e-01  -0.143419e-06
   0.625394e-01  -0.138367e-01   0.851754e-07
  -0.236356e-01  -0.196529e-02   0.334514e-01
  -0.236355e-01  -0.196528e-02  -0.334512e-01
   0.206106e-01   0.932946e-03   0.142852e-01
   0.206106e-01   0.932940e-03  -0.142854e-01
  -0.239801e-02   0.714482e-04  -0.135420e-08
   0.118032e-01  -0.926424e-02   0.165050e-01
   0.118030e-01  -0.926434e-02  -0.165048e-01
  -0.345567e-02  -0.436319e-03  -0.747812e-02
  -0.345564e-02  -0.436337e-03   0.747798e-02
   0.144622e-02   0.142685e-03  -0.115591e-02
   0.144619e-02   0.142686e-03   0.115594e-02
   0.498923e-03  -0.283870e-03   0.887572e-09
  -0.683775e-01   0.358182e-01  -0.157859e-06
   0.571064e-01  -0.140705e-01   0.102122e-06
  -0.268035e-01  -0.184462e-02   0.293775e-01
  -0.268034e-01  -0.184460e-02  -0.293772e-01
   0.208498e-01   0.909486e-03   0.142831e-01
   0.208498e-01   0.909465e-03  -0.142833e-01
  -0.258371e-02   0.697243e-04   0.144838e-07
   0.121474e-01  -0.952406e-02   0.162773e-01
   0.121472e-01  -0.952417e-02  -0.162772e-01
  -0.937722e-03  -0.445543e-03  -0.308229e-02
  -0.937690e-03  -0.445570e-03   0.308213e-02
   0.142627e-02   0.133959e-03  -0.111933e-02
   0.142624e-02   0.133962e-03   0.111936e-02
   0.490488e-03  -0.275719e-03   0.884395e-09
  -0.795752e-01   0.345837e-01  -0.128909e-06
   0.670274e-01  -0.135737e-01   0.712502e-07
  -0.251037e-01  -0.206201e-02   0.291290e-01
  -0.251036e-01  -0.206202e-02  -0.291288e-01
   0.203645e-01   0.958630e-03   0.139588e-01
   0.203645e-01   0.958623e-03  -0.139589e-01
  -0.227587e-02   0.772824e-04  -0.114829e-07
   0.114832e-01  -0.898730e-02   0.167299e-01
   0.114830e-01  -0.898740e-02  -0.167298e-01
  -0.100751e-02  -0.456634e-03  -0.305417e-02
  -0.100749e-02  -0.456649e-03   0.305402e-02
   0.144177e-02   0.150428e-03  -0.110422e-02
   0.144174e-02   0.150429e-03   0.110425e-02
   0.467378e-03  -0.293427e-03  -0.516687e-09
  -0.788451e-01   0.307513e-01  -0.147136e-06
   0.623845e-01  -0.138948e-01   0.818468e-07
  -0.260247e-01  -0.198294e-02   0.292830e-01
  -0.260246e-01  -0.198294e-02  -0.292828e-01
   0.207287e-01   0.908152e-03   0.141526e-01
   0.207286e-01   0.908147e-03  -0.141527e-01
  -0.242865e-02   0.112398e-03  -0.587365e-08
   0.140244e-01  -0.697499e-02   0.213360e-01
   0.140242e-01  -0.697510e-02  -0.213359e-01
  -0.968069e-03  -0.434897e-03  -0.306036e-02
  -0.968040e-03  -0.434918e-03   0.306021e-02
   0.144262e-02   0.138343e-03  -0.111826e-02
   0.144259e-02   0.138344e-03   0.111830e-02
   0.483635e-03  -0.276050e-03   0.203666e-08
  -0.697306e-01   0.394344e-01  -0.142522e-06
   0.621755e-01  -0.137735e-01   0.845027e-07
  -0.258777e-01  -0.192234e-02   0.292204e-01
  -0.258776e-01  -0.192232e-02  -0.292201e-01
   0.204885e-01   0.960937e-03   0.140909e-01
   0.204884e-01   0.960923e-03  -0.140911e-01
  -0.243215e-02   0.339159e-04   0.577406e-09
   0.969856e-02  -0.114177e-01   0.119118e-01
   0.969835e-02  -0.114178e-01  -0.119117e-01
  -0.977628e-03  -0.467531e-03  -0.307631e-02
  -0.977599e-03  -0.467554e-03   0.307616e-02
   0.142514e-02   0.145904e-03  -0.110523e-02
   0.142511e-02   0.145906e-03   0.110526e-02
   0.473703e-03  -0.293233e-03   0.128451e-08
  -0.760489e-01   0.346197e-01  -0.132700e-06
   0.538400e-01  -0.137611e-01   0.701772e-07
  -0.207097e-01  -0.190472e-02   0.345208e-01
  -0.207096e-01  -0.190473e-02  -0.345205e-01
   0.206376e-01   0.924671e-03   0.133101e-01
   0.206376e-01   0.924674e-03  -0.133103e-01
  -0.680402e-03   0.909864e-04   0.343347e-08
   0.117215e-01  -0.902318e-02   0.165940e-01
   0.117213e-01  -0.902328e-02  -0.165938e-01
  -0.231706e-02  -0.459001e-03  -0.163354e-02
  -0.231702e-02  -0.459024e-03   0.163339e-02
   0.180991e-02   0.131569e-03  -0.911965e-03
   0.180989e-02   0.131570e-03   0.912004e-03
   0.604877e-03  -0.288200e-03   0.932576e-09
  -0.722074e-01   0.358073e-01  -0.153536e-06
   0.710474e-01  -0.139019e-01   0.102309e-06
  -0.313272e-01  -0.200462e-02   0.240891e-01
  -0.313271e-01  -0.200462e-02  -0.240889e-01
   0.205033e-01   0.943176e-03   0.150402e-01
   0.205033e-01   0.943166e-03  -0.150404e-01
  -0.422860e-02   0.553400e-04   0.178944e-07
   0.119125e-01  -0.948939e-02   0.164152e-01
   0.119122e-01  -0.948952e-02  -0.164151e-01
   0.377954e-03  -0.442928e-03  -0.444937e-02
   0.377970e-03  -0.442950e-03   0.444922e-02
   0.104944e-02   0.153402e-03  -0.131484e-02
   0.104941e-02   0.153405e-03   0.131485e-02
   0.356825e-03  -0.279879e-03   0.696798e-08
  -0.759461e-01   0.345918e-01  -0.127948e-06
   0.535540e-01  -0.137193e-01   0.649969e-07
  -0.205567e-01  -0.190507e-02   0.355338e-01
  -0.205566e-01  -0.190508e-02  -0.355335e-01
   0.216775e-01   0.919215e-03   0.109725e-01
   0.216775e-01   0.919220e-03  -0.109727e-01
  -0.357299e-02   0.836618e-04   0.342117e-08
   0.117076e-01  -0.902165e-02   0.165754e-01
   0.117074e-01  -0.902176e-02  -0.165753e-01
  -0.223665e-02  -0.461094e-03  -0.160720e-02
  -0.223661e-02  -0.461116e-03   0.160705e-02
   0.220777e-02   0.134051e-03  -0.893320e-03
   0.220775e-02   0.134051e-03   0.893363e-03
   0.366202e-03  -0.286924e-03   0.697161e-09
  -0.723129e-01   0.358384e-01  -0.146117e-06
   0.713171e-01  -0.139469e-01   0.102488e-06
  -0.314518e-01  -0.200381e-02   0.230424e-01
  -0.314517e-01  -0.200381e-02  -0.230422e-01
   0.194477e-01   0.950097e-03   0.173541e-01
   0.194477e-01   0.950088e-03  -0.173543e-01
  -0.132459e-02   0.617800e-04   0.236421e-07
   0.119258e-01  -0.949183e-02   0.164339e-01
   0.119256e-01  -0.949194e-02  -0.164337e-01
   0.302378e-03  -0.441099e-03  -0.446827e-02
   0.302398e-03  -0.441120e-03   0.446812e-02
   0.640057e-03   0.150988e-03  -0.133144e-02
   0.640029e-03   0.150989e-03   0.133145e-02
   0.592179e-03  -0.281855e-03   0.832161e-08
  -0.741967e-01   0.351880e-01  -0.146664e-06
   0.620945e-01  -0.138225e-01   0.871549e-07
  -0.261267e-01  -0.194970e-02   0.297002e-01
  -0.261266e-01  -0.194970e-02  -0.297000e-01
   0.196691e-01   0.925867e-03   0.136988e-01
   0.196690e-01   0.925868e-03  -0.136990e-01
  -0.178665e-02   0.729629e-04   0.159389e-08
   0.118082e-01  -0.924848e-02   0.165112e-01
   0.118080e-01  -0.924859e-02  -0.165110e-01
  -0.953982e-03  -0.451507e-03  -0.306493e-02
  -0.953952e-03  -0.451528e-03   0.306478e-02
   0.230189e-02   0.146309e-03  -0.596194e-03
   0.230186e-02   0.146311e-03   0.596228e-03
   0.492142e-03  -0.283378e-03   0.179838e-08
  -0.741754e-01   0.352270e-01  -0.146164e-06
   0.624586e-01  -0.138387e-01   0.880712e-07
  -0.257722e-01  -0.195767e-02   0.287978e-01
  -0.257721e-01  -0.195765e-02  -0.287975e-01
   0.215515e-01   0.942107e-03   0.145406e-01
   0.215515e-01   0.942087e-03  -0.145408e-01
  -0.306882e-02   0.737829e-04   0.854921e-09
   0.118139e-01  -0.926066e-02   0.165036e-01
   0.118137e-01  -0.926077e-02  -0.165035e-01
  -0.991372e-03  -0.449891e-03  -0.307141e-02
  -0.991344e-03  -0.449912e-03   0.307125e-02
   0.558225e-03   0.137936e-03  -0.161325e-02
   0.558194e-03   0.137939e-03   0.161328e-02
   0.465485e-03  -0.285628e-03   0.817101e-09
  -0.741134e-01   0.352235e-01  -0.144705e-06
   0.628428e-01  -0.138306e-01   0.874064e-07
  -0.268949e-01  -0.196461e-02   0.296960e-01
  -0.268948e-01  -0.196460e-02  -0.296958e-01
   0.204506e-01   0.939083e-03   0.136666e-01
   0.204505e-01   0.939067e-03  -0.136668e-01
  -0.263293e-02   0.741359e-04   0.288844e-08
   0.118033e-01  -0.926515e-02   0.165175e-01
   0.118031e-01  -0.926525e-02  -0.165174e-01
  -0.937907e-04  -0.441618e-03  -0.358862e-02
  -0.937649e-04  -0.441637e-03   0.358847e-02
   0.145197e-02   0.141939e-03  -0.111420e-02
   0.145194e-02   0.141940e-03   0.111424e-02
   0.469437e-03  -0.286221e-03  -0.900611e-10
  -0.742589e-01   0.351911e-01  -0.144361e-06
   0.617050e-01  -0.138306e-01   0.830317e-07
  -0.250088e-01  -0.194258e-02   0.287987e-01
  -0.250087e-01  -0.194258e-02  -0.287985e-01
   0.207650e-01   0.928868e-03   0.145751e-01
   0.207650e-01   0.928862e-03  -0.145752e-01
  -0.222713e-02   0.725860e-04  -0.129960e-08
   0.118191e-01  -0.924371e-02   0.164974e-01
   0.118189e-01  -0.924381e-02  -0.164973e-01
  -0.184451e-02  -0.460013e-03  -0.253276e-02
  -0.184448e-02  -0.460034e-03   0.253261e-02
   0.141575e-02   0.142318e-03  -0.110973e-02
   0.141572e-02   0.142320e-03   0.110977e-02
   0.487897e-03  -0.282769e-03   0.883497e-09
  -0.751252e-01   0.350879e-01  -0.146028e-06
   0.618718e-01  -0.141825e-01   0.904540e-07
  -0.260983e-01  -0.193509e-02   0.292474e-01
  -0.260982e-01  -0.193508e-02  -0.292472e-01
   0.206557e-01   0.937993e-03   0.141854e-01
   0.206557e-01   0.937986e-03  -0.141855e-01
  -0.245772e-02   0.731004e-04   0.117270e-08
   0.126069e-01  -0.903169e-02   0.160819e-01
   0.126067e-01  -0.903179e-02  -0.160818e-01
  -0.977273e-03  -0.457696e-03  -0.306085e-02
  -0.977244e-03  -0.457717e-03   0.306070e-02
   0.142933e-02   0.139634e-03  -0.111367e-02
   0.142931e-02   0.139635e-03   0.111370e-02
   0.478679e-03  -0.284697e-03  -0.219131e-09
  -0.732407e-01   0.353148e-01  -0.145962e-06
   0.626722e-01  -0.134835e-01   0.853750e-07
  -0.258038e-01  -0.197161e-02   0.292539e-01
  -0.258037e-01  -0.197160e-02  -0.292536e-01
   0.205621e-01   0.929994e-03   0.140594e-01
   0.205620e-01   0.929990e-03  -0.140596e-01
  -0.240184e-02   0.736526e-04  -0.287827e-08
   0.110173e-01  -0.946938e-02   0.169502e-01
   0.110171e-01  -0.946949e-02  -0.169501e-01
  -0.968412e-03  -0.443792e-03  -0.307519e-02
  -0.968383e-03  -0.443814e-03   0.307504e-02
   0.143874e-02   0.144514e-03  -0.111004e-02
   0.143871e-02   0.144514e-03   0.111008e-02
   0.478818e-03  -0.284266e-03   0.102814e-08
  -0.742532e-01   0.347976e-01  -0.145578e-06
   0.622648e-01  -0.136419e-01   0.851816e-07
  -0.259281e-01  -0.199691e-02   0.292253e-01
  -0.259280e-01  -0.199689e-02  -0.292251e-01
   0.205952e-01   0.904853e-03   0.141164e-01
   0.205951e-01   0.904835e-03  -0.141166e-01
  -0.242600e-02   0.636315e-04   0.278205e-08
   0.118331e-01  -0.921238e-02   0.164999e-01
   0.118329e-01  -0.921249e-02  -0.164997e-01
  -0.965200e-03  -0.327470e-03  -0.307443e-02
  -0.965171e-03  -0.327493e-03   0.307428e-02
   0.143509e-02   0.279388e-03  -0.111173e-02
   0.143507e-02   0.279390e-03   0.111176e-02
   0.474434e-03  -0.514138e-03   0.107364e-08
  -0.741113e-01   0.356180e-01  -0.144834e-06
   0.623242e-01  -0.140191e-01   0.827109e-07
  -0.259972e-01  -0.191056e-02   0.292579e-01
  -0.259971e-01  -0.191056e-02  -0.292576e-01
   0.206244e-01   0.963249e-03   0.141374e-01
   0.206243e-01   0.963246e-03  -0.141376e-01
  -0.243903e-02   0.828915e-04   0.211656e-08
   0.117886e-01  -0.929725e-02   0.165143e-01
   0.117884e-01  -0.929735e-02  -0.165142e-01
  -0.974227e-03  -0.573707e-03  -0.306644e-02
  -0.974199e-03  -0.573726e-03   0.306629e-02
   0.143210e-02   0.490273e-05  -0.111139e-02
   0.143208e-02   0.490441e-05   0.111142e-02
   0.479134e-03  -0.549175e-04   0.115363e-08
  -0.741679e-01   0.352017e-01  -0.142665e-06
   0.622451e-01  -0.138989e-01   0.844706e-07
  -0.259349e-01  -0.165956e-02   0.292393e-01
  -0.259348e-01  -0.165955e-02  -0.292391e-01
   0.206025e-01   0.126671e-02   0.141176e-01
   0.206025e-01   0.126670e-02  -0.141178e-01
  -0.241310e-02  -0.190316e-02   0.441744e-09
   0.118127e-01  -0.924914e-02   0.165161e-01
   0.118125e-01  -0.924925e-02  -0.165160e-01
  -0.975283e-03  -0.491647e-03  -0.306758e-02
  -0.975255e-03  -0.491667e-03   0.306743e-02
   0.143524e-02   0.368596e-06  -0.111064e-02
   0.143521e-02   0.370690e-06   0.111068e-02
   0.455507e-03   0.866980e-03   0.837085e-10
  -0.742082e-01   0.352125e-01  -0.147102e-06
   0.623124e-01  -0.137621e-01   0.911602e-07
  -0.259737e-01  -0.224762e-02   0.292679e-01
  -0.259736e-01  -0.224760e-02  -0.292676e-01
   0.206416e-01   0.601135e-03   0.141398e-01
   0.206416e-01   0.601119e-03  -0.141400e-01
  -0.242859e-02   0.204975e-02   0.199092e-08
   0.118089e-01  -0.925976e-02   0.164989e-01
   0.118087e-01  -0.925987e-02  -0.164988e-01
  -0.969939e-03  -0.409731e-03  -0.306833e-02
  -0.969911e-03  -0.409753e-03   0.306818e-02
   0.143209e-02   0.283852e-03  -0.111285e-02
   0.143206e-02   0.283853e-03   0.111289e-02
   0.446476e-03  -0.143580e-02   0.504683e-09
  -0.741860e-01   0.351996e-01  -0.144990e-06
   0.623236e-01  -0.132087e-01   0.866034e-07
  -0.259592e-01  -0.185675e-02   0.292519e-01
  -0.259591e-01  -0.185674e-02  -0.292516e-01
   0.206166e-01  -0.225122e-03   0.141156e-01
   0.206166e-01  -0.225143e-03  -0.141158e-01
  -0.242820e-02   0.300358e-03  -0.867435e-09
   0.118005e-01  -0.927053e-02   0.165084e-01
   0.118002e-01  -0.927064e-02  -0.165083e-01
  -0.974191e-03  -0.619910e-03  -0.306895e-02
  -0.974162e-03  -0.619933e-03   0.306880e-02
   0.142244e-02   0.106881e-02  -0.109945e-02
   0.142241e-02   0.106881e-02   0.109948e-02
   0.478484e-03  -0.484048e-03   0.116170e-08
  -0.741861e-01   0.352163e-01  -0.148600e-06
   0.622354e-01  -0.144529e-01   0.897385e-07
  -0.259308e-01  -0.205077e-02   0.292356e-01
  -0.259307e-01  -0.205077e-02  -0.292354e-01
   0.206198e-01   0.209338e-02   0.141235e-01
   0.206197e-01   0.209338e-02  -0.141236e-01
  -0.243740e-02  -0.153537e-03   0.634397e-08
   0.118220e-01  -0.923883e-02   0.165069e-01
   0.118218e-01  -0.923894e-02  -0.165068e-01
  -0.972173e-03  -0.281507e-03  -0.306686e-02
  -0.972144e-03  -0.281528e-03   0.306671e-02
   0.141605e-02  -0.784681e-03  -0.110529e-02
   0.141602e-02  -0.784684e-03   0.110532e-02
   0.478678e-03  -0.849849e-04   0.684112e-09
  -0.741797e-01   0.350552e-01  -0.148124e-06
   0.622115e-01  -0.137012e-01   0.900393e-07
  -0.259033e-01  -0.309358e-02   0.292151e-01
  -0.259032e-01  -0.309356e-02  -0.292149e-01
   0.205780e-01   0.111439e-02   0.141147e-01
   0.205780e-01   0.111437e-02  -0.141149e-01
  -0.242077e-02   0.616065e-03   0.322934e-09
   0.118122e-01  -0.923100e-02   0.165388e-01
   0.118120e-01  -0.923111e-02  -0.165387e-01
  -0.964665e-03   0.423596e-03  -0.305555e-02
  -0.964634e-03   0.423571e-03   0.305540e-02
   0.143359e-02  -0.270613e-04  -0.111357e-02
   0.143356e-02  -0.270593e-04   0.111360e-02
   0.477444e-03  -0.342574e-03   0.128507e-08
  -0.741965e-01   0.353612e-01  -0.142949e-06
   0.623334e-01  -0.139616e-01   0.874112e-07
  -0.259850e-01  -0.812627e-03   0.292714e-01
  -0.259849e-01  -0.812628e-03  -0.292712e-01
   0.206321e-01   0.753456e-03   0.141309e-01
   0.206321e-01   0.753434e-03  -0.141311e-01
  -0.243916e-02  -0.469681e-03   0.392253e-08
   0.118099e-01  -0.927858e-02   0.164772e-01
   0.118097e-01  -0.927868e-02  -0.164771e-01
  -0.980478e-03  -0.132527e-02  -0.304645e-02
  -0.980449e-03  -0.132529e-02   0.304630e-02
   0.143467e-02   0.311318e-03  -0.111023e-02
   0.143464e-02   0.311319e-03   0.111026e-02
   0.480098e-03  -0.226299e-03   0.864453e-09
  -0.742938e-01   0.345197e-01  -0.148344e-06
   0.621865e-01  -0.141226e-01   0.912552e-07
  -0.258779e-01  -0.117004e-02   0.292171e-01
  -0.258778e-01  -0.117003e-02  -0.292168e-01
   0.205729e-01   0.541915e-03   0.140972e-01
   0.205728e-01   0.541906e-03  -0.140974e-01
  -0.241808e-02   0.253907e-03  -0.314091e-08
   0.118600e-01  -0.916683e-02   0.165051e-01
   0.118598e-01  -0.916694e-02  -0.165050e-01
  -0.967755e-03  -0.402858e-03  -0.307291e-02
  -0.967725e-03  -0.402880e-03   0.307276e-02
   0.143706e-02   0.839967e-06  -0.111214e-02
   0.143703e-02   0.842328e-06   0.111217e-02
   0.476980e-03  -0.256982e-03   0.370968e-09
  -0.740732e-01   0.358918e-01  -0.145736e-06
   0.623891e-01  -0.135375e-01   0.845232e-07
  -0.260287e-01  -0.273725e-02   0.292872e-01
  -0.260286e-01  -0.273725e-02  -0.292870e-01
   0.206385e-01   0.132635e-02   0.141532e-01
   0.206384e-01   0.132634e-02  -0.141534e-01
  -0.244414e-02  -0.107765e-03  -0.154131e-08
   0.117602e-01  -0.934148e-02   0.165089e-01
   0.117600e-01  -0.934159e-02  -0.165088e-01
  -0.975270e-03  -0.498129e-03  -0.306485e-02
  -0.975241e-03  -0.498147e-03   0.306470e-02
   0.142891e-02   0.283232e-03  -0.111172e-02
   0.142888e-02   0.283234e-03   0.111175e-02
   0.481184e-03  -0.311802e-03   0.145351e-08
  -0.747561e-01   0.360167e-01  -0.152203e-06
   0.623113e-01  -0.163059e-01   0.851022e-07
  -0.259694e-01  -0.153920e-02   0.292391e-01
  -0.259693e-01  -0.153920e-02  -0.292388e-01
   0.205640e-01   0.118338e-02   0.141266e-01
   0.205640e-01   0.118337e-02  -0.141268e-01
  -0.242571e-02   0.108134e-03  -0.203784e-08
   0.121530e-01  -0.898253e-02   0.154007e-01
   0.121527e-01  -0.898263e-02  -0.154006e-01
  -0.986101e-03  -0.523444e-03  -0.305123e-02
  -0.986074e-03  -0.523461e-03   0.305108e-02
   0.143161e-02   0.964079e-04  -0.111022e-02
   0.143158e-02   0.964095e-04   0.111025e-02
   0.484545e-03  -0.288004e-03   0.143399e-08
  -0.735826e-01   0.343939e-01  -0.141812e-06
   0.622020e-01  -0.113435e-01   0.830986e-07
  -0.259369e-01  -0.236890e-02   0.292718e-01
  -0.259368e-01  -0.236889e-02  -0.292715e-01
   0.206405e-01   0.684641e-03   0.141088e-01
   0.206404e-01   0.684627e-03  -0.141090e-01
  -0.242779e-02   0.376167e-04   0.229629e-08
   0.114857e-01  -0.952976e-02   0.176582e-01
   0.114855e-01  -0.952987e-02  -0.176581e-01
  -0.958555e-03  -0.377528e-03  -0.308445e-02
  -0.958524e-03  -0.377551e-03   0.308430e-02
   0.143692e-02   0.188158e-03  -0.111286e-02
   0.143689e-02   0.188159e-03   0.111290e-02
   0.473082e-03  -0.281128e-03   0.148569e-08
  -0.749239e-01   0.346589e-01  -0.152423e-06
   0.623818e-01  -0.139123e-01   0.884753e-07
  -0.258688e-01  -0.190493e-02   0.292127e-01
  -0.258687e-01  -0.190492e-02  -0.292125e-01
   0.205451e-01   0.934195e-03   0.140807e-01
   0.205451e-01   0.934178e-03  -0.140809e-01
  -0.241522e-02   0.774820e-04  -0.139111e-08
   0.121068e-01  -0.898792e-02   0.157829e-01
   0.121065e-01  -0.898803e-02  -0.157828e-01
  -0.980709e-03  -0.449343e-03  -0.305544e-02
  -0.980680e-03  -0.449365e-03   0.305529e-02
   0.143621e-02   0.137065e-03  -0.111012e-02
   0.143618e-02   0.137068e-03   0.111016e-02
   0.480421e-03  -0.282026e-03   0.584214e-09
  -0.734489e-01   0.357477e-01  -0.141100e-06
   0.621685e-01  -0.137442e-01   0.870918e-07
  -0.260329e-01  -0.200241e-02   0.292892e-01
  -0.260328e-01  -0.200241e-02  -0.292890e-01
   0.206722e-01   0.933756e-03   0.141644e-01
   0.206722e-01   0.933747e-03  -0.141645e-01
  -0.244429e-02   0.692532e-04   0.790102e-09
   0.115177e-01  -0.951933e-02   0.172496e-01
   0.115175e-01  -0.951944e-02  -0.172495e-01
  -0.964944e-03  -0.452015e-03  -0.308077e-02
  -0.964915e-03  -0.452035e-03   0.308062e-02
   0.143175e-02   0.147170e-03  -0.111360e-02
   0.143172e-02   0.147171e-03   0.111363e-02
   0.477061e-03  -0.286950e-03   0.975796e-09
  -0.741839e-01   0.352027e-01   0.167123e-03
   0.622831e-01  -0.138310e-01  -0.163056e-03
  -0.240081e-01  -0.201372e-02   0.295070e-01
  -0.278382e-01  -0.188982e-02  -0.289754e-01
   0.216734e-01   0.999030e-03   0.178244e-01
   0.196080e-01   0.868539e-03  -0.105901e-01
  -0.255438e-02   0.726960e-04  -0.788508e-02
   0.118070e-01  -0.927050e-02   0.165010e-01
   0.118101e-01  -0.923593e-02  -0.165064e-01
  -0.106231e-02  -0.441890e-03  -0.294141e-02
  -0.880789e-03  -0.459692e-03   0.319636e-02
   0.159412e-02   0.129202e-03  -0.980556e-03
   0.127452e-02   0.154968e-03   0.124125e-02
   0.477517e-03  -0.284512e-03  -0.395110e-03
  -0.741871e-01   0.352111e-01  -0.196398e-03
   0.623023e-01  -0.138311e-01  -0.134264e-02
  -0.200991e-01  -0.193133e-02   0.304622e-01
  -0.315762e-01  -0.197613e-02  -0.280014e-01
   0.162287e-01   0.911164e-03   0.145141e-01
   0.247485e-01   0.957188e-03  -0.137636e-01
  -0.244226e-02   0.728855e-04  -0.196441e-02
   0.117726e-01  -0.923946e-02   0.165534e-01
   0.118488e-01  -0.927252e-02  -0.164585e-01
  -0.107038e-02  -0.459981e-03  -0.286857e-02
  -0.868864e-03  -0.441423e-03   0.326886e-02
   0.128107e-02   0.141929e-03  -0.114984e-02
   0.158375e-02   0.142155e-03   0.107370e-02
   0.478213e-03  -0.284530e-03  -0.126885e-03
  -0.741723e-01   0.351981e-01  -0.564889e-03
   0.623848e-01  -0.138030e-01  -0.959932e-02
  -0.280957e-01  -0.201042e-02   0.342053e-01
  -0.239126e-01  -0.190652e-02  -0.244724e-01
   0.200418e-01   0.956503e-03   0.138761e-01
   0.211695e-01   0.906214e-03  -0.143681e-01
  -0.242680e-02   0.730872e-04   0.389590e-03
   0.117850e-01  -0.924973e-02   0.165349e-01
   0.118282e-01  -0.926490e-02  -0.164997e-01
  -0.129052e-02  -0.447056e-03  -0.281095e-02
  -0.657776e-03  -0.453206e-03   0.331897e-02
   0.142481e-02   0.146536e-03  -0.112591e-02
   0.144286e-02   0.138917e-03   0.109792e-02
   0.478698e-03  -0.284541e-03   0.186255e-04
  -0.741862e-01   0.352075e-01  -0.574834e-05
   0.622757e-01  -0.138305e-01   0.323775e-04
  -0.259178e-01  -0.195419e-02   0.290944e-01
  -0.259858e-01  -0.195317e-02  -0.294058e-01
   0.230790e-01   0.934142e-03   0.977103e-02
   0.182395e-01   0.933739e-03  -0.182967e-01
  -0.242865e-02   0.733313e-04  -0.180540e-03
   0.118070e-01  -0.925525e-02   0.165028e-01
   0.118148e-01  -0.925399e-02  -0.165120e-01
  -0.964431e-03  -0.451623e-03  -0.303062e-02
  -0.980484e-03  -0.449821e-03   0.310348e-02
  -0.114969e-02   0.143832e-03   0.343074e-02
   0.391938e-02   0.140506e-03   0.548123e-02
   0.477673e-03  -0.284492e-03   0.152540e-04
  -0.741861e-01   0.352076e-01   0.377998e-04
   0.622763e-01  -0.138305e-01  -0.183599e-03
  -0.284188e-01  -0.192475e-02   0.248734e-01
  -0.235835e-01  -0.198162e-02  -0.334504e-01
   0.206211e-01   0.924708e-03   0.139825e-01
   0.205987e-01   0.943159e-03  -0.142615e-01
  -0.242875e-02   0.732880e-04   0.556285e-05
   0.118197e-01  -0.925315e-02   0.165130e-01
   0.118018e-01  -0.925623e-02  -0.165018e-01
   0.160519e-02  -0.470953e-03   0.147992e-02
  -0.345129e-02  -0.431293e-03   0.744155e-02
   0.142578e-02   0.143237e-03  -0.107467e-02
   0.144176e-02   0.141060e-03   0.114772e-02
   0.478164e-03  -0.284492e-03  -0.941217e-05
  -0.742815e-01   0.350644e-01  -0.890192e-02
   0.622686e-01  -0.138295e-01  -0.113360e-03
  -0.259231e-01  -0.228982e-02   0.292169e-01
  -0.259125e-01  -0.160889e-02  -0.292827e-01
   0.205544e-01   0.111356e-02   0.141276e-01
   0.206079e-01   0.753998e-03  -0.141276e-01
  -0.243601e-02   0.735920e-04   0.295298e-04
   0.141890e-01  -0.684424e-02   0.211335e-01
   0.953269e-02  -0.115279e-01  -0.120966e-01
  -0.977710e-03  -0.310625e-03  -0.305399e-02
  -0.966751e-03  -0.592384e-03   0.308013e-02
   0.143219e-02   0.117260e-03  -0.111864e-02
   0.143423e-02   0.165274e-03   0.110499e-02
   0.478575e-03  -0.284671e-03   0.223942e-05
  -0.741847e-01   0.352067e-01   0.188692e-03
   0.622833e-01  -0.138306e-01  -0.106660e-02
  -0.248099e-01  -0.195612e-02   0.311319e-01
  -0.270710e-01  -0.195080e-02  -0.273689e-01
   0.206401e-01   0.945057e-03   0.119480e-01
   0.205645e-01   0.923218e-03  -0.163060e-01
  -0.243824e-02   0.730417e-04   0.650288e-03
   0.118231e-01  -0.926538e-02   0.165178e-01
   0.117979e-01  -0.924329e-02  -0.164956e-01
  -0.122538e-02  -0.459724e-03  -0.274211e-02
  -0.719622e-03  -0.441929e-03   0.338813e-02
   0.200246e-02   0.136619e-03  -0.948330e-03
   0.858887e-03   0.147704e-03   0.127413e-02
   0.478580e-03  -0.284518e-03  -0.171372e-03
  -0.741860e-01   0.352075e-01  -0.798737e-05
   0.622760e-01  -0.138305e-01   0.276214e-04
  -0.259029e-01  -0.195544e-02   0.293292e-01
  -0.259982e-01  -0.195194e-02  -0.291719e-01
   0.210518e-01   0.936807e-03   0.140089e-01
   0.201704e-01   0.931112e-03  -0.142366e-01
  -0.242689e-02   0.734702e-04   0.106026e-02
   0.118088e-01  -0.925529e-02   0.165077e-01
   0.118131e-01  -0.925395e-02  -0.165070e-01
  -0.951259e-03  -0.450125e-03  -0.307443e-02
  -0.994325e-03  -0.451313e-03   0.306146e-02
   0.142342e-02   0.142100e-03  -0.112726e-02
   0.144492e-02   0.142172e-03   0.109637e-02
   0.471141e-03  -0.284587e-03  -0.966330e-03
  -0.741861e-01   0.352075e-01   0.675919e-04
   0.622765e-01  -0.138306e-01  -0.518597e-04
  -0.260963e-01  -0.195607e-02   0.296983e-01
  -0.258023e-01  -0.195126e-02  -0.287994e-01
   0.197745e-01   0.930444e-03   0.135363e-01
   0.214460e-01   0.937513e-03  -0.147044e-01
  -0.242842e-02   0.733415e-04  -0.727101e-03
   0.118185e-01  -0.925889e-02   0.164998e-01
   0.118034e-01  -0.925036e-02  -0.165149e-01
  -0.958635e-03  -0.450421e-03  -0.306250e-02
  -0.986670e-03  -0.450997e-03   0.307362e-02
   0.227220e-02   0.145780e-03  -0.630095e-03
   0.588355e-03   0.138463e-03   0.158042e-02
   0.478808e-03  -0.284503e-03   0.342135e-04
  -0.741862e-01   0.352073e-01  -0.125227e-04
   0.622745e-01  -0.138304e-01   0.747580e-03
  -0.267736e-01  -0.198069e-02   0.298378e-01
  -0.251300e-01  -0.192663e-02  -0.286579e-01
   0.204779e-01   0.947362e-03   0.136755e-01
   0.207373e-01   0.920557e-03  -0.145661e-01
  -0.242995e-02   0.733394e-04   0.222742e-04
   0.117955e-01  -0.926395e-02   0.165045e-01
   0.118266e-01  -0.924498e-02  -0.165103e-01
  -0.124067e-03  -0.434793e-03  -0.355439e-02
  -0.181442e-02  -0.466831e-03   0.256790e-02
   0.144812e-02   0.140667e-03  -0.111749e-02
   0.141954e-02   0.143577e-03   0.110640e-02
   0.478646e-03  -0.284491e-03  -0.433529e-04
  -0.741618e-01   0.351981e-01  -0.173635e-02
   0.622680e-01  -0.138073e-01   0.148939e-02
  -0.265888e-01  -0.182319e-02   0.291902e-01
  -0.253130e-01  -0.209070e-02  -0.293136e-01
   0.205156e-01   0.865338e-03   0.141549e-01
   0.206953e-01   0.997874e-03  -0.140910e-01
  -0.242987e-02   0.731632e-04   0.145751e-03
   0.116468e-01  -0.915593e-02   0.166285e-01
   0.119683e-01  -0.935711e-02  -0.164001e-01
  -0.989197e-03  -0.495112e-03  -0.309410e-02
  -0.957954e-03  -0.405469e-03   0.304192e-02
   0.140696e-02   0.148443e-03  -0.111755e-02
   0.146088e-02   0.136380e-03   0.110604e-02
   0.478728e-03  -0.284439e-03  -0.398699e-05
  -0.741836e-01   0.352035e-01   0.801671e-03
   0.622700e-01  -0.138316e-01  -0.961940e-03
  -0.258626e-01  -0.177748e-02   0.292964e-01
  -0.260291e-01  -0.212933e-02  -0.292045e-01
   0.206383e-01   0.856790e-03   0.141095e-01
   0.205708e-01   0.101114e-02  -0.141372e-01
  -0.243064e-02   0.734229e-04  -0.323355e-04
   0.123250e-01  -0.924250e-02   0.165595e-01
   0.113007e-01  -0.926201e-02  -0.164574e-01
  -0.981299e-03  -0.502067e-03  -0.305633e-02
  -0.964278e-03  -0.399589e-03   0.307926e-02
   0.144137e-02   0.147585e-03  -0.111073e-02
   0.142653e-02   0.136584e-03   0.111302e-02
   0.478751e-03  -0.284477e-03   0.998760e-06
  -0.739899e-01   0.351194e-01  -0.536575e-03
   0.622116e-01  -0.137863e-01  -0.112010e-03
  -0.257857e-01  -0.251396e-02   0.293377e-01
  -0.257893e-01  -0.138386e-02  -0.291217e-01
   0.204906e-01   0.723309e-03   0.142129e-01
   0.204195e-01   0.113740e-02  -0.141494e-01
  -0.248360e-02   0.747013e-04  -0.815204e-04
   0.117677e-01  -0.893053e-02   0.166975e-01
   0.117701e-01  -0.953879e-02  -0.162119e-01
  -0.960770e-03  -0.447723e-03  -0.308491e-02
  -0.978756e-03  -0.453114e-03   0.304874e-02
   0.142705e-02   0.573668e-03  -0.110545e-02
   0.142500e-02  -0.290392e-03   0.111105e-02
   0.476463e-03  -0.283828e-03  -0.438503e-05
  -0.741784e-01   0.352041e-01   0.701919e-04
   0.622750e-01  -0.138291e-01   0.829804e-05
  -0.259498e-01  -0.193419e-02   0.292328e-01
  -0.259280e-01  -0.197307e-02  -0.292556e-01
   0.205855e-01  -0.514982e-03   0.141145e-01
   0.206397e-01   0.238317e-02  -0.141338e-01
  -0.243548e-02   0.733901e-04   0.359314e-04
   0.118013e-01  -0.926117e-02   0.164636e-01
   0.118180e-01  -0.924631e-02  -0.165480e-01
  -0.974625e-03  -0.526083e-03  -0.306412e-02
  -0.971850e-03  -0.375301e-03   0.307133e-02
   0.142239e-02   0.103941e-02  -0.110090e-02
   0.141750e-02  -0.755284e-03   0.110553e-02
   0.478816e-03  -0.284570e-03   0.278159e-06
  -0.740142e-01   0.351216e-01  -0.476900e-03
   0.621714e-01  -0.137909e-01  -0.914991e-04
  -0.257445e-01  -0.255681e-02   0.293282e-01
  -0.257810e-01  -0.134004e-02  -0.291841e-01
   0.204740e-01   0.740384e-03   0.141863e-01
   0.204387e-01   0.112151e-02  -0.141545e-01
  -0.247474e-02   0.739737e-04  -0.451173e-04
   0.117956e-01  -0.899245e-02   0.167091e-01
   0.117549e-01  -0.947496e-02  -0.162246e-01
  -0.965580e-03   0.706000e-04  -0.307760e-02
  -0.994761e-03  -0.972220e-03   0.303497e-02
   0.143205e-02   0.678119e-04  -0.111376e-02
   0.142910e-02   0.215609e-03   0.111132e-02
   0.479130e-03  -0.284172e-03  -0.181640e-05
  -0.741831e-01   0.352043e-01   0.315900e-03
   0.622738e-01  -0.138298e-01   0.253115e-04
  -0.259683e-01  -0.215009e-02   0.292247e-01
  -0.259291e-01  -0.175715e-02  -0.292760e-01
   0.205991e-01   0.979368e-03   0.141245e-01
   0.206154e-01   0.888654e-03  -0.141212e-01
  -0.242996e-02   0.733037e-04   0.224139e-05
   0.117649e-01  -0.928509e-02   0.163556e-01
   0.118562e-01  -0.922181e-02  -0.166591e-01
  -0.980162e-03  -0.416251e-03  -0.306513e-02
  -0.965440e-03  -0.485143e-03   0.307078e-02
   0.143291e-02   0.145486e-03  -0.111100e-02
   0.143503e-02   0.138766e-03   0.111278e-02
   0.478752e-03  -0.284503e-03   0.650965e-06
