    1,1                                     # harmonic no-HN
   -4.651856190350159e-03
    1,2    
    3.877743897116524e-03
    1,5    
   -4.018771224174964e-02
    1,6    
   -9.288962763312088e-03
    1,7    
   -1.631878838651257e-02
    1,8    
    5.949470953927405e-03
    1,9    
    2.328972972382745e-03
    1,10   
    3.719291836221482e-03
    1,11   
   -1.733381346760197e-03
    1,12   
   -2.353788470871867e-03
    1,13   
    6.138848235742304e-03
    1,1        1,1    
    1.496215683121709e+00
    1,2        1,1    
    8.862057256934122e-02
    1,5        1,1    
   -1.061476590663446e-01
    1,6        1,1    
    7.236221957539134e-02
    1,7        1,1    
    5.094696011125190e-01
    1,8        1,1    
    1.858883142509621e-01
    1,9        1,1    
    1.107262008085586e-01
    1,10       1,1    
   -2.234709987063452e-02
    1,11       1,1    
    4.045755481344512e-02
    1,12       1,1    
   -1.587893432891915e-02
    1,13       1,1    
   -4.876652650468799e-03
    1,2        1,2    
    9.387898810992943e-01
    1,5        1,2    
   -2.124027264787303e-02
    1,6        1,2    
    7.007573962616420e-02
    1,7        1,2    
   -2.028684847677444e-01
    1,8        1,2    
    7.793272898042568e-02
    1,9        1,2    
   -1.050372676328990e-02
    1,10       1,2    
    1.000719667969666e-01
    1,11       1,2    
    4.774523608672719e-02
    1,12       1,2    
    9.341812636235871e-03
    1,13       1,2    
    6.220951490390844e-03
    1,5        1,5    
    1.835079982806401e+00
    1,6        1,5    
    3.708751952539344e-01
    1,7        1,5    
    6.631207327123194e-01
    1,8        1,5    
   -1.164463424214483e-01
    1,9        1,5    
   -3.765494802543113e-02
    1,10       1,5    
   -2.357676945512036e-01
    1,11       1,5    
    4.138891939386445e-01
    1,12       1,5    
   -9.169342768719752e-02
    1,13       1,5    
    1.653156294059039e-02
    1,6        1,6    
    1.696316776061032e+00
    1,7        1,6    
    3.236147535054726e-01
    1,8        1,6    
    1.619298619049593e-01
    1,9        1,6    
   -1.314494267611764e-02
    1,10       1,6    
   -7.023734379850226e-02
    1,11       1,6    
    5.858703441328194e-02
    1,12       1,6    
    9.651534339617628e-02
    1,13       1,6    
   -8.496245496470126e-02
    1,7        1,7    
    1.776174822640856e+00
    1,8        1,7    
    6.884389241518215e-03
    1,9        1,7    
    8.846015299670226e-02
    1,10       1,7    
    3.833128640621376e-02
    1,11       1,7    
    4.635970564565689e-02
    1,12       1,7    
   -6.785040934903082e-03
    1,13       1,7    
    1.128804134290941e-01
    1,8        1,8    
    1.938226692192428e-01
    1,9        1,8    
    3.323901698475028e-02
    1,10       1,8    
   -1.042313088299303e-02
    1,11       1,8    
   -3.217921251605030e-02
    1,12       1,8    
    3.318606705064776e-02
    1,13       1,8    
   -3.330960158530829e-02
    1,9        1,9    
    1.974221712357953e-01
    1,10       1,9    
    4.127025558460869e-02
    1,11       1,9    
   -1.111793048907101e-02
    1,12       1,9    
   -2.895365670130746e-03
    1,13       1,9    
   -1.529944643700102e-03
    1,10       1,10   
    5.898882275327072e-01
    1,11       1,10   
    2.839151543866302e-01
    1,12       1,10   
    3.475397779842860e-03
    1,13       1,10   
    5.787625587680600e-03
    1,11       1,11   
    5.368235857749464e-01
    1,12       1,11   
    1.067780997564771e-03
    1,13       1,11   
    2.647716237067326e-03
    1,12       1,12   
    9.168173690894268e-02
    1,13       1,12   
   -1.424378625988801e-03
    1,13       1,13   
    8.632617332117078e-02
    3,1        3,1    
    8.652062728462654e-01
    3,2        3,1    
   -7.888678827879990e-01
    3,3        3,1    
    6.740088586369516e-01
    3,4        3,1    
    1.170672366337055e-01
    3,5        3,1    
   -1.105932615286351e-01
    3,6        3,1    
    2.215181381135932e-01
    3,7        3,1    
   -1.249383686600546e-01
    3,8        3,1    
   -6.122378918833476e-02
    3,9        3,1    
   -7.140521201316705e-03
    3,10       3,1    
   -5.323562120665491e-02
    3,2        3,2    
    4.675257190448170e-01
    3,3        3,2    
    1.209238609678860e+00
    3,4        3,2    
   -5.152809450713784e-03
    3,5        3,2    
    4.294109334651806e-01
    3,6        3,2    
   -2.328999781035383e-01
    3,7        3,2    
    6.174408535125800e-04
    3,8        3,2    
    4.996591462563405e-02
    3,9        3,2    
   -9.016198741106640e-02
    3,10       3,2    
   -2.289876150769392e-02
    3,3        3,3    
    1.530776324958441e+00
    3,4        3,3    
   -1.323247412231795e-01
    3,5        3,3    
    3.741947416074592e-01
    3,6        3,3    
    3.519776838196947e-01
    3,7        3,3    
   -3.906819885258348e-03
    3,8        3,3    
    1.976768188600642e-02
    3,9        3,3    
    8.364865042230021e-02
    3,10       3,3    
    7.348969770511407e-02
    3,4        3,4    
    2.036881601889481e-01
    3,5        3,4    
   -3.195945975791467e-02
    3,6        3,4    
    2.916710306166317e-02
    3,7        3,4    
   -2.507130733753103e-02
    3,8        3,4    
   -2.102551630628809e-02
    3,9        3,4    
   -2.655407521731467e-02
    3,10       3,4    
    5.637495909357013e-02
    3,5        3,5    
    8.093371671133516e-01
    3,6        3,5    
    3.640305946689821e-01
    3,7        3,5    
    2.754040638967379e-02
    3,8        3,5    
    1.541541306155345e-02
    3,9        3,5    
    7.501090278736532e-03
    3,10       3,5    
    7.084192919308965e-03
    3,6        3,6    
    7.446098114785800e-01
    3,7        3,6    
   -3.045280488262384e-03
    3,8        3,6    
   -7.786488780590678e-03
    3,9        3,6    
   -8.188741354741805e-03
    3,10       3,6    
    1.313929308273828e-02
    3,7        3,7    
    9.478377428543310e-02
    3,8        3,7    
   -5.577362253682791e-03
    3,9        3,7    
    1.597934236446568e-02
    3,10       3,7    
    2.089021358931852e-03
    3,8        3,8    
    8.338283209217552e-02
    3,9        3,8    
    7.827082329567511e-03
    3,10       3,8    
   -1.653799434432818e-04
    3,9        3,9    
    8.941082730062959e-02
    3,10       3,9    
   -8.921734746874587e-03
    3,10       3,10   
    1.469496476976019e-01
    4,1        4,1    
    3.813750247394270e-02
    4,2        4,1    
   -6.083288802831273e-02
    4,3        4,1    
   -4.406491596298202e-02
    4,2        4,2    
    5.900250213336802e-02
    4,3        4,2    
    2.155308787649653e-02
    4,3        4,3    
    4.874975550214997e-02
    7,1        7,1    
    2.635932063174008e-02
    7,2        7,1    
    1.598240542517987e-02
    7,3        7,1    
   -3.153284894352218e-02
    7,4        7,1    
   -2.425335737010683e-02
    7,5        7,1    
    2.256813314024161e-02
    7,6        7,1    
    2.078013725866221e-02
    7,2        7,2    
    3.948256897942651e-02
    7,3        7,2    
   -2.857108480159317e-02
    7,4        7,2    
   -6.351886700606627e-02
    7,5        7,2    
   -4.767133484221752e-02
    7,6        7,2    
   -7.676480792898469e-03
    7,3        7,3    
    6.555595698455126e-02
    7,4        7,3    
    2.345771440512820e-02
    7,5        7,3    
   -2.941638410366140e-03
    7,6        7,3    
    6.169093171448914e-03
    7,4        7,4    
    5.897399674738696e-02
    7,5        7,4    
    2.663440861609002e-02
    7,6        7,4    
   -1.072775485760266e-03
    7,5        7,5    
    3.893434456120100e-02
    7,6        7,5    
    1.836787986341267e-02
    7,6        7,6    
    5.140529290289670e-02
    1,8        1,8        1,8               # 4th-order benzene angles
   -3.366489124054643e-02
    1,8        1,8        1,8        1,8    
    7.550430902707198e-02
    1,9        1,9        1,9    
   -2.535916848782865e-03
    1,9        1,9        1,9        1,9    
    4.269128659155481e-02
    3,4        3,4        3,4        3,4    
    3.214487343559030e-02
    4,1        4,1        4,1        4,1    
    2.440194087202016e-04
    7,1        7,1        7,1        7,1    
    2.435392816540486e-03
    7,2        7,2        7,2        7,2    
    5.366306243609912e-05
    7,6        7,6        7,6        7,6    # 4th-order N out of benzene
    6.905120447631045e-02
    1,15                                    # no-HN redundancy
   -2.025006244422480e-02
    1,15       1,15   
    6.960571111790190e-02
    1,15       1,15       1,15   
    6.406241682945105e-02
    1,15       1,15       1,15       1,15   
    9.553072184090304e-02
    1,16   
   -2.011434980023439e-02
    1,16       1,16   
    7.714913062965378e-02
    3,11       3,11   
    6.689808661027570e-02
    1,16       1,16       1,16   
    1.958938979397790e-02
    3,11       3,11       1,16   
    1.526425952287421e-01
    1,16       1,16       1,16       1,16   
    9.728123468153312e-02
    3,11       3,11       3,11       3,11   
    1.041374921636111e-01
    1,17   
   -1.894149622758662e-02
    1,17       1,17   
    9.146742861553216e-02
    3,12       3,12   
    6.926708888193364e-02
    1,17       1,17       1,17   
   -1.276841224354830e-02
    3,12       3,12       1,17   
    9.785259736169348e-02
    1,17       1,17       1,17       1,17   
    9.575631952634474e-02
    3,12       3,12       3,12       3,12   
    1.020996070720388e-01
    3,7        3,7        3,7        3,7    # no-HN corresponding independency
    5.199572341954805e-02
    7,3        7,3        7,3        7,3    
    3.573323189643621e-02
    1,12       1,12       1,12   
   -7.542410970719698e-03
    3,8        3,8        1,12   
   -2.089410532317965e-02
    4,2        4,2        1,12   
    5.603913914716582e-03
    7,4        7,4        1,12   
   -3.274682712271946e-03
    1,12       1,12       1,12       1,12   
    2.184017257331754e-02
    4,2        4,2        1,12       1,12   
    9.868524560571156e-02
    7,4        7,4        1,12       1,12   
    1.004762079067661e-01
    3,8        3,8        3,8        3,8    
    2.386546878771757e-02
    4,2        4,2        4,2        4,2    
    2.234050080671427e-02
    7,4        7,4        7,4        7,4    
    1.788331906785688e-02
    1,13       1,13       1,13   
   -9.002983565507279e-03
    3,9        3,9        1,13   
   -6.613845989287208e-03
    4,3        4,3        1,13   
    5.504089176268213e-03
    7,5        7,5        1,13   
    1.575754099916753e-03
    1,13       1,13       1,13       1,13   
    2.482294642558516e-02
    4,3        4,3        1,13       1,13   
    9.426309580290977e-02
    7,5        7,5        1,13       1,13   
    1.055411759872681e-01
    3,9        3,9        3,9        3,9    
    2.659576158775261e-02
    4,3        4,3        4,3        4,3    
    2.485711896929044e-02
    7,5        7,5        7,5        7,5    
    1.773431686586663e-02
    3,7        3,7        1,15              # no-HN redundancy coupled with corresponding independency
   -9.469699894857196e-02
    7,3        7,3        1,15   
   -9.599567780962188e-02
    3,7        3,7        1,15       1,15   
    1.077235978370691e-01
    7,3        7,3        1,15       1,15   
    9.698735403887344e-02
    1,16       1,12   
    7.647061008510000e-03
    3,11       3,8    
    3.291893396295010e-02
    1,16       1,12       1,12   
   -7.242323951282183e-02
    1,16       1,16       1,12   
   -2.205684069951793e-01
    3,11       3,8        1,12   
    8.011647322323912e-02
    3,11       3,11       1,12   
    6.636251072446747e-02
    3,8        3,8        1,16   
   -7.536707778061584e-02
    3,11       3,8        1,16   
   -1.937464782365270e-01
    4,2        4,2        1,16   
   -5.805034746834786e-02
    7,4        7,4        1,16   
   -4.169965513758674e-02
    1,16       1,12       1,12       1,12   
    4.685347456911954e-02
    1,16       1,16       1,12       1,12   
    9.746421375021462e-02
    1,16       1,16       1,16       1,12   
    1.680642001739770e-01
    3,8        3,8        1,16       1,12   
    1.002560123594107e-01
    4,2        4,2        1,16       1,12   
    1.482125920841179e-01
    7,4        7,4        1,16       1,12   
    1.910737025704345e-01
    3,8        3,8        1,16       1,16   
    9.911895143643061e-02
    4,2        4,2        1,16       1,16   
    1.012326638903732e-01
    7,4        7,4        1,16       1,16   
    9.754096375938100e-02
    3,11       3,8        3,8        3,8    
   -2.909562795989064e-03
    3,11       3,11       3,8        3,8    
    1.038614910008342e-01
    3,11       3,11       3,11       3,8    
    3.740810035753483e-01
    1,17       1,13   
    3.190322919333749e-02
    3,12       3,9    
    1.566172288030590e-02
    1,17       1,13       1,13   
   -8.817876183516792e-02
    1,17       1,17       1,13   
   -2.009152410617446e-01
    3,12       3,9        1,13   
    7.617104427798521e-02
    3,12       3,12       1,13   
    4.575981694617395e-02
    3,9        3,9        1,17   
   -8.751014117650772e-02
    3,12       3,9        1,17   
   -1.567026401826480e-01
    4,3        4,3        1,17   
   -1.039511681822340e-01
    7,5        7,5        1,17   
   -5.410274564807590e-02
    1,17       1,13       1,13       1,13   
    1.943712535594378e-02
    1,17       1,17       1,13       1,13   
    1.003530022216042e-01
    1,17       1,17       1,17       1,13   
    2.131371220561861e-01
    3,9        3,9        1,17       1,13   
    1.415161525684044e-02
    4,3        4,3        1,17       1,13   
   -8.902527350438734e-02
    7,5        7,5        1,17       1,13   
    1.278109237187624e-01
    3,9        3,9        1,17       1,17   
    1.006863740420097e-01
    4,3        4,3        1,17       1,17   
    1.108601158005979e-01
    7,5        7,5        1,17       1,17   
    9.320017603609794e-02
    3,12       3,9        3,9        3,9    
    6.504647063208126e-03
    3,12       3,12       3,9        3,9    
    1.039746799323306e-01
    3,12       3,12       3,12       3,9    
    2.875967334870784e-01
    1,3                                     # harmonic with-HN
    2.975249264253569e-01
    1,14   
    2.455630952613900e-02
    1,3        1,1    
   -5.021487701881570e-02
    1,3        1,2    
   -7.909313625258554e-03
    1,3        1,3    
    1.411801094055980e-01
    1,3        1,5    
    3.856352284468375e-02
    1,3        1,6    
   -5.892528329697967e-02
    1,3        1,7    
    3.521848569406012e-02
    1,3        1,8    
   -3.043031658329581e-03
    1,3        1,9    
    9.398416579078570e-04
    1,3        1,10   
   -1.937578780138541e-02
    1,3        1,11   
    8.848707275978723e-03
    1,3        1,12   
   -3.006425740606164e-04
    1,3        1,13   
   -8.066339566505539e-03
    1,3        1,14   
   -2.673589192543851e-02
    1,14       1,1    
    5.279937960120924e-02
    1,14       1,2    
   -5.632275152581063e-03
    1,14       1,5    
   -7.313910652583900e-03
    1,14       1,6    
   -1.116648264827735e-02
    1,14       1,7    
    2.233229246163674e-02
    1,14       1,8    
    1.823494103295353e-02
    1,14       1,9    
    1.794642331007019e-02
    1,14       1,10   
    5.097561472448537e-03
    1,14       1,11   
   -1.213082350558357e-02
    1,14       1,12   
    8.767970194841421e-03
    1,14       1,13   
   -6.345689844841489e-03
    1,14       1,14   
    9.237785359090085e-02
    2,1        2,1    
    9.907861668834844e-02
    2,2        2,1    
   -2.293608195629524e-02
    2,2        2,2    
    9.967680090551875e-02
    6,1        6,1    
    1.197416531861551e-02
    5,1        2,1        3,1               # C2v-planar B2 x B2 <- G8 irred-5 x irred-2 x irred-3
   -4.557936872062463e-02
    5,1        2,1        3,2    
    2.371192649134735e-03
    5,1        2,1        3,3    
    2.825630523401897e-03
    5,1        2,1        3,4    
    1.510786199694166e-03
    5,1        2,1        3,5    
   -1.384437123775258e-02
    5,1        2,1        3,6    
    2.912214520594912e-03
    5,1        2,1        3,7    
   -9.042639557646340e-05
    5,1        2,1        3,8    
    2.938623906522836e-03
    5,1        2,1        3,9    
   -1.203543495613084e-03
    5,1        2,1        3,10   
    3.084105085431782e-03
    5,1        2,2        3,1    
   -2.786427060223342e-02
    5,1        2,2        3,2    
   -9.609104808044598e-04
    5,1        2,2        3,3    
    5.795110588976674e-03
    5,1        2,2        3,4    
    9.873898908067370e-03
    5,1        2,2        3,5    
    1.410889439371198e-02
    5,1        2,2        3,6    
   -1.544275711729349e-02
    5,1        2,2        3,7    
    3.660489246468155e-03
    5,1        2,2        3,8    
    6.128690510947639e-04
    5,1        2,2        3,9    
   -1.750019361047837e-03
    5,1        2,2        3,10   
    3.507961449414601e-03
    5,1        6,1        7,1               # C2v-planar B1 x B1 <- G8 irred-5 x irred-6 x irred-7
    3.501850198804181e-03
    5,1        6,1        7,2    
   -1.912982329498627e-03
    5,1        6,1        7,3    
   -4.811416990903964e-03
    5,1        6,1        7,4    
    1.572226590709459e-03
    5,1        6,1        7,5    
   -1.375925318210160e-04
    5,1        6,1        7,6    
    1.875750957845316e-02
    8,1        2,1        7,1               # C2v-perpendicular B1 x B1 <- G8 irred-8 x irred-2 x irred-7
    2.657834212651549e-02
    8,1        2,1        7,2    
   -1.045911965371112e-02
    8,1        2,1        7,3    
   -4.557832914100676e-03
    8,1        2,1        7,4    
   -5.124768627508386e-03
    8,1        2,1        7,5    
   -1.013475058725525e-03
    8,1        2,1        7,6    
   -2.964144853697587e-02
    8,1        2,2        7,1    
   -3.881638417724595e-02
    8,1        2,2        7,2    
    1.788055452290827e-02
    8,1        2,2        7,3    
   -2.146265422153775e-01
    8,1        2,2        7,4    
   -3.360071461212537e-01
    8,1        2,2        7,5    
   -8.598887583988657e-02
    8,1        2,2        7,6    
    5.862994680393399e-01
    8,1        6,1        3,1               # C2v-perpendicular B2 x B2 <- G8 irred-8 x irred-6 x irred-3
    1.924862254069417e-02
    8,1        6,1        3,2    
    2.421018370430171e-02
    8,1        6,1        3,3    
   -1.081797072876245e-02
    8,1        6,1        3,4    
    7.208630625689470e-03
    8,1        6,1        3,5    
   -8.701992349988473e-04
    8,1        6,1        3,6    
    1.837863609419439e-02
    8,1        6,1        3,7    
    4.440559322238923e-03
    8,1        6,1        3,8    
    1.414672025851409e-02
    8,1        6,1        3,9    
    4.153324349504327e-03
    8,1        6,1        3,10   
   -1.789739268438428e-02
    5,1        8,1        4,1               # C2v-planar / C2v-perpendicular A2 x A2 <- G8 irred-4 x irred-5 x irred-8
    4.544509945299635e-03
    5,1        8,1        4,2    
    1.027429773101614e-02
    5,1        8,1        4,3    
   -6.423420143101603e-04
    1,4                                     # HN spherical coordinate angles
   -4.001475502553101e-02
    1,4        1,4    
    2.853338589648008e-02
    3,13       3,13   
    4.391380336473993e-02
    5,1        5,1    
    2.855572338556151e-02
    7,7        7,7    
    7.516279571139736e-02
    8,1        8,1    
    3.107923560480428e-02
    1,4        1,1                          # 1st-order terms coupled with NH2 rotation
   -9.141017045473537e-02
    1,4        1,2    
   -1.424525590901520e-02
    1,4        1,3    
    5.995865296755949e-03
    1,4        1,5    
    3.852363235368794e-02
    1,4        1,6    
   -3.203406569603470e-02
    1,4        1,7    
    2.430913430941962e-03
    1,4        1,8    
    4.614910747122255e-03
    1,4        1,9    
   -7.344889006165266e-03
    1,4        1,10   
   -2.631351903187871e-03
    1,4        1,11   
    1.308342311932463e-02
    1,4        1,12   
    8.908977002947438e-03
    1,4        1,13   
   -5.230385952458292e-03
    1,4        1,14   
   -4.281988135510274e-02
    3,13       3,1    
    1.099870621870938e-02
    3,13       3,2    
   -1.126384424692237e-02
    3,13       3,3    
    1.740222814815942e-02
    3,13       3,4    
   -9.079933482675046e-03
    3,13       3,5    
   -5.629678736238881e-03
    3,13       3,6    
   -3.807793319938663e-03
    3,13       3,7    
   -8.247039712556909e-04
    3,13       3,8    
    1.358769788112305e-03
    3,13       3,9    
    7.640298096798784e-03
    3,13       3,10   
   -2.618810606027071e-02
    7,7        7,1    
   -3.957194581590233e-03
    7,7        7,2    
   -3.555503065564129e-03
    7,7        7,3    
   -3.854806350853596e-03
    7,7        7,4    
   -1.404634164958275e-04
    7,7        7,5    
   -1.728190346241559e-03
    7,7        7,6    
   -6.457889310194624e-03
    1,14       1,14       1,14              # with-HN corresponding independency
   -3.363185424014123e-03
    1,14       1,14       1,14       1,14   
    2.221606903001502e-02
    6,1        6,1        1,14       1,14   
   -3.395270610401870e-02
    6,1        6,1        6,1        6,1    
   -4.024328001396989e-03
    1,14       1,14       1,4               # with-HN redundancy coupled with corresponding independency
   -3.959894452114365e-02
    6,1        6,1        1,4    
   -1.795270773073570e-02
    1,14       1,4        1,4        1,4    
    8.276193121658837e-03
    1,14       1,14       1,4        1,4    
    2.624131622420252e-02
    6,1        6,1        1,4        1,4    
   -1.746751613913079e-02
    1,14       1,14       1,14       1,4    
    2.286017112585464e-03
    2,2        2,2        1,14       1,4    
   -6.182601858129106e-04
    6,1        6,1        1,14       1,4    
   -4.651459396442462e-02
    1,21                                    # 4th-order Morse
    9.927996158302006e-02
    1,21       1,21
    1.558964000202348e-02
    2,5        2,5
   -2.655041484652092e-03
    1,21       1,21       1,21
    3.808045378860523e-02
    2,5        2,5        1,21
    3.565947109050498e-01
    1,21       1,21       1,21       1,21
    1.157359486859584e-02
    2,5        2,5        1,21       1,21
   -4.695044535864071e-02
    2,5        2,5        2,5        2,5
    1.161274755772673e-01
    1,22                                    # 1st-scaling bias
   -1.058147088774458e+00
    1,22       1,22   
    5.303897645014790e-01
    2,6        2,6    
   -2.685657868806322e-01
    1,22       1,22       1,22   
    3.113105255576386e-02
    2,6        2,6        1,22   
    2.671304588690319e-01
    1,22       1,22       1,22       1,22   
    2.058396245342699e-02
    2,6        2,6        1,22       1,22   
    3.810989619326123e-01
    2,6        2,6        2,6        2,6    
   -3.193030979613385e-01
    1,22       1,1                          # 1st-scaling bias replacing an irred-1 HN coord
    0.0
    1,22       1,2    
    0.0
    1,22       1,3    
    0.0
    1,22       1,4    
    0.0
    1,22       1,5    
    0.0
    1,22       1,6    
    0.0
    1,22       1,7    
    0.0
    1,22       1,8    
    0.0
    1,22       1,9    
    0.0
    1,22       1,10   
    0.0
    1,22       1,11   
    0.0
    1,22       1,12   
    0.0
    1,22       1,13   
    0.0
    1,22       1,4        1,1    
    0.0
    1,22       1,4        1,2    
    0.0
    1,22       1,4        1,3    
    0.0
    1,22       1,4        1,4    
    0.0
    1,22       1,4        1,5    
    0.0
    1,22       1,4        1,6    
    0.0
    1,22       1,4        1,7    
    0.0
    1,22       1,4        1,8    
    0.0
    1,22       1,4        1,9    
    0.0
    1,22       1,4        1,10   
    0.0
    1,22       1,4        1,11   
    0.0
    1,22       1,4        1,12   
    0.0
    1,22       1,4        1,13   
    0.0
    1,22       2,2        2,2    
    0.0
    1,22       3,13       3,13   
    0.0
    1,22       5,1        5,1    
    0.0
    1,22       7,7        7,7    
    0.0
    1,22       8,1        8,1    
    0.0
    2,6        2,1                          # 1st-scaling bias replacing an irred-2 HN coord
    0.0
    2,6        2,2    
    0.0
    2,6        2,2        1,2    
    0.0
    2,6        2,2        1,3    
    0.0
    2,6        2,2        1,4    
    0.0
    2,6        2,2        1,8    
    0.0
    2,6        2,2        1,9    
    0.0
    2,6        2,2        1,10   
    0.0
    2,6        2,2        1,11   
    0.0
    2,6        2,2        1,12   
    0.0
    2,6        2,2        1,13   
    0.0
    2,6        5,1        3,1    
    0.0
    2,6        5,1        3,2    
    0.0
    2,6        5,1        3,3    
    0.0
    2,6        5,1        3,4    
    0.0
    2,6        5,1        3,5    
    0.0
    2,6        5,1        3,6    
    0.0
    2,6        5,1        3,7    
    0.0
    2,6        5,1        3,8    
    0.0
    2,6        5,1        3,9    
    0.0
    2,6        5,1        3,10   
    0.0
    2,6        5,1        3,13   
    0.0
    2,6        8,1        7,1    
    0.0
    2,6        8,1        7,2    
    0.0
    2,6        8,1        7,3    
    0.0
    2,6        8,1        7,4    
    0.0
    2,6        8,1        7,5    
    0.0
    2,6        8,1        7,6    
    0.0
    2,6        8,1        7,7    
    0.0
    1,22       1,22       1,1               # 1st-scaling bias replacing a sqaure of HN coords
    0.0
    1,22       1,22       1,2    
    0.0
    1,22       1,22       1,3    
    0.0
    1,22       1,22       1,4    
    0.0
    1,22       1,22       1,5    
    0.0
    1,22       1,22       1,6    
    0.0
    1,22       1,22       1,7    
    0.0
    1,22       1,22       1,8    
    0.0
    1,22       1,22       1,9    
    0.0
    1,22       1,22       1,10   
    0.0
    1,22       1,22       1,11   
    0.0
    1,22       1,22       1,12   
    0.0
    1,22       1,22       1,13   
    0.0
    2,6        2,6        1,1    
    0.0
    2,6        2,6        1,2    
    0.0
    2,6        2,6        1,3    
    0.0
    2,6        2,6        1,4    
    0.0
    2,6        2,6        1,5    
    0.0
    2,6        2,6        1,6    
    0.0
    2,6        2,6        1,7    
    0.0
    2,6        2,6        1,8    
    0.0
    2,6        2,6        1,9    
    0.0
    2,6        2,6        1,10   
    0.0
    2,6        2,6        1,11   
    0.0
    2,6        2,6        1,12   
    0.0
    2,6        2,6        1,13   
    0.0
    1,22       1,22       1,4        1,4    
    0.01
    1,22       1,22       2,2        2,2    
    0.01
    1,22       1,22       3,13       3,13   
    0.01
    1,22       1,22       5,1        5,1    
    0.01
    1,22       1,22       7,7        7,7    
    0.01
    1,22       1,22       8,1        8,1    
    0.01
    2,6        2,6        1,4        1,4    
    0.01
    2,6        2,6        2,2        2,2    
    0.01
    2,6        2,6        3,13       3,13   
    0.01
    2,6        2,6        5,1        5,1    
    0.01
    1,23                                    # 1st-scaling redundancy bias
    5.412926287300539e-02
    1,23       1,23    
    6.113169791557052e-02
    1,23       1,23       1,23   
    1.990176187250227e-02
    1,23       1,23       1,23       1,23   
   -2.987894582333091e-02
    1,23       1,3                          # 1st-scaling redundancy bias replacing an irred-1 HN coord
    0.0
    1,23       1,1    
    0.0
    1,23       1,2    
    0.0
    1,23       1,5    
    0.0
    1,23       1,6    
    0.0
    1,23       1,7    
    0.0
    1,23       1,8    
    0.0
    1,23       1,9    
    0.0
    1,23       1,10   
    0.0
    1,23       1,11   
    0.0
    1,23       1,12   
    0.0
    1,23       1,13   
    0.0
    1,23       1,14   
    0.0
    1,23       6,1        6,1    
    0.0
    1,23       1,4    
    0.0
    1,23       1,4        1,4    
    0.0
    1,23       1,14       1,4    
    0.0
    1,23       1,14       1,14   
    0.0
    1,23       2,2        2,2    
    0.0
    1,23       3,13       3,13   
    0.0
    1,23       5,1        5,1    
    0.0
    1,23       7,7        7,7    
    0.0
    1,23       8,1        8,1    
    0.0
    1,23       1,23       1,1               # 1st-scaling redundancy bias replacing a square of HN coords
    0.0
    1,23       1,23       1,2    
    0.0
    1,23       1,23       1,3    
    0.0
    1,23       1,23       1,4    
    0.0
    1,23       1,23       1,5    
    0.0
    1,23       1,23       1,6    
    0.0
    1,23       1,23       1,7    
    0.0
    1,23       1,23       1,8    
    0.0
    1,23       1,23       1,9    
    0.0
    1,23       1,23       1,10   
    0.0
    1,23       1,23       1,11   
    0.0
    1,23       1,23       1,12   
    0.0
    1,23       1,23       1,13   
    0.0
    1,23       1,23       1,14   
    0.0
    1,23       1,23       1,4        1,4    
    0.01
    1,23       1,23       1,14       1,4    
    0.0
    1,23       1,23       1,14       1,14   
    0.01
    1,23       1,23       6,1        6,1    
    0.01
    1,18                                    # 2nd-scaling
    0.0
    1,18       1,1    
    0.0
    1,18       1,2    
    0.0
    1,18       1,18   
    0.01
    1,18       1,5    
    0.0
    1,18       1,6    
    0.0
    1,18       1,7    
    0.0
    1,18       1,8    
    0.0
    1,18       1,9    
    0.0
    1,18       1,10   
    0.0
    1,18       1,11   
    0.0
    1,18       1,12   
    0.0
    1,18       1,13   
    0.0
    2,3        2,3    
    0.01
    2,4        2,3    
    0.0
    2,4        2,4    
    0.01
    5,2        2,3        3,1    
    0.0
    5,2        2,3        3,2    
    0.0
    5,2        2,3        3,3    
    0.0
    5,2        2,3        3,4    
    0.0
    5,2        2,3        3,5    
    0.0
    5,2        2,3        3,6    
    0.0
    5,2        2,3        3,7    
    0.0
    5,2        2,3        3,8    
    0.0
    5,2        2,3        3,9    
    0.0
    5,2        2,3        3,10   
    0.0
    8,2        2,3        7,1    
    0.0
    8,2        2,3        7,2    
    0.0
    8,2        2,3        7,3    
    0.0
    8,2        2,3        7,4    
    0.0
    8,2        2,3        7,5    
    0.0
    8,2        2,3        7,6    
    0.0
    8,2        2,4        7,1    
    0.0
    8,2        2,4        7,2    
    0.0
    8,2        2,4        7,3    
    0.0
    8,2        2,4        7,4    
    0.0
    8,2        2,4        7,5    
    0.0
    8,2        2,4        7,6    
    0.0
    5,2        8,2        4,1    
    0.0
    5,2        8,2        4,2    
    0.0
    5,2        8,2        4,3    
    0.0
    1,19   
    0.0
    1,19       1,19   
    0.01
    3,14       3,14   
    0.01
    5,2        5,2    
    0.01
    7,8        7,8    
    0.01
    8,2        8,2    
    0.01
    1,19       1,1    
    0.0
    1,19       1,2    
    0.0
    1,19       1,18   
    0.0
    1,19       1,5    
    0.0
    1,19       1,6    
    0.0
    1,19       1,7    
    0.0
    1,19       1,8    
    0.0
    1,19       1,9    
    0.0
    1,19       1,10   
    0.0
    1,19       1,11   
    0.0
    1,19       1,12   
    0.0
    1,19       1,13   
    0.0
    3,14       3,1    
    0.0
    3,14       3,2    
    0.0
    3,14       3,3    
    0.0
    3,14       3,4    
    0.0
    3,14       3,5    
    0.0
    3,14       3,6    
    0.0
    3,14       3,7    
    0.0
    3,14       3,8    
    0.0
    3,14       3,9    
    0.0
    3,14       3,10   
    0.0
    7,8        7,1    
    0.0
    7,8        7,2    
    0.0
    7,8        7,3    
    0.0
    7,8        7,4    
    0.0
    7,8        7,5    
    0.0
    7,8        7,6    
    0.0
    1,24   
    1.014205730998679e-02
    1,24       1,24   
    5.548203259938052e-04
    2,7        2,7    
   -3.599987121888024e-02
    1,24       1,24       1,24   
    1.512178921910046e-02
    2,7        2,7        1,24   
   -1.890204370973733e-01
    1,24       1,24       1,24       1,24   
   -3.819032899135812e-03
    2,7        2,7        1,24       1,24   
    5.383617396196787e-02
    2,7        2,7        2,7        2,7    
    3.935566409975450e-02
    1,24       1,1    
    0.0
    1,24       1,2    
    0.0
    1,24       1,18   
    0.0
    1,24       1,19   
    0.0
    1,24       1,5    
    0.0
    1,24       1,6    
    0.0
    1,24       1,7    
    0.0
    1,24       1,8    
    0.0
    1,24       1,9    
    0.0
    1,24       1,10   
    0.0
    1,24       1,11   
    0.0
    1,24       1,12   
    0.0
    1,24       1,13   
    0.0
    1,24       1,19       1,1    
    0.0
    1,24       1,19       1,2    
    0.0
    1,24       1,19       1,18   
    0.0
    1,24       1,19       1,19   
    0.0
    1,24       1,19       1,5    
    0.0
    1,24       1,19       1,6    
    0.0
    1,24       1,19       1,7    
    0.0
    1,24       1,19       1,8    
    0.0
    1,24       1,19       1,9    
    0.0
    1,24       1,19       1,10   
    0.0
    1,24       1,19       1,11   
    0.0
    1,24       1,19       1,12   
    0.0
    1,24       1,19       1,13   
    0.0
    1,24       2,4        2,4    
    0.0
    1,24       3,14       3,14   
    0.0
    1,24       5,2        5,2    
    0.0
    1,24       7,8        7,8    
    0.0
    1,24       8,2        8,2    
    0.0
    2,7        2,3    
    0.0
    2,7        2,4    
    0.0
    2,7        2,4        1,18   
    0.0
    2,7        2,4        1,19   
    0.0
    2,7        2,4        1,8    
    0.0
    2,7        2,4        1,9    
    0.0
    2,7        2,4        1,12   
    0.0
    2,7        2,4        1,13   
    0.0
    2,7        5,2        3,1    
    0.0
    2,7        5,2        3,2    
    0.0
    2,7        5,2        3,3    
    0.0
    2,7        5,2        3,4    
    0.0
    2,7        5,2        3,5    
    0.0
    2,7        5,2        3,6    
    0.0
    2,7        5,2        3,7    
    0.0
    2,7        5,2        3,8    
    0.0
    2,7        5,2        3,9    
    0.0
    2,7        5,2        3,10   
    0.0
    2,7        5,2        3,14   
    0.0
    2,7        8,2        7,1    
    0.0
    2,7        8,2        7,2    
    0.0
    2,7        8,2        7,3    
    0.0
    2,7        8,2        7,4    
    0.0
    2,7        8,2        7,5    
    0.0
    2,7        8,2        7,6    
    0.0
    2,7        8,2        7,8    
    0.0
    1,24       1,24       1,1    
    0.0
    1,24       1,24       1,2    
    0.0
    1,24       1,24       1,18   
    0.0
    1,24       1,24       1,19   
    0.0
    1,24       1,24       1,5    
    0.0
    1,24       1,24       1,6    
    0.0
    1,24       1,24       1,7    
    0.0
    1,24       1,24       1,8    
    0.0
    1,24       1,24       1,9    
    0.0
    1,24       1,24       1,10   
    0.0
    1,24       1,24       1,11   
    0.0
    1,24       1,24       1,12   
    0.0
    1,24       1,24       1,13   
    0.0
    2,7        2,7        1,1    
    0.0
    2,7        2,7        1,2    
    0.0
    2,7        2,7        1,18   
    0.0
    2,7        2,7        1,19   
    0.0
    2,7        2,7        1,5    
    0.0
    2,7        2,7        1,6    
    0.0
    2,7        2,7        1,7    
    0.0
    2,7        2,7        1,8    
    0.0
    2,7        2,7        1,9    
    0.0
    2,7        2,7        1,10   
    0.0
    2,7        2,7        1,11   
    0.0
    2,7        2,7        1,12   
    0.0
    2,7        2,7        1,13   
    0.0
    1,24       1,24       1,19       1,19   
    0.01
    1,24       1,24       2,4        2,4    
    0.01
    1,24       1,24       3,14       3,14   
    0.01
    1,24       1,24       5,2        5,2    
    0.01
    1,24       1,24       7,8        7,8    
    0.01
    1,24       1,24       8,2        8,2    
    0.01
    2,7        2,7        1,19       1,19   
    0.01
    2,7        2,7        3,14       3,14   
    0.01
    2,7        2,7        5,2        5,2    
    0.01
    2,7        2,7        7,8        7,8    
    0.01
    2,7        2,7        8,2        8,2    
    0.01
bias
    3.588647975438747e-02
