          0.00    0.0027388
        530.09    0.0018526
        898.15    0.0015342
        985.48    0.0000019
       1060.17    0.0005889
       1062.60    0.0000440
       1093.97    0.0000588
       1136.86    0.0000055
       1165.14    0.0002154
       1236.72    0.0000281
       1239.90    0.0004596
       1296.10    0.0000041
       1382.76    0.0000861
       1388.33    0.0001887
       1412.90    0.0000056
       1428.21    0.0010500
       1440.53    0.0308851
       1475.00    0.0000155
       1515.61    0.0000014
       1544.97    0.0010824
       1590.28    0.0001170
       1592.69    0.0000356
       1598.51    0.0000526
       1624.06    0.0000397
       1643.18    0.0006375
       1652.73    0.0001271
       1666.93    0.0000036
       1695.20    0.0001345
       1766.77    0.0000203
       1769.98    0.0003089
       1796.11    0.0003022
       1826.18    0.0000027
       1883.86    0.0000012
       1912.81    0.0000493
       1918.42    0.0001559
       1943.01    0.0000043
       1958.25    0.0003417
       1960.73    0.0000313
       1970.54    0.0216023
       1992.12    0.0000360
       2005.02    0.0000110
       2034.91    0.0000027
       2063.07    0.0001248
       2075.01    0.0007893
       2122.77    0.0000149
       2126.85    0.0000140
       2128.59    0.0000367
       2135.18    0.0000298
       2138.01    0.0002577
       2154.14    0.0000126
       2173.14    0.0004267
       2182.83    0.0000874
       2194.14    0.0000026
       2196.99    0.0000011
       2225.25    0.0000392
       2227.69    0.0000033
       2259.10    0.0000045
       2267.95    0.0000027
       2280.64    0.0000322
       2286.49    0.0001050
       2296.82    0.0000072
       2300.06    0.0000976
       2302.47    0.0000058
       2311.39    0.0000089
       2320.04    0.0000653
       2326.11    0.0002180
       2333.87    0.0000067
       2338.25    0.0255577
       2372.81    0.0000113
       2401.17    0.0000037
       2404.94    0.0000348
       2424.53    0.0000054
       2427.92    0.0000278
       2442.85    0.0010169
       2445.29    0.0000023
       2448.50    0.0000602
       2450.94    0.0000026
       2473.09    0.0000016
       2476.50    0.0000016
       2476.71    0.0000019
       2480.63    0.0000355
       2482.31    0.0000042
       2488.32    0.0000704
       2490.76    0.0000259
       2496.65    0.0000275
       2500.55    0.0071354
       2502.99    0.0002075
       2522.17    0.0000242
       2534.46    0.0005605
       2535.03    0.0000026
       2537.38    0.0000054
       2540.57    0.0003641
       2550.78    0.0000851
       2553.48    0.0000142
       2564.93    0.0000018
       2571.70    0.0000721
       2593.08    0.0000767
       2605.06    0.0002713
       2607.50    0.0000055
       2618.96    0.0000015
       2622.55    0.0000116
       2625.01    0.0000028
       2628.23    0.0000343
       2638.93    0.0000186
       2640.08    0.0000020
       2652.13    0.0000032
       2652.87    0.0000034
       2657.25    0.0005415
       2658.67    0.0000122
       2665.18    0.0000236
       2668.04    0.0001773
       2675.26    0.0007400
       2675.58    0.0000182
       2679.96    0.0000022
       2680.19    0.0054562
       2684.25    0.0000025
       2693.98    0.0000202
       2703.10    0.0001320
       2705.30    0.0000015
       2712.91    0.0000297
       2713.91    0.0000070
       2724.16    0.0000017
       2737.07    0.0000144
       2741.03    0.0000883
       2746.69    0.0000026
       2755.32    0.0000071
       2757.73    0.0000026
       2763.63    0.0000046
       2771.10    0.0000054
       2779.30    0.0000013
       2780.88    0.0000245
       2784.74    0.0001977
       2789.15    0.0000028
       2798.03    0.0000023
       2806.95    0.0000526
       2810.64    0.0000171
       2816.54    0.0000881
       2817.94    0.0000111
       2826.89    0.0000018
       2828.86    0.0020516
       2830.16    0.0000194
       2832.53    0.0000047
       2838.40    0.0000109
       2841.43    0.0000068
       2849.98    0.0000554
       2851.10    0.0000113
       2856.10    0.0000765
       2858.60    0.0000102
       2863.95    0.0000042
       2865.59    0.0004485
       2868.20    0.0177789
       2878.90    0.0000212
       2882.18    0.0000544
       2884.46    0.0000027
       2890.05    0.0000087
       2892.11    0.0000329
       2902.75    0.0000093
       2915.14    0.0002447
       2931.11    0.0000025
       2933.32    0.0000710
       2934.98    0.0000215
       2954.17    0.0000604
       2954.55    0.0000051
       2956.96    0.0000027
       2957.97    0.0000130
       2960.72    0.0000247
       2964.58    0.0000039
       2972.83    0.0007040
       2972.91    0.0000021
       2975.33    0.0000038
       2977.10    0.0285676
       2977.84    0.0000064
       2978.62    0.0000150
       2981.03    0.0000036
       2986.84    0.0000047
       2996.14    0.0000012
       3005.00    0.0000023
       3006.55    0.0000017
       3006.76    0.0000010
       3010.70    0.0000246
       3012.39    0.0000034
       3019.69    0.0000083
       3020.78    0.0000119
       3024.28    0.0000180
       3024.85    0.0000096
       3026.70    0.0000198
       3030.60    0.0014926
       3031.55    0.0000691
       3032.98    0.0002135
       3033.26    0.0000030
       3035.59    0.0000050
       3035.92    0.0000479
       3038.98    0.0005713
       3041.08    0.0000103
       3047.82    0.0067670
       3052.21    0.0000054
       3052.36    0.0000071
       3055.18    0.0000510
       3061.70    0.0000015
       3064.47    0.0003626
       3067.35    0.0000096
       3070.44    0.0002695
       3080.71    0.0070306
       3080.84    0.0008707
       3083.54    0.0000108
       3092.76    0.0018358
       3101.68    0.0000493
       3116.59    0.0000130
       3123.07    0.0000222
       3125.55    0.0000023
       3135.12    0.0000585
       3137.53    0.0000058
       3140.53    0.0000019
       3143.45    0.0000221
       3152.58    0.0000064
       3155.06    0.0000026
       3157.01    0.0000029
       3158.31    0.0000284
       3166.05    0.0000015
       3168.97    0.0000133
       3170.00    0.0000012
       3178.23    0.0000024
       3182.10    0.0000023
       3184.44    0.0000205
       3186.25    0.0002557
       3187.18    0.0003476
       3188.77    0.0000028
       3195.15    0.0000098
       3197.63    0.0000524
       3197.82    0.0000134
       3198.07    0.0000570
       3200.49    0.0000052
       3204.93    0.0005777
       3205.54    0.0000057
       3209.51    0.0000022
       3209.99    0.0000018
       3210.18    0.0038143
       3217.61    0.0000296
       3223.92    0.0000180
       3231.96    0.0000035
       3233.07    0.0000295
       3235.17    0.0001899
       3235.56    0.0077995
       3241.60    0.0000091
       3243.02    0.0000073
       3243.79    0.0000079
       3251.20    0.0000026
       3252.04    0.0000013
       3267.02    0.0000101
       3270.10    0.0000029
       3271.01    0.0000596
       3276.78    0.0000019
       3285.89    0.0000357
       3287.53    0.0000047
       3287.76    0.0000012
       3293.68    0.0000030
       3298.15    0.0000391
       3299.12    0.0000037
       3301.15    0.0000038
       3302.80    0.0000196
       3310.78    0.0000186
       3314.77    0.0001429
       3322.29    0.0000028
       3325.77    0.0000266
       3336.77    0.0000319
       3337.57    0.0000112
       3340.39    0.0003547
       3340.62    0.0000041
       3343.10    0.0000012
       3346.59    0.0000349
       3347.96    0.0000071
       3349.06    0.0000020
       3358.88    0.0017445
       3359.29    0.0000055
       3362.58    0.0000021
       3366.72    0.0000024
       3368.48    0.0000076
       3371.45    0.0000027
       3372.97    0.0000011
       3374.88    0.0000011
       3378.72    0.0000226
       3379.84    0.0000206
       3380.45    0.0000026
       3380.79    0.0000092
       3382.44    0.0000065
       3386.11    0.0000178
       3388.57    0.0000091
       3394.02    0.0000012
       3394.58    0.0000052
       3395.50    0.0002829
       3398.13    0.0058955
       3400.56    0.0001923
       3408.23    0.0000120
       3411.91    0.0000316
       3413.95    0.0000016
       3414.44    0.0000027
       3420.06    0.0000061
       3422.12    0.0000242
       3432.15    0.0005167
       3432.66    0.0000013
       3434.74    0.0000075
       3437.46    0.0000674
       3444.63    0.0000040
       3444.80    0.0001751
       3448.32    0.0000012
       3448.47    0.0000188
       3451.41    0.0000080
       3463.36    0.0000630
       3465.01    0.0000062
       3469.22    0.0000538
       3484.13    0.0000406
       3484.55    0.0000024
       3487.06    0.0000011
       3487.98    0.0000012
       3489.84    0.0000027
       3490.63    0.0000151
       3494.46    0.0000046
       3502.81    0.0002328
       3504.47    0.0000317
       3505.27    0.0000056
       3505.33    0.0000048
       3506.78    0.0201764
       3507.77    0.0001455
       3507.90    0.0000393
       3508.75    0.0004025
       3511.10    0.0000025
       3515.19    0.0000022
       3516.92    0.0000042
       3520.38    0.0000038
       3523.37    0.0000074
       3526.09    0.0000022
       3526.32    0.0000216
       3527.45    0.0000095
       3530.22    0.0000022
       3534.83    0.0000034
       3536.52    0.0000012
       3536.77    0.0000199
       3537.39    0.0000012
       3537.64    0.0000037
       3539.48    0.0000032
       3540.76    0.0000073
       3542.48    0.0000013
       3549.57    0.0000057
       3550.00    0.0000081
       3550.84    0.0000030
       3552.79    0.0000163
       3554.06    0.0000138
       3554.44    0.0004669
       3556.74    0.0000071
       3559.22    0.0000018
       3559.40    0.0000333
       3561.50    0.0000646
       3562.90    0.0001398
       3563.20    0.0000013
       3565.44    0.0000014
       3565.86    0.0000393
       3567.05    0.0001817
       3568.34    0.0000026
       3568.99    0.0004223
       3569.37    0.0000014
       3571.17    0.0000094
       3572.22    0.0008586
       3573.31    0.0000101
       3577.64    0.0025649
       3577.70    0.0069287
       3582.13    0.0000109
       3582.46    0.0000017
       3583.83    0.0000730
       3584.21    0.0000105
       3591.85    0.0000012
       3594.47    0.0001062
       3594.98    0.0000010
       3597.24    0.0000073
       3600.26    0.0000952
       3602.20    0.0000013
       3608.51    0.0000058
       3609.55    0.0000076
       3610.09    0.0050330
       3610.95    0.0002487
       3611.49    0.0000170
       3613.42    0.0000114
       3616.29    0.0000052
       3622.32    0.0013521
       3626.16    0.0000024
       3631.65    0.0000164
       3634.12    0.0000094
       3634.41    0.0000088
       3638.49    0.0000812
       3644.48    0.0000013
       3645.08    0.0000029
       3645.62    0.0000054
       3651.20    0.0000329
       3653.08    0.0000041
       3655.51    0.0000015
       3655.62    0.0000205
       3660.35    0.0000025
       3661.53    0.0000025
       3662.08    0.0000066
       3664.18    0.0000012
       3665.60    0.0000014
       3667.54    0.0000038
       3668.98    0.0000020
       3670.19    0.0000025
       3671.61    0.0000077
       3673.50    0.0000170
       3678.64    0.0000371
       3679.25    0.0000014
       3682.53    0.0001725
       3685.09    0.0000012
       3687.02    0.0000018
       3688.37    0.0000111
       3696.10    0.0000016
       3697.48    0.0000024
       3698.97    0.0000043
       3701.87    0.0000043
       3703.76    0.0000280
       3708.37    0.0000710
       3712.05    0.0000014
       3714.43    0.0000180
       3715.36    0.0000060
       3716.01    0.0001789
       3717.07    0.0001062
       3719.42    0.0000065
       3725.06    0.0000049
       3726.56    0.0017053
       3727.59    0.0000359
       3728.04    0.0000194
       3730.45    0.0000046
       3733.71    0.0000025
       3734.16    0.0001472
       3735.39    0.0000566
       3736.79    0.0000060
       3738.90    0.0000134
       3740.07    0.0012435
       3740.52    0.0000471
       3742.98    0.0000070
       3746.94    0.0000058
       3747.34    0.0000157
       3748.00    0.0000110
       3751.07    0.0000098
       3753.74    0.0000069
       3754.03    0.0000023
       3756.17    0.0000055
       3757.36    0.0000011
       3762.60    0.0001238
       3762.76    0.0002136
       3765.01    0.0009337
       3765.38    0.0045024
       3766.34    0.0000866
       3769.82    0.0000184
       3770.69    0.0000079
       3772.33    0.0000148
       3773.84    0.0000122
       3774.32    0.0000662
       3776.70    0.0000051
       3778.83    0.0000210
       3780.71    0.0000012
       3781.79    0.0000058
       3787.90    0.0000010
       3789.67    0.0000276
       3792.46    0.0000016
       3793.29    0.0000022
       3796.94    0.0000032
       3799.85    0.0000033
       3800.98    0.0000188
       3806.49    0.0000025
       3810.57    0.0000015
       3811.23    0.0001755
       3812.89    0.0000050
       3814.70    0.0000431
       3815.97    0.0000025
       3817.80    0.0000031
       3827.95    0.0000219
       3829.01    0.0000022
       3831.18    0.0000667
       3832.79    0.0000122
       3834.98    0.0000022
       3840.61    0.0000077
       3843.43    0.0000031
       3844.78    0.0000500
       3847.11    0.0000015
       3849.86    0.0000020
       3851.57    0.0000582
       3853.15    0.0000134
       3855.28    0.0005519
       3855.64    0.0001940
       3858.07    0.0000027
       3861.21    0.0000015
       3862.28    0.0000176
       3864.30    0.0000225
       3866.13    0.0001703
       3867.17    0.0007267
       3869.03    0.0001654
       3870.26    0.0002209
       3873.36    0.0333448
       3873.85    0.0002413
       3875.53    0.0000652
       3876.79    0.0000268
       3878.98    0.0000200
       3882.35    0.0000079
       3883.95    0.0000438
       3885.51    0.0000208
       3886.71    0.0000068
       3888.88    0.0008222
       3890.69    0.0001042
       3891.64    0.0000413
       3893.60    0.0000220
       3896.60    0.0003307
       3897.20    0.0001655
       3899.89    0.0001994
       3901.02    0.0001860
       3902.86    0.0000677
       3903.76    0.0000074
       3909.44    0.0000066
       3910.78    0.0000122
       3913.22    0.0000013
       3914.96    0.0000145
       3917.07    0.0000179
       3918.43    0.0000598
       3920.14    0.0000385
       3921.87    0.0003057
       3923.74    0.0000202
       3925.61    0.0001066
       3927.30    0.0003537
       3928.14    0.0011265
       3930.49    0.0002135
       3933.06    0.0000041
       3934.23    0.0000024
       3936.66    0.0004305
       3939.08    0.0000073
       3941.63    0.0000247
       3943.68    0.0001337
       3944.53    0.0080675
       3946.10    0.0003488
       3947.75    0.0004305
       3950.12    0.0002722
       3951.43    0.0000184
       3952.87    0.0000070
       3955.43    0.0001456
       3958.45    0.0000024
       3959.89    0.0000130
       3962.13    0.0003365
       3963.52    0.0000137
       3965.48    0.0000044
       3967.24    0.0000517
       3969.20    0.0000093
       3971.78    0.0000186
       3974.41    0.0006316
       3975.37    0.0018571
       3976.41    0.0042079
       3978.08    0.0000868
       3980.31    0.0000183
       3981.73    0.0000079
       3983.00    0.0000250
       3986.48    0.0000046
       3989.15    0.0022209
       3989.78    0.0000033
       3993.39    0.0000267
       3994.98    0.0000016
       3999.11    0.0000377
       4001.85    0.0000045
       4002.95    0.0000037
       4003.81    0.0000016
       4009.77    0.0000018
       4011.66    0.0000280
       4013.50    0.0000054
       4014.33    0.0000099
       4017.00    0.0000031
       4019.79    0.0000036
       4020.78    0.0000071
       4023.49    0.0000035
       4025.34    0.0000222
       4027.14    0.0000032
       4030.03    0.0000023
       4032.70    0.0000446
       4034.10    0.0000252
       4036.01    0.0045639
       4036.89    0.0022537
       4038.95    0.0001377
       4040.16    0.0000233
       4041.67    0.0000233
       4045.64    0.0000318
       4047.47    0.0000026
       4049.96    0.0000021
       4052.93    0.0000193
       4054.50    0.0000574
       4055.17    0.0001068
       4056.52    0.0000303
       4060.61    0.0000283
       4061.24    0.0001284
       4064.05    0.0000441
       4066.56    0.0000236
       4068.42    0.0003674
       4070.10    0.0003100
       4071.13    0.0000672
       4073.18    0.0000065
       4076.01    0.0000023
       4079.06    0.0000065
       4081.10    0.0000688
       4082.76    0.0001800
       4084.11    0.0003160
       4086.01    0.0000050
       4088.22    0.0000550
       4091.30    0.0000267
       4092.81    0.0000529
       4095.12    0.0001178
       4096.08    0.0000298
       4098.95    0.0001684
       4100.91    0.0005085
       4104.28    0.0000447
       4105.70    0.0001113
       4107.40    0.0043222
       4108.12    0.0004419
       4110.73    0.0000894
       4112.04    0.0000560
       4114.32    0.0000030
       4117.51    0.0000047
       4120.71    0.0000398
       4121.51    0.0000245
       4124.60    0.0000350
       4126.64    0.0000165
       4128.63    0.0000095
       4130.32    0.0000338
       4132.52    0.0009709
       4133.19    0.0000750
       4138.35    0.0000153
       4139.49    0.0014669
       4141.08    0.0001512
       4142.34    0.0000430
       4144.47    0.0000315
       4147.72    0.0000340
       4149.27    0.0000131
       4151.26    0.0001484
       4152.46    0.0002882
       4156.12    0.0000283
       4159.47    0.0000089
       4160.40    0.0000779
       4161.81    0.0000131
       4164.49    0.0000080
       4167.93    0.0000195
       4168.48    0.0000760
       4171.35    0.0000189
       4174.11    0.0000644
       4174.84    0.0000903
       4177.60    0.0000047
       4179.70    0.0000106
       4181.44    0.0000019
       4184.94    0.0000278
       4185.91    0.0001417
       4188.43    0.0000074
       4191.56    0.0000071
       4193.44    0.0000207
       4195.13    0.0000072
       4197.72    0.0000046
       4199.87    0.0000096
       4203.40    0.0000153
       4204.86    0.0000307
       4208.48    0.0011002
       4209.43    0.0005416
       4210.35    0.0002674
       4212.80    0.0010454
       4215.65    0.0000076
       4218.00    0.0025133
       4218.48    0.0002659
       4221.73    0.0000333
       4224.45    0.0000051
       4226.54    0.0000619
       4228.45    0.0001087
       4231.79    0.0002194
       4232.87    0.0000564
       4236.45    0.0000476
       4238.03    0.0001224
       4239.78    0.0000305
       4242.91    0.0001278
       4244.14    0.0001110
       4246.13    0.0001989
       4247.92    0.0001709
       4251.17    0.0000480
       4253.21    0.0000500
       4255.78    0.0000965
       4256.54    0.0013381
       4259.13    0.0000080
       4263.11    0.0000291
       4264.61    0.0000246
       4267.53    0.0000215
       4269.83    0.0002075
       4270.85    0.0000542
       4273.86    0.0001347
       4276.34    0.0001520
       4278.09    0.0001789
       4280.21    0.0000681
       4281.78    0.0000265
       4285.74    0.0002016
       4287.27    0.0011580
       4288.41    0.0000735
       4292.33    0.0001868
       4294.41    0.0004542
       4295.12    0.0014758
       4297.93    0.0001706
       4300.30    0.0001417
       4303.22    0.0000256
       4305.41    0.0001722
       4307.28    0.0000489
       4309.86    0.0000254
       4311.82    0.0001310
       4315.45    0.0000988
       4317.60    0.0000171
       4318.88    0.0003016
       4321.03    0.0001807
       4323.92    0.0000235
       4325.87    0.0000244
       4328.49    0.0006332
       4329.52    0.0002877
       4332.46    0.0000544
       4334.64    0.0000440
       4336.75    0.0000033
       4339.92    0.0000719
       4342.34    0.0000164
       4343.33    0.0000392
       4346.64    0.0000014
       4348.86    0.0000025
       4353.28    0.0000026
       4356.44    0.0000800
       4357.85    0.0000676
       4360.93    0.0000404
       4362.25    0.0000343
       4365.05    0.0001285
       4365.71    0.0015728
       4367.87    0.0000241
       4371.22    0.0000135
       4373.87    0.0000161
       4376.50    0.0000167
       4379.18    0.0000627
       4381.27    0.0000966
       4383.43    0.0000630
       4385.19    0.0005631
       4386.60    0.0000511
       4390.84    0.0000490
       4392.32    0.0001490
       4394.61    0.0000416
       4398.25    0.0001002
       4401.04    0.0085607
       4402.01    0.0055805
       4402.80    0.0069178
       4405.56    0.0000985
       4408.96    0.0000635
       4413.04    0.0002389
       4414.19    0.0037457
       4417.24    0.0002141
       4418.80    0.0003571
       4420.95    0.0001477
       4423.58    0.0001435
       4425.55    0.0001026
       4427.52    0.0000828
       4430.34    0.0000220
       4432.28    0.0000235
       4436.14    0.0004869
       4437.16    0.0000233
       4440.56    0.0000098
       4443.52    0.0000085
       4445.53    0.0000123
       4448.29    0.0000219
       4450.71    0.0003013
       4452.53    0.0001377
       4455.82    0.0000947
       4457.00    0.0001923
       4460.19    0.0001793
       4463.73    0.0000799
       4465.40    0.0001941
       4467.06    0.0006824
       4470.35    0.0003134
       4472.08    0.0006206
       4474.15    0.0059847
       4475.30    0.0015422
       4478.35    0.0000440
       4481.34    0.0002325
       4483.65    0.0000077
       4486.84    0.0000260
       4488.88    0.0000251
       4491.95    0.0000927
       4494.38    0.0000243
       4496.95    0.0001180
       4499.52    0.0000290
       4502.35    0.0006856
       4504.17    0.0020880
       4505.89    0.0007328
       4507.98    0.0002349
       4511.47    0.0003513
       4513.03    0.0001515
       4516.16    0.0002495
       4517.50    0.0019305
       4520.33    0.0000267
       4523.54    0.0000569
       4525.39    0.0000458
       4528.55    0.0000209
       4531.44    0.0000071
       4534.29    0.0000455
       4535.46    0.0000383
       4538.24    0.0000039
       4541.37    0.0000059
       4543.94    0.0000133
       4546.43    0.0000065
       4549.87    0.0000075
       4552.54    0.0000042
       4555.30    0.0000226
       4557.69    0.0000238
       4559.92    0.0000183
       4562.73    0.0001093
       4566.02    0.0009744
       4567.25    0.0002048
       4569.22    0.0000758
       4572.51    0.0000854
       4575.14    0.0004236
       4576.36    0.0005215
       4579.93    0.0002583
       4581.92    0.0007770
       4584.76    0.0000671
       4587.29    0.0000191
       4589.88    0.0000213
       4593.22    0.0000784
       4596.38    0.0002620
       4598.41    0.0016005
       4600.45    0.0024309
       4602.40    0.0002383
       4605.46    0.0002600
       4607.72    0.0005887
       4610.85    0.0007843
       4612.68    0.0006145
       4615.53    0.0001710
       4617.59    0.0001781
       4621.34    0.0002114
       4623.83    0.0007814
       4625.43    0.0008379
       4628.37    0.0001487
       4630.80    0.0000684
       4634.23    0.0001748
       4636.60    0.0013915
       4638.76    0.0008451
       4641.87    0.0020592
       4643.06    0.0005758
       4646.25    0.0005734
       4648.59    0.0007505
       4650.35    0.0000991
       4654.04    0.0001315
       4656.16    0.0004533
       4658.86    0.0002081
       4661.90    0.0007044
       4664.41    0.0001574
       4668.22    0.0004874
       4669.86    0.0004718
       4672.46    0.0004555
       4673.74    0.0012271
       4677.43    0.0000475
       4679.86    0.0003616
       4681.72    0.0009382
       4685.31    0.0000280
       4687.97    0.0001340
       4691.22    0.0001655
       4693.46    0.0000367
       4695.87    0.0011753
       4698.53    0.0001172
       4700.91    0.0000436
       4704.37    0.0001764
       4705.40    0.0002257
       4709.32    0.0000275
       4712.04    0.0000188
       4714.34    0.0000343
       4716.91    0.0004917
       4720.19    0.0002374
       4722.46    0.0000424
       4726.27    0.0001322
       4727.42    0.0000923
       4729.95    0.0000574
       4733.70    0.0000743
       4736.25    0.0000248
       4739.13    0.0000932
       4742.18    0.0004188
       4744.61    0.0003479
       4746.39    0.0030937
       4748.38    0.0002656
       4752.89    0.0003920
       4754.64    0.0002572
       4758.24    0.0003041
       4760.00    0.0004274
       4763.17    0.0027932
       4765.82    0.0010143
       4767.55    0.0010041
       4770.31    0.0028880
       4772.27    0.0085251
       4774.97    0.0000856
       4777.76    0.0000856
       4780.75    0.0000414
       4784.66    0.0000916
       4786.48    0.0006712
       4789.43    0.0001945
       4792.31    0.0001357
       4794.78    0.0003544
       4797.62    0.0000658
       4800.51    0.0000730
       4803.00    0.0001903
       4805.98    0.0001977
       4808.52    0.0001160
       4810.91    0.0000696
       4815.19    0.0003880
       4816.28    0.0012313
       4820.02    0.0001401
       4822.33    0.0003767
       4824.37    0.0005425
       4827.77    0.0002457
       4830.53    0.0000394
       4834.04    0.0002033
       4836.99    0.0001365
       4839.46    0.0008150
       4840.44    0.0032540
       4844.32    0.0002797
       4846.14    0.0001022
       4849.53    0.0002613
       4851.06    0.0002573
       4856.63    0.0001355
       4858.32    0.0004753
       4860.82    0.0000925
       4863.87    0.0004055
       4866.56    0.0006421
       4868.75    0.0008134
       4870.73    0.0004600
       4875.06    0.0001807
       4877.34    0.0001754
       4879.81    0.0004669
       4881.98    0.0004569
       4884.45    0.0000889
       4887.77    0.0001438
       4890.93    0.0000378
       4894.99    0.0009390
       4896.15    0.0006439
       4898.87    0.0000416
       4902.36    0.0000222
       4906.10    0.0000143
       4908.15    0.0000707
       4911.54    0.0000911
       4913.90    0.0001435
       4915.64    0.0001340
       4919.74    0.0000807
       4922.52    0.0000654
       4925.58    0.0007989
       4928.92    0.0006492
       4931.13    0.0013093
       4933.43    0.0005309
       4935.80    0.0034295
       4937.17    0.0018975
       4941.01    0.0001510
       4944.69    0.0000409
       4947.17    0.0001315
       4949.73    0.0001104
       4953.12    0.0000461
       4956.20    0.0000682
       4958.81    0.0001721
       4961.28    0.0000702
       4965.65    0.0005074
       4967.31    0.0006140
       4968.88    0.0001197
       4972.88    0.0000186
       4976.17    0.0000320
       4978.84    0.0000963
       4981.39    0.0001454
       4985.43    0.0000835
       4987.30    0.0001224
       4990.47    0.0001511
       4992.60    0.0001520
       4996.32    0.0001915
       4999.25    0.0005316
       5001.73    0.0002696
       5003.77    0.0026820
       5007.14    0.0002152
       5010.06    0.0001276
       5011.85    0.0000996
       5016.07    0.0000284
       5018.25    0.0000456
       5021.96    0.0000495
       5025.00    0.0000429
       5028.19    0.0000691
       5030.82    0.0002988
       5033.31    0.0003727
       5036.37    0.0005009
       5038.42    0.0002942
       5042.28    0.0001378
       5044.38    0.0003961
       5047.11    0.0002785
       5049.80    0.0002107
       5052.01    0.0000274
       5056.60    0.0000158
       5059.05    0.0000184
       5063.41    0.0000230
       5065.63    0.0000381
       5068.41    0.0000463
       5071.84    0.0000659
       5074.38    0.0002301
       5076.94    0.0000295
       5080.38    0.0000436
       5083.85    0.0000532
       5086.52    0.0001018
       5090.01    0.0006514
       5091.79    0.0002614
       5095.56    0.0004398
       5098.09    0.0000901
       5101.76    0.0003231
       5104.29    0.0005259
       5106.66    0.0005643
       5109.67    0.0013287
       5111.73    0.0022672
       5115.50    0.0022777
       5117.21    0.0007948
       5121.57    0.0001651
       5124.16    0.0007543
       5126.84    0.0005888
       5129.70    0.0003443
       5132.28    0.0006462
       5135.23    0.0003994
       5138.59    0.0002314
       5141.71    0.0003203
       5145.18    0.0004701
       5146.87    0.0008106
       5150.73    0.0005785
       5153.14    0.0012719
       5156.83    0.0004206
       5158.97    0.0008395
       5162.09    0.0002940
       5164.83    0.0005441
       5168.24    0.0004165
       5171.06    0.0003585
       5174.34    0.0002293
       5177.68    0.0004709
       5180.00    0.0021691
       5182.43    0.0005239
       5186.20    0.0008920
       5188.80    0.0003793
       5191.82    0.0003806
       5195.08    0.0005185
       5198.04    0.0006919
       5200.98    0.0006359
       5203.16    0.0007155
       5206.51    0.0005241
       5209.08    0.0008127
       5211.24    0.0001705
       5216.44    0.0001128
       5219.23    0.0003469
       5222.00    0.0010449
       5224.79    0.0003116
       5227.09    0.0001193
       5230.47    0.0001379
       5233.72    0.0004368
       5236.66    0.0000474
       5239.86    0.0001797
       5243.65    0.0001369
       5245.54    0.0000941
       5248.48    0.0000234
       5253.09    0.0000108
       5256.67    0.0000704
       5259.04    0.0002491
       5262.08    0.0017314
       5264.44    0.0002371
       5267.99    0.0000811
       5271.62    0.0005508
       5274.31    0.0008634
       5276.35    0.0003732
       5279.92    0.0001487
       5282.89    0.0002534
       5285.76    0.0004220
       5288.94    0.0001950
       5292.26    0.0003732
       5296.55    0.0007648
       5298.32    0.0065044
       5300.57    0.0021076
       5304.01    0.0011045
       5306.25    0.0009494
       5309.64    0.0002182
       5313.71    0.0001954
       5316.16    0.0003127
       5319.34    0.0001479
       5322.43    0.0001443
       5325.50    0.0001253
       5328.32    0.0001166
       5332.29    0.0004720
       5333.53    0.0003565
       5338.58    0.0001072
       5341.37    0.0000958
       5344.87    0.0004250
       5347.25    0.0002325
       5349.86    0.0003061
       5353.94    0.0002449
       5356.51    0.0000948
       5360.11    0.0000790
       5363.64    0.0002277
       5366.57    0.0005930
       5369.91    0.0013576
       5372.11    0.0006348
       5375.36    0.0008113
       5377.94    0.0007599
       5380.78    0.0001827
       5384.70    0.0001493
       5387.34    0.0002757
       5391.74    0.0004101
       5393.65    0.0004971
       5396.69    0.0002405
       5400.13    0.0004918
       5403.34    0.0003516
       5405.55    0.0001376
       5409.58    0.0002000
       5412.91    0.0002248
       5415.05    0.0001787
       5417.45    0.0001737
       5422.84    0.0000629
       5425.08    0.0006170
       5428.62    0.0000374
       5431.57    0.0000625
       5435.08    0.0000217
       5439.10    0.0000682
       5441.69    0.0001239
       5444.77    0.0000624
       5448.75    0.0001010
       5451.57    0.0001073
       5454.82    0.0001678
       5457.87    0.0007333
       5460.59    0.0003775
       5463.91    0.0011624
       5466.38    0.0003895
       5470.36    0.0003053
       5473.61    0.0009366
       5475.97    0.0006735
       5479.72    0.0001482
       5483.05    0.0001590
       5486.42    0.0006953
       5489.58    0.0004251
       5492.70    0.0018269
       5495.35    0.0035667
       5497.63    0.0014329
       5501.30    0.0005667
       5504.71    0.0004522
       5507.03    0.0017842
       5511.47    0.0008709
       5513.94    0.0004188
       5517.77    0.0006661
       5520.77    0.0007558
       5523.77    0.0006891
       5527.47    0.0007178
       5530.41    0.0013126
       5533.52    0.0020444
       5536.26    0.0012061
       5539.44    0.0014378
       5542.85    0.0004241
       5546.24    0.0003530
       5549.36    0.0006957
       5552.59    0.0004771
       5556.47    0.0019814
       5559.02    0.0013244
       5561.67    0.0011087
       5565.03    0.0020651
       5568.79    0.0006816
       5571.13    0.0010130
       5574.40    0.0004179
       5578.27    0.0002857
       5581.42    0.0002613
       5584.15    0.0021698
       5586.85    0.0004719
       5591.04    0.0000955
       5594.50    0.0000833
       5598.01    0.0001071
       5601.17    0.0001810
       5604.68    0.0004641
       5607.66    0.0003166
       5610.86    0.0001752
       5614.21    0.0001145
       5617.58    0.0002118
       5620.21    0.0001158
       5625.04    0.0001131
       5627.71    0.0002272
       5631.30    0.0003714
       5634.62    0.0004439
       5638.11    0.0004583
       5640.89    0.0017981
       5643.58    0.0014305
       5646.32    0.0010706
       5649.80    0.0002829
       5653.47    0.0006923
       5656.98    0.0006061
       5659.81    0.0016642
       5662.94    0.0009118
       5665.91    0.0008994
       5669.61    0.0005734
       5672.71    0.0004577
       5676.06    0.0004046
       5678.99    0.0008215
       5682.71    0.0007361
       5685.54    0.0002490
       5689.35    0.0003584
       5692.21    0.0001156
       5696.73    0.0002219
       5699.70    0.0003393
       5702.86    0.0001926
       5706.68    0.0003214
       5709.49    0.0010238
       5712.21    0.0008391
       5715.57    0.0006640
       5719.04    0.0003479
       5722.58    0.0001993
       5725.66    0.0002286
       5729.82    0.0002742
       5732.58    0.0003524
       5735.83    0.0003058
       5738.79    0.0005919
       5741.95    0.0003800
       5746.02    0.0004605
       5749.20    0.0005300
       5751.84    0.0003968
       5754.94    0.0002476
       5758.76    0.0001646
       5762.74    0.0002756
       5765.45    0.0002066
       5769.04    0.0000930
       5773.27    0.0001207
       5775.39    0.0001926
       5780.05    0.0001075
       5783.26    0.0001482
       5786.14    0.0002363
       5790.71    0.0006393
       5792.07    0.0010602
       5795.78    0.0001140
       5799.94    0.0001851
       5802.66    0.0001908
       5806.83    0.0001395
       5810.12    0.0001809
       5813.40    0.0005143
       5817.00    0.0001415
       5820.29    0.0001651
       5824.32    0.0006603
       5827.07    0.0017456
       5830.17    0.0008470
       5833.66    0.0005435
       5836.56    0.0005145
       5840.11    0.0006259
       5843.20    0.0003385
       5846.69    0.0003957
       5849.79    0.0001526
       5854.01    0.0002271
       5856.87    0.0004560
       5860.50    0.0006152
       5863.15    0.0006485
       5866.62    0.0004562
       5869.54    0.0001158
       5874.45    0.0001530
       5877.40    0.0001410
       5880.38    0.0001572
       5884.79    0.0001150
       5887.98    0.0001182
       5892.04    0.0001860
       5895.10    0.0002567
       5898.71    0.0005843
       5901.86    0.0010181
       5904.53    0.0005922
       5907.79    0.0005085
       5911.49    0.0001737
       5914.94    0.0001174
       5918.50    0.0004122
       5921.83    0.0002124
       5925.36    0.0001672
       5928.75    0.0002191
       5932.33    0.0001664
       5935.32    0.0003043
       5938.74    0.0001657
       5942.72    0.0001690
       5945.55    0.0000677
       5950.01    0.0000638
       5953.78    0.0001613
       5956.54    0.0001453
       5960.22    0.0000687
       5964.21    0.0001105
       5967.43    0.0002060
       5971.03    0.0002558
       5974.17    0.0001835
       5977.97    0.0001509
       5981.53    0.0001705
       5984.96    0.0004999
       5987.84    0.0002638
       5991.72    0.0002457
       5995.35    0.0001762
       5999.53    0.0004759
       6002.36    0.0013839
       6005.53    0.0007193
       6009.13    0.0008997
       6012.85    0.0004623
       6016.09    0.0009459
       6019.07    0.0022085
       6022.28    0.0007711
       6026.29    0.0017907
       6029.29    0.0005229
       6033.58    0.0012145
       6036.44    0.0007236
       6040.58    0.0006835
       6043.25    0.0008801
       6047.41    0.0018698
       6050.32    0.0008304
       6054.21    0.0008120
       6057.72    0.0018232
       6060.29    0.0009175
       6063.79    0.0007548
       6067.70    0.0004234
       6071.70    0.0005226
       6075.08    0.0012250
       6078.39    0.0006165
       6081.53    0.0007551
       6084.92    0.0009516
       6089.02    0.0013026
       6092.09    0.0017879
       6095.42    0.0006592
       6099.24    0.0010166
       6102.35    0.0003878
       6106.11    0.0003865
       6110.29    0.0007150
       6113.18    0.0011243
       6116.77    0.0003779
       6119.99    0.0002494
       6123.99    0.0003559
       6127.35    0.0003113
       6130.80    0.0002704
       6134.42    0.0003156
       6137.26    0.0002046
       6142.05    0.0000884
       6145.59    0.0001333
       6149.27    0.0001688
       6153.20    0.0001540
       6156.77    0.0006829
       6159.69    0.0005393
       6163.42    0.0001373
       6167.62    0.0002413
       6170.62    0.0009459
       6173.86    0.0006685
       6177.51    0.0002839
       6181.33    0.0002953
       6185.23    0.0005357
       6187.94    0.0008687
       6191.39    0.0003958
       6194.76    0.0006649
       6198.95    0.0003074
       6203.02    0.0004491
       6205.73    0.0005013
       6209.66    0.0003291
       6212.75    0.0002758
       6216.72    0.0001733
       6220.52    0.0001533
       6224.68    0.0001871
       6227.93    0.0002978
       6231.69    0.0003230
       6235.17    0.0004584
       6238.38    0.0005778
       6241.79    0.0003414
       6245.86    0.0003229
       6249.18    0.0002528
       6253.31    0.0002772
       6256.67    0.0002572
       6260.51    0.0003449
       6263.78    0.0002882
       6267.61    0.0007870
       6271.13    0.0003982
       6274.73    0.0003864
       6278.18    0.0003730
       6281.79    0.0003481
       6285.54    0.0002008
       6289.16    0.0002086
       6292.43    0.0001984
       6296.59    0.0001437
       6300.14    0.0001747
       6304.34    0.0002356
       6308.29    0.0003555
       6311.11    0.0002816
       6315.20    0.0002091
       6318.89    0.0003946
       6321.67    0.0005455
       6325.93    0.0002427
       6329.33    0.0001540
       6333.14    0.0002722
       6336.92    0.0001569
       6340.78    0.0003220
       6344.54    0.0002795
       6348.33    0.0002522
       6352.44    0.0006134
       6355.37    0.0006440
       6358.86    0.0010849
       6362.36    0.0007528
       6365.50    0.0008287
       6369.52    0.0005230
       6373.13    0.0005591
       6376.96    0.0008707
       6380.70    0.0004135
       6384.73    0.0010486
       6388.22    0.0009569
       6391.96    0.0016825
       6395.08    0.0013055
       6398.21    0.0009054
       6402.38    0.0004576
       6405.81    0.0005927
       6409.71    0.0003162
       6414.12    0.0002635
       6417.80    0.0009729
       6421.41    0.0016376
       6424.34    0.0009505
       6428.02    0.0009115
       6431.88    0.0009507
       6435.36    0.0008775
       6439.24    0.0006699
       6443.20    0.0004299
       6447.28    0.0010757
       6450.43    0.0020456
       6453.61    0.0011257
       6457.39    0.0012416
       6461.15    0.0006410
       6464.52    0.0004708
       6469.05    0.0005590
       6472.78    0.0005501
       6476.00    0.0010840
       6479.52    0.0006273
       6482.89    0.0003583
       6487.35    0.0001710
       6491.12    0.0002903
       6495.42    0.0003524
       6498.74    0.0005245
       6502.13    0.0002767
       6505.96    0.0001534
       6509.68    0.0002155
       6513.78    0.0002521
       6517.70    0.0002700
       6520.94    0.0003592
       6525.27    0.0004736
       6528.86    0.0003940
       6532.45    0.0002721
       6536.62    0.0005912
       6539.88    0.0007193
       6544.39    0.0006544
       6547.57    0.0006620
       6550.93    0.0012026
       6555.28    0.0005428
       6558.59    0.0005237
       6562.55    0.0004815
       6565.78    0.0006755
       6570.09    0.0004133
       6573.97    0.0004087
       6577.14    0.0006865
       6581.27    0.0003772
       6585.41    0.0005698
       6588.59    0.0006098
       6592.25    0.0004997
       6596.16    0.0005779
       6599.73    0.0004203
       6603.35    0.0004632
       6607.37    0.0002743
       6611.68    0.0004484
       6615.24    0.0004823
       6618.97    0.0007074
       6622.69    0.0005198
       6626.31    0.0004560
       6630.09    0.0002328
       6634.29    0.0004445
       6637.22    0.0004685
       6641.50    0.0002342
       6645.27    0.0002211
       6649.19    0.0002731
       6653.03    0.0002620
       6656.87    0.0001821
       6660.81    0.0001679
       6664.29    0.0002192
       6668.80    0.0001103
       6672.25    0.0001010
       6676.34    0.0001342
       6679.99    0.0001383
       6684.66    0.0003291
       6688.20    0.0003864
       6691.15    0.0003236
       6695.37    0.0001438
       6699.47    0.0002340
       6702.95    0.0003187
       6706.64    0.0002360
       6710.97    0.0002308
       6715.28    0.0003181
       6718.23    0.0004025
       6722.27    0.0003816
       6726.12    0.0005273
       6729.95    0.0005420
       6733.81    0.0010506
       6737.17    0.0005827
       6740.77    0.0003817
       6745.07    0.0001844
       6748.94    0.0002515
       6753.33    0.0002618
       6756.67    0.0003456
       6761.04    0.0004366
       6764.31    0.0003950
       6768.38    0.0004635
       6772.39    0.0004106
       6776.08    0.0005306
       6779.64    0.0004796
       6783.57    0.0004543
       6788.11    0.0003641
       6791.76    0.0002942
       6795.38    0.0004711
       6799.35    0.0006878
       6802.67    0.0005767
       6807.32    0.0007881
       6810.05    0.0006629
       6813.96    0.0003184
       6817.99    0.0002391
       6822.19    0.0001757
       6826.29    0.0001914
       6830.31    0.0002514
       6834.02    0.0002170
       6838.21    0.0003400
       6841.63    0.0002284
       6846.38    0.0002476
       6849.63    0.0003470
       6854.13    0.0003055
       6857.86    0.0002328
       6861.63    0.0003053
       6865.53    0.0002895
       6869.57    0.0002876
       6873.78    0.0002928
       6877.47    0.0004282
       6881.52    0.0006736
       6885.02    0.0005245
       6888.92    0.0005875
       6893.06    0.0003471
       6897.11    0.0006925
       6900.91    0.0006837
       6904.37    0.0007527
       6908.61    0.0006896
       6912.55    0.0007870
       6916.17    0.0007524
       6920.23    0.0008053
       6923.80    0.0011778
       6927.45    0.0004501
       6931.97    0.0004119
       6935.73    0.0006738
       6939.79    0.0005614
       6944.22    0.0007358
       6947.88    0.0010774
       6951.50    0.0010187
       6955.14    0.0010503
       6959.10    0.0008872
       6963.05    0.0006115
       6967.19    0.0005497
       6971.01    0.0007037
       6975.07    0.0007119
       6978.86    0.0005707
       6982.90    0.0007768
       6986.74    0.0010786
       6990.54    0.0008353
       6994.30    0.0004876
       6998.38    0.0004882
       7002.47    0.0004486
       7006.95    0.0004084
       7009.82    0.0007867
       7013.94    0.0003848
       7018.18    0.0002852
       7022.49    0.0002725
       7026.25    0.0002644
       7030.58    0.0002893
       7034.34    0.0002158
       7038.16    0.0002361
       7042.52    0.0002057
       7046.85    0.0001999
       7050.78    0.0003233
       7054.48    0.0003316
       7058.32    0.0003000
       7062.64    0.0002769
       7066.10    0.0003391
       7070.88    0.0002390
       7074.60    0.0003751
       7078.45    0.0003784
       7081.78    0.0002665
       7086.33    0.0002486
       7090.66    0.0001850
       7094.77    0.0002561
       7098.63    0.0002986
       7102.68    0.0003369
       7106.51    0.0003210
       7110.83    0.0002526
       7115.11    0.0003628
       7118.73    0.0004722
       7122.65    0.0004713
       7126.94    0.0004698
       7130.64    0.0005801
       7134.73    0.0005451
       7138.44    0.0004822
       7142.54    0.0004568
       7146.36    0.0005293
       7150.38    0.0004647
       7154.42    0.0003521
       7158.76    0.0003233
       7163.08    0.0004208
       7166.83    0.0003963
       7170.44    0.0004211
       7174.62    0.0001663
       7179.04    0.0001465
       7183.22    0.0002532
       7187.43    0.0002035
       7191.32    0.0002537
       7195.32    0.0002839
       7199.61    0.0002774
       7203.75    0.0004059
       7207.74    0.0004467
       7211.77    0.0003899
       7215.82    0.0005952
       7219.18    0.0004097
       7223.75    0.0004786
       7228.00    0.0003999
       7232.05    0.0004545
       7236.05    0.0006826
       7240.03    0.0011479
       7243.60    0.0007940
       7247.64    0.0004868
       7251.71    0.0004233
       7255.97    0.0003684
       7259.66    0.0003117
       7264.41    0.0003645
       7268.29    0.0002869
       7272.45    0.0002586
       7276.22    0.0003140
       7281.09    0.0003187
       7284.93    0.0005582
       7288.93    0.0006200
       7292.85    0.0007188
       7296.59    0.0005194
       7301.05    0.0005293
       7305.14    0.0004429
       7309.15    0.0004480
       7313.77    0.0004455
       7317.64    0.0008657
       7321.06    0.0011245
       7325.30    0.0007710
       7329.19    0.0006195
       7333.14    0.0005623
       7337.84    0.0004947
       7342.05    0.0007414
       7345.72    0.0005937
       7349.76    0.0004551
       7354.27    0.0003461
       7358.24    0.0004494
       7362.13    0.0004422
       7366.43    0.0002793
       7371.14    0.0004091
       7374.62    0.0007429
       7378.65    0.0004196
       7382.86    0.0002806
       7387.01    0.0002936
       7391.38    0.0003796
       7395.13    0.0003290
       7399.53    0.0002371
       7403.62    0.0003275
       7407.99    0.0003671
       7412.08    0.0004437
       7415.78    0.0003012
       7420.23    0.0002011
       7424.57    0.0002804
       7428.61    0.0003237
       7432.77    0.0002140
       7437.13    0.0002710
       7441.25    0.0004168
       7445.35    0.0002896
       7449.64    0.0005140
       7453.24    0.0005116
       7457.59    0.0003175
       7461.77    0.0003620
       7466.20    0.0003549
       7470.38    0.0004834
       7474.17    0.0006411
       7478.31    0.0007146
       7482.19    0.0004753
       7486.32    0.0003051
       7490.83    0.0002557
       7495.15    0.0002928
       7499.44    0.0003096
       7503.30    0.0003195
       7507.38    0.0003328
       7511.73    0.0002202
       7516.25    0.0003696
       7520.14    0.0003802
       7524.05    0.0004167
       7528.93    0.0003742
       7532.28    0.0004274
       7536.95    0.0003642
       7540.50    0.0002783
       7544.85    0.0002141
       7549.23    0.0002136
       7553.66    0.0001862
       7557.62    0.0001641
       7561.93    0.0001772
       7566.46    0.0001744
       7570.35    0.0001458
       7575.16    0.0001195
       7579.33    0.0001995
       7583.40    0.0002772
       7587.15    0.0002105
       7591.38    0.0001414
       7596.12    0.0001393
       7600.48    0.0001735
       7604.83    0.0002413
       7609.04    0.0001894
       7613.42    0.0002938
       7617.73    0.0003863
       7621.38    0.0006749
       7625.37    0.0003614
       7629.79    0.0002890
       7634.20    0.0002638
       7638.29    0.0003267
       7642.33    0.0002907
       7646.93    0.0002799
       7651.38    0.0003748
       7655.29    0.0003783
       7659.56    0.0004185
       7663.65    0.0005641
       7668.09    0.0004610
       7672.41    0.0004494
       7676.51    0.0005283
       7680.74    0.0005142
       7685.24    0.0006417
       7689.29    0.0005707
       7693.19    0.0007978
       7697.13    0.0005667
       7701.72    0.0005088
       7705.77    0.0004056
       7710.32    0.0003391
       7714.59    0.0004644
       7718.86    0.0005102
       7722.78    0.0004209
       7727.47    0.0004573
       7731.51    0.0004351
       7736.02    0.0004052
       7740.05    0.0005678
       7743.86    0.0004968
       7748.66    0.0004719
       7752.36    0.0005915
       7756.89    0.0003797
       7760.87    0.0003307
       7765.37    0.0003249
       7769.84    0.0002712
       7774.13    0.0002447
       7778.50    0.0002280
       7782.83    0.0002683
       7787.13    0.0002847
       7791.49    0.0002692
       7795.87    0.0002378
       7800.18    0.0002754
       7804.55    0.0003086
       7808.92    0.0003815
       7813.35    0.0004529
       7817.01    0.0005997
       7821.48    0.0005459
       7825.47    0.0004876
       7829.91    0.0002892
       7834.37    0.0003894
       7838.75    0.0002949
       7843.25    0.0005325
       7847.16    0.0004537
       7851.61    0.0004910
       7855.82    0.0004530
       7860.17    0.0003233
       7864.72    0.0003362
       7868.50    0.0005220
       7873.14    0.0002957
       7877.63    0.0003542
       7881.91    0.0003109
       7886.27    0.0004506
       7890.16    0.0004426
       7894.63    0.0003922
       7899.03    0.0003849
       7902.92    0.0004496
       7907.37    0.0002892
       7911.64    0.0002574
       7916.24    0.0001914
       7920.72    0.0002248
       7924.92    0.0001920
       7929.57    0.0002027
       7933.71    0.0002130
       7938.30    0.0002014
       7942.56    0.0002239
       7946.90    0.0002290
       7951.16    0.0001862
       7955.92    0.0001620
       7960.14    0.0002032
       7964.59    0.0001742
       7969.22    0.0002113
       7973.17    0.0002884
       7977.35    0.0003366
       7981.94    0.0002180
       7986.44    0.0002279
       7990.88    0.0002220
       7995.22    0.0002933
       7999.68    0.0003218
       8004.19    0.0003908
       8008.37    0.0003829
       8012.39    0.0003907
       8016.79    0.0003534
       8021.42    0.0003173
       8025.53    0.0003071
       8029.89    0.0003137
       8034.50    0.0002834
       8038.78    0.0002606
       8043.53    0.0003734
       8047.51    0.0003473
       8052.01    0.0003704
       8056.15    0.0003860
       8060.66    0.0002959
       8065.30    0.0002785
       8069.83    0.0004241
       8073.84    0.0003650
       8078.35    0.0003720
       8082.41    0.0003431
       8087.16    0.0003186
       8091.54    0.0003729
       8095.71    0.0003075
       8100.66    0.0003016
       8105.16    0.0005281
       8109.24    0.0005376
       8113.03    0.0006606
       8117.60    0.0004617
       8121.71    0.0003170
       8126.52    0.0003136
       8130.90    0.0002244
       8135.37    0.0002505
       8139.94    0.0002253
       8144.67    0.0002208
       8148.80    0.0003020
       8153.12    0.0002820
       8157.73    0.0002697
       8162.20    0.0002457
       8166.64    0.0002977
       8171.10    0.0002134
       8175.72    0.0002816
       8180.21    0.0002923
       8184.66    0.0003299
       8189.09    0.0003608
       8193.58    0.0004534
       8197.84    0.0004704
       8202.09    0.0004730
       8206.14    0.0004171
       8211.05    0.0003773
       8215.25    0.0004587
       8219.86    0.0002850
       8224.36    0.0004369
       8228.66    0.0004780
       8232.97    0.0004251
       8237.58    0.0003248
       8242.04    0.0004218
       8246.24    0.0003614
       8250.96    0.0003007
       8255.39    0.0003312
       8259.65    0.0003395
       8264.12    0.0002897
       8268.67    0.0003007
       8273.30    0.0002613
       8277.61    0.0003730
       8281.84    0.0002756
       8286.29    0.0001958
       8290.94    0.0001325
       8295.71    0.0001432
       8300.41    0.0001723
       8304.73    0.0002065
       8309.38    0.0001906
       8313.71    0.0002189
       8318.11    0.0001923
       8322.49    0.0001870
       8327.38    0.0001888
       8331.79    0.0001919
       8336.38    0.0001993
       8340.74    0.0002558
       8345.19    0.0002493
       8349.91    0.0002876
       8354.11    0.0002547
       8358.83    0.0002679
       8363.07    0.0002585
       8367.81    0.0002273
       8371.99    0.0002244
       8376.77    0.0002173
       8381.62    0.0002822
       8385.55    0.0003045
       8390.34    0.0002863
       8394.72    0.0003045
       8399.20    0.0002914
       8403.59    0.0002487
       8408.14    0.0002365
       8412.68    0.0001889
       8417.37    0.0002120
       8421.86    0.0002537
       8426.26    0.0002473
       8430.96    0.0002631
       8435.24    0.0001933
       8439.73    0.0001995
       8444.52    0.0001842
       8449.22    0.0001592
       8453.56    0.0002249
       8457.93    0.0002186
       8462.59    0.0001853
       8467.45    0.0001701
       8471.85    0.0002155
       8476.52    0.0001866
       8480.72    0.0002015
       8485.55    0.0001677
       8490.13    0.0001670
       8494.65    0.0001850
       8499.35    0.0001968
       8503.65    0.0002154
       8508.60    0.0001582
       8513.12    0.0002104
       8517.77    0.0001815
       8522.48    0.0002629
       8526.90    0.0003186
       8531.27    0.0002910
       8535.68    0.0002647
       8540.55    0.0002782
       8545.08    0.0002997
       8549.65    0.0002875
       8554.16    0.0002799
       8559.03    0.0004002
       8563.28    0.0004125
       8567.65    0.0005382
       8572.44    0.0004975
       8576.88    0.0005737
       8581.10    0.0004857
       8585.91    0.0004919
       8590.31    0.0003978
       8594.79    0.0004370
       8599.53    0.0003510
       8603.82    0.0003371
       8608.32    0.0003226
       8613.31    0.0003210
       8617.67    0.0002774
       8622.83    0.0002923
       8627.08    0.0003446
       8631.59    0.0003833
       8636.22    0.0003349
       8640.65    0.0005410
       8644.99    0.0003530
       8649.72    0.0003774
       8654.24    0.0002903
       8658.89    0.0002389
       8663.28    0.0002076
       8668.11    0.0001410
       8673.06    0.0001755
       8677.35    0.0001605
       8682.08    0.0001297
       8687.16    0.0001395
       8691.55    0.0002050
       8696.26    0.0001949
       8701.15    0.0001793
       8705.44    0.0002079
       8710.22    0.0002306
       8715.03    0.0002404
       8719.56    0.0003238
       8723.97    0.0003008
       8728.42    0.0003093
       8732.88    0.0001962
       8737.77    0.0001816
       8742.38    0.0001856
       8747.16    0.0002267
       8752.01    0.0002204
       8756.54    0.0002156
       8760.83    0.0002203
       8765.55    0.0002074
       8770.52    0.0001839
       8775.06    0.0002242
       8779.91    0.0002865
       8784.17    0.0002471
       8788.61    0.0002618
       8793.32    0.0001948
       8798.01    0.0001750
       8802.98    0.0001621
       8807.28    0.0001831
       8811.92    0.0001510
       8816.64    0.0001278
       8821.80    0.0001270
       8826.35    0.0001350
       8831.12    0.0001439
       8835.72    0.0001476
       8840.36    0.0001648
       8844.85    0.0001336
       8849.83    0.0001368
       8854.53    0.0001325
       8859.54    0.0001625
       8864.18    0.0002370
       8868.52    0.0002482
       8873.22    0.0002567
       8877.83    0.0001944
       8882.57    0.0002108
       8887.00    0.0001874
       8891.92    0.0001905
       8896.64    0.0001740
       8901.19    0.0001853
       8906.15    0.0001959
       8910.82    0.0002317
       8915.58    0.0002389
       8920.22    0.0002911
       8924.84    0.0002469
       8929.57    0.0003393
       8933.97    0.0003084
       8938.73    0.0003414
       8943.16    0.0002819
       8947.62    0.0002587
       8952.72    0.0002095
       8957.22    0.0002010
       8962.02    0.0001793
       8966.95    0.0001527
       8971.88    0.0002278
       8976.30    0.0002253
       8981.11    0.0002361
       8985.70    0.0001937
       8990.68    0.0002192
       8995.15    0.0002456
       9000.24    0.0002264
       9004.70    0.0002554
       9009.41    0.0002991
       9013.91    0.0002852
       9018.51    0.0002159
       9023.33    0.0001800
       9028.41    0.0002005
       9032.86    0.0001808
       9037.81    0.0001579
       9042.60    0.0002220
       9047.11    0.0001850
       9051.99    0.0001764
       9056.66    0.0001855
       9061.35    0.0001843
       9066.10    0.0001514
       9070.94    0.0001417
       9076.08    0.0001704
       9080.92    0.0001919
       9085.69    0.0002662
       9090.20    0.0003065
       9094.76    0.0003460
       9099.47    0.0003258
       9104.01    0.0003320
       9108.87    0.0002453
       9113.55    0.0002810
       9118.28    0.0003193
       9122.98    0.0002788
       9127.82    0.0002538
       9132.53    0.0002621
       9137.20    0.0002015
       9142.16    0.0001916
       9146.93    0.0001981
       9151.35    0.0002145
       9156.31    0.0001596
       9161.19    0.0001616
       9166.26    0.0002035
       9170.45    0.0002216
       9175.63    0.0001962
       9179.99    0.0001868
       9184.63    0.0001753
       9189.37    0.0001225
       9194.49    0.0001143
       9199.25    0.0001019
       9204.27    0.0001015
       9209.22    0.0000985
       9214.07    0.0001326
       9218.70    0.0001300
       9223.47    0.0001204
       9228.15    0.0001072
       9233.26    0.0001002
       9238.25    0.0001058
       9242.97    0.0001396
       9247.85    0.0001295
       9252.79    0.0001524
       9257.37    0.0001924
       9262.12    0.0001817
       9266.93    0.0001634
       9271.90    0.0001802
       9276.54    0.0002126
       9281.27    0.0001949
       9285.88    0.0001786
       9290.80    0.0001904
       9295.53    0.0001675
       9300.40    0.0001377
       9305.46    0.0001772
       9309.95    0.0001745
       9314.87    0.0001401
       9319.65    0.0001307
       9324.50    0.0001358
       9329.58    0.0001253
       9334.28    0.0001344
       9339.25    0.0001416
       9344.11    0.0001305
       9349.08    0.0001552
       9353.79    0.0001871
       9358.56    0.0001733
       9363.36    0.0001945
       9367.94    0.0001417
       9373.10    0.0001406
       9377.74    0.0001506
       9382.87    0.0001253
       9387.91    0.0001556
       9392.50    0.0001816
       9397.38    0.0002212
       9402.06    0.0001859
       9406.71    0.0001821
       9411.67    0.0001326
       9416.65    0.0001316
       9421.73    0.0001420
       9426.69    0.0001397
       9431.65    0.0001470
       9436.61    0.0002199
       9441.18    0.0002124
       9446.08    0.0002393
       9450.86    0.0002328
       9455.93    0.0002767
       9460.56    0.0003344
       9465.39    0.0003726
       9469.95    0.0003492
       9474.71    0.0003753
       9479.37    0.0003084
       9484.49    0.0002437
       9489.21    0.0002445
       9494.11    0.0001983
       9499.23    0.0001871
       9504.01    0.0002309
       9508.81    0.0002220
       9513.78    0.0001788
       9518.68    0.0002043
       9523.60    0.0002098
       9528.35    0.0002209
       9533.15    0.0002276
       9538.04    0.0002081
       9542.72    0.0002013
       9547.63    0.0001639
       9552.48    0.0001493
       9557.30    0.0001386
       9562.52    0.0000988
       9567.43    0.0000918
       9572.48    0.0001102
       9577.32    0.0000995
       9582.37    0.0000915
       9587.31    0.0000963
       9592.57    0.0001148
       9597.13    0.0001084
       9602.44    0.0001205
       9607.22    0.0001426
       9612.23    0.0001418
       9617.01    0.0001769
       9621.62    0.0001924
       9626.57    0.0001520
       9631.59    0.0001425
       9636.43    0.0001212
       9641.56    0.0001425
       9646.41    0.0001438
       9651.36    0.0001674
       9656.19    0.0001370
       9660.84    0.0001528
       9666.08    0.0001257
       9670.92    0.0001329
       9675.87    0.0001356
       9680.86    0.0001427
       9685.85    0.0001401
       9690.69    0.0001488
       9695.49    0.0001345
       9700.49    0.0001172
       9705.23    0.0001125
       9710.46    0.0000896
       9715.27    0.0000930
       9720.39    0.0000879
       9725.18    0.0000832
       9730.43    0.0000871
       9735.38    0.0000792
       9740.55    0.0000927
       9745.63    0.0000962
       9750.60    0.0001263
       9755.64    0.0001728
       9760.26    0.0001786
       9765.06    0.0001759
       9769.88    0.0001229
       9774.95    0.0001207
       9780.06    0.0001319
       9785.03    0.0001298
       9789.98    0.0001380
       9794.87    0.0001459
       9799.93    0.0001288
       9805.15    0.0001756
       9810.02    0.0001843
       9814.78    0.0002093
       9819.65    0.0002120
       9824.59    0.0001862
       9829.35    0.0001791
       9834.38    0.0001519
       9839.16    0.0001407
       9844.42    0.0001121
       9849.55    0.0001071
       9854.24    0.0001210
       9859.69    0.0001017
       9864.49    0.0001077
       9869.73    0.0001173
       9874.72    0.0001227
       9879.63    0.0001327
       9884.69    0.0001831
       9889.46    0.0001793
       9894.34    0.0001494
       9899.34    0.0001572
       9904.30    0.0001201
       9909.07    0.0001154
       9914.53    0.0000959
       9919.62    0.0001012
       9924.65    0.0001332
       9929.45    0.0001232
       9934.54    0.0001083
       9939.47    0.0001098
       9944.57    0.0000992
       9949.78    0.0000953
       9954.94    0.0001213
       9959.92    0.0001477
       9964.76    0.0001429
       9969.87    0.0001475
       9974.94    0.0001578
       9979.80    0.0001729
       9984.90    0.0001692
       9989.84    0.0002032
       9994.63    0.0002244
       9999.61    0.0002048
      10004.75    0.0002018
      10009.48    0.0002036
      10014.48    0.0001671
      10019.71    0.0001554
      10024.59    0.0001677
      10029.73    0.0001460
      10034.78    0.0001361
      10039.84    0.0001576
      10044.60    0.0001350
      10049.89    0.0001269
      10054.80    0.0001407
      10059.73    0.0001133
      10064.78    0.0000971
      10070.18    0.0001076
      10074.86    0.0001144
      10080.01    0.0000845
      10085.04    0.0000833
      10090.30    0.0000778
      10095.27    0.0000725
      10100.54    0.0000636
      10105.64    0.0000736
      10110.74    0.0000842
      10115.73    0.0000912
      10120.78    0.0000857
      10126.03    0.0000710
      10131.15    0.0000898
      10136.04    0.0000866
      10141.31    0.0000794
      10146.35    0.0000960
      10151.60    0.0001095
      10156.39    0.0001101
      10161.55    0.0001027
      10166.62    0.0001036
      10171.70    0.0001162
      10176.73    0.0001315
      10181.52    0.0001100
      10186.79    0.0000896
      10191.84    0.0000914
      10197.14    0.0000909
      10202.04    0.0000935
      10207.39    0.0000899
      10212.38    0.0001029
      10217.44    0.0000850
      10222.74    0.0000948
      10227.80    0.0000972
      10232.92    0.0001022
      10238.10    0.0001069
      10243.11    0.0001334
      10248.17    0.0001494
      10253.21    0.0001545
      10258.06    0.0001401
      10263.35    0.0001491
      10268.26    0.0001320
      10273.49    0.0001240
      10278.63    0.0001257
      10283.70    0.0001269
      10288.75    0.0001561
      10293.56    0.0001400
      10298.65    0.0001106
      10303.84    0.0000903
      10309.18    0.0000956
      10314.21    0.0000873
      10319.71    0.0000771
      10324.90    0.0001060
      10329.92    0.0001237
      10334.94    0.0001395
      10340.04    0.0001630
      10345.08    0.0001436
      10350.33    0.0001871
      10355.34    0.0001658
      10360.38    0.0001861
      10365.31    0.0001721
      10370.28    0.0001343
      10375.45    0.0001362
      10380.53    0.0001336
      10385.88    0.0001177
      10390.91    0.0001135
      10396.02    0.0001125
      10401.19    0.0001201
      10406.25    0.0001100
      10411.51    0.0001035
      10416.58    0.0001140
      10421.68    0.0000889
      10426.77    0.0000923
      10432.08    0.0000818
      10437.02    0.0000728
      10442.53    0.0000767
      10447.59    0.0000832
      10452.82    0.0000862
      10457.79    0.0000730
      10463.13    0.0000698
      10468.37    0.0000677
      10473.50    0.0000606
      10479.05    0.0000664
      10484.04    0.0000910
      10489.23    0.0000829
      10494.35    0.0000838
      10499.63    0.0000927
      10504.52    0.0000858
      10509.89    0.0000840
      10515.08    0.0001024
      10520.23    0.0001075
      10525.21    0.0001042
      10530.35    0.0000970
      10535.57    0.0000924
      10540.68    0.0001003
      10545.91    0.0000926
      10551.16    0.0001016
      10556.13    0.0000967
      10561.40    0.0000889
      10566.55    0.0000805
      10571.80    0.0000796
      10577.03    0.0000837
      10582.30    0.0000873
      10587.43    0.0000930
      10592.57    0.0000850
      10597.62    0.0000921
      10602.87    0.0000759
      10608.01    0.0000722
      10613.27    0.0000683
      10618.30    0.0000633
      10623.77    0.0000609
      10629.02    0.0000626
      10634.28    0.0000647
      10639.55    0.0000646
      10644.99    0.0000692
      10650.18    0.0000732
      10655.18    0.0000883
      10660.43    0.0000882
      10665.58    0.0000824
      10670.84    0.0000733
      10676.09    0.0000792
      10681.37    0.0000767
      10686.51    0.0000831
      10691.68    0.0000823
      10697.18    0.0000924
      10702.23    0.0000988
      10707.39    0.0001125
      10712.58    0.0001087
      10717.55    0.0001082
      10722.71    0.0001022
      10727.94    0.0000866
      10733.17    0.0000712
      10738.65    0.0000700
      10743.76    0.0000826
      10749.03    0.0000768
      10754.38    0.0000703
      10759.80    0.0000797
      10765.14    0.0001093
      10770.21    0.0001084
      10775.34    0.0001145
      10780.45    0.0001165
      10785.53    0.0001282
      10790.57    0.0000909
      10795.94    0.0000745
      10801.39    0.0000777
      10806.56    0.0000784
      10811.85    0.0000774
      10817.13    0.0000734
      10822.46    0.0000875
      10827.43    0.0000720
      10832.95    0.0000634
      10838.23    0.0000769
      10843.55    0.0000765
      10848.83    0.0000770
      10854.06    0.0000908
      10859.29    0.0000859
      10864.42    0.0000790
      10869.89    0.0000811
      10875.11    0.0000884
      10880.47    0.0000964
      10885.49    0.0001119
      10890.73    0.0000945
      10896.10    0.0000930
      10901.31    0.0000957
      10906.51    0.0000887
      10911.85    0.0000977
      10916.90    0.0000834
      10922.33    0.0000947
      10927.37    0.0000946
      10932.63    0.0000819
      10937.90    0.0000692
      10943.37    0.0000604
      10948.54    0.0000662
      10953.83    0.0000568
      10959.21    0.0000561
      10964.50    0.0000493
      10969.87    0.0000508
      10975.09    0.0000502
      10980.54    0.0000438
      10986.09    0.0000529
      10991.33    0.0000573
      10996.56    0.0000613
      11001.71    0.0000566
      11007.19    0.0000629
      11012.38    0.0000564
      11017.70    0.0000569
      11023.10    0.0000520
      11028.52    0.0000533
      11033.65    0.0000511
      11039.21    0.0000537
      11044.50    0.0000624
      11049.73    0.0000597
      11054.89    0.0000602
      11060.44    0.0000568
      11065.67    0.0000630
      11070.93    0.0000695
      11076.32    0.0000704
      11081.64    0.0000641
      11086.92    0.0000599
      11092.18    0.0000643
      11097.76    0.0000695
      11102.82    0.0000662
      11108.36    0.0000669
      11113.72    0.0000759
      11118.89    0.0000760
      11124.41    0.0000866
      11129.54    0.0000911
      11134.78    0.0000960
      11140.06    0.0000870
      11145.45    0.0001038
      11150.57    0.0000846
      11155.87    0.0000814
      11161.29    0.0000845
      11166.44    0.0000748
      11171.79    0.0000651
      11177.24    0.0000606
      11182.70    0.0000580
      11188.21    0.0000714
      11193.40    0.0000904
      11198.43    0.0000724
      11203.95    0.0000571
      11209.33    0.0000641
      11214.77    0.0000561
      11220.18    0.0000628
      11225.52    0.0000629
      11230.91    0.0000642
      11235.98    0.0000690
      11241.64    0.0000649
      11246.86    0.0000651
      11252.21    0.0000634
      11257.47    0.0000598
      11262.91    0.0000535
      11268.40    0.0000597
      11273.64    0.0000579
      11279.08    0.0000580
      11284.54    0.0000610
      11289.81    0.0000601
      11295.04    0.0000612
      11300.59    0.0000615
      11305.84    0.0000613
      11311.23    0.0000606
      11316.45    0.0000554
      11321.79    0.0000519
      11327.10    0.0000450
      11332.87    0.0000416
      11338.12    0.0000451
      11343.54    0.0000415
      11348.95    0.0000370
      11354.46    0.0000409
      11359.91    0.0000425
      11365.19    0.0000458
      11370.76    0.0000437
      11376.04    0.0000480
      11381.50    0.0000496
      11386.87    0.0000507
      11392.25    0.0000471
      11397.77    0.0000550
      11403.14    0.0000531
      11408.56    0.0000619
      11413.77    0.0000570
      11419.11    0.0000577
      11424.49    0.0000540
      11430.01    0.0000529
      11435.54    0.0000572
      11440.82    0.0000558
      11446.23    0.0000618
      11451.49    0.0000637
      11456.70    0.0000575
      11462.20    0.0000472
      11467.59    0.0000468
      11473.17    0.0000460
      11478.39    0.0000441
      11483.84    0.0000440
      11489.39    0.0000364
      11495.03    0.0000352
      11500.25    0.0000395
      11505.80    0.0000379
      11511.36    0.0000407
      11516.71    0.0000410
      11522.03    0.0000415
      11527.57    0.0000397
      11533.05    0.0000418
      11538.62    0.0000490
      11543.84    0.0000533
      11549.21    0.0000469
      11554.64    0.0000428
      11560.14    0.0000400
      11565.77    0.0000441
      11571.01    0.0000436
      11576.45    0.0000423
      11582.02    0.0000408
      11587.55    0.0000453
      11592.97    0.0000522
      11598.42    0.0000528
      11603.85    0.0000501
      11609.29    0.0000562
      11614.70    0.0000558
      11620.02    0.0000604
      11625.54    0.0000614
      11630.86    0.0000597
      11636.55    0.0000575
      11641.75    0.0000657
      11647.22    0.0000637
      11652.80    0.0000649
      11658.19    0.0000629
      11663.62    0.0000704
      11669.04    0.0000765
      11674.16    0.0000806
      11679.74    0.0000730
      11684.91    0.0000668
      11690.40    0.0000530
      11695.92    0.0000469
      11701.42    0.0000405
      11707.00    0.0000396
      11712.60    0.0000385
      11718.25    0.0000448
      11723.47    0.0000521
      11728.77    0.0000463
      11734.39    0.0000418
      11739.90    0.0000342
      11745.47    0.0000372
      11750.85    0.0000397
      11756.46    0.0000373
      11761.81    0.0000367
      11767.42    0.0000351
      11772.89    0.0000388
      11778.34    0.0000365
      11783.91    0.0000354
      11789.45    0.0000375
      11794.90    0.0000363
      11800.47    0.0000374
      11805.96    0.0000339
      11811.55    0.0000354
      11816.95    0.0000397
      11822.47    0.0000372
      11827.65    0.0000385
      11833.39    0.0000338
      11838.76    0.0000354
      11844.36    0.0000289
      11849.98    0.0000330
      11855.42    0.0000309
      11861.05    0.0000321
      11866.57    0.0000330
      11872.10    0.0000360
      11877.44    0.0000353
      11883.16    0.0000376
      11888.42    0.0000372
      11893.96    0.0000348
      11899.51    0.0000304
      11905.09    0.0000309
      11910.61    0.0000303
      11916.20    0.0000299
      11921.81    0.0000304
      11927.30    0.0000326
      11932.81    0.0000333
      11938.44    0.0000338
      11943.99    0.0000347
      11949.53    0.0000418
      11954.89    0.0000456
      11960.29    0.0000448
      11965.95    0.0000435
      11971.33    0.0000427
      11976.84    0.0000421
      11982.28    0.0000407
      11987.90    0.0000341
      11993.54    0.0000362
      11999.18    0.0000392
      12004.53    0.0000420
      12010.06    0.0000353
      12015.83    0.0000395
      12021.38    0.0000432
      12026.74    0.0000460
      12032.34    0.0000485
      12037.71    0.0000499
      12043.21    0.0000421
      12048.76    0.0000452
      12054.25    0.0000416
      12059.70    0.0000370
      12065.64    0.0000317
      12071.15    0.0000357
      12076.47    0.0000396
      12081.99    0.0000396
      12087.69    0.0000360
      12093.09    0.0000399
      12098.53    0.0000310
      12104.20    0.0000281
      12109.86    0.0000260
      12115.63    0.0000303
      12121.13    0.0000301
      12126.78    0.0000307
      12132.21    0.0000324
      12138.05    0.0000332
      12143.53    0.0000393
      12149.03    0.0000373
      12154.56    0.0000377
      12160.05    0.0000384
      12165.74    0.0000369
      12171.16    0.0000393
      12176.77    0.0000365
      12182.55    0.0000401
      12187.94    0.0000460
      12193.42    0.0000437
      12198.91    0.0000399
      12204.46    0.0000379
      12210.04    0.0000375
      12215.61    0.0000360
      12221.13    0.0000331
      12226.73    0.0000295
      12232.38    0.0000299
      12237.96    0.0000284
      12243.65    0.0000279
      12249.28    0.0000289
      12254.78    0.0000281
      12260.39    0.0000331
      12265.82    0.0000244
      12271.59    0.0000237
      12277.31    0.0000255
      12282.74    0.0000254
      12288.45    0.0000238
      12294.03    0.0000239
      12299.68    0.0000233
      12305.32    0.0000249
      12310.95    0.0000231
      12316.60    0.0000245
      12322.00    0.0000247
      12327.93    0.0000223
      12333.39    0.0000224
      12339.16    0.0000238
      12344.75    0.0000252
      12350.40    0.0000273
      12355.80    0.0000250
      12361.41    0.0000241
      12367.26    0.0000229
      12372.78    0.0000220
      12378.63    0.0000265
      12384.06    0.0000306
      12389.66    0.0000269
      12395.32    0.0000285
      12400.77    0.0000294
      12406.36    0.0000276
      12411.99    0.0000275
      12417.75    0.0000241
      12423.15    0.0000230
      12428.90    0.0000217
      12434.73    0.0000218
      12440.16    0.0000240
      12445.94    0.0000212
      12451.66    0.0000221
      12457.23    0.0000239
      12462.84    0.0000221
      12468.49    0.0000213
      12474.35    0.0000229
      12479.90    0.0000255
      12485.52    0.0000255
      12491.14    0.0000255
      12496.89    0.0000255
      12502.47    0.0000305
      12508.14    0.0000282
      12513.70    0.0000288
      12519.38    0.0000293
      12525.01    0.0000295
      12530.62    0.0000304
      12536.41    0.0000282
      12541.84    0.0000332
      12547.55    0.0000300
      12553.19    0.0000320
      12558.86    0.0000358
      12564.33    0.0000332
      12569.89    0.0000359
      12575.51    0.0000304
      12581.18    0.0000269
      12586.78    0.0000278
      12592.41    0.0000253
      12598.18    0.0000234
      12603.95    0.0000242
      12609.53    0.0000247
      12615.21    0.0000234
      12620.75    0.0000251
      12626.39    0.0000201
      12632.11    0.0000181
      12638.05    0.0000178
      12643.70    0.0000191
      12649.28    0.0000178
      12655.01    0.0000172
      12660.86    0.0000175
      12666.60    0.0000183
      12672.26    0.0000187
      12678.12    0.0000208
      12683.59    0.0000201
      12689.32    0.0000216
      12694.99    0.0000221
      12700.59    0.0000202
      12706.45    0.0000204
      12712.10    0.0000209
      12717.82    0.0000230
      12723.24    0.0000237
      12728.96    0.0000223
      12734.60    0.0000204
      12740.46    0.0000180
      12746.15    0.0000188
      12751.96    0.0000196
      12757.82    0.0000214
      12763.42    0.0000222
      12769.07    0.0000253
      12774.58    0.0000278
      12780.20    0.0000257
      12785.95    0.0000213
      12791.53    0.0000226
      12797.21    0.0000213
      12802.97    0.0000197
      12808.71    0.0000184
      12814.43    0.0000182
      12820.31    0.0000196
      12825.88    0.0000203
      12831.53    0.0000197
      12837.24    0.0000185
      12842.90    0.0000157
      12848.77    0.0000146
      12854.49    0.0000147
      12860.33    0.0000141
      12866.21    0.0000152
      12871.90    0.0000172
      12877.50    0.0000170
      12883.25    0.0000190
      12888.86    0.0000176
      12894.56    0.0000170
      12900.51    0.0000138
      12906.19    0.0000149
      12912.03    0.0000160
      12917.74    0.0000190
      12923.36    0.0000187
      12929.06    0.0000175
      12934.85    0.0000184
      12940.53    0.0000188
      12946.05    0.0000185
      12951.67    0.0000150
      12957.85    0.0000136
      12963.57    0.0000145
      12969.18    0.0000149
      12974.95    0.0000154
      12980.80    0.0000140
      12986.55    0.0000141
      12992.38    0.0000163
      12997.86    0.0000147
      13003.91    0.0000134
      13009.59    0.0000165
      13015.26    0.0000141
      13021.13    0.0000128
      13027.06    0.0000149
      13032.76    0.0000179
      13038.42    0.0000175
      13044.21    0.0000188
      13049.98    0.0000204
      13055.52    0.0000208
      13061.38    0.0000183
      13067.14    0.0000197
      13072.78    0.0000209
      13078.51    0.0000208
      13084.22    0.0000196
      13090.04    0.0000197
      13095.64    0.0000186
      13101.53    0.0000184
      13107.11    0.0000188
      13112.91    0.0000163
      13118.65    0.0000147
      13124.54    0.0000151
      13130.33    0.0000150
      13136.10    0.0000146
      13141.85    0.0000134
      13147.67    0.0000132
      13153.36    0.0000137
      13159.04    0.0000135
      13164.86    0.0000114
      13170.76    0.0000111
      13176.70    0.0000108
      13182.48    0.0000115
      13188.20    0.0000118
      13194.06    0.0000107
      13199.81    0.0000109
      13205.69    0.0000105
      13211.58    0.0000112
      13217.39    0.0000117
      13223.12    0.0000109
      13229.05    0.0000114
      13234.81    0.0000128
      13240.57    0.0000119
      13246.51    0.0000119
      13252.23    0.0000117
      13258.18    0.0000141
      13263.82    0.0000129
      13269.77    0.0000145
      13275.50    0.0000161
      13281.34    0.0000155
      13287.17    0.0000177
      13292.67    0.0000184
      13298.69    0.0000208
      13304.00    0.0000191
      13309.89    0.0000179
      13315.71    0.0000178
      13321.41    0.0000172
      13327.06    0.0000141
      13333.02    0.0000127
      13338.83    0.0000118
      13344.86    0.0000125
      13350.60    0.0000120
      13356.60    0.0000124
      13362.21    0.0000130
      13368.10    0.0000120
      13373.90    0.0000123
      13379.69    0.0000117
      13385.54    0.0000112
      13391.45    0.0000109
      13397.32    0.0000115
      13403.18    0.0000124
      13409.04    0.0000134
      13414.70    0.0000135
      13420.41    0.0000126
      13426.20    0.0000108
      13432.15    0.0000098
      13438.10    0.0000107
      13443.83    0.0000116
      13449.79    0.0000110
      13455.52    0.0000111
      13461.43    0.0000111
      13467.19    0.0000108
      13473.04    0.0000104
      13478.77    0.0000106
      13484.61    0.0000095
      13490.46    0.0000095
      13496.46    0.0000096
      13502.24    0.0000086
      13508.06    0.0000087
      13514.03    0.0000086
      13519.88    0.0000080
      13525.84    0.0000082
      13531.59    0.0000079
      13537.63    0.0000083
      13543.48    0.0000082
      13549.33    0.0000083
      13555.37    0.0000089
      13561.11    0.0000091
      13567.02    0.0000094
      13572.96    0.0000103
      13578.75    0.0000113
      13584.51    0.0000113
      13590.27    0.0000110
      13596.23    0.0000118
      13601.89    0.0000115
      13607.90    0.0000106
      13613.81    0.0000113
      13619.72    0.0000121
      13625.35    0.0000118
      13631.35    0.0000131
      13637.03    0.0000112
      13642.87    0.0000102
      13649.14    0.0000116
      13654.73    0.0000132
      13660.54    0.0000130
      13666.15    0.0000117
      13672.24    0.0000106
      13678.10    0.0000112
      13683.88    0.0000099
      13689.79    0.0000103
      13695.60    0.0000095
      13701.53    0.0000090
      13707.44    0.0000094
      13713.12    0.0000091
      13719.08    0.0000080
      13725.21    0.0000069
      13731.13    0.0000071
      13737.05    0.0000072
      13742.99    0.0000071
      13749.01    0.0000076
      13754.71    0.0000077
      13760.61    0.0000080
      13766.54    0.0000071
      13772.57    0.0000067
      13778.61    0.0000076
      13784.43    0.0000078
      13790.49    0.0000090
      13796.20    0.0000100
      13802.13    0.0000094
      13808.10    0.0000108
      13813.77    0.0000108
      13819.60    0.0000107
      13825.51    0.0000114
      13831.37    0.0000111
      13837.22    0.0000112
      13843.07    0.0000106
      13848.80    0.0000098
      13854.78    0.0000089
      13860.75    0.0000077
      13866.66    0.0000077
      13872.67    0.0000073
      13878.46    0.0000070
      13884.56    0.0000065
      13890.52    0.0000070
      13896.49    0.0000073
      13902.35    0.0000073
      13908.30    0.0000076
      13914.26    0.0000071
      13920.12    0.0000074
      13926.06    0.0000075
      13932.20    0.0000082
      13937.85    0.0000089
      13943.66    0.0000083
      13949.67    0.0000080
      13955.57    0.0000084
      13961.50    0.0000075
      13967.33    0.0000078
      13973.29    0.0000066
      13979.34    0.0000072
      13985.29    0.0000077
      13991.13    0.0000071
      13997.20    0.0000076
      14002.92    0.0000073
      14008.84    0.0000064
      14014.78    0.0000058
      14020.79    0.0000056
      14026.89    0.0000053
      14032.88    0.0000056
      14038.91    0.0000066
      14044.67    0.0000070
      14050.60    0.0000060
      14056.36    0.0000058
      14062.43    0.0000053
      14068.44    0.0000050
      14074.50    0.0000048
      14080.47    0.0000053
      14086.40    0.0000053
      14092.48    0.0000051
      14098.41    0.0000054
      14104.44    0.0000050
      14110.57    0.0000057
      14116.43    0.0000055
      14122.33    0.0000068
      14128.23    0.0000066
      14134.12    0.0000060
      14140.16    0.0000059
      14146.10    0.0000058
      14152.25    0.0000065
      14158.16    0.0000069
      14164.08    0.0000076
      14169.95    0.0000084
      14175.91    0.0000080
      14181.96    0.0000086
      14187.65    0.0000089
      14193.59    0.0000091
      14199.46    0.0000087
      14205.27    0.0000076
      14211.43    0.0000073
      14217.13    0.0000068
      14223.22    0.0000063
      14229.15    0.0000061
      14235.19    0.0000057
      14241.09    0.0000052
      14247.12    0.0000050
      14253.15    0.0000044
      14259.20    0.0000043
      14265.25    0.0000042
      14271.42    0.0000045
      14277.30    0.0000049
      14283.21    0.0000048
      14289.41    0.0000044
      14295.23    0.0000044
      14301.34    0.0000043
      14307.34    0.0000044
      14313.46    0.0000045
      14319.40    0.0000058
      14325.26    0.0000054
      14331.23    0.0000053
      14337.13    0.0000053
      14343.26    0.0000049
      14349.15    0.0000054
      14355.35    0.0000052
      14361.15    0.0000058
      14367.17    0.0000054
      14373.06    0.0000056
      14379.02    0.0000049
      14385.06    0.0000044
      14391.10    0.0000042
      14397.16    0.0000044
      14403.24    0.0000042
      14409.20    0.0000038
      14415.31    0.0000038
      14421.37    0.0000040
      14427.33    0.0000044
      14433.50    0.0000040
      14439.37    0.0000041
      14445.35    0.0000041
      14451.66    0.0000048
      14457.45    0.0000047
      14463.40    0.0000045
      14469.53    0.0000049
      14475.48    0.0000045
      14481.53    0.0000047
      14487.42    0.0000048
      14493.64    0.0000050
      14499.41    0.0000047
      14505.61    0.0000047
      14511.54    0.0000052
      14517.45    0.0000050
      14523.41    0.0000049
      14529.39    0.0000046
      14535.38    0.0000041
      14541.60    0.0000042
      14547.57    0.0000042
      14553.61    0.0000040
      14559.69    0.0000037
      14565.84    0.0000042
      14571.69    0.0000042
      14577.83    0.0000041
      14583.79    0.0000038
      14589.90    0.0000041
      14595.79    0.0000033
      14602.10    0.0000041
      14607.89    0.0000038
      14614.06    0.0000037
      14619.91    0.0000035
      14626.07    0.0000033
      14632.18    0.0000032
      14638.20    0.0000031
      14644.43    0.0000030
      14650.47    0.0000033
      14656.56    0.0000035
      14662.54    0.0000035
      14668.75    0.0000037
      14674.64    0.0000035
      14680.80    0.0000037
      14686.92    0.0000037
      14692.89    0.0000043
      14698.82    0.0000043
      14704.81    0.0000042
      14711.05    0.0000041
      14717.03    0.0000046
      14722.99    0.0000047
      14728.83    0.0000047
      14734.88    0.0000043
      14740.91    0.0000040
      14747.00    0.0000036
      14753.17    0.0000036
      14759.03    0.0000038
      14765.18    0.0000035
      14771.06    0.0000032
      14777.38    0.0000027
      14783.51    0.0000027
      14789.65    0.0000028
      14795.70    0.0000027
      14801.85    0.0000027
      14807.90    0.0000030
      14813.99    0.0000029
      14820.01    0.0000029
      14826.02    0.0000030
      14832.17    0.0000027
      14838.26    0.0000027
      14844.30    0.0000028
      14850.39    0.0000026
      14856.62    0.0000025
      14862.79    0.0000027
      14868.80    0.0000029
      14874.85    0.0000028
      14880.97    0.0000029
      14887.00    0.0000030
      14893.11    0.0000032
      14899.05    0.0000032
      14905.15    0.0000030
      14911.24    0.0000028
      14917.40    0.0000030
      14923.50    0.0000032
      14929.39    0.0000032
      14935.49    0.0000030
      14941.59    0.0000025
      14947.83    0.0000025
      14953.89    0.0000025
      14960.19    0.0000026
      14966.16    0.0000028
      14972.25    0.0000029
      14978.35    0.0000030
      14984.36    0.0000028
      14990.38    0.0000025
      14996.79    0.0000024
      15002.62    0.0000029
      15008.80    0.0000028
      15014.98    0.0000025
      15021.18    0.0000025
      15027.30    0.0000027
      15033.46    0.0000029
      15039.42    0.0000030
      15045.53    0.0000032
      15051.51    0.0000033
      15057.58    0.0000032
      15063.61    0.0000029
      15069.75    0.0000026
      15076.00    0.0000027
      15082.17    0.0000028
      15088.19    0.0000028
      15094.14    0.0000029
      15100.46    0.0000026
      15106.42    0.0000026
      15112.59    0.0000028
      15118.49    0.0000026
      15124.57    0.0000023
      15130.89    0.0000021
      15137.13    0.0000020
      15143.23    0.0000023
      15149.30    0.0000024
      15155.33    0.0000022
      15161.49    0.0000020
      15167.76    0.0000018
      15174.04    0.0000019
      15180.11    0.0000020
      15186.23    0.0000020
      15192.32    0.0000019
      15198.57    0.0000021
      15204.63    0.0000021
      15210.79    0.0000019
      15216.98    0.0000021
      15223.13    0.0000021
      15229.29    0.0000022
      15235.35    0.0000023
      15241.47    0.0000022
      15247.63    0.0000023
      15253.72    0.0000026
      15259.79    0.0000024
      15265.82    0.0000024
      15271.89    0.0000023
      15278.13    0.0000020
      15284.28    0.0000019
      15290.41    0.0000020
      15296.68    0.0000017
      15302.83    0.0000018
      15308.97    0.0000018
      15315.22    0.0000018
      15321.35    0.0000019
      15327.64    0.0000019
      15333.59    0.0000019
      15339.75    0.0000017
      15346.12    0.0000019
      15352.07    0.0000021
      15358.13    0.0000019
      15364.29    0.0000019
      15370.55    0.0000017
      15376.64    0.0000016
      15383.09    0.0000017
      15389.10    0.0000017
      15395.23    0.0000017
      15401.35    0.0000017
      15407.67    0.0000016
      15413.92    0.0000017
      15420.04    0.0000018
      15426.18    0.0000019
      15432.26    0.0000019
      15438.41    0.0000021
      15444.57    0.0000018
      15450.73    0.0000019
      15456.93    0.0000021
      15462.79    0.0000019
      15469.11    0.0000017
      15475.50    0.0000018
      15481.49    0.0000019
      15487.63    0.0000018
      15493.69    0.0000017
      15500.07    0.0000015
      15506.35    0.0000015
      15512.54    0.0000016
      15518.54    0.0000018
      15524.66    0.0000016
      15530.89    0.0000015
      15537.19    0.0000015
      15543.31    0.0000016
      15549.45    0.0000014
      15555.79    0.0000015
      15561.98    0.0000015
      15568.21    0.0000015
      15574.45    0.0000017
      15580.57    0.0000018
      15586.73    0.0000019
      15592.68    0.0000019
      15598.89    0.0000017
      15605.22    0.0000017
      15611.32    0.0000016
      15617.45    0.0000014
      15623.76    0.0000016
      15630.02    0.0000015
      15636.09    0.0000016
      15642.27    0.0000016
      15648.46    0.0000016
      15654.51    0.0000014
      15660.78    0.0000014
      15666.97    0.0000013
      15673.30    0.0000012
      15679.54    0.0000012
      15685.80    0.0000012
      15691.79    0.0000011
      15698.16    0.0000011
      15704.35    0.0000011
      15710.61    0.0000011
      15716.75    0.0000011
      15723.16    0.0000011
      15729.35    0.0000012
      15735.41    0.0000013
      15741.63    0.0000012
      15747.75    0.0000011
      15760.54    0.0000012
      15766.66    0.0000013
      15772.78    0.0000012
      15778.96    0.0000012
      15785.29    0.0000012
      15791.38    0.0000013
      15797.68    0.0000012
      15803.75    0.0000011
      15810.11    0.0000010
      15816.38    0.0000010
      15828.94    0.0000011
      15835.08    0.0000011
      15841.32    0.0000011
      15847.59    0.0000011
      15853.95    0.0000012
      15860.01    0.0000013
      15866.29    0.0000012
      15872.52    0.0000011
      15878.77    0.0000013
      15884.89    0.0000013
      15891.11    0.0000013
      15897.30    0.0000013
      15903.38    0.0000012
      15909.62    0.0000011
      15915.93    0.0000011
      15922.07    0.0000011
      15928.39    0.0000010
      15947.13    0.0000012
      15966.18    0.0000010
      15972.09    0.0000012
      15978.38    0.0000011
      15984.65    0.0000011
      15990.74    0.0000011
      16009.76    0.0000010
      16016.00    0.0000011
      16022.09    0.0000011
      16028.22    0.0000011
      16040.68    0.0000011
      16109.96    0.0000011
      16115.95    0.0000011