   1.073541E-08   8.821680E-02   1.219960E-07
  -2.731275E-08  -3.628413E-01   9.275554E-08
   4.791456E-08   6.120098E-02   2.320521E-01
  -2.319352E-08   6.120067E-02  -2.320521E-01
   4.886205E-08  -3.530623E-01  -7.361541E-01
  -7.501631E-09  -3.530638E-01   7.361541E-01
  -3.646081E-08   8.276422E-01  -1.274862E-07
  -3.398912E-09  -3.736345E-04   8.269814E-03
  -1.024418E-08  -3.734484E-04  -8.269765E-03
  -1.807121E-08   5.128414E-03   4.997710E-03
  -1.300314E-08   5.128856E-03  -4.997887E-03
   2.208999E-08  -6.453748E-03   1.074812E-03
   7.303412E-09  -6.454020E-03  -1.074789E-03
   2.259542E-09   1.348722E-02   1.327552E-07
   2.912670E-08   9.030044E-02   1.541692E-07
   1.094583E-07  -3.712211E-01   2.270205E-08
   6.549938E-08   6.242494E-02   2.352252E-01
   3.816161E-10   6.242463E-02  -2.352252E-01
  -5.796817E-08  -3.610786E-01  -7.519172E-01
  -8.104904E-10  -3.610801E-01   7.519187E-01
  -9.911542E-08   8.474415E-01  -1.000284E-08
  -5.333442E-09  -5.169784E-04   8.416164E-03
  -1.717521E-10  -5.167929E-04  -8.416144E-03
   3.041265E-09   5.253832E-03   4.947453E-03
  -1.224880E-08   5.254252E-03  -4.947634E-03
  -1.415192E-08  -6.493736E-03   1.084147E-03
  -2.206489E-08  -6.494029E-03  -1.084140E-03
   4.393531E-09   1.397645E-02   1.356685E-07
  -2.219794E-08   8.619502E-02   1.695464E-07
   3.454470E-08  -3.546764E-01   8.994975E-08
   7.522132E-08   5.994370E-02   2.290563E-01
   3.861489E-08   5.994325E-02  -2.290563E-01
  -1.562203E-09  -3.453642E-01  -7.210042E-01
  -3.010813E-08  -3.453657E-01   7.210057E-01
  -9.651802E-08   8.086501E-01  -3.810862E-08
  -8.886968E-10  -2.342876E-04   8.128302E-03
   1.492066E-08  -2.340668E-04  -8.128283E-03
  -1.284419E-08   5.011004E-03   5.046318E-03
   2.109271E-08   5.011468E-03  -5.046536E-03
  -1.430346E-08  -6.401838E-03   1.049330E-03
  -6.599157E-09  -6.402119E-03  -1.049294E-03
   6.040445E-10   1.302509E-02   1.516941E-07
   2.667083E-08  -8.531775E-02  -2.007523E-07
  -7.151249E-09   3.538824E-01  -1.672667E-07
  -1.022673E-07  -5.987904E-02  -2.258208E-01
   5.798182E-08  -5.987844E-02   2.258223E-01
  -3.211066E-08   3.455956E-01   7.213825E-01
  -3.842577E-09   3.455956E-01  -7.213825E-01
   1.067299E-08  -8.094421E-01   3.320177E-08
   2.500995E-09   3.062795E-04  -8.114112E-03
   3.279679E-09   3.060408E-04   8.114123E-03
   1.664552E-09  -4.967520E-03  -4.750809E-03
   2.730347E-09  -4.967937E-03   4.750996E-03
   4.470532E-08   6.403290E-03  -8.706000E-04
   1.218525E-09   6.403644E-03   8.706104E-04
  -5.983682E-09  -1.303712E-02  -2.052221E-07
   4.313282E-09   9.121660E-02   1.406381E-07
   1.275444E-07  -3.721061E-01  -3.284323E-08
   9.075931E-08   6.256332E-02   2.384683E-01
  -2.511129E-08   6.256285E-02  -2.384683E-01
  -3.231477E-08  -3.607789E-01  -7.514419E-01
  -6.537250E-08  -3.607805E-01   7.514435E-01
  -4.881213E-08   8.464459E-01  -3.522422E-08
  -1.061228E-08  -4.406014E-04   8.431689E-03
   6.190745E-09  -4.403848E-04  -8.431623E-03
  -1.114033E-08   5.295548E-03   5.259088E-03
  -7.758111E-09   5.296018E-03  -5.259285E-03
   4.942726E-09  -6.507297E-03   1.294763E-03
  -3.486863E-08  -6.507608E-03  -1.294752E-03
   2.245864E-09   1.395338E-02   1.239504E-07
   7.045197E-09  -8.935617E-02  -2.389806E-07
   5.821623E-08   3.655038E-01   2.744470E-08
  -1.071435E-08  -6.206450E-02  -2.308048E-01
   2.224771E-08  -6.206379E-02   2.308062E-01
   4.024731E-08   3.491291E-01   7.293118E-01
  -9.147515E-08   3.491291E-01  -7.293133E-01
   1.664834E-08  -8.196044E-01  -1.981292E-08
   9.002654E-10   2.420771E-04  -8.189515E-03
  -5.650649E-09   2.418358E-04   8.189511E-03
  -9.057614E-10  -4.968444E-03  -5.194473E-03
  -1.215414E-08  -4.968900E-03   5.194725E-03
   6.710033E-10   6.400959E-03  -1.162173E-03
  -6.971654E-09   6.401275E-03   1.162168E-03
  -1.806939E-08  -1.337983E-02  -1.844358E-07
  -2.191238E-07  -8.710847E-02  -6.450686E-07
  -2.213213E-07   3.599869E-01   9.044188E-07
  -2.169612E-07  -6.025476E-02  -2.333679E-01
   7.871476E-07  -6.025415E-02   2.333694E-01
  -4.086679E-08   3.568465E-01   7.427146E-01
  -3.160535E-08   3.568465E-01  -7.427161E-01
   9.467184E-08  -8.353145E-01   6.700699E-07
  -9.063191E-08   5.028963E-04  -8.345996E-03
   1.281572E-07   5.028213E-04   8.345933E-03
   2.741337E-07  -5.287954E-03  -4.799940E-03
  -3.398545E-07  -5.288183E-03   4.799982E-03
  -3.325874E-08   6.504791E-03  -9.842861E-04
  -5.150373E-08   6.504913E-03   9.842646E-04
  -7.418731E-08  -1.358799E-02  -4.019476E-08
   4.014761E-08   8.827461E-02   1.555001E-07
  -1.597674E-09  -3.630493E-01   9.314256E-08
  -5.935858E-09   6.122489E-02   2.322041E-01
  -2.647630E-08   6.122443E-02  -2.322056E-01
  -1.413984E-08  -3.531016E-01  -7.365534E-01
  -4.094648E-09  -3.531016E-01   7.365534E-01
  -5.722511E-10   8.274727E-01  -9.557450E-08
  -6.456501E-09  -3.775931E-04   8.273280E-03
   1.627650E-09  -3.774450E-04  -8.273216E-03
   1.955009E-09   5.127875E-03   4.985251E-03
   1.864595E-08   5.128302E-03  -4.985428E-03
  -2.759486E-09  -6.457354E-03   1.084745E-03
  -8.472490E-09  -6.457702E-03  -1.084753E-03
   8.128204E-09   1.385022E-02   1.179015E-07
  -1.226100E-08   8.815971E-02   6.199272E-08
  -1.307251E-08  -3.626342E-01   9.944625E-08
  -4.610512E-08   6.117673E-02   2.319019E-01
  -6.571410E-08   6.117602E-02  -2.319034E-01
  -1.259194E-08  -3.530339E-01  -7.357571E-01
   9.822736E-09  -3.530339E-01   7.357586E-01
   8.043855E-08   8.278147E-01  -8.604317E-08
   2.077214E-08  -3.695149E-04   8.266530E-03
   8.547547E-09  -3.693243E-04  -8.266465E-03
   1.249104E-08   5.129389E-03   5.010810E-03
   1.726772E-08   5.129832E-03  -5.010987E-03
  -1.498785E-09  -6.445945E-03   1.061273E-03
  -1.350223E-09  -6.446232E-03  -1.061244E-03
   3.231089E-09   1.313203E-02   1.247502E-07
   2.984543E-08   8.818306E-02   1.382514E-07
  -9.524023E-08  -3.626217E-01   1.051285E-07
  -5.294501E-08   6.106714E-02   2.320845E-01
   1.701646E-09   6.106669E-02  -2.320844E-01
   3.094806E-08  -3.527833E-01  -7.359114E-01
   8.117958E-08  -3.527833E-01   7.359115E-01
  -2.747267E-08   8.275248E-01  -2.990699E-08
  -8.585754E-09  -3.745770E-04   8.265281E-03
   3.729747E-09  -3.743894E-04  -8.265216E-03
  -5.184806E-10   5.119552E-03   5.001716E-03
  -7.825867E-09   5.119979E-03  -5.001878E-03
   1.866691E-08  -6.619418E-03   9.520764E-04
   2.564076E-08  -6.619720E-03  -9.520764E-04
   9.091524E-10   1.348009E-02   1.169986E-07
  -1.298488E-08  -8.824889E-02  -1.215489E-07
  -4.477108E-08   3.630519E-01  -1.002418E-07
   3.070197E-08  -6.133306E-02  -2.320208E-01
  -6.571374E-08  -6.133245E-02   2.320224E-01
   2.448229E-08   3.533417E-01   7.363911E-01
  -5.062968E-08   3.533417E-01  -7.363928E-01
   6.515199E-08  -8.277559E-01   1.036870E-07
  -3.276034E-09   3.725413E-04  -8.274218E-03
  -1.093492E-10   3.723826E-04   8.274168E-03
   5.042670E-09  -5.137262E-03  -4.993760E-03
  -2.608741E-09  -5.137690E-03   4.993922E-03
   2.014894E-08   6.288844E-03  -1.195751E-03
   1.106483E-08   6.289192E-03   1.195751E-03
   2.352101E-08  -1.349398E-02  -1.336194E-07
  -3.924779E-09  -8.823678E-02  -6.662079E-08
  -3.824240E-09   3.628853E-01  -1.375603E-07
  -5.295293E-08  -6.105164E-02  -2.318637E-01
   3.846017E-08  -6.105123E-02   2.318652E-01
  -3.180109E-08   3.531322E-01   7.362279E-01
   3.405573E-08   3.531322E-01  -7.362295E-01
   2.820064E-08  -8.279050E-01   6.201290E-08
  -2.830509E-10   3.951634E-04  -8.253559E-03
  -2.606225E-09   3.949865E-04   8.253510E-03
  -1.111467E-09  -5.244651E-03  -5.064886E-03
  -1.326758E-08  -5.245079E-03   5.065078E-03
  -1.669797E-08   6.451107E-03  -1.078425E-03
   4.394835E-08   6.451409E-03   1.078421E-03
  -1.817678E-08  -1.349631E-02  -1.440906E-07
   3.013318E-08   8.819579E-02   1.082565E-07
   6.053761E-08  -3.627974E-01   1.702330E-07
   1.886157E-08   6.133939E-02   2.322209E-01
  -2.225467E-09   6.133868E-02  -2.322223E-01
  -7.317390E-08  -3.530303E-01  -7.360448E-01
   6.799909E-08  -3.530318E-01   7.360463E-01
  -6.730993E-08   8.273719E-01  -1.250374E-07
  -1.179483E-08  -3.514173E-04   8.287088E-03
   2.929558E-09  -3.512464E-04  -8.287023E-03
  -7.436269E-09   5.018159E-03   4.936735E-03
   4.613291E-09   5.018555E-03  -4.936927E-03
  -2.268753E-08  -6.421635E-03   1.037973E-03
  -9.974237E-09  -6.421953E-03  -1.037938E-03
   9.542789E-09   1.349935E-02   1.700324E-07
   2.652671E-08   8.802680E-02   9.460721E-09
  -2.294447E-08  -3.604367E-01   1.854307E-07
   9.078861E-09   6.008202E-02   2.349996E-01
   6.686300E-09   6.008156E-02  -2.349996E-01
  -1.761052E-08  -3.553089E-01  -7.402602E-01
   4.218027E-08  -3.553104E-01   7.402603E-01
  -7.719990E-10   8.319196E-01  -7.154812E-08
  -2.067801E-09  -3.295315E-04   8.379863E-03
  -4.206493E-09  -3.293023E-04  -8.379858E-03
   4.913404E-09   5.104410E-03   4.961333E-03
  -1.207169E-08   5.104851E-03  -4.961524E-03
  -1.201840E-08  -6.486191E-03   1.008074E-03
  -1.397587E-08  -6.486552E-03  -1.008079E-03
  -3.773847E-09   1.353831E-02   2.085126E-07
   3.072537E-08   8.836818E-02   1.388592E-07
  -5.754711E-08  -3.649947E-01  -2.586609E-08
  -2.738695E-09   6.225201E-02   2.291315E-01
  -4.872521E-08   6.225155E-02  -2.291331E-01
   1.224493E-07  -3.507641E-01  -7.319025E-01
   1.034337E-09  -3.507641E-01   7.319040E-01
  -1.214512E-08   8.231988E-01  -3.033054E-08
  -1.070403E-08  -4.237655E-04   8.154460E-03
  -2.186034E-09  -4.235801E-04  -8.154349E-03
  -2.767943E-09   5.149487E-03   5.031031E-03
   1.591466E-08   5.149930E-03  -5.031224E-03
  -1.780720E-08  -6.419934E-03   1.138386E-03
  -1.458953E-08  -6.420192E-03  -1.138372E-03
  -9.218275E-10   1.343248E-02   1.242076E-07
   1.983477E-08   8.935693E-02  -5.229017E-08
  -7.928000E-08  -3.673859E-01   1.270859E-07
  -1.890478E-08   6.262556E-02   2.309071E-01
  -1.616354E-08   6.262510E-02  -2.309086E-01
   5.440325E-10  -3.540837E-01  -7.380985E-01
   3.186189E-08  -3.540837E-01   7.380985E-01
   9.407533E-08   8.308896E-01  -3.933152E-08
  -8.124996E-09  -7.197512E-04   8.213485E-03
  -1.579323E-08  -7.195599E-04  -8.213374E-03
  -1.997916E-08   5.217197E-03   5.011336E-03
  -1.277364E-08   5.217642E-03  -5.011529E-03
   2.585414E-08  -6.489620E-03   1.114197E-03
  -1.314463E-09  -6.489909E-03  -1.114180E-03
   1.497066E-10   1.350799E-02   1.289642E-07
  -3.007065E-08  -8.705156E-02  -1.760039E-07
  -2.044662E-08   3.582742E-01   1.549646E-08
  -5.641399E-08  -5.977157E-02  -2.332074E-01
   3.725372E-08  -5.977126E-02   2.332089E-01
  -1.482761E-08   3.520449E-01   7.342031E-01
   5.109646E-08   3.520449E-01  -7.342031E-01
   2.820503E-08  -8.243915E-01   9.031866E-08
  -4.111412E-10   1.657032E-05  -8.332206E-03
   1.313568E-08   1.637522E-05   8.332217E-03
  -3.816715E-09  -5.038177E-03  -4.984280E-03
  -1.204832E-08  -5.038588E-03   4.984441E-03
  -3.964352E-09   6.417673E-03  -1.034833E-03
  -1.551640E-09   6.417944E-03   1.034809E-03
   1.392380E-08  -1.346631E-02  -1.249346E-07
  -3.202455E-07  -9.025671E-02  -6.961850E-07
  -1.305432E-07   3.737607E-01   1.115899E-06
  -3.003309E-07  -6.206062E-02  -2.321032E-01
   7.872692E-07  -6.206030E-02   2.321031E-01
   5.565976E-08   3.579317E-01   7.539768E-01
  -3.301349E-08   3.579317E-01  -7.539783E-01
   1.199831E-07  -8.458201E-01   6.992999E-07
  -6.765053E-08   6.161402E-04  -8.384360E-03
   1.148930E-07   6.160663E-04   8.384373E-03
   2.673921E-07  -5.215979E-03  -4.928355E-03
  -3.539474E-07  -5.216212E-03   4.928383E-03
  -2.665693E-08   6.604196E-03  -1.089872E-03
  -5.857173E-08   6.604337E-03   1.089857E-03
  -9.095383E-08  -1.353480E-02  -3.349705E-08
   8.674253E-10   8.625785E-02   2.908939E-07
  -9.005468E-08  -3.522668E-01  -5.077886E-08
  -2.060000E-08   6.020685E-02   2.321825E-01
  -6.621075E-08   6.020626E-02  -2.321840E-01
   2.670734E-08  -3.485545E-01  -7.194241E-01
   8.761571E-08  -3.485559E-01   7.194256E-01
   1.012836E-07   8.107564E-01   4.366298E-09
   4.583246E-09  -1.385271E-04   8.156684E-03
  -6.413194E-09  -1.382927E-04  -8.156724E-03
   1.276170E-08   5.049827E-03   5.062038E-03
  -1.243051E-08   5.050318E-03  -5.062299E-03
  -4.203275E-08  -6.322996E-03   1.066752E-03
  -3.548900E-09  -6.323275E-03  -1.066735E-03
   7.439349E-09   1.343794E-02   1.829415E-07
   3.410900E-07   8.925878E-02   6.886203E-07
   2.013862E-07  -3.697255E-01  -9.367995E-07
   2.065052E-07   6.068215E-02   2.303195E-01
  -7.779576E-07   6.068183E-02  -2.303194E-01
   2.519814E-08  -3.563827E-01  -7.467914E-01
   3.455068E-08  -3.563827E-01   7.467930E-01
  -1.255569E-07   8.424549E-01  -6.332313E-07
   5.789057E-08  -5.955868E-04   8.308567E-03
  -1.432181E-07  -5.955207E-04  -8.308564E-03
  -2.701558E-07   5.129639E-03   4.936019E-03
   3.490747E-07   5.129839E-03  -4.936076E-03
   2.406963E-08  -6.589477E-03   1.296922E-03
   4.741126E-08  -6.589618E-03  -1.296888E-03
   6.548331E-08   1.361777E-02   1.262087E-08
   1.173816E-07   8.720408E-02   7.368553E-07
  -2.443156E-07  -3.560445E-01  -1.065288E-06
   5.656137E-07   6.156233E-02   2.337812E-01
  -3.902366E-07   6.156159E-02  -2.337811E-01
  -5.202951E-08  -3.499077E-01  -7.258797E-01
   3.016279E-08  -3.499077E-01   7.258812E-01
  -1.431660E-07   8.135071E-01  -9.254824E-07
   1.366225E-07  -1.542383E-04   8.229161E-03
  -8.057029E-08  -1.541158E-04  -8.229251E-03
  -3.223473E-07   5.134323E-03   5.056313E-03
   2.809800E-07   5.134575E-03  -5.056414E-03
   2.600214E-08  -6.317727E-03   8.465507E-04
   6.266814E-08  -6.317846E-03  -8.465089E-04
   6.745645E-08   1.336341E-02   8.643820E-08
  -7.891397E-10   8.828999E-02   8.738904E-08
   5.746183E-08  -3.634033E-01   1.240169E-07
   6.353001E-08   6.151121E-02   2.315048E-01
   1.231662E-08   6.151050E-02  -2.315064E-01
   8.307092E-09  -3.530802E-01  -7.359574E-01
  -1.286725E-07  -3.530817E-01   7.359590E-01
  -1.853109E-09   8.278462E-01  -6.745375E-08
  -8.316725E-09  -3.788368E-04   8.270087E-03
  -2.176729E-09  -3.786766E-04  -8.270022E-03
  -1.398081E-09   5.139841E-03   5.004352E-03
  -1.745809E-08   5.140299E-03  -5.004559E-03
  -8.822057E-09  -6.587505E-03   1.269761E-03
   3.652289E-08  -6.587792E-03  -1.269752E-03
  -8.615012E-09   1.346443E-02   1.361857E-07
  -2.602162E-07  -8.814553E-02  -6.291940E-07
  -2.353562E-07   3.622784E-01   8.747130E-07
  -2.244878E-07  -6.089069E-02  -2.326038E-01
   7.727699E-07  -6.089008E-02   2.326053E-01
  -1.151930E-08   3.530398E-01   7.363505E-01
  -4.901728E-08   3.530398E-01  -7.363520E-01
   1.234586E-07  -8.274429E-01   8.246448E-07
  -6.877220E-08   3.690797E-04  -8.268933E-03
   1.406764E-07   3.690162E-04   8.268885E-03
   2.836528E-07  -5.116346E-03  -4.990222E-03
  -3.386773E-07  -5.116527E-03   4.990263E-03
  -2.067547E-08   6.326128E-03  -8.814238E-04
  -6.413763E-08   6.326235E-03   8.813614E-04
  -8.530804E-08  -1.350581E-02  -3.038413E-08
  -1.089712E-08   8.820899E-02   1.446094E-07
   4.159581E-09  -3.631693E-01   6.102898E-08
  -3.100293E-08   6.139196E-02   2.314438E-01
  -3.059764E-08   6.139135E-02  -2.314452E-01
  -5.391134E-09  -3.528580E-01  -7.355415E-01
   3.493554E-08  -3.528580E-01   7.355415E-01
   2.707946E-08   8.271927E-01  -1.024787E-07
  -3.934470E-10  -3.881886E-04   8.257939E-03
  -6.356810E-09  -3.879812E-04  -8.257905E-03
  -1.615087E-09   5.138319E-03   4.983344E-03
   4.931138E-09   5.138761E-03  -4.983520E-03
   6.032261E-09  -6.450122E-03   1.082797E-03
   1.303229E-08  -6.450410E-03  -1.082774E-03
  -3.903963E-09   1.347770E-02   1.300844E-07
   2.727439E-07   8.822665E-02   6.147881E-07
   2.568136E-07  -3.625141E-01  -8.494223E-07
   2.156480E-07   6.101316E-02   2.326608E-01
  -7.659753E-07   6.101271E-02  -2.326607E-01
  -7.238822E-09  -3.532635E-01  -7.367633E-01
   2.496352E-08  -3.532650E-01   7.367648E-01
  -7.743223E-08   8.280857E-01  -8.978129E-07
   6.754013E-08  -3.598633E-04   8.281016E-03
  -1.502059E-07  -3.597542E-04  -8.280983E-03
  -2.941361E-07   5.118262E-03   5.011679E-03
   3.331498E-07   5.118489E-03  -5.011781E-03
   2.501216E-08  -6.460356E-03   1.069886E-03
   6.611852E-08  -6.460433E-03  -1.069820E-03
   7.078744E-08   1.349475E-02   2.215898E-08
  -2.628095E-08   8.818443E-02  -1.906584E-08
   6.121358E-08  -3.628803E-01   1.589884E-07
  -1.052043E-07   6.123693E-02   2.320748E-01
   3.802198E-09   6.123662E-02  -2.320748E-01
   1.838364E-07  -3.532003E-01  -7.363601E-01
   1.877280E-08  -3.532003E-01   7.363602E-01
   2.318982E-09   8.279016E-01   3.457573E-08
  -2.740999E-09  -3.541771E-04   8.381800E-03
  -6.784111E-08  -3.540047E-04  -8.381688E-03
  -5.396606E-08   5.115927E-03   4.991491E-03
   5.382350E-08   5.116370E-03  -4.991683E-03
   1.773016E-08  -6.454650E-03   1.073682E-03
  -3.954805E-08  -6.454908E-03  -1.073639E-03
  -4.957637E-08   1.348649E-02   1.186016E-07
   2.672512E-07   8.824756E-02   6.456225E-07
   1.885356E-07  -3.627908E-01  -9.296028E-07
   2.349958E-07   6.116308E-02   2.320319E-01
  -7.196076E-07   6.116262E-02  -2.320319E-01
   2.613551E-08  -3.529236E-01  -7.359386E-01
   6.807677E-08  -3.529236E-01   7.359401E-01
  -1.708885E-07   8.273697E-01  -8.586958E-07
   5.962650E-08  -3.930211E-04   8.158340E-03
  -1.333313E-07  -3.929303E-04  -8.158337E-03
  -2.854245E-07   5.140698E-03   5.003687E-03
   3.386460E-07   5.140941E-03  -5.003743E-03
   2.102897E-08  -6.452790E-03   1.075857E-03
   6.078096E-08  -6.452866E-03  -1.075794E-03
   8.187281E-08   1.348779E-02   1.708590E-08
  -2.919063E-07  -8.821404E-02  -1.102910E-06
  -4.963725E-08   3.628273E-01   1.266051E-06
   7.749574E-04  -6.119814E-02  -2.320437E-01
  -7.746225E-04  -6.119753E-02   2.320452E-01
  -2.243627E-03   3.530542E-01   7.361282E-01
   2.243678E-03   3.530557E-01  -7.361297E-01
   7.417121E-08  -8.276122E-01   1.121229E-06
   2.898810E-04   3.732734E-04  -8.271490E-03
  -2.898397E-04   3.735346E-04   8.271378E-03
  -6.342526E-05  -5.129066E-03  -4.997836E-03
   6.337845E-05  -5.129324E-03   4.997894E-03
  -7.271872E-04   6.450466E-03  -1.077542E-03
   7.270959E-04   6.450527E-03   1.077474E-03
  -6.330244E-08  -1.348618E-02  -2.725924E-08
  -2.807776E-07  -8.821502E-02  -1.004767E-06
  -1.955387E-08   3.628380E-01   1.191517E-06
  -1.877055E-03  -6.120473E-02  -2.320482E-01
   1.877336E-03  -6.120427E-02   2.320498E-01
  -1.260155E-03   3.530546E-01   7.361380E-01
   1.260199E-03   3.530561E-01  -7.361396E-01
   1.220296E-07  -8.276069E-01   1.029665E-06
   3.696191E-05   3.740427E-04  -8.269231E-03
  -3.691373E-05   3.741919E-04   8.269138E-03
   5.699200E-04  -5.128520E-03  -4.996830E-03
  -5.699753E-04  -5.128763E-03   4.996903E-03
   1.199486E-03   6.453063E-03  -1.074765E-03
  -1.199617E-03   6.453140E-03   1.074687E-03
  -5.181606E-08  -1.349638E-02  -1.526528E-08
  -3.474236E-07  -8.822220E-02  -6.713003E-07
  -1.931051E-08   3.628453E-01   9.691573E-07
   1.268670E-03  -6.118848E-02  -2.320774E-01
  -1.268338E-03  -6.118802E-02   2.320790E-01
  -2.609519E-04   3.530576E-01   7.361869E-01
   2.610055E-04   3.530592E-01  -7.361884E-01
   1.189659E-07  -8.276542E-01   7.802079E-07
   6.943434E-04   3.742138E-04  -8.269143E-03
  -6.942759E-04   3.741668E-04   8.269095E-03
  -9.295661E-04  -5.128711E-03  -4.997767E-03
   9.294851E-04  -5.128953E-03   4.997839E-03
  -2.387272E-05   6.451767E-03  -1.073994E-03
   2.378049E-05   6.451858E-03   1.073930E-03
  -6.918890E-08  -1.348865E-02  -6.819330E-09
  -3.348639E-07  -8.821938E-02  -1.041273E-06
   5.496081E-08   3.628372E-01   1.173206E-06
   6.069786E-04  -6.119388E-02  -2.320893E-01
  -6.066141E-04  -6.119327E-02   2.320908E-01
  -1.687187E-03   3.530993E-01   7.362478E-01
   1.687172E-03   3.530993E-01  -7.362509E-01
   1.055153E-07  -8.277633E-01   1.115046E-06
   6.214173E-05   3.750301E-04  -8.271209E-03
  -6.210979E-05   3.752920E-04   8.271082E-03
   1.146207E-03  -5.111139E-03  -4.987722E-03
  -1.146276E-03  -5.111398E-03   4.987796E-03
  -4.061178E-04   6.455195E-03  -1.073981E-03
   4.060132E-04   6.455287E-03   1.073922E-03
  -7.639021E-08  -1.349106E-02  -1.966979E-08
  -2.160187E-07  -8.821254E-02  -1.176649E-06
  -8.747315E-08   3.628203E-01   1.365400E-06
  -6.775066E-04  -6.118704E-02  -2.320690E-01
   6.778307E-04  -6.118628E-02   2.320705E-01
  -4.145065E-03   3.530830E-01   7.361851E-01
   4.145101E-03   3.530845E-01  -7.361882E-01
   1.298353E-07  -8.277004E-01   1.156372E-06
   1.400498E-04   3.739517E-04  -8.271790E-03
  -1.400487E-04   3.743295E-04   8.271610E-03
   1.088558E-03  -5.127237E-03  -4.994064E-03
  -1.088606E-03  -5.127495E-03   4.994138E-03
   2.035699E-04   6.454385E-03  -1.073172E-03
  -2.036742E-04   6.454446E-03   1.073099E-03
  -8.642468E-08  -1.348769E-02  -1.854157E-08
  -1.363108E-07  -8.820244E-02  -6.990613E-07
   1.002930E-07   3.627838E-01   9.127829E-07
   2.104120E-03  -6.118440E-02  -2.320620E-01
  -2.104001E-03  -6.118379E-02   2.320620E-01
   5.199634E-03   3.530166E-01   7.360366E-01
  -5.199741E-03   3.530166E-01  -7.360382E-01
   2.201117E-07  -8.275131E-01   9.197345E-07
  -8.499143E-04   3.591260E-04  -8.289180E-03
   8.498642E-04   3.591798E-04   8.289118E-03
  -7.841613E-04  -5.126398E-03  -4.993213E-03
   7.841305E-04  -5.126625E-03   4.993269E-03
  -1.054918E-03   6.451356E-03  -1.067368E-03
   1.054821E-03   6.451432E-03   1.067297E-03
  -5.021286E-08  -1.348654E-02  -1.358454E-08
  -2.943207E-07  -8.822052E-02  -6.537322E-07
  -1.109631E-07   3.628704E-01   9.846006E-07
   8.815501E-05  -6.121148E-02  -2.320446E-01
  -8.765845E-05  -6.121102E-02   2.320445E-01
   2.803167E-04   3.530681E-01   7.361605E-01
  -2.803834E-04   3.530697E-01  -7.361621E-01
   1.005815E-07  -8.276581E-01   8.472911E-07
   4.804452E-06   3.738381E-04  -8.269397E-03
  -4.731486E-06   3.737983E-04   8.269349E-03
  -8.755626E-05  -5.128944E-03  -4.997981E-03
   8.750358E-05  -5.129172E-03   4.998052E-03
  -1.095014E-04   6.454016E-03  -1.075045E-03
   1.093884E-04   6.454093E-03   1.074978E-03
  -6.892335E-08  -1.348727E-02  -1.934590E-08
  -1.363528E-07  -8.806518E-02   2.299698E-03
   6.373415E-08   3.627177E-01  -1.538485E-02
  -5.080737E-07  -5.889470E-02  -2.382915E-01
   5.233179E-07  -6.366536E-02   2.248715E-01
   5.822536E-09   3.577032E-01   7.462276E-01
   4.052869E-08   3.477050E-01  -7.244874E-01
   1.564348E-07  -8.268597E-01  -5.618366E-04
  -1.344264E-07   3.304281E-03  -6.219035E-03
   1.002439E-07  -2.559479E-03   1.031845E-02
   3.046680E-07  -4.761298E-03  -5.083433E-03
  -3.349386E-07  -5.478797E-03   4.895753E-03
  -1.973534E-08   6.456047E-03  -8.989165E-04
  -4.304638E-08   6.451182E-03   1.240405E-03
  -6.697366E-08  -1.345832E-02  -3.205368E-04
  -1.138380E-08   8.817616E-02   1.324751E-03
   4.661755E-08  -3.627702E-01  -3.459384E-03
   1.021671E-08   5.925492E-02   2.240139E-01
   1.058685E-08   6.318462E-02  -2.398872E-01
  -3.442348E-08  -3.427478E-01  -7.242288E-01
  -5.158976E-08  -3.631894E-01   7.476059E-01
   6.192872E-09   8.273688E-01  -1.986326E-03
   1.078075E-08  -7.337623E-04   8.089382E-03
  -3.379972E-09  -3.537232E-06  -8.452211E-03
   4.003073E-09   5.235299E-03   4.485067E-03
   1.537883E-10   5.019097E-03  -5.518355E-03
   1.843531E-09  -6.686584E-03   6.797243E-04
   9.061008E-09  -6.210493E-03  -1.472865E-03
   1.307236E-09   1.348616E-02  -1.722439E-04
   1.238172E-07   8.821944E-02  -2.012956E-05
  -1.239956E-07  -3.626938E-01  -7.983259E-03
   5.127643E-07   6.086916E-02   2.321343E-01
  -4.839362E-07   6.134420E-02  -2.322164E-01
  -9.636073E-08  -3.515759E-01  -7.376250E-01
  -2.968313E-08  -3.545672E-01   7.347627E-01
  -8.362437E-08   8.276713E-01   5.088536E-03
   1.566618E-07   2.189568E-03   1.004230E-02
  -5.155605E-08  -2.924210E-03  -6.499199E-03
  -3.474952E-07   5.193500E-03   5.187890E-03
   3.174824E-07   5.075888E-03  -4.803459E-03
   3.115654E-08  -6.392989E-03   1.299702E-03
   5.652939E-08  -6.515910E-03  -8.429614E-04
   6.896494E-08   1.348864E-02  -1.176052E-04
  -1.058488E-08  -8.821579E-02  -3.314840E-05
   4.172674E-08   3.628366E-01  -7.868540E-05
  -3.800322E-09  -6.106673E-02  -2.321677E-01
  -6.211386E-08  -6.133226E-02   2.319360E-01
   6.140437E-08   3.528008E-01   7.360580E-01
  -6.422715E-08   3.533269E-01  -7.362411E-01
   5.691370E-08  -8.276400E-01   1.989526E-04
  -4.994631E-09   4.277036E-04  -8.235879E-03
   1.705910E-08   3.191907E-04   8.303622E-03
  -1.877664E-08  -5.125110E-03  -5.001447E-03
  -1.992111E-09  -5.132235E-03   4.994453E-03
  -1.244980E-08   6.624220E-03  -9.410979E-04
   1.038996E-09   6.281813E-03   1.203926E-03
   8.200340E-10  -1.348781E-02  -1.841392E-05
  -3.156543E-08  -8.821649E-02   1.283568E-04
   1.358166E-07   3.628412E-01   3.125033E-05
   7.135274E-08  -6.102436E-02  -2.317680E-01
  -1.005182E-09  -6.137820E-02   2.323391E-01
  -2.875373E-08   3.529474E-01   7.359744E-01
  -2.021026E-08   3.531799E-01  -7.363326E-01
  -7.853814E-08  -8.276403E-01  -6.761837E-05
   1.394682E-09   2.777670E-04  -8.314259E-03
   5.046821E-09   4.686917E-04   8.225408E-03
  -1.269110E-08  -5.243906E-03  -5.065463E-03
  -8.113469E-09  -5.013948E-03   4.931279E-03
  -6.857647E-09   6.451331E-03  -1.088514E-03
  -9.198726E-09   6.455745E-03   1.060749E-03
  -1.666824E-08  -1.348718E-02  -1.116308E-05
  -1.627297E-07  -8.829564E-02  -3.144284E-04
  -3.697723E-08   3.628258E-01   1.017266E-05
  -4.568070E-07  -6.118163E-02  -2.319761E-01
   6.703148E-07  -6.120859E-02   2.321480E-01
   5.043862E-08   3.530270E-01   7.360028E-01
  -4.503995E-08   3.530876E-01  -7.362736E-01
   1.342489E-07  -8.276181E-01   1.053695E-04
  -1.249618E-07   7.392867E-04  -8.133692E-03
   9.344125E-08   7.900920E-05   8.372341E-03
   3.170792E-07  -5.119506E-03  -4.976935E-03
  -3.357992E-07  -5.136368E-03   5.019000E-03
  -2.699394E-08   6.457823E-03  -1.074695E-03
  -4.804003E-08   6.449228E-03   1.074408E-03
  -7.257450E-08  -1.348705E-02  -9.170412E-07
  -2.080751E-07  -8.820766E-02  -1.943842E-04
  -9.772052E-08   3.628314E-01  -2.849264E-03
  -3.351951E-07  -5.835350E-02  -2.334703E-01
   7.231286E-07  -6.403217E-02   2.305514E-01
   7.038497E-08   3.531685E-01   7.372000E-01
   4.105937E-09   3.528953E-01  -7.349839E-01
   4.173621E-08  -8.275963E-01   2.217313E-03
  -1.184917E-07   1.371254E-03  -7.632552E-03
   9.844679E-08  -6.228724E-04   8.910759E-03
   2.902878E-07  -5.008911E-03  -4.969750E-03
  -3.533081E-07  -5.244633E-03   5.023176E-03
  -2.692818E-08   6.491020E-03  -1.203045E-03
  -5.633851E-08   6.411801E-03   9.418681E-04
  -7.796443E-08  -1.348608E-02  -7.217729E-05
   3.283401E-07   8.821825E-02   1.980097E-05
   1.882976E-07  -3.628395E-01   2.082222E-05
   2.800058E-07   6.121156E-02   2.323434E-01
  -6.954512E-07   6.119082E-02  -2.317634E-01
  -6.645572E-08  -3.533705E-01  -7.366595E-01
  -5.263100E-08  -3.527580E-01   7.356473E-01
  -7.658491E-08   8.276398E-01   7.180392E-05
   5.377921E-08  -3.732331E-04   8.272604E-03
  -1.387457E-07  -3.752801E-04  -8.266073E-03
  -2.944711E-07   5.123764E-03   4.999562E-03
   3.428361E-07   5.133651E-03  -4.996168E-03
   2.922067E-08  -6.443374E-03   1.083249E-03
   6.146493E-08  -6.463190E-03  -1.065571E-03
   8.033419E-08   1.348839E-02   2.694222E-04
   3.453885E-07   8.821850E-02  -1.383156E-04
   1.163090E-07  -3.628416E-01   2.597522E-04
   2.416556E-07   6.135465E-02   2.317731E-01
  -6.615917E-07   6.104528E-02  -2.323344E-01
  -6.389428E-08  -3.529283E-01  -7.361028E-01
  -2.858025E-08  -3.532025E-01   7.361992E-01
  -4.849001E-08   8.276438E-01  -4.772136E-05
   6.787451E-08  -3.727214E-04   8.267087E-03
  -1.565773E-07  -3.758233E-04  -8.271581E-03
  -2.880247E-07   5.127546E-03   5.007381E-03
   3.453917E-07   5.129970E-03  -4.988256E-03
   2.511800E-08  -6.577842E-03   1.261929E-03
   7.121278E-08  -6.328541E-03  -8.822953E-04
   7.066018E-08   1.348737E-02  -1.006189E-05
  -3.279095E-07  -8.821858E-02  -4.340240E-06
  -9.500929E-08   3.628436E-01  -2.519881E-04
  -3.789110E-07  -6.136819E-02  -2.318109E-01
   7.237925E-07  -6.103641E-02   2.322922E-01
   9.521541E-09   3.530988E-01   7.360754E-01
   3.440849E-10   3.530278E-01  -7.362256E-01
   5.280150E-08  -8.276391E-01  -1.131689E-04
  -4.968685E-08   4.025755E-04  -8.256409E-03
   1.482706E-07   3.458572E-04   8.282263E-03
   3.141875E-07  -5.138223E-03  -4.985527E-03
  -3.403210E-07  -5.119886E-03   5.010265E-03
  -1.991257E-08   6.445764E-03  -1.070871E-03
  -2.228015E-08   6.461764E-03   1.078801E-03
  -4.812788E-08  -1.348716E-02  -1.807580E-05
   2.826323E-07   8.822515E-02   6.671555E-04
   2.619432E-07  -3.628374E-01  -3.224574E-03
   1.777353E-07   5.954627E-02   2.352834E-01
  -7.301582E-07   6.284316E-02  -2.288133E-01
  -1.566643E-08  -3.535067E-01  -7.388503E-01
  -2.685880E-08  -3.525898E-01   7.334188E-01
  -4.368938E-08   8.276115E-01   1.388738E-03
   6.462488E-08  -4.397450E-04   8.352991E-03
  -1.334555E-07  -3.074538E-04  -8.186792E-03
  -3.000712E-07   5.131493E-03   5.027759E-03
   3.378143E-07   5.125819E-03  -4.968313E-03
   2.468617E-08  -6.447333E-03   1.022388E-03
   6.865635E-08  -6.459482E-03  -1.127198E-03
   7.421248E-08   1.348704E-02   5.531658E-05
  -3.032373E-07  -8.821800E-02   1.616106E-04
  -1.075724E-07   3.628422E-01   3.444731E-04
  -3.354385E-07  -6.113719E-02  -2.319641E-01
   6.829774E-07  -6.126649E-02   2.321408E-01
   1.301217E-07   3.528323E-01   7.360090E-01
   5.502132E-08   3.532941E-01  -7.362933E-01
  -6.991708E-08  -8.276390E-01  -8.322449E-05
  -8.240827E-08   2.930894E-04  -8.416147E-03
   1.562888E-07   4.549217E-04   8.122015E-03
   3.081640E-07  -5.127045E-03  -4.992461E-03
  -3.296931E-07  -5.130294E-03   5.002935E-03
  -1.662854E-08   6.455540E-03  -1.077589E-03
  -5.682678E-08   6.452123E-03   1.071990E-03
  -6.807142E-08  -1.348719E-02   5.627773E-06
   5.385124E-04   8.820045E-02   6.175138E-07
  -1.885092E-03  -3.628046E-01  -9.628231E-07
  -6.534199E-04   6.118786E-02   2.320377E-01
  -6.544211E-04   6.118740E-02  -2.320392E-01
   1.099437E-03  -3.530540E-01  -7.361132E-01
   1.099479E-03  -3.530540E-01   7.361147E-01
  -1.280843E-03   8.276214E-01  -7.931909E-07
   2.168166E-04  -3.720985E-04   8.269658E-03
   2.165989E-04  -3.719935E-04  -8.269610E-03
   1.090747E-03   5.132679E-03   4.998024E-03
   1.091385E-03   5.132921E-03  -4.998094E-03
   4.377581E-04  -6.449493E-03   1.070967E-03
   4.378141E-04  -6.449571E-03  -1.070918E-03
  -2.158456E-03   1.347679E-02   1.118452E-08
  -6.466958E-04  -8.820732E-02  -6.825100E-07
   3.734637E-03   3.627825E-01   9.950914E-07
   1.255184E-03  -6.117269E-02  -2.320706E-01
   1.256380E-03  -6.117239E-02   2.320721E-01
  -3.130158E-03   3.530503E-01   7.361444E-01
  -3.129984E-03   3.530519E-01  -7.361459E-01
   3.071344E-04  -8.276334E-01   8.564279E-07
  -3.689196E-04   3.739642E-04  -8.268578E-03
  -3.687119E-04   3.738742E-04   8.268530E-03
  -5.080576E-04  -5.127628E-03  -4.997511E-03
  -5.086984E-04  -5.127871E-03   4.997566E-03
   4.186166E-05   6.456466E-03  -1.066626E-03
   4.180974E-05   6.456545E-03   1.066571E-03
   1.951772E-03  -1.348846E-02  -1.567482E-08
  -5.440386E-05   8.819868E-02   5.897618E-07
   1.637299E-03  -3.628030E-01  -9.617894E-07
  -1.756850E-03   6.119559E-02   2.320448E-01
  -1.757937E-03   6.119528E-02  -2.320463E-01
   2.070905E-03  -3.530548E-01  -7.361465E-01
   2.070914E-03  -3.530563E-01   7.361480E-01
  -1.172330E-03   8.276437E-01  -8.510462E-07
   1.164130E-04  -3.712666E-04   8.271489E-03
   1.161974E-04  -3.711669E-04  -8.271426E-03
  -1.069345E-03   5.113245E-03   4.986949E-03
  -1.068664E-03   5.113484E-03  -4.987035E-03
   7.220803E-04  -6.454641E-03   1.073323E-03
   7.221379E-04  -6.454732E-03  -1.073270E-03
  -1.028583E-03   1.349089E-02   3.437419E-09
   4.272304E-04   8.821314E-02   6.599156E-07
  -9.130083E-04  -3.628485E-01  -9.616295E-07
   2.039244E-04   6.120368E-02   2.320473E-01
   2.029667E-04   6.120323E-02  -2.320488E-01
   2.109264E-04  -3.530631E-01  -7.361496E-01
   2.109759E-04  -3.530631E-01   7.361511E-01
   2.345571E-04   8.276415E-01  -8.713834E-07
  -4.733589E-06  -3.710384E-04   8.271188E-03
  -4.958724E-06  -3.709569E-04  -8.271140E-03
  -2.741081E-05   5.128684E-03   4.997996E-03
  -2.674622E-05   5.128910E-03  -4.998068E-03
  -2.319099E-04  -6.453583E-03   1.074743E-03
  -2.318831E-04  -6.453675E-03  -1.074680E-03
   1.075515E-06   1.348729E-02   1.098128E-08
