 N     7.0   -4.42635625    0.24607887    0.00336901   14.00307401
 C     6.0   -1.78410926   -0.00729359    0.00220108   12.00000000
 C     6.0   -0.48607566    0.02343086   -2.35368804   12.00000000
 C     6.0   -0.48423805    0.02087964    2.35710869   12.00000000
 C     6.0    2.22697308    0.00600061   -2.33826356   12.00000000
 C     6.0    2.22879782    0.00346725    2.33954871   12.00000000
 C     6.0    3.51569573   -0.01266282    0.00013080   12.00000000
 H     1.0   -5.20456804   -0.70981938   -1.46647676    1.00782504
 H     1.0   -5.20342148   -0.71141119    1.47278523    1.00782504
 H     1.0   -1.52407704    0.07398093   -4.09021572    1.00782504
 H     1.0   -1.52088430    0.06954836    4.09449940    1.00782504
 H     1.0    3.26495097    0.00563764   -4.07526543    1.00782504
 H     1.0    3.26813056    0.00122332    4.07573884    1.00782504
 H     1.0    5.54530615   -0.02191499   -0.00066594    1.00782504
