   -5.679115038181310e+02    2.183686884500437e+02    6.017010856990806e+02    1.181227767034678e+01   -2.881120320445085e+00   -7.221235413080617e+00    2.549085358543719e+02    1.051138795056693e+01   -7.598383274719940e+02   -5.899042459288629e+02    7.401351741551239e-01   -1.243007454487176e+01    1.066656404772926e+01
    5.525627681615444e+01    7.697505776680309e+01    3.262419027175364e+02   -6.409205311370303e+00    1.584547643892257e+01    7.099770258235554e+00    1.893107262602299e+02    1.005025407720490e+01    3.748911047200932e+01   -8.857129708486504e+01   -1.927563403890610e+01   -7.490957123745925e+00   -5.436271662449267e+00
    6.332073509763058e+01    9.846837480451379e+01    9.877402209520042e+01    2.847005486758839e+00    4.031333560800321e+00    7.832915439227932e+00    9.821318068376371e+00   -8.053194272780539e+00    2.112574097487792e+01    2.528315202429127e+01   -7.397214460765815e+00   -5.611342538039497e-01    7.313259754439484e+01
    3.965338679626324e+02    1.236113456252100e+02   -5.719627147037153e+01    1.645330266505056e+01    3.999015458360781e+00    1.552880238442028e+01   -4.278802516667022e+01    3.682712430990283e-01    1.601147399121054e+02    2.379590564886140e+02    2.365008774497062e+01    2.652673191178462e+00   -2.288537991727615e+01
   -2.634217539488893e+01   -4.956021949042627e+01   -1.807504890925588e+01   -3.285508933961283e+00   -1.533937657818061e+01    1.085733248209781e+01   -1.650707402701190e+01    1.853439452936217e-01    2.373633702398155e+02    2.881548951778680e+02   -2.653006375487136e+01   -3.943534944404639e+01   -9.040742682886096e+00
   -7.834542964222882e+01    1.667094855117936e+02   -4.977788124697026e+01    2.096603871451522e+00   -1.611081496175102e+00    4.929442888221270e+00    2.632830915088700e+01    2.581181866868455e+00   -4.305630021487934e+01   -4.032279771041332e+01   -4.983380215083047e+01    5.500107851447514e+01   -7.109113199837395e+00
   -5.649803350204746e+01    1.044946723892769e+02    5.554698779014592e+01   -1.706787297461700e+00    6.737787652297012e+00    2.421297448610724e-01   -2.122646022125776e+02   -9.372751418997675e+00   -4.806846576997057e+01   -8.093568428389229e+01   -2.021241796391107e+01   -1.673467116476281e+01   -2.472409274930501e+01
   -1.089190115722595e+02    2.447683702575447e+01    8.154533148272154e+01   -7.628790786204067e+00   -2.778648023225779e+00    5.485795617958677e+00   -3.682504851931163e+01   -1.726671791564110e+00   -2.722694129126950e+01   -1.429575990324886e+01    4.922348040856918e+01    3.466261215271557e+01   -5.993653660433679e+00
   -4.770163928268034e+01   -1.139382593550504e+02    1.535701085340193e+02    4.454517565629947e+00   -4.939869732585634e+00   -4.158716010656464e+00   -4.876953851057353e+01   -2.923534647668512e+00   -1.303150484549296e+02   -1.205012351564688e+02   -2.026233247459256e+01    3.317199068102522e+01   -2.754372041861692e+00
   -1.653085931235997e+00    9.601795724019514e-01    1.725638325754137e+00    5.412806932932977e+01   -5.918148556855333e+01    2.090291036837687e+01    1.898050124928206e+00   -7.622850518105203e+00   -1.915029647993179e+00   -2.380974801046999e+00    1.835127680038504e-01   -1.349108091478591e-01    4.920575662387140e-02
    4.039074875361246e+00    4.219790295511190e-01   -8.301062670964293e-01   -5.616864411781665e+01   -3.232053213948787e+01    5.151676087092364e+01    1.793164168678860e+00   -4.517291273063115e+00   -2.316278754597468e+00   -2.663240651978892e+00   -8.105206217980997e-01   -2.696342379072918e-01   -1.792050229924622e-01
    4.912479371331889e+00    6.398011696978489e+00    4.957855027789258e+00   -2.864329224248630e+01   -4.764738611360060e+01   -6.125525050553556e+01    9.220243748000363e-01   -1.192559022716050e+00   -1.440336940913927e+00   -1.496069679397249e+00    2.872362873933074e-01    3.112228549445235e-01    2.177213564198582e-01
   -3.401761855287571e+00    1.116566736842931e+00    5.411130970164653e+00   -1.489698030376410e+00    8.218582769857706e+00   -4.034134303854971e+00    1.467983037495482e+01   -8.015169680532743e+01   -3.943768484201280e+00   -3.754819398754822e+00   -1.812316039675995e-01    8.558504248662044e-02   -3.023394310390509e+00
