         1    2.507636157836322e+00
         2    2.035288964953914e+00
         3    2.029345713071284e+00
         4    2.648213556446637e-02
         5    3.117703865044233e-01
         6    1.818948306308572e-01
         7    1.000187975996847e-02
         8    4.796213858424309e-01
         9    2.798234037640012e-01
        10    1.771427201754868e+00
        11    2.531898165453577e+00
        12    1.477174250158448e+00
        13    1.119537599077099e+00
        14    9.527687597442306e-01
        15    9.282670974540468e-01
        16    4.637781973512770e-03
        17    2.094578625529931e-01
        18    1.222030457482187e-01
        19    1.513061932548666e-02
        20    2.969838551440301e-01
        21    1.732679660589033e-01
        22    9.418473342392824e-03
        23    2.025221845719338e-01
        24    1.181566520114587e-01
        25    6.444592450407909e-02
        26    7.723630719396050e-01
        27    4.506163602896716e-01
        28    2.724458642540606e-02
        29    1.269152602588322e+00
        30    7.404563217721009e-01
        31    1.001617911738965e-02
        32    4.802653147623149e-01
        33    2.801989094420796e-01
        34    1.006596830829462e-02
        35    4.826717871789670e-01
        36    2.816033533053507e-01
        37    2.996599831184215e+00
        38    2.056166802061894e+00
        39    2.484637432396214e+00
        40    3.009907895886426e+00
        41    2.561545391766551e+00
        42    1.931728904708161e+00
        43    4.357233741936149e-04
        44    8.897704297691105e-04
        45    2.843072759242357e-01
        46    4.526347786401855e-01
        47    5.003468808080955e-01
        48    8.227592622250680e-02
        49    5.315044151450683e-01
        50    3.643072883376018e-04
        51    8.458439638564325e-04
        52    2.395107913506919e-01
        53    3.813160039108011e-01
        54    4.215104128321148e-01
        55    6.931223327941412e-02
        56    4.518037412363185e-01
        57    4.160691457077126e-04
        58    8.947658693678837e-04
        59    2.696914545025919e-01
        60    4.293654812102745e-01
        61    4.746247839486716e-01
        62    7.804623979081740e-02
        63    5.067403822649205e-01
        64    9.511994820938468e-04
        65    1.799366964177567e-03
        66    6.565951739677031e-01
        67    1.045340149852686e+00
        68    1.155529164006921e+00
        69    1.900126390960547e-01
        70    1.222631282602345e+00
        71    5.891365015295866e-04
        72    6.861303717227853e-04
        73    3.873228843123460e-01
        74    6.166420044637482e-01
        75    6.816420585691942e-01
        76    1.120877016042446e-01
        77    7.306306626599277e-01
        78    5.920888745304689e-04
        79    9.341519621429414e-04
        80    3.892638973429401e-01
        81    6.197322173438904e-01
        82    6.850580098890672e-01
        83    1.126494130295053e-01
        84    7.342921133363892e-01
        85    1.423569514874651e+00
        86    4.380539274582837e+00
        87    1.020904225318028e+00
        88    1.484703478327653e+00
        89    1.641205636938825e+00
        90    1.084501267774976e+00
        91    1.754550611295536e+00
        92    2.845906161580294e+00
        93    8.757285488092096e+00
        94    2.688372767437265e+00
        95    2.151930419241776e+00
        96    2.814087582585105e+00
        97    2.168063198258153e+00
        98    2.461421621836096e+00
        99    2.811678626904048e+00
       100    8.651961778109435e+00
       101    2.656039786100573e+00
       102    2.882081454088973e+00
       103    2.062289326667185e+00
       104    2.141988113822377e+00
       105    2.431818158366085e+00
       106    1.688549644299569e-02
       107    5.301570591474283e-02
       108    6.722219734695675e-01
       109    1.070218971211084e+00
       110    1.183030469243828e+00
       111    1.874182663480392e-01
       112    1.174580208565683e+00
       113    1.832995495711501e+00
       114    5.541851430487462e+00
       115    1.669736749055830e+00
       116    1.801919291242894e+00
       117    1.811025986304832e+00
       118    1.323693709607403e+00
       119    1.943004527907819e+00
       120    1.574654138078827e+03
       121    3.166572173444463e-01
       122    4.869527806526533e-01
       123    2.544980847523534e+00
       124    1.767963923092354e+02
       125    2.120287363835764e-01
       126    3.015235188371067e-01
       127    2.047670133513358e-01
       128    7.880504868554611e-01
       129    1.289515001492091e+00
       130    4.876062410759228e-01
       131    4.900498097535690e-01
       132    1.398874662617338e+00
       133    1.405087213979950e+00
       134    2.734403757567661e+00
       135    8.641319457284272e+00
       136    6.445999979634756e+00
       137    1.026243094006298e+01
       138    1.134419076377057e+01
       139    2.050152252179012e+00
       140    3.233767161814287e+00
       141    4.525934146798525e+00
       142    1.392698613030144e+01
       143    4.275403690280431e+00
       144    4.639260952667392e+00
       145    4.475331629811467e+00
       146    3.447939266691740e+00
       147    1.633580282334451e+03
       148    3.633340856921092e-02
       149    3.077269608710828e-02
       150    3.472597837235721e-02
       151    8.398403948921448e-02
       152    4.974290238486232e-02
       153    4.999206541563104e-02
       154    1.199010914029506e-01
       155    1.174052740707089e-01
       156    1.173122657784631e-01
       157    7.559975949893016e-02
       158    3.384227032869300e+00
       159    2.885508726137292e-04
       160    2.444378248495160e-04
       161    2.844497478491102e-04
       162    6.679822677522462e-04
       163    3.950082118656069e-04
       164    3.971222171787740e-04
       165    9.518620043428274e-04
       166    9.339757877127014e-04
       167    9.310936105413218e-04
       168    4.296383256726686e-03
       169    6.329849928457196e-01
       170    1.484916882795105e+00
       171    1.241986150931761e+00
       172    1.244322508426160e+00
       173    3.814284222381056e-01
       174    9.887327635691287e+00
       175    8.087494800920435e+00
       176    8.077980108462507e+00
       177    6.298616552314224e+03
       178    5.345487650152273e+00
       179    4.472663820279086e+00
       180    4.432469924034827e+00
       181    6.282602676944519e-01
       182    9.592609379068996e+00
       183    7.872125864426986e+00
       184    8.112548356850377e+00
       185    4.431074675308301e+00
       186    4.925098000164806e+00
       187    4.028561198535787e+00
       188    4.039716095841961e+00
       189    8.110733621344186e-02
       190    6.803752700751976e-02
       191    6.759641453018005e-02
       192    1.568975179492282e-01
       193    1.329348382609453e-01
       194    1.502370493079025e-01
       195    3.661931775162525e-01
       196    2.149733196455697e-01
       197    2.160507658645186e-01
       198    5.189221822336999e-01
       199    5.082722516134363e-01
       200    5.076391346126580e-01
       201    3.433166795847192e-01
       202    9.168967430325305e-01
       203    2.872804378875826e+00
       204    8.743861991220878e-01
       205    9.581516404341281e-01
       206    9.490179451310192e-01
       207    6.929610367114533e-01
       208    2.123695340794357e-01
       209    1.792049016664720e-01
       210    1.925475000351191e-02
       211    3.116506862560172e-02
       212    2.332701214621150e-01
       213    1.540475536616421e-02
       214    1.373890960314114e-02
       215    1.930599801081411e-02
       216    1.331925745989595e-02
       217    5.201015188627813e-02
       218    8.383922706518718e-02
       219    3.120757829522992e-02
       220    3.136476081946840e-02
       221    7.729212447442964e-02
       222    7.702479935517717e-02
       223    1.540707761596657e+00
       224    4.859663586583712e+00
       225    1.478101319112372e+00
       226    1.615829872633815e+00
       227    1.595025201017185e+00
       228    1.147431184462785e+00
       229    2.217868632961282e-01
       230    5.498570329543722e-03
       231    1.734362357111379e-02
       232    5.281131903386042e-03
       233    5.773500541323721e-03
       234    5.688879331802499e-03
       235    4.720007234534336e-03
       236    2.191717296534127e-02
       237    1.835185062793469e-02
       238    1.555563567252616e-02
       239    1.759666040825122e-02
       240    4.284993331768138e-02
       241    2.514433530916940e-02
       242    2.527100435544690e-02
       243    6.070042985052267e-02
       244    5.944986850726900e-02
       245    5.963111102376935e-02
       246    4.222056181362875e-02
       247    1.482666799522213e-01
       248    3.644431666846913e-03
       249    3.088497173907567e-03
       250    3.476841179350226e-03
       251    8.512404803478193e-03
       252    4.993373628135287e-03
       253    5.018469335795530e-03
       254    1.205394716862804e-02
       255    1.180606924618066e-02
       256    1.183339527149280e-02
       257    7.612760510698619e-03
       258    1.363713571278425e-02
       259    4.202846442581268e-01
       260    3.495577522525464e-01
       261    3.463385956786634e-01
       262    3.046175332224664e-02
       263    8.371508938651950e-01
       264    6.946329169182631e-01
       265    6.898602381045702e-01
       266    6.123546186231011e-02
       267    4.615936013404134e-01
       268    3.873860772777684e-01
       269    3.845779341988739e-01
       270    4.257147298402473e-02
       271    4.612658519077686e-01
       272    3.862741582933748e-01
       273    3.823989606517652e-01
       274    3.940350672882422e-02
       275    6.048459475086831e-01
       276    5.012289795228715e-01
       277    4.991788482333326e-01
       278    1.522126195308743e-04
       279    1.261368794648796e-04
       280    1.256209080708581e-04
       281    6.295734455629039e-05
       282    5.219364103764059e-05
       283    5.202907303291889e-05
       284    1.231520067585608e-05
       285    9.930460936426040e-06
       286    9.938408625408889e-06
       287    6.177003829776786e-05
       288    5.140029907038856e-05
       289    5.123103928189362e-05
       290    4.131779097835095e-05
       291    3.467571796940102e-05
       292    3.423936705197671e-05
       293    5.672754127272249e-04
       294    4.685343666735663e-04
       295    4.671230577222013e-04
       296    4.484067857558381e-04
       297    3.703562408358137e-04
       298    3.692406618835239e-04
       299    8.886601765954075e-05
       300    7.325482984274841e-05
       301    7.344046275646240e-05
       302    1.297614521042879e-04
       303    1.075763707454193e-04
       304    1.066274122478150e-04
       305    5.460969419080996e-05
       306    4.521128932842796e-05
       307    4.506933522395181e-05
       308    2.532000587129595e-04
       309    2.145065431266196e-04
       310    2.080757407978310e-04
       311    2.477927109373021e-06
       312    7.805266601079108e-06
       313    2.374638960681308e-06
       314    2.588233948063297e-06
       315    2.558541460794018e-06
       316    1.843841680940220e-06
       317    2.176590764562032e-06
       318    6.865727351645258e-06
       319    2.090499247535564e-06
       320    2.285468996577597e-06
       321    2.251982235368769e-06
       322    1.623593876036785e-06
       323    2.168614570621339e-06
       324    6.840206250104111e-06
       325    2.199672213313439e-06
       326    2.276909785217317e-06
       327    2.243761606735119e-06
       328    1.745155592284818e-06
       329    1.519774401039577e-05
       330    4.708060558737973e-05
       331    1.438917587817739e-05
       332    1.568666398092054e-05
       333    1.545369781222432e-05
       334    1.141681328311457e-05
       335    4.867742558085023e-05
       336    1.528334145989563e-04
       337    4.651271745225621e-05
       338    5.055731450993392e-05
       339    5.008540161043408e-05
       340    3.605118189535435e-05
       341    6.760519527380311e-05
       342    2.122612835031580e-04
       343    6.459876036704426e-05
       344    7.021288603117399e-05
       345    6.956410982291382e-05
       346    5.006935257295091e-05
       347    4.296997484390893e-06
       348    9.652403149965961e-06
       349    7.614006512010597e-06
       350    7.577531394168457e-06
       351    7.502161592784101e-06
       352    6.042571711320519e-06
       353    5.614584305252504e-06
       354    1.770955554567046e-05
       355    7.485844219125498e-06
       356    7.448314492893931e-06
       357    7.374524597294649e-06
       358    5.940715328153849e-06
       359    4.301716454626480e-05
       360    1.338712390528110e-04
       361    4.091032941713701e-05
       362    4.440105091832320e-05
       363    4.393688934962663e-05
       364    3.231525253075582e-05
       365    4.218821996155365e-03
       366    1.324591355722915e-02
       367    4.031208987915974e-03
       368    4.381551853549508e-03
       369    4.340849815041732e-03
       370    3.122735544174182e-03
