0.0140874
0.0184396
0.0267678
0.0372667
0.0299713
0.0360957
0.0359514
0.0418498
0.0463289
0.0447411
0.0464608
0.0446473
0.0448448
0.0437037
0.0469649
0.0470305
0.0469598
0.0455043
0.0445847
0.0474924
0.0471397
0.047033
0.0463092
0.043181
0.0409861
0.0414516
0.0445438
0.0464179
0.0476991
0.046589
0.0449172
0.0467501
0.04644
0.0448971
0.045173
0.0457467
0.0456264
0.0428361
0.0404025
0.0396841
0.0423836
0.046135
0.0476687
0.0492949
0.0464888
0.0418514
0.043667
0.0475302
0.0451883
0.0439343
0.0437918
0.0390652
0.0406217
0.0439262
0.0437126
0.043885
0.043692
0.0432987
0.0417764
0.0457282
0.0448111
0.041466
0.0420102
0.0406403
0.0436122
0.0453118
0.04337
0.0442998
0.0439101
0.041921
0.0470561
0.0412929
0.0404213
0.0419031
0.0425001
0.0421703
0.0431257
0.0473963
0.043794
0.0413446
0.0421091
0.0450517
0.0413894
0.0432666
0.0406074
0.0438852
0.0418046
0.0436661
0.0439246
0.0451371
0.0427797
0.043412
0.0445724
0.0418905
0.0379455
0.046397
0.043206
0.0425175
0.0440292
0.0434548
0.0424567
0.0431833
0.0429333
0.0412396
0.0426322
0.0425376
0.0434108
0.0433063
0.0433621
0.0458078
0.0410229
0.0438552
0.0430061
0.0415931
0.0405356
0.0424567
0.0433746
0.0457183
0.046164
0.0417499
0.0430689
0.042627
0.0416449
0.0429874
0.0420921
0.0410556
0.0443264
0.0425673
0.0432249
0.0440581
0.0440685
0.0423299
0.0427708
0.0405183
0.0428379
0.0428487
0.0430784
0.0425536
0.041165
0.0448983
0.0465946
0.0436626
0.0419249
0.0393748
0.0429208
0.0457616
0.0426716
0.039848
0.0431997
0.0428594
0.043565
0.042642
0.0437841
0.044902
0.0445387
0.0418125
0.0414967
0.0413256
0.0425495
0.0425383
0.0401292
0.0412131
0.0418005
0.0422824
0.0392209
0.0407982
0.0426732
0.0425562
0.0424668
0.0411078
0.0411938
0.0428794
0.041967
0.0408731
0.0430465
0.0396831
0.0405635
0.0435164
0.0414888
0.0425762
0.0438122
0.0391183
0.0409567
0.043039
0.0393597
0.0419982
0.0405373
0.0421855
0.0414928
0.0403721
0.0415116
0.042351
0.0416354
0.0423039
0.0399266
0.0404695
0.0427799
0.03968
0.0413134
0.0401086
0.0423904
0.0414416
0.0406736
0.0413934
0.0397908
0.0426462
0.042132
0.0420699
0.0406607
0.0399236
0.0392939
0.0416086
0.0416419
0.0394765
0.0390583
0.0425438
0.0412947
0.0410603
0.0405269
0.0406498
0.0403536
0.0383365
0.0424297
0.040709
0.0421195
0.0432299
0.0406168
0.0415591
0.0400415
0.0413396
0.0384256
0.0404337
0.0417084
0.0410091
0.0401292
0.0397964
0.0407842
0.0405301
0.0417919
0.0410887
0.0402979
0.0411415
0.0407957
0.040212
0.0401924
0.0409401
0.0398893
0.0412998
0.0418988
0.0385652
0.0419074
0.0405972
0.0412751
0.0399215
0.039332
0.0411762
0.0396443
0.0414961
0.0417335
0.0419532
0.0402136
0.0388589
0.0411726
0.0396626
0.0403854
0.0394276
0.039969
0.0394528
0.0408758
0.0398378
0.0394701
0.0406558
0.0404802
0.0408251
0.0404891
0.0416026
0.0399068
0.0403179
0.0424076
0.0412756
0.0396146
0.0410411
0.0410057
0.0399371
0.0394763
0.041338
0.0411563
0.0383838
0.0414217
0.0396003
0.0405086
0.0403995
0.0405799
0.0419149
0.0404755
0.0408918
0.0420018
0.0402917
0.0415871
0.0403164
0.0398533
0.0401114
0.0418562
0.0419467
0.040728
0.039332
0.040059
0.0411837
0.0413082
0.0403855
0.0404272
0.038965
0.0403486
0.0400076
0.0421041
0.0389731
0.0415955
0.0394888
0.0401398
0.0395397
0.0403874
0.0395366
0.0405955
0.0402742
0.0406303
0.0413528
0.0390452
0.0395523
0.0395872
0.039455
0.0404968
0.0412433
0.039473
0.0400748
0.0388564
0.0397368
0.0391256
0.0388271
0.0414271
0.0393389
0.0397907
0.0397517
0.0394218
0.0402622
0.0394989
0.0416345
0.0382404
0.0416451
0.0394297
0.0403684
0.0413075
0.0400175
0.0389657
0.0411171
0.0413369
0.0386445
0.0397645
0.0398388
0.0416183
0.039308
0.0398119
0.0397951
0.0393849
0.0390984
0.0393242
0.0412804
0.0390077
0.0403309
0.0395928
0.0409645
0.0401025
0.039132
0.0400908
0.0411007
0.0405691
0.0391231
0.0401188
0.0382418
0.039049
0.0400115
0.0394079
0.040749
0.0398643
0.0389055
0.0387736
0.0398585
0.0393515
0.0391476
0.038925
0.0388048
0.0391434
0.0407852
0.039586
0.0395463
0.0405983
0.0397759
0.0383859
0.0401789
0.0392834
0.0402217
0.040727
0.039487
0.0391416
0.0414241
0.0384803
0.0388699
0.0395111
0.0389406
0.0399673
0.0400348
0.0396319
0.0400116
0.0391082
0.0393627
0.0397305
0.0410108
0.0394732
0.0407095
0.0385721
0.0393434
0.0389648
0.0390112
0.0393929
0.0394489
0.0409674
0.0397534
0.0402209
0.0398667
0.0385493
0.0405095
0.039303
0.0387236
0.039912
0.0392604
0.04067
0.0385934
0.0404669
0.0390175
0.0382918
0.040444
0.0403355
0.0407154
0.0395481
0.0398637
0.039378
0.0391446
0.0386991
0.0378665
0.0389945
0.0393313
0.0397219
0.0406005
0.0399896
0.0386112
0.0397087
0.0412555
0.0398518
0.0393888
0.037803
0.0387677
0.0390225
0.0395689
0.0396053
0.0382804
0.0398158
0.040346
0.0403656
0.0396415
0.0385323
0.0404111
0.0383792
0.0393267
0.0389618
0.0402012
0.0410677
0.0383235
0.0403351
0.0396679
0.0398026
0.0388919
0.0397104
0.0400574
0.0381141
0.0392213
0.0396901
0.038336
0.0400681
0.0397539
0.0376107
0.0383332
0.0386823
0.0397863
0.0391886
0.0386538
0.0383152
0.0395058
0.0390063
0.0389139
0.0395091
0.0375617
0.0386983
0.0390434
0.0388321
0.0381893
0.0388042
0.0392796
0.0401558
0.0369706
0.0385919
0.0386407
0.0381077
0.0393801
0.0382727
0.0390547
0.0389033
0.0392926
0.0404103
0.0382161
0.0397261
0.0397206
0.0379272
0.0383564
0.0393694
0.0391391
0.0400517
0.0388206
0.0400052
0.038639
0.0382149
0.0394587
0.037571
0.0373687
0.0376395
0.0383601
0.0386291
0.0388881
0.0384936
0.037372
0.0402797
0.0399058
0.0401735
0.0395637
0.0395518
0.0391719
0.0379197
0.0398576
0.0382881
0.0397222
0.0387548
0.0391758
0.0369637
0.0396325
0.0388319
0.0380946
0.0385915
0.0388116
0.0386421
0.0394011
0.0392709
0.0390097
0.0374257
0.0390206
0.037972
0.0376786
0.0381212
0.0380732
0.0390588
0.0372059
0.039917
0.0382958
0.0384971
0.0384561
0.0389812
0.0383432
0.0388171
0.037984
0.0391601
0.0392935
0.0377263
0.0376395
0.038429
0.0378618
0.0371093
0.038188
0.0382111
0.0390236
0.0380591
0.0390378
0.0389943
0.0378639
0.0379284
0.0386501
0.037646
0.0385333
0.0388115
0.0395807
0.038443
0.0389289
0.0390532
0.0367712
0.0381931
0.0387448
0.0389029
0.0380143
0.0378367
0.0379313
0.0384679
0.0384762
0.0391536
0.0376035
0.0382729
0.0377768
0.0375242
0.0379437
0.0380061
0.0363737
0.0393112
0.0373165
0.0382894
0.0380089
0.0387674
0.0383475
0.0377015
0.0390064
0.0383227
0.0383202
0.0393278
0.0386238
0.0391449
0.0392586
0.0384472
0.0387413
0.0375111
0.0378079
0.0381427
0.0368991
0.0385682
0.0379076
0.0373894
0.0378656
0.0380917
0.0382308
0.0384905
0.0384359
0.0380427
0.037392
0.0377871
0.0382113
0.0393034
0.0380385
0.0387602
0.0381147
0.0383724
0.0392145
0.0379575
0.038722
0.0395556
0.0380253
0.0388373
0.0381896
0.0384198
0.0377634
0.0372333
0.0385058
0.0369802
0.0380751
0.0376093
0.0371925
0.0386686
0.0393394
0.0379432
0.0380672
0.0388028
0.0389087
0.0371517
0.036703
0.0381589
0.0390779
0.0380241
0.0380344
0.0383803
0.0383855
0.0378226
0.038203
0.0379961
0.0387115
0.036996
0.0392686
0.0384977
0.0372269
0.038673
0.0380747
0.0364335
0.0365412
0.0389047
0.036873
0.0377542
0.038084
0.0379717
0.0389442
0.0385882
0.0378554
0.0381829
0.0376493
0.0379017
0.0371454
0.0374237
0.037794
0.0381065
0.0371625
0.0379185
0.0359515
0.038788
0.0374762
0.037764
0.0393567
0.038569
0.0384587
0.0369193
0.0379717
0.0371056
0.0385327
0.0377322
0.0370653
0.0384248
0.0380404
0.0380602
0.0371573
0.0392961
0.0380059
0.0376644
0.0377038
0.0378369
0.0378157
0.0376626
0.0380138
0.0373943
0.0379374
0.0383058
0.0367699
0.0382306
0.0374015
0.0389399
0.037628
0.0371265
0.0374476
0.0370144
0.0376228
0.0366896
0.0390769
0.0375588
0.0381362
0.0375431
0.0396507
0.0381466
0.0372385
0.0389684
0.0375539
0.0371494
0.0391712
0.0380157
0.0386408
0.0367021
0.0380013
0.0384391
0.0369672
0.0374643
0.0374648
0.0379927
0.0376504
0.0385241
0.0384688
0.0378237
0.0371476
0.0364164
0.0371834
0.0383214
0.0385784
0.0377953
0.0371758
0.0371811
0.0379354
0.038273
0.0387037
0.0386401
0.0374934
0.0373996
0.0379405
0.0381488
0.0369552
0.0381342
0.0381148
0.0376815
0.0382001
0.0377879
0.0374215
0.0385122
0.0379278
0.0364719
0.0388177
0.0376395
0.0375806
0.0375384
0.0372309
0.0383911
0.0369726
0.0372541
0.0374962
0.037195
0.038002
0.0370163
0.0380042
0.038701
0.0373692
0.0372174
0.0373575
0.0378606
0.0378296
0.037538
0.0370736
0.0384035
0.0377356
0.0376951
0.0372461
0.0370606
0.038728
0.0383878
0.0373612
0.0373245
0.038441
0.0382757
0.0391389
0.0377607
0.0373194
0.037585
0.0372909
0.0374011
0.0371149
0.0376715
0.0371407
0.0370756
0.0378823
0.0366131
0.0373391
0.037499
0.0376721
0.0366945
0.0378344
0.0382218
0.0388116
0.0386035
0.0365446
0.0372221
0.0376831
0.037978
0.0391083
0.0379125
0.0373216
0.0376113
0.0368971
0.0372005
0.0372948
0.0391216
0.036777
0.0382102
0.03755
0.0375777
0.0375111
0.0374294
0.0367644
0.0380241
0.0376136
0.0374077
0.0366995
0.0370633
0.0374326
0.0379216
0.0368507
0.0376429
0.0377081
0.037051
0.037244
0.0381308
0.0375098
0.0375719
0.03648
0.0377621
0.0374049
0.0377996
0.0379454
0.0372695
0.0372279
0.0371263
0.037501
0.0377244
0.037605
0.037664
0.0367168
0.0372475
0.0365901
0.0370777
0.0360404
0.037665
0.0381432
0.0385785
0.0375132
0.0373038
0.03612
0.0359568
0.0371885
0.0367002
0.0369616
0.0374021
0.0373133
0.0372986
0.0380697
0.0382829
0.0371363
0.0362964
0.0378346
0.0375519
0.0371806
0.0371508
0.0374805
0.0375813
0.0368636
0.037132
0.0370378
0.0368961
0.0375647
0.037097
0.0371101
0.0368727
0.0380238
0.0372607
0.0371383
0.0366068
0.0369299
0.0352778
0.0381788
0.0373639
0.0372225
0.037221
0.0385802
0.0372733
0.0357448
0.0364885
0.0369726
0.0375213
0.0376881
0.0380886
0.0360359
0.0378766
0.0381349
0.0366125
0.0381765
0.0376147
0.0362614
0.0369918
0.0376378
0.0364505
0.0379321
0.0362894
0.0371484
0.036922
0.0386414
0.0384677
0.0370188
0.0378999
0.0363604
0.0363982
0.0372324
0.0364194
0.0367754
0.0372252
0.0360642
0.0366263
0.0362719
0.0362304
0.0367417
0.0382034
0.0372334
0.0365775
0.037097
0.0363675
0.036447
0.0370931
0.0375293
0.0366019
0.0371314
0.0376395
0.0379451
0.037653
0.0370871
0.0369357
0.0372094
0.0368647
0.0369011
0.0372378
0.0364604
0.0366285
0.0377915
0.0371465
0.0370906
0.0383167
0.0374192
0.0373577
0.0369434
0.0367637
0.0378312
0.037317
0.0359311
0.0368731
0.0368854
0.0368369
0.037362
0.0367989
0.036315
0.0376842
0.0362985
0.0377169
0.0372676
0.0377407
0.0361582
0.0374628
0.0355655
0.0369526
0.0370055
0.0373097
0.0366548
0.0362742
0.0369179
0.0359958
0.0362631
0.0376018
0.0364554
0.0369441
0.0367168
0.0370479
0.0356933
0.0365597
0.036508
0.0373453
0.0370705
0.0356027
0.036951
0.0374175
0.0362306
0.0373661
0.0365956
0.0363476
0.0363675
0.0382854
0.0361754
0.0365584
0.0367712
0.0374436
0.0366592
0.0360313
0.0360676
0.0367598
0.0353013
0.0377492
0.0370994
0.0367171
0.0378154
0.0368588
0.0380551
0.0369595
0.0362202
0.0361593
0.037743
0.0372797
0.0366705
0.0369539
0.0355513
0.0363655
0.0371718
0.0360011
0.0358044
0.0370761
0.0371691
0.0374974
0.0356168
0.0365651
0.0366122
0.036127
0.03566
0.0370847
0.0358008
0.0359049
0.0366408
0.0368699
0.0370772
0.0364369
0.036287
0.035776
0.0365938
0.0370308
0.0373594
0.035977
0.0375201
0.0364835
0.0359138
0.0370227
0.0378045
0.0366659
0.0370522
0.0367071
0.0365908
0.0361264
0.0368798
0.0367379
0.0361249
0.0369646
0.0357421
0.0362221
0.0369835
0.0366725
0.0365314
0.0367798
0.0361554
0.0365844
0.0360854
0.0357946
0.0358552
0.0366872
0.0359978
0.0358501
0.0371097
0.0370223
0.0359737
0.0371014
0.0362957
0.0359942
0.0356657
0.0369721
0.0360689
0.0369432
0.0365862
0.0358689
0.0377143
0.0355662
0.0362896
0.0365287
0.0347466
0.0364883
0.0362959
0.0351093
0.0358102
0.0366403
0.0369455
0.0362535
0.0360989
0.0362226
0.0366021
0.0362416
0.036111
0.0358336
0.036493
0.0368279
0.0361192
0.0362987
0.0355972
0.0369205
0.0362228
0.0367215
0.0361985
0.0356158
0.0367505
0.0371736
0.0364904
0.0355307
0.0364345
0.0364686
0.0360345
0.0356169
0.0365878
0.0360924
0.0359971
0.0346108
0.0361188
0.0366924
0.0376214
0.0364379
0.0369357
0.0358311
0.0362669
0.0363444
0.0364887
0.0363003
0.035787
0.0352782
0.0361608
0.0362188
0.0370361
0.0368358
0.0346604
0.0358706
0.036063
0.0354284
0.0369873
0.036719
0.0360292
0.0363111
0.0363425
0.0361536
0.0365015
0.0365839
0.0368959
0.0371535
0.0365835
0.0359401
0.0359482
0.0354329
0.0363457
0.0359871
0.0353541
0.0351375
0.0358025
0.0358088
0.0351947
0.0362529
0.0360367
0.0359446
0.0365332
0.0355678
0.0368625
0.0361938
0.0376886
0.0362575
0.0368644
0.0362164
0.0362969
0.0367649
0.0366003
0.0361874
0.0366075
0.0355998
0.0362537
0.0367296
0.0351177
0.0355422
0.0357798
0.0359182
0.0369057
0.0364799
0.0367793
0.0357539
0.0357535
0.0361914
0.0367096
0.0363116
0.0363151
0.0358741
0.0365938
0.0359813
0.0356165
0.034749
0.035436
0.0356806
0.0353456
0.0366763
0.0360918
0.0361613
0.0365568
0.0358024
0.0361219
0.0367815
0.036104
0.0366621
0.0361441
0.0364373
0.0362884
0.0366956
0.0366002
0.0359864
0.0364136
0.035753
0.0363044
0.0367309
0.0363407
0.0366547
0.0361939
0.0354027
0.0362155
0.0354804
0.035464
0.0360741
0.0356667
0.0357351
0.0359723
0.0363504
0.0354473
0.0360254
0.0357
0.0356544
0.0357555
0.0355017
0.0350411
0.0353485
0.0360178
0.0364094
0.0355128
0.0358017
0.035126
0.0351838
0.035615
0.0361715
0.0366569
0.0353724
0.0371229
0.0366447
0.0358833
0.0365234
0.0359323
0.0366556
0.036021
0.0363741
0.035138
0.0375974
0.0356303
0.036472
0.036451
0.0364389
0.0356085
0.0357249
0.0351086
0.0356961
0.0344522
0.0366034
0.0345909
0.0358893
0.0346435
0.0348354
0.0355191
0.0360307
0.0352259
0.0358666
0.0355834
0.0355214
0.036099
0.0356288
0.0352526
0.0359953
0.0361584
0.0359732
0.0355054
0.0353031
0.0363945
0.0349965
0.0352945
0.03564
0.0357314
0.0359429
0.0355317
0.0356371
0.0349023
0.0362384
0.0347959
0.0353815
0.0348188
0.0353224
0.0349891
0.0355647
0.0352201
0.0353958
0.0358528
0.036067
0.0358484
0.0353386
0.035995
0.0356317
0.0366059
0.035508
0.035289
0.035261
0.0351513
0.0349092
0.0352242
0.0355623
0.0349883
0.0353262
0.0350844
0.0353214
0.0351652
0.0367098
0.0353427
0.035622
0.0354176
0.035546
0.0355954
0.0350416
0.035699
0.0358576
0.0350585
0.0353287
0.0359876
0.0349734
0.0355924
0.0348346
0.0358863
0.0359468
0.035527
0.034828
0.0359024
0.0354997
0.034532
0.0356481
0.0358286
0.0353025
0.0358826
0.0357479
0.0356873
0.0359675
0.0361638
0.0346478
0.035333
0.0353871
0.0368697
0.0354345
0.0351676
0.0348881
0.0361625
0.0351433
0.0355995
0.0347331
0.0351553
0.0360234
0.0354508
0.0351091
0.0355797
0.034595
0.0362575
0.0356065
0.0354437
0.0350387
0.0353609
0.0353205
0.0364372
0.0347582
0.0354556
0.0355445
0.0345695
0.0367504
0.0345892
0.0360327
0.0347168
0.0351305
0.0351691
0.0355743
0.0347335
0.0360972
0.0347352
0.0354115
0.0354711
0.0344261
0.0354929
0.0358311
0.0346145
0.035235
0.0349912
0.0356308
0.0344572
0.0345534
0.0359849
0.0346569
0.0354208
0.0356953
0.0347313
0.0358425
0.0351058
0.0358747
0.0351869
0.035309
0.0352171
0.0353185
0.0354855
0.0351318
0.035523
0.0356391
0.035399
0.0348638
0.0357875
0.0357996
0.0354197
0.0362506
0.0354766
0.0347266
0.0363028
0.0364559
0.0343589
0.0345817
0.0347127
0.034662
0.0364486
0.0354092
0.0358109
0.0355215
0.0356122
0.0355915
0.0360492
0.0345603
0.0349384
0.0354751
0.0358194
0.0351737
0.0355823
0.0348557
0.0346091
0.0347145
0.0355224
0.0345654
0.036478
0.035155
0.0350309
0.0353229
0.0358068
0.0354094
0.0354369
0.0352984
0.0350399
0.0340417
0.0359628
0.0358047
0.0350403
0.0352518
0.0355514
0.0345184
0.035632
0.0341927
0.0349169
0.0355323
0.0346535
0.0360092
0.035318
0.0347029
0.0339999
0.0360406
0.0352053
0.0346803
0.0347796
0.0357583
0.0353949
0.0355917
0.0355314
0.0345231
0.03426
0.0346191
0.0353904
0.0357321
0.0352196
0.0351403
0.0343113
0.0347323
0.0344179
0.0348782
0.0355121
0.0352091
0.0355011
0.0344667
0.0361009
0.0355872
0.0345895
0.0347018
0.035932
0.0351065
0.0345379
0.0351201
0.0346278
0.0362473
0.0350932
0.0356409
0.0349408
0.0352624
0.0334289
0.0357006
0.0345459
0.0351682
0.0358144
0.0351527
0.0347841
0.0353104
0.0351349
0.0353823
0.0355822
0.0355731
0.0346754
0.0357757
0.0355551
0.0353656
0.0349626
0.0346434
0.0346495
0.0349302
0.0345913
0.0347447
0.0350077
0.0355278
0.0343532
0.0351594
0.034958
0.034698
0.0352085
0.0352419
0.0348774
0.0352817
0.0346709
0.0348329
0.0355476
0.0341299
0.0350749
0.0347881
0.0353935
0.0344443
0.0350927
0.0345008
0.0348343
0.0352378
0.0346967
0.0347273
0.0354548
0.0349222
0.0349184
0.0361869
0.0343028
0.0357114
0.0347684
0.0347481
0.034734
0.0352101
0.0346648
0.0350801
0.0344593
0.0352677
0.0355774
0.0349385
0.0347933
0.0351162
0.0352086
0.0346187
0.034985
0.0354833
0.0352649
0.034489
0.0346197
0.0348267
0.0352165
0.034781
0.034465
0.0351765
0.0356422
0.0352328
0.0342174
0.0356463
0.0338485
0.0345787
0.0338451
0.0359121
0.0345491
0.0355342
0.0351158
0.0338947
0.0343981
0.0350523
0.0344271
0.0347315
0.0343844
0.0352117
0.0344487
0.0354897
0.0347744
0.0343908
0.0350857
0.0352185
0.0353295
0.0341876
0.0346484
0.0348847
0.0337976
0.0360617
0.0350758
0.0347273
0.0340724
0.0352065
0.034126
0.0344203
0.0351267
0.0346605
0.0347208
0.034911
0.0349525
0.035553
0.0347746
0.0345661
0.0353694
0.0342031
0.0355726
0.0346484
0.0345935
0.0354626
0.034688
0.0352093
0.0349598
0.0350418
0.0346972
0.0347022
0.0345363
0.0356214
0.0339338
0.0349823
0.0347428
0.0350528
0.0353747
0.035163
0.0347309
0.0352366
0.0347037
0.0346416
0.0342812
0.0348228
0.0343092
0.0352423
0.0347586
0.035395
0.0355164
0.0352673
0.0348939
0.0349969
0.0347382
0.0353887
0.0343342
0.0343882
0.035256
0.0344467
0.0332304
0.0352188
0.0342714
0.0344197
0.0354166
0.034094
0.0351671
0.0345944
0.0351208
0.0338736
0.0348901
0.0347934
0.0352497
0.034848
0.0352335
0.0345235
0.0344027
0.0355091
0.0347801
0.0341748
0.0347273
0.0343292
0.0353348
0.0339689
0.0357081
0.0354279
0.0353693
0.0345258
0.0342302
0.0336532
0.0347357
0.035012
0.0348727
0.0346446
0.0352511
0.0354183
0.035235
0.0353957
0.035093
0.0342077
0.0356754
0.0353806
0.0342841
0.035534
0.0341685
0.0348273
0.0345303
0.0353731
0.0344075
0.0346768
0.0340144
0.0351451
0.034203
0.0357027
0.035026
0.0348667
0.0341818
0.0350189
0.0340518
0.0343242
0.0352469
0.0346406
0.033844
0.0360784
0.0341423
0.0344409
0.0350282
0.0345548
0.0351459
0.034347
0.0337285
0.034401
0.0342289
0.0349624
0.0353456
0.0344534
0.0343725
0.0354881
0.0345164
0.0347622
0.0343549
0.0352465
0.0354868
0.0351959
0.0350303
0.0347294
0.0349362
0.0334356
0.0349151
0.0335672
0.0344594
0.0349387
0.0350394
0.0345984
0.0346234
0.0341474
0.0347576
0.0349611
0.0337093
0.034793
0.0346068
0.0349384
0.0332486
0.035583
0.0342277
0.035006
0.0346083
0.0347942
0.0339579
0.0358422
0.0338505
0.0351724
0.0353779
0.0340839
0.0353708
0.0344962
0.0344492
0.034578
0.0346497
0.0344057
0.0344419
0.0346652
0.0349729
0.034671
0.0346364
0.0352596
0.0348508
0.0342512
0.0346081
0.0349232
0.0349767
0.0341388
0.0346438
0.0344035
0.0347606
0.0332924
0.034286
0.0338343
0.0350253
0.0349059
0.0342235
0.0348353
0.0348883
0.0346707
0.0342331
0.0351802
0.0341583
0.0345368
0.0341973
0.034458
0.0348406
0.0347468
0.0347285
0.0345802
0.0350652
0.0346616
0.0350122
0.034143
0.0345995
0.0351385
0.0348089
0.0340575
0.0347832
0.0338795
0.034652
0.0351859
0.0349452
0.0349085
0.0349366
0.0344244
0.0350008
0.0347519
0.0340919
0.033307
0.0346795
0.0343668
0.034589
0.0346046
0.0351567
0.0341347
0.0341511
0.0341368
0.0347349
0.0347833
0.0350137
0.0337773
0.0349272
0.0343988
0.0336621
0.0346859
0.0347089
0.0346606
0.0349389
0.0336031
0.0347672
0.0344129
0.0342137
0.0339768
0.0348013
0.0346565
0.0339592
0.0347284
0.0349852
0.0344293
0.0346837
0.0341119
0.0337832
0.03483
0.0340529
0.0351415
0.0351507
0.0342806
0.0338212
0.0343416
0.0344832
0.0348324
0.0336192
0.034224
0.0342365
0.033908
0.0349606
0.0344968
0.0349524
0.0347616
0.0343026
0.0350562
0.0349584
0.0348416
0.0345427
0.034116
0.0349642
0.0347547
0.0343332
0.0346832
0.0349048
0.0344485
0.0352176
0.0341866
0.0348371
0.0340925
0.0346817
0.0338368
0.0352201
0.0346156
0.0350291
0.035277
0.0340106
0.0340846
0.033713
0.0348094
0.0343504
0.0344195
0.0355324
0.0341234
0.0348068
0.0349809
0.0344505
0.0338574
0.034046
0.0340282
0.0342364
0.0338519
0.0337732
0.0352912
0.0345843
0.0346954
0.0345114
0.0342554
0.0344537
0.0349596
0.0342733
0.034712
0.0351094
0.0346137
0.0349067
0.0339966
0.0351352
0.0351187
0.0336816
0.0343913
0.0340838
0.0353195
0.0349711
0.0341489
0.0345614
0.034521
0.0342756
0.0347542
0.0333248
0.0349146
0.0340575
0.0345953
0.0338403
0.0352026
0.0348282
0.0343896
0.0344605
0.0345307
0.0340858
0.0339196
0.0339486
0.0339315
0.0346926
0.03404
0.0347165
0.0346905
0.0354703
0.0339482
0.0337908
0.0351946
0.0344322
0.0339534
0.0345409
0.0334901
0.0347398
0.0340676
0.0341191
0.0341873
0.0346273
0.0339175
0.0343145
0.0345186
0.0347691
0.0346734
0.0346601
0.0330404
0.0338491
0.0340555
0.033641
0.0339608
0.0332627
0.0334647
0.0340233
0.0333646
0.034208
0.0349997
0.0341049
0.0341607
0.0342051
0.0338843
0.0347937
0.0343774
0.0342028
0.0338698
0.0347447
0.0338998
0.0348398
0.0340622
0.0336384
0.0339803
0.0348995
0.033744
0.0333562
0.0348824
0.0350434
0.0327676
0.0339273
0.0354704
0.0339494
0.0346763
0.0343661
0.034762
0.0338258
0.0340118
0.0342017
0.0341835
0.0339518
0.0344716
0.0340252
0.0335761
0.0343101
0.034761
0.033379
0.0341707
0.034028
0.0347883
0.0339884
0.0339545
0.0336893
0.03363
0.0341576
0.034267
0.0344648
0.0349222
0.034594
0.0345188
0.0341232
0.0340564
0.0347653
0.0344006
0.0345472
0.0332121
0.0337235
0.0344086
0.033435
0.0329504
0.0344207
0.0338778
0.034166
0.0343429
0.0338135
0.0342052
0.0344112
0.0345071
0.0343459
0.034029
0.0341474
0.0342647
0.0339895
0.0338064
0.0341614
0.0340611
0.0338019
0.033694
0.034391
0.0333009
0.03367
0.0345415
0.0337464
0.034898
0.0336469
0.0339976
0.0345861
0.0345319
0.0340692
0.0340297
0.0346433
0.0338061
0.0332832
0.0336054
0.0344813
0.0340984
0.0337997
0.0344303
0.0339471
0.0344956
0.0341486
0.0343202
0.0339234
0.0333466
0.0339572
0.0343802
0.0346433
0.0342167
0.0343752
0.0344756
0.033902
0.033675
0.033822
0.0346166
0.0337953
0.0337271
0.0340656
0.0344276
0.0331091
0.0337779
0.0338836
0.0345284
0.0343355
0.0340492
0.0339274
0.0344378
0.0344283
0.0338981
0.0346986
0.0347029
0.0341842
0.0342247
0.0349023
0.0348572
0.0334983
0.0335223
0.0344161
0.0338904
0.0333696
0.0337049
0.0334481
0.0337909
0.0344467
0.0346827
0.0339741
0.0344218
0.0340609
0.0346471
0.0339444
0.0345244
0.034228
0.0335929
0.0342547
0.033984
0.0336788
0.0336372
0.0333415
0.0338872
0.0336125
0.0344701
0.0338592
0.0348566
0.0349778
0.0345539
0.0339682
0.0349255
0.0335414
0.0339134
0.0349666
0.0339373
0.0334278
0.0344897
0.0337052
0.0340553
0.0330546
0.0335403
0.0333074
0.0333318
0.0340932
0.0347214
0.0340531
0.0342556
0.0334116
0.0345336
0.0340474
0.0345445
0.0336492
0.0345663
0.0333715
0.0346252
0.0340179
0.0339795
0.0342301
0.0336373
0.0338827
0.0340187
0.0337857
0.0339437
0.0337242
0.033918
0.0333676
0.0339859
0.0330737
0.0342811
0.0343331
0.033679
0.0341562
0.0341779
0.0350329
0.0342228
0.033965
0.0343997
0.0340251
0.0333853
0.0337798
0.0339057
0.0341665
0.0341084
0.0342779
0.0340879
0.0335941
0.0340208
0.0345007
0.0341283
0.0350549
0.0331944
0.034179
0.0335414
0.0339807
0.0339834
0.0341774
0.0345946
0.0337715
0.0337811
0.0341889
0.0336104
0.0335142
0.0330065
0.0340327
0.0332838
0.033955
0.0336159
0.0335405
0.0338129
0.0339081
0.0334271
0.0340752
0.0332412
0.0344418
0.0342202
0.0346906
0.034814
0.0342305
0.0346637
0.0336244
0.0337267
0.0334761
0.0338409
0.0340131
0.0332936
0.034071
0.0337973
0.0333978
0.0339265
0.0338982
0.0336465
0.0340097
0.0338254
0.0338953
0.0341162
0.0336316
0.033683
0.0338228
0.033844
0.0333051
0.0339965
0.033467
0.0337352
0.0342378
0.0338787
0.0350767
0.0337795
0.0339937
0.0342648
0.0341948
0.0336431
0.033923
0.0335805
0.0334792
0.0341305
0.0327397
0.0335768
0.0335039
0.0333662
0.0333887
0.0339303
0.0339505
0.03421
0.0346705
0.0338135
0.0333869
0.0338846
0.0335739
0.0335214
0.0336683
0.0339256
0.0334377
0.0337162
0.0338729
0.0336245
0.0340954
0.0335383
0.034239
0.0331162
0.0345345
0.0337183
0.0343337
0.0339776
0.0346352
0.0335087
0.033719
0.0339676
0.0340341
0.0340672
0.0332805
0.0343946
0.0338872
0.0329908
0.0346348
0.0337778
0.0338854
0.0334361
0.0336855
0.0330823
0.0336655
0.0330705
0.0341661
0.0340687
0.0331654
0.0331868
0.0329288
0.0334723
0.0335597
0.0333428
0.0331389
0.0329535
0.0339333
0.0339689
0.0336577
0.0331565
0.0342951
0.0344507
0.0341495
0.0347179
0.0333544
0.0338056
0.0337054
0.033691
0.0345934
0.0338002
0.0326474
0.0344297
0.0332124
0.0337414
0.0333271
0.0334692
0.0337412
0.0340735
0.0323735
0.0326328
0.0335998
0.0331049
0.0330603
0.032768
0.0335177
0.032967
0.0338996
0.0332099
0.0337008
0.0333568
0.0337666
0.0336597
0.03374
0.0323751
0.0330322
0.0328551
0.0336364
0.0331511
0.0335164
0.0334866
0.032965
0.0329193
0.0325675
0.0341578
0.0335189
0.0329338
0.0333013
0.0330318
0.0334656
0.0334086
0.033415
0.0335393
0.0329864
0.033299
0.0333958
0.0326806
0.0340922
0.0334731
0.0339959
0.0328481
0.0333814
0.0330397
0.0339701
0.033466
0.0327367
0.0336483
0.0330522
0.0341465
0.0330795
0.03285
0.033425
0.0336187
0.0341474
0.0328352
0.0332579
0.0332609
0.0330185
0.0336234
0.0327475
0.0333891
0.0334065
0.0334871
0.0331629
0.0330812
0.0332603
0.0334729
0.0326671
0.0332228
0.0337865
0.032793
0.0335669
0.0331817
0.0333981
0.0339582
0.0331276
0.0328007
0.0333623
0.0324231
0.0333933
0.0340462
0.0336561
0.0339509
0.0333008
0.0342747
0.0333969
0.0334536
0.0337543
0.0328085
0.0326164
0.0333438
0.0328217
0.0329346
0.0323998
0.0335073
0.0337665
0.0341159
0.0333324
0.0334746
0.0325776
0.0341277
0.0327092
0.0333235
0.0330719
0.0330286
0.0331623
0.0326703
0.032639
0.0337351
0.0330762
0.0330412
0.033299
0.0333673
0.03346
0.0333144
0.0335866
0.0329306
0.0331012
0.0336684
0.0328857
0.0329492
0.0326532
0.033644
0.0331782
0.0333013
0.0329921
0.0333787
0.0327819
0.0332473
0.0323037
0.0328974
0.0331113
0.0335691
0.0330946
0.0336865
0.0337648
0.0329281
0.0332493
0.0335116
0.0332511
0.0339645
0.033299
0.0332731
0.0325607
0.0327273
0.0333288
0.0333291
0.0333867
0.0338155
0.0335219
0.0334587
0.0327847
0.0328968
0.0336565
0.0330701
0.0322459
0.0328378
0.0336767
0.0330808
0.0336675
0.0334325
0.0333375
0.0331132
0.0328735
0.0329881
0.0327866
0.0332128
0.0336143
0.0331442
0.0327949
0.0328481
0.0329469
0.0332187
0.0331122
0.0333044
0.0323441
0.0332928
0.0329627
0.0330904
0.033807
0.0335334
0.0329861
0.0331216
0.0327659
0.0329961
0.0326396
0.0331123
0.0327798
0.0337756
0.0333487
0.0335757
0.0329802
0.0329159
0.0332327
0.0337806
0.0329119
0.0338281
0.0332835
0.0325891
0.0328591
0.0334285
0.0332447
0.0329257
0.0331628
0.0334578
0.0324888
0.0327438
0.0330004
0.0334286
0.0332045
0.0334673
0.0333078
0.0331242
0.0325739
0.0330319
0.0333441
0.0331339
0.0329825
0.0340493
0.0323284
0.0329972
0.0327711
0.0331863
0.0327053
0.0334264
0.0322538
0.0342851
0.0328283
0.0327324
0.0328391
0.0328088
0.0336461
0.032309
0.0338023
0.0324276
0.0329456
0.0323091
0.0326291
0.0331346
0.03318
0.0332347
0.0325
0.0325985
0.0329468
0.0329915
0.0335177
0.0336375
0.0331389
0.033286
0.03331
0.0327048
0.03346
0.033291
0.0328953
0.0334236
0.0335053
0.0327925
0.032449
0.0328718
0.0326322
0.0330022
0.0326097
0.0326364
0.0335255
0.0328317
0.0335654
0.0330666
0.033407
0.0329429
0.0333725
0.0330602
0.0332452
0.033534
0.0330724
0.0333744
0.0327422
0.03356
0.0336973
0.0326026
0.0324117
0.0321896
0.0331083
0.033049
0.0323548
0.0327641
0.0333121
0.0329606
0.033476
0.0327858
0.0333509
0.0330064
0.0335821
0.0327844
0.0335732
0.0330458
0.0325407
0.0329698
0.0325795
0.0327129
0.0331951
0.0326124
0.0332614
0.0328103
0.0333776
0.0329141
0.0323288
0.0330934
0.0330083
0.033661
0.0332922
0.0324962
0.0331823
0.0333982
0.0329602
0.0328056
0.0331827
0.0325887
0.0331583
0.0323387
0.0340416
0.0329869
0.0327225
0.0331228
0.0330248
0.032709
0.0321182
0.0335636
0.0326689
0.0335486
0.0327455
0.0332778
0.0325346
0.0331925
0.0325211
0.0333059
0.0332957
0.0331434
0.0334428
0.0330249
0.03311
0.0334078
0.0327097
0.0325545
0.0326251
0.0331758
0.0326652
0.0327139
0.032818
0.0331417
0.0324577
0.0326985
0.0325895
0.0337515
0.0325836
0.0328858
0.0328252
0.0328641
0.0332714
0.0321253
0.0334343
0.0332644
0.0332212
0.0325003
0.0329407
0.0326333
0.0328539
0.0331985
0.0322339
0.0328517
0.0324577
0.0336672
0.0335173
0.03345
0.0329329
0.0326103
0.03431
0.033293
0.0326486
0.0327595
0.0330374
0.0327874
0.0330334
0.0323879
0.0323556
0.033411
0.033491
0.0328577
0.0329156
0.0326806
0.0332673
0.0332948
0.0326344
0.033223
0.032542
0.0338212
0.0324009
0.0335373
0.0326087
0.0327496
0.0322965
0.0330282
0.0336484
0.032591
0.0323148
0.0329463
0.0329513
0.0328483
0.0332592
0.0319804
0.0333035
0.0327892
0.0329533
0.0328951
0.0324808
0.0322888
0.0330246
0.0330676
0.0325954
0.0327197
0.0325484
0.0328545
0.0323402
0.0330239
0.0324018
0.0328786
0.0330119
0.0325819
0.0333831
0.0321291
0.0330002
0.0326588
0.0332374
0.0329534
0.0318833
0.0330358
0.0323972
0.0329093
0.0325815
0.0329953
0.0332777
0.0324887
0.0328488
0.033301
0.0332912
0.0332474
0.0333881
0.0328349
0.0326838
0.0325179
0.032909
0.0327637
0.0329526
0.0327239
0.0335493
0.0324781
0.0327175
0.0324387
0.0328151
0.0328029
0.0326643
0.0331401
0.032535
0.0329193
0.0327245
0.0324891
0.0332083
0.0334592
0.0320463
0.0324475
0.0332842
0.0320749
0.0325255
0.0319778
0.0331991
0.0327701
0.0322266
0.0318386
0.0331258
0.032253
0.0330239
0.0328355
0.032747
0.0326351
0.0323024
0.032637
0.0328195
0.0329378
0.0324864
0.0327372
0.0328583
0.0318993
0.0331803
0.0334562
0.0325708
0.0328283
0.0323083
0.0330286
0.0324118
0.0331501
0.0330694
0.0326008
0.0322845
0.0326652
0.0326098
0.0327375
0.0322298
0.0330142
0.0323782
0.032429
0.032696
0.0334564
0.032478
0.032448
0.0334115
0.031721
0.0331495
0.0323586
0.0327216
0.0325151
0.0325102
0.0327786
0.0328393
0.0328722
0.0329992
0.0322817
0.0326076
0.0326031
0.0328739
0.0321629
0.0329482
0.0328563
0.0324424
0.0333812
0.0321693
0.0330521
0.0324466
0.0325755
0.0321245
0.033464
0.0320315
0.0325896
0.032604
0.0328625
0.0324707
0.032788
0.032458
0.0325776
0.03253
0.0328798
0.0330933
0.0323351
0.0324845
0.0324985
0.0327825
0.0324876
0.0329617
0.0329218
0.0327705
0.0331239
0.0319283
0.0324273
0.0321322
0.0330737
0.0329061
0.0323073
0.0322319
0.0327852
0.0325424
0.0329074
0.0322092
0.03222
0.0330235
0.032816
0.0329028
0.0321945
0.0325792
0.0319559
0.0329033
0.0319388
0.0320679
0.0333616
0.0331027
0.0322512
0.0324211
0.0322936
0.0326885
0.0323165
0.0325527
0.0326176
0.0322517
0.0324699
0.0330198
0.0329751
0.0322761
0.032126
0.0331778
0.0327118
0.0331447
0.0326477
0.0328463
0.0318843
0.0331134
0.0322964
0.0322363
0.0326017
0.0329296
0.0323098
0.0332265
0.03291
0.0319438
0.0330457
0.0325615
0.0328542
0.0333408
0.0331607
0.0330238
0.0326409
0.032326
0.0325128
0.0320203
0.0320502
0.032246
0.032036
0.0326987
0.0322696
0.0326962
0.0324724
0.0325751
0.0319887
0.0323077
0.0322205
0.0322136
0.0324274
0.0320197
0.0325074
0.0319498
0.033126
0.0327293
0.0316926
0.0323151
0.032127
0.032583
0.0321499
0.0333757
0.0330845
0.0327421
0.032184
0.0321915
0.0323476
0.032938
0.0321815
0.0329746
0.0322778
0.0320136
0.032184
0.0323055
0.0325485
0.0319927
0.0323563
0.0322804
0.0320932
0.0325971
0.0327862
0.0329865
0.0322365
0.032112
0.0328141
0.0317104
0.032574
0.032458
0.0324826
0.0324402
0.03258
0.0326766
0.03186
0.0317989
0.0323688
0.032568
0.0325965
0.0322182
0.0320725
0.0322915
0.0318555
0.0324551
0.0319486
0.0328459
0.0318762
0.0322997
0.0318961
0.0323913
0.0319568
0.0326101
0.0323787
0.0322825
0.0322263
0.0315854
0.0319755
0.0321463
0.0330641
0.0324456
0.0327903
0.0323826
0.0325974
0.0319458
0.0321112
0.0317346
0.0324994
0.0323737
0.0329286
0.0326637
0.0320828
0.0328117
0.0326744
0.0321343
0.0322767
0.0312626
0.032803
0.0319651
0.0324413
0.0326238
0.0322248
0.0322693
0.0319494
0.0321195
0.033045
0.032153
0.0319952
0.0323324
0.0321631
0.0320776
0.0318376
0.0323755
0.0321307
0.0322276
0.0326311
0.03232
0.0328062
0.0320932
0.0320855
0.0316854
0.0320114
0.0322025
0.032422
0.0324425
0.0323147
0.0317146
0.0331287
0.031822
0.0325625
0.0314399
0.0321794
0.032072
0.032573
0.0322806
0.032202
0.0325747
0.0324437
0.0323011
0.0329174
0.0321112
0.0323612
0.0318563
0.032629
0.0318878
0.0323952
0.0320712
0.0313984
0.0324495
0.0319093
0.0319812
0.0326533
0.031888
0.0323132
0.0317865
0.0325534
0.0325415
0.0318286
0.0327248
0.0319302
0.0316197
0.03243
0.0326891
0.0327736
0.0321651
0.032238
0.0325717
0.0317131
0.0328027
0.0319154
0.032058
0.0317395
0.0318317
0.0322403
0.0324981
0.0325261
0.0325809
0.0315415
0.0320731
0.0322516
0.0322764
0.0323422
0.0319221
0.0323795
0.0320208
0.0328351
0.0324205
0.0320558
0.0322757
0.0321405
0.0313435
0.0328542
0.0313687
0.0325648
0.0316571
0.0317929
0.0323948
0.0325658
0.0317964
0.0326597
0.0327398
0.0325257
0.0323664
0.0316033
0.0322212
0.0318183
0.0314939
0.0317688
0.0325727
0.0325947
0.0324567
0.0323369
0.0327084
0.0320447
0.0321642
0.031833
0.0316499
0.0327211
0.0318053
0.0323081
0.0322442
0.0325962
0.0321395
0.0317504
0.0319951
0.0323933
0.0332404
0.0325928
0.0322961
0.0326168
0.0313366
0.0320911
0.0317587
0.0319361
0.0322118
0.0319818
0.0324433
0.0318982
0.0324502
0.0323199
0.0317297
0.0320941
0.0320331
0.0315566
0.0321702
0.0314839
0.0324251
0.0319926
0.032002
0.032114
0.0321946
0.0316237
0.0321946
0.0321267
0.0317148
0.0316813
0.0320014
0.0324343
0.0322386
0.03201
0.0316613
0.0325296
0.0323829
0.0323381
0.0322055
0.0323538
0.0318052
0.0323621
0.0324779
0.0314149
0.0318545
0.0321841
0.0318787
0.031738
0.0317788
0.0318033
0.0321434
0.0320434
0.0314894
0.0322549
0.0316559
0.0323822
0.0320162
0.0317387
0.0326658
0.032551
0.0323191
0.0311997
0.0313532
0.032114
0.032237
0.0324065
0.0322247
0.0317423
0.0317003
0.0324574
0.0319971
0.0319973
0.0320049
0.0318993
0.032551
0.0314273
0.0321396
0.0315937
0.0323684
0.0325312
0.0320696
0.0324016
0.0312802
0.032414
0.0317531
0.0318976
0.0318737
0.0324301
0.0312855
0.0322272
0.0314123
0.0325068
0.0316034
0.0323856
0.0318438
0.0312373
0.0317197
0.0323397
0.032274
0.0322959
0.0320718
0.0317913
0.0319032
0.0315079
0.0321002
0.0321769
0.0315632
0.0320585
0.0321103
0.0329956
0.0324874
0.0316561
0.0314839
0.0320927
0.032173
0.0320522
0.0316158
0.0318275
0.0321614
0.03215
0.0321042
0.0327297
0.0320642
0.0323968
0.0317182
0.0325687
0.0312017
0.03234
0.031557
0.0315257
0.0321755
0.032534
0.0322585
0.0318922
0.0316403
0.0319886
0.0317059
0.0324759
0.0320581
0.0324764
0.0313722
0.0324241
0.030853
0.0324037
0.0319333
0.0317005
0.0318807
0.0321975
0.031907
0.0318373
0.0315876
0.0318354
0.0317944
0.0317505
0.0322131
0.0318502
0.0319171
0.0319834
0.0311887
0.032094
0.0317759
0.0313481
0.0326374
0.0311315
0.0321638
0.0316824
0.0319414
0.0316669
0.0319601
0.0314644
0.0319744
0.0315378
0.0312079
0.0319531
0.0324407
0.0322694
0.0325537
0.0318912
0.0322137
0.0317886
0.0320683
0.0315471
0.0326177
0.0319596
0.03202
0.0323151
0.0319243
0.0323852
0.031844
0.0316881
0.0317605
0.0313758
0.0317768
0.0317967
0.0318822
0.0318435
0.0321681
0.0321635
0.0319572
0.03122
0.0322613
0.0317949
0.0315887
0.0314252
0.0321645
0.0318974
0.0318159
0.0316408
0.0319733
0.0318978
0.0318857
0.0322854
0.0323054
0.0313594
0.0319232
0.0317651
0.0330304
0.0322312
0.0319272
0.0322385
0.0318845
0.0322413
0.0318255
0.0317062
0.0315512
0.031774
0.0319072
0.0321654
0.0321058
0.0324873
0.0316699
0.0318649
0.0317005
0.031575
0.031777
0.0313581
0.0319302
0.0323186
0.0317025
0.0315406
0.032082
0.0320122
0.0329995
0.0315123
0.0317284
0.0317998
0.0322115
0.0320758
0.0317129
0.0317244
0.0320919
0.0314359
0.0318152
0.0310722
0.0318532
0.0319739
0.0313956
0.031943
0.0318659
0.0314946
0.031783
0.0315184
0.0315953
0.0322198
0.0322218
0.0319443
0.0321492
0.0314116
0.0322686
0.0320757
0.0314594
0.0321765
0.0319254
0.0311992
0.0316634
0.0321286
0.0319894
0.0317451
0.0316394
0.03206
0.0325763
0.0328626
0.0316142
0.0312474
0.0315474
0.0315062
0.0318584
0.0319452
0.0319223
0.0312068
0.0316485
0.0317029
0.0321462
0.0314443
0.0315946
0.0315627
0.031817
0.0319736
0.0313285
0.0315969
0.0319911
0.0323335
0.0319208
0.0317507
0.0318835
0.0313066
0.031994
0.0315514
0.0319865
0.0317305
0.0318735
0.0317019
0.032022
0.0324667
0.031905
0.032447
0.0321795
0.0321105
0.0323126
0.0311834
0.0317319
0.0317888
0.0317418
0.0315113
0.0317206
0.0314175
0.031626
0.0313274
0.0323962
0.03197
0.0315295
0.0319766
0.0319222
0.0321895
0.0315051
0.031746
0.031296
0.0314508
0.0305369
0.0319927
0.0322917
0.0326967
0.0318069
0.0318261
0.0315427
0.0317832
0.0316982
0.0320014
0.0320572
0.0315833
0.0313728
0.0318994
0.0316399
0.0319419
0.0314606
0.0319336
0.0316761
0.0320557
0.0307227
0.0317954
0.0315238
0.0314924
0.031893
0.0315233
0.0317061
0.0317113
0.0313722
0.0318133
0.0317372
0.0314683
0.0317385
0.0312915
0.0319074
0.0313499
0.0318944
0.0310121
0.0319207
0.0313344
0.0314885
0.0313958
0.0318137
0.0318457
0.0320366
0.0311856
0.0318231
0.0319588
0.0310977
0.031437
0.031298
0.0317795
0.0325802
0.0318786
0.0317668
0.0310912
0.0319809
0.0317244
0.0315248
0.0322456
0.0314802
0.0317407
0.0322611
0.0321252
0.0310026
0.0323298
0.0315777
0.0315819
0.031667
0.0316518
0.0313881
0.0321644
0.0307975
0.0321713
0.03223
0.0315322
0.031596
0.0316554
0.031619
0.0316525
0.0314782
0.0321576
0.0314602
0.031139
0.0318301
0.0315586
0.0308771
0.031311
0.0316533
0.0316694
0.0318431
0.0309397
0.0314078
0.0318428
0.0319834
0.0317349
0.0316848
0.031703
0.0315228
0.031617
0.0318333
0.0318857
0.0307178
0.031981
0.0315994
0.031334
0.0318048
0.0311492
0.0312534
0.0313799
0.0315085
0.0313524
0.0309948
0.0312331
0.0311969
0.0313517
0.0317066
0.0315304
0.032128
0.0317537
0.0321771
0.0313108
0.0319154
0.031607
0.0315129
0.0317139
0.0313168
0.0315357
0.0320176
0.0316569
0.0316754
0.0315597
0.0313657
0.0312546
0.0311706
0.031345
0.0310934
0.0313361
0.0315464
0.0316356
0.0317095
0.0323063
0.0304948
0.0324413
0.0314832
0.0322231
0.0314336
0.0317757
0.0313654
0.0317464
0.0317167
0.0313174
0.0311621
0.0311265
0.0320042
0.0316567
0.031423
0.0322757
0.0308696
0.0316178
0.0310221
0.0318054
0.0315779
0.0313818
0.0318678
0.0318182
0.0315428
0.0315211
0.0316162
0.0317516
0.0305788
0.0309266
0.0315518
0.0319216
0.031714
0.0321083
0.0314874
0.0309923
0.0316327
0.0311602
0.0312319
0.0312548
0.0318469
0.0302031
0.0317861
0.0312212
0.0317033
0.0317966
0.0314406
0.0314064
0.0316701
0.0320629
0.0311655
0.0315267
0.0307246
0.0317656
0.0311311
0.0311904
0.0313143
0.0318411
0.0316903
0.0316064
0.0312048
0.0316062
0.0319522
0.0312341
0.0318232
0.0313666
0.0317453
0.0310954
0.0313841
0.031333
0.0313082
0.0310493
0.0310596
0.0307697
0.0317304
0.0317127
0.031267
0.0322179
0.0314093
0.0320059
0.0312071
0.0318785
0.0319148
0.0313009
0.0313234
0.0312773
0.031516
0.0313979
0.0317532
0.0313611
0.0314654
0.030888
0.0316527
0.0318188
0.0320463
0.031321
0.031632
0.0307789
0.0318089
0.0308978
0.0315634
0.0307756
0.0318815
0.03106
0.0316619
0.0309891
0.0316412
0.0318592
0.0313573
0.031564
0.0316521
0.0314861
0.0314154
0.0314206
0.0317548
0.0314588
0.0314178
0.0314975
0.0317182
0.0311263
0.0311522
0.0316357
0.0315443
0.0315468
0.0309811
0.0314138
0.0315656
0.0317134
0.0306501
0.031867
0.0319239
0.0315799
0.0309817
0.0313981
0.0319386
0.0312227
0.0322351
0.0313237
0.0313316
0.0306794
0.0311599
0.0315089
0.0311367
0.0316718
0.0310595
0.0319923
0.031295
0.0312769
0.0314555
0.0313357
0.031217
0.0311763
0.0311329
0.0317084
0.0320587
0.0310777
0.0312243
0.0313826
0.031253
0.0311683
0.0314201
0.0313991
0.0317513
0.0318672
0.0317429
0.0311764
0.0317606
0.0316021
0.0316392
0.0319753
0.0313984
0.0315079
0.0311193
0.0313405
0.0310396
0.0314894
0.0312316
0.0310384
0.0312197
0.0306132
0.0308697
0.0307714
0.0314938
0.0318378
0.0316036
0.0313899
0.0308744
0.031237
0.0310026
0.0317487
0.0312033
0.0315739
0.0312596
0.0306521
0.0313619
0.0317406
0.0305637
0.0305917
0.0313478
0.0314939
0.0310993
0.0315874
0.031387
0.0309209
0.0313688
0.0309462
0.0313703
0.0313775
0.0315843
0.0314236
0.0317227
0.0318001
0.0314439
0.0311057
0.0312997
0.0313512
0.0309338
0.0311209
0.0312466
0.0306423
0.0303259
0.0307462
0.0309605
0.0311419
0.0312501
0.0312667
0.0311818
0.0314035
0.0316323
0.0314679
0.0314487
0.0316078
0.0316088
0.03157
0.031102
0.0311947
0.0305345
0.0314079
0.0309836
0.0308325
0.0311124
0.0310614
0.0309604
0.0312215
0.0299507
0.0315635
0.0305974
0.0313466
0.0310339
0.031164
0.0318352
0.0309022
0.031154
0.0314006
0.0311848
0.0310129
0.0310474
0.031169
0.0308502
0.0312037
0.0309805
0.0310496
0.0315553
0.031066
0.0311797
0.0314211
0.0316499
0.0312107
0.0315388
0.0310911
0.0313592
0.0315396
0.031125
0.0308428
0.0319292
0.0313162
0.0312712
0.0310139
0.0309134
0.0314221
0.0301812
0.0311511
0.0310377
0.0312355
0.0310448
0.0312359
0.0309145
0.030739
0.031038
0.0319084
0.0310125
0.0311432
0.031543
0.0312077
0.0311162
0.0316446
0.0315433
0.0309944
0.0317563
0.0309836
0.0311815
0.0305721
0.0317267
0.0314268
0.0306628
0.0314182
0.0310939
0.0311485
0.0313922
0.0313018
0.0312958
0.0313635
0.0309451
0.0311073
0.0317757
0.031104
0.0310327
0.0311691
0.0312398
0.031598
0.0307103
0.0312795
0.0316366
0.0305673
0.0296706
0.0312427
0.03078
0.03084
0.0311242
0.0307122
0.0312894
0.0307917
0.0306909
0.0305175
0.0310375
0.0312696
0.0310966
0.0309884
0.0310388
0.0310238
0.0302975
0.0314362
0.0316375
0.0310038
0.0318964
0.031731
0.0312077
0.0316188
0.0313692
0.031321
0.0309342
0.0308509
0.0315042
0.0310505
0.0310704
0.0308827
0.0301662
0.0307422
0.0313153
0.0313363
0.0315218
0.0311058
0.0306638
0.03103
0.030729
0.0312589
0.0312819
0.0304467
0.0313048
0.0312825
0.0314222
0.0307968
0.0316185
0.0309273
0.0311694
0.0310595
0.0306087
0.0308486
0.0312116
0.0311382
0.0303783
0.0306653
0.030967
0.0310312
0.030749
0.0309368
0.030451
0.030623
0.0308202
0.0307282
0.0310805
0.0307352
0.0305664
0.0307397
0.0307525
0.0306648
0.0310343
0.0309231
0.0305483
0.0308435
0.0306596
0.0302731
0.0305592
0.030921
0.0307062
0.0311128
0.0302732
0.0310341
0.03039
0.0306317
0.0306333
0.0303965
0.0312467
0.0316453
0.0312107
0.030991
0.0310482
0.0309242
0.0314585
0.0311614
0.0307019
0.0314254
0.0311997
0.0311865
0.0315057
0.0310246
0.0309215
0.0315885
0.030422
0.0310075
0.0309699
0.0308153
0.0306043
0.0307757
0.0302966
0.0314382
0.0302562
0.0307738
0.0308613
0.0306593
0.0310675
0.0309598
0.0311926
0.0302558
0.0306572
0.0305579
0.0310661
0.0307815
0.0306324
0.0308837
0.0305053
0.0303811
0.0307982
0.0308253
0.0308477
0.0303975
0.0308991
0.0302997
0.0310104
0.030698
0.0305411
0.0307767
0.0311844
0.0311019
0.0313564
0.0308631
0.0311372
0.0304673
0.0307445
0.0307059
0.0306469
0.0304952
0.0310588
0.0310024
0.0311791
0.0307327
0.0302802
0.0313958
0.0309696
0.0301667
0.0308871
0.0311597
0.0303661
0.0313979
0.0309228
0.0304974
0.0300513
0.0310331
0.0302691
0.0305938
0.0304066
0.0307789
0.030382
0.0307132
0.0310652
0.0306549
0.0306347
0.0301339
0.0306895
0.0302572
0.0303975
0.0304157
0.0309885
0.0310654
0.0305515
0.0309557
0.0308806
0.0304273
0.0299121
0.0314494
0.0309072
0.0307235
0.0309206
0.0304229
0.0308755
0.0305387
0.0303463
0.0304756
0.0312548
0.0306656
0.0304854
0.0311772
0.030498
0.0308431
0.031137
0.0306406
0.0309315
0.0303197
0.0307541
0.0307705
0.0308481
0.0304915
0.030415
0.0304305
0.0305088
0.0309318
0.0310856
0.0307896
0.0312954
0.0301809
0.0303817
0.0304152
0.0308457
0.0303895
0.0313923
0.0304213
0.0305953
0.0306014
0.0306799
0.030825
0.0306849
0.0307039
0.0310202
0.0308564
0.0306025
0.0306149
0.0310131
0.0302725
0.0306333
0.0305147
0.0306556
0.0309596
0.0303308
0.0307173
0.0304751
0.0304539
0.0306328
0.0301864
0.0303155
0.0308258
0.0308445
0.0306954
0.0302424
0.0310747
0.0305928
0.0303337
0.0311864
0.0310051
0.0308867
0.0310198
0.0304374
0.0306226
0.0303245
0.0312426
0.0308888
0.030628
0.0309213
0.0308879
0.0308642
0.0303606
0.0302937
0.0306401
0.030425
0.0307114
0.0306191
0.030144
0.0307189
0.0306255
0.031133
0.0302952
0.0311237
0.0300622
0.0308713
0.0308533
0.0306431
0.0309568
0.0308395
0.0307918
0.0300692
0.0304971
0.0302084
0.0305788
0.0308539
0.0302631
0.0307404
0.0306556
0.0308149
0.0310743
0.030786
0.0304729
0.0308293
0.0301502
0.0306829
0.0303861
0.0310237
0.0306322
0.0305018
0.030385
0.0307839
0.0303147
0.0302971
0.0304779
0.031248
0.0308725
0.0308666
0.0300573
0.0304886
0.0297299
0.0304559
0.0306694
0.0308798
0.0310353
0.0312882
0.0302878
0.0304129
0.0307274
0.0302491
0.0309086
0.0308532
0.0301126
0.0309389
0.0307544
0.0305112
0.0307504
0.0306262
0.0298303
0.030862
0.030482
0.0307797
0.0304401
0.0304445
0.0304988
0.0306557
0.0308057
0.0307666
0.030353
0.0307129
0.0307628
0.0309519
0.0310229
0.0305203
0.031287
0.0304998
0.0309379
0.0303267
0.0309698
0.0299846
0.0307555
0.030714
0.0304635
0.0306878
0.0309099
0.0299128
0.030169
0.0310747
0.0306925
0.0304027
0.0306394
0.030679
0.030741
0.0306139
0.0303128
0.0306679
0.0310227
0.0301496
0.0309259
0.0295952
0.0312381
0.0303597
0.0308263
0.0305451
0.03058
0.0304829
0.030648
0.0303633
0.0307607
0.0300772
0.0307016
0.030333
0.0308746
0.030933
0.0307409
0.0306238
0.0310445
0.0302195
0.0301445
0.030376
0.0299705
0.0308769
0.0300644
0.0302986
0.0305059
0.0310098
0.0304979
0.0306238
0.0301045
0.0304868
0.0300551
0.0306198
0.0306674
0.0305798
0.0305267
0.0302853
0.0299108
0.0305514
0.0301763
0.0304132
0.0299371
0.0312503
0.0301517
0.0302611
0.0311632
0.0307721
0.0306959
0.0308094
0.0305262
0.0308985
0.030462
0.0306649
0.0302358
0.0305078
0.030637
0.0312668
0.0301169
0.0304143
0.0304567
0.0303249
0.0304958
0.0305284
0.0308674
0.0306321
0.0304567
0.0305942
0.0305521
0.0304959
0.0302554
0.0306238
0.030232
0.0303331
0.0308487
0.0305293
0.0302763
0.0302281
0.0303056
0.0301324
0.0306338
0.030567
0.0305786
0.0301164
0.0307358
0.0307687
0.0302106
0.0300599
0.0304781
0.0305686
0.0309956
0.0306517
0.0305214
0.030448
0.0300851
0.0305739
0.0312644
0.0307719
0.029875
0.0306309
0.0304587
0.0305068
0.029852
0.0303037
0.0306542
0.0307351
0.0303452
0.0302025
0.0305308
0.0304096
0.0299166
0.0303591
0.0304192
0.0301974
0.0302063
0.0309497
0.0304867
0.03088
0.0298732
0.0304335
0.0307252
0.0305961
0.0306871
0.0304625
0.0309524
0.0302791
0.0311751
0.0302804
0.0306678
0.0302866
0.0305534
0.0303099
0.0307346
0.0299714
0.0309391
0.0303643
0.031042
0.0306195
0.0305135
0.0304796
0.0300492
0.0309959
0.0302925
0.0305546
0.0306182
0.0300691
0.0303493
0.0302264
0.0308207
0.0301694
0.0306963
0.0304587
0.0307025
0.0306796
0.0306355
0.0301961
0.0307449
0.0299927
0.0301313
0.0308475
0.0297446
0.0304588
0.0299115
0.0303138
0.0303768
0.0306071
0.0303706
0.0308315
0.0302444
0.0308847
0.0305672
0.030706
0.0298881
0.0302861
0.0307789
0.030205
0.0306728
0.0307259
0.0308472
0.0302621
0.0310701
0.0301268
0.0307677
0.0296545
0.0308545
0.0302737
0.0304838
0.0306442
0.0306887
0.0298785
0.0303193
0.0300553
0.0304372
0.0304399
0.0305009
0.0304083
0.0306669
0.0305121
0.0304973
0.030519
0.0307077
0.0303341
0.0301831
0.030774
0.0303024
0.0311073
0.0300751
0.0307428
0.0304532
0.0303755
0.0306993
0.0310554
0.0302549
0.030885
0.029889
0.0299374
0.0304892
0.0301199
0.0307192
0.0303079
0.0304363
0.0301457
0.0300631
0.030397
0.0304223
0.0305791
0.0304049
0.0304572
0.0306812
0.0305501
0.0301897
0.0305917
0.030546
0.0301822
0.0301128
0.0302526
0.0304531
0.0309753
0.0303203
0.0303966
0.0304346
0.029984
0.0302816
0.0307637
0.0306679
0.0305585
0.0303585
0.0308615
0.0306822
0.0302867
0.0301377
0.0305861
0.0302013
0.0305769
0.0303313
0.0304286
0.0302252
0.0305092
0.0303674
0.0306682
0.0306284
0.0304515
0.0303012
0.0300445
0.0306722
0.030416
0.0307052
0.0305783
0.031013
0.0300716
0.0299443
0.0304399
0.0300853
0.0300685
0.0306368
0.0301256
0.0307394
0.0300834
0.0305555
0.0304552
0.030595
0.0298555
0.0304092
0.0305898
0.030615
0.030556
0.0305269
0.0302737
0.0302039
0.030486
0.0305063
0.0303778
0.0310355
0.0309849
0.0302267
0.0308308
0.0300852
0.0303998
0.0303836
0.0305637
0.0305459
0.0310189
0.0305293
0.030515
0.0303878
0.0295822
0.0301395
0.0306541
0.0305888
0.0299215
0.0301843
0.0297935
0.030682
0.0301195
0.0310674
0.0300494
0.0303563
0.0297811
0.0304624
0.0299608
0.0304418
0.0302525
0.0297372
0.0299181
0.0300723
0.0303538
0.0304079
0.0307524
0.0304718
0.0304494
0.0299641
0.0302053
0.0301939
0.0304553
0.0302103
0.0305189
0.0298785
0.0301419
0.0302819
0.0303458
0.0307195
0.0309809
0.0300497
0.0305859
0.0297245
0.030444
0.0301477
0.0305679
0.0306842
0.031372
0.0297743
0.0303477
0.0303592
0.0302921
0.029627
0.0299239
0.0305002
0.0298756
0.030148
0.0301249
0.0300276
0.0306685
0.0299655
0.0303344
0.0301118
0.03021
0.0309243
0.0302901
0.0303722
0.0306517
0.0303919
0.0302636
0.0295488
0.03011
0.0303815
0.0302986
0.0304554
0.0301223
0.0302595
0.0297214
0.0303609
0.0299292
0.0307376
0.0301401
0.0296136
0.0300901
0.0301875
0.0302162
0.030862
0.029766
0.0304412
0.0298479
0.0302753
0.030607
0.0305329
0.0298765
0.0304779
0.0303103
0.030718
0.0298507
0.0300692
0.0303058
0.030651
0.0307901
0.0305316
0.0300716
0.0304842
0.0302494
0.0305947
0.0299168
0.0300686
0.0296727
0.0299516
0.0297314
0.0300792
0.0302884
0.0308927
0.0305432
0.0300227
0.0305151
0.0296895
0.0305691
0.0306144
0.0300425
0.0300072
0.0299666
0.0301122
0.0299234
0.0302959
0.0299682
0.0299212
0.030228
0.0298282
0.0296245
0.0309585
0.0304411
0.0304176
0.0299461
0.0307139
0.029533
0.0295603
0.0303217
0.0297972
0.030705
0.0301639
0.0299671
0.0302444
0.0300557
0.0300139
0.0303412
0.0299995
0.0305151
0.0303204
0.0300235
0.0302641
0.0297281
0.0311551
0.0293067
0.0305438
0.0301139
0.030128
0.0299929
0.0309108
0.0295273
0.0300653
0.0300985
0.0308285
0.0302829
0.0301666
0.030354
0.030185
0.0298615
0.0297451
0.0306624
0.029974
0.0295523
0.0300193
0.0294358
0.0305679
0.0304411
0.0299457
0.0303764
0.0299687
0.0302841
0.0304192
0.0299407
0.0307016
0.0295417
0.0298897
0.0296151
0.0302712
0.0296231
0.0304243
0.0295506
0.0302631
0.0296092
0.0297707
0.0302005
0.0305491
0.0303649
0.0297834
0.0298923
0.0299147
0.0301124
0.0303061
0.0297063
0.0298317
0.0297499
0.0294416
0.0303226
0.0295455
0.0307958
0.029766
0.0301891
0.030246
0.0301077
0.0301169
0.0298456
0.0302794
0.0301589
0.0307336
0.0300356
0.0309521
0.0299938
0.0300439
0.0295719
0.0302273
0.0295943
0.0295983
0.0297331
0.0300955
0.0306373
0.0298493
0.0302942
0.0301806
0.0303792
0.0304015
0.0300164
0.0302031
0.0296224
0.0298582
0.0300942
0.0297489
0.0304349
0.029863
0.0304403
0.029596
0.0303535
0.0302739
0.0301115
0.029466
0.0306808
0.0302443
0.0301521
0.0301201
0.0301207
0.0297084
0.0300749
0.0302258
0.0296184
0.0298042
0.0302661
0.0296126
0.0299833
0.029696
0.0301852
0.0301975
0.0299917
0.0301641
0.0301074
0.0299931
0.0304334
0.0302938
0.0290825
0.030402
0.0298154
0.029878
0.0303827
0.0304402
0.029861
0.030325
0.0306843
0.0300067
0.0298659
0.0303245
0.0298962
0.029855
0.0301879
0.0295486
0.029659
0.0299571
0.0299577
0.0301452
0.0297978
0.0300727
0.0300827
0.02988
0.0304808
0.0299926
0.0298066
0.0301056
0.0295367
0.0295833
0.0297506
0.0298871
0.029764
0.0296382
0.02962
0.0301042
0.0297727
0.0295326
0.029549
0.0296993
0.0298876
0.0297748
0.0302236
0.0297849
0.0297178
0.0300468
0.0305629
0.0301715
0.0298277
0.029444
0.0300114
0.030209
0.0302638
0.0298159
0.0297361
0.0300849
0.0302382
0.0295966
0.0302376
0.0299446
0.0294078
0.0299973
0.03036
0.0301021
0.0302387
0.030014
0.0298905
0.0298768
0.0305681
0.0299491
0.0302873
0.0298398
0.0301866
0.0293568
0.0299605
0.0301543
0.0299884
0.0297031
0.0300497
0.0301858
0.0297645
0.0303338
0.0300531
0.0298524
0.0296439
0.0301197
0.0295105
0.0298427
0.0298925
0.0299774
0.0298991
0.029719
0.0303064
0.0298383
0.0302759
0.0298438
0.0300239
0.0300233
0.0302556
0.0297946
0.0295627
0.0298266
0.0303331
0.0300883
0.0301949
0.0302395
0.0296793
0.02937
0.0292578
0.0304893
0.0297262
0.0300002
0.0296136
0.0304693
0.029383
0.0301726
0.0300734
0.0300877
0.0294444
0.030521
0.0296732
0.0305306
0.0301011
0.0300719
0.0300456
0.0301464
0.0299133
0.0297438
0.0300593
0.0297243
0.030358
0.0298233
0.0301016
0.0296196
0.0293241
0.0301817
0.0303688
0.0300014
0.0295051
0.0298799
0.0299238
0.0304664
0.0300748
0.0298217
0.0300761
0.0298061
0.0294584
0.0299066
0.0296195
0.0298803
0.0299203
0.0300565
0.0296705
0.0300104
0.0299343
0.0295808
0.0298113
0.0295704
0.030219
0.0299307
0.0300931
0.029535
0.0299116
0.0297345
0.0304152
0.0299062
0.0296409
0.0292878
0.0298074
0.029639
0.0299284
0.0299522
0.0299081
0.0301885
0.0296035
0.0300121
0.0299805
0.0300663
0.0297414
0.0298499
0.0296758
0.0298479
0.0299345
0.0298516
0.0300654
0.0295529
0.0302215
0.0289191
0.0298461
0.0300517
0.0294598
0.0297396
0.0298113
0.0301897
0.0302669
0.0300894
0.0297649
0.0296269
0.0299206
0.0299176
0.0301501
0.0297923
0.0297521
0.0295422
0.0293612
0.029399
0.0302709
0.0298985
0.029084
0.0299968
0.0297166
0.0295182
0.030633
0.0297559
0.0298612
0.0296291
0.0302981
0.0302356
0.0306938
0.0289834
0.029802
0.0299741
0.0299795
0.0295408
0.0295889
0.029498
0.0293472
0.0293629
0.0296471
0.0302188
0.0301146
0.0297328
0.0291612
0.0303158
0.0300983
0.030045
0.0298312
0.030079
0.0295093
0.0299937
0.0295348
0.0301821
0.0294907
0.0297094
0.0301898
0.0294796
0.0304019
0.0291622
0.0303425
0.0297404
0.0297587
0.0297166
0.0299923
0.0298552
0.0300017
0.0290375
0.0297583
0.0301364
0.0290898
0.0299295
0.0293097
0.0294526
0.0301219
0.0295183
0.0298483
0.0298147
0.0297593
0.0299345
0.0300565
0.0287986
0.0301469
0.0301887
0.0292705
0.0296942
0.0300182
0.0297166
0.0305162
0.0297729
0.0299489
0.0292982
0.0297516
0.029455
0.0297155
0.0296673
0.0297174
0.0300143
0.0299292
0.0290021
0.030313
0.0294586
0.029981
0.0303108
0.0298024
0.0296588
0.029849
0.0295128
0.0300856
0.0295396
0.029512
0.0305493
0.029245
0.0297474
0.0299652
0.0298284
0.0294801
0.0300263
0.0297435
0.0292738
0.0300746
0.0296859
0.029227
0.0298473
0.0296182
0.0298458
0.030102
0.0296374
0.02977
0.0294432
0.0295588
0.029349
0.029246
0.0296301
0.0298622
0.029451
0.0296666
0.0297443
0.0302995
0.0301595
0.0297179
0.0298408
0.0301984
0.0295106
0.0298202
0.0298943
0.0299392
0.0295412
0.0298015
0.0301696
0.0300782
0.0296735
0.0298176
0.0298491
0.0293799
0.0301378
0.0294798
0.0292099
0.0291272
0.029822
0.0297625
0.0299086
0.0298195
0.0304093
0.0301044
0.0300635
0.0300853
0.0294752
0.0296427
0.0293719
0.0301963
0.0291794
0.0301836
0.0297105
0.0295088
0.0293482
0.0298524
0.0300982
0.0296116
0.0296361
0.0299524
0.0294562
0.0298839
0.0292043
0.0297813
0.0295551
0.0298193
0.0293377
0.0294406
0.0293637
0.0296295
0.0301635
0.0291002
0.0295331
0.0298536
0.0297735
0.0298329
0.0299389
0.0296578
0.0300961
0.0296434
0.0296588
0.0300396
0.0293644
0.0302425
0.0300976
0.0302625
0.029597
0.0295839
0.0295819
0.0297907
0.0296659
0.0299426
0.0297653
0.0298713
0.0290162
0.0300595
0.0296559
0.02955
0.0298038
0.0297232
0.029599
0.0296605
0.0295209
0.0304556
0.0294693
0.0295987
0.0300347
0.0308859
0.029405
0.0299216
0.0292201
0.0298724
0.0300508
0.0290537
0.0298999
0.0292619
0.0293795
0.0302112
0.0293356
0.0302448
0.0293782
0.0295073
0.0298447
0.0295278
0.0292642
0.0301246
0.0295319
0.0297559
0.0303675
0.0295563
0.0288842
0.0295711
0.0295888
0.0299515
0.0288342
0.0292021
0.0293565
0.0291378
0.0287794
0.0300052
0.0296228
0.0296318
0.0294205
0.0294416
0.0296529
0.0299672
0.0302217
0.0293775
0.0298086
0.0297897
0.0296417
0.0301086
0.0298399
0.0293177
0.0302482
0.0296233
0.0297065
0.0298012
0.0296048
0.0298237
0.0296087
0.0301708
0.0297785
0.0294884
0.0295836
0.0300524
0.0292468
0.0295085
0.0292239
0.0297132
0.028955
0.0298502
0.0297312
0.0301964
0.0298575
0.0296938
0.0291139
0.0294589
0.0294024
0.0300052
0.0295288
0.0294042
0.0297368
0.0296363
0.0291753
0.0292226
0.0292624
0.029062
0.029877
0.0291807
0.0294764
0.0296058
0.0295668
0.0296448
0.0295171
0.0295302
0.0292021
0.029935
0.0296036
0.0293272
0.0305608
0.0303471
0.0298782
0.0293433
0.0299941
0.0296939
0.0297411
0.0300105
0.0299304
0.0298516
0.0296559
0.0297889
0.0295759
0.0290595
0.028822
0.0294774
0.0293534
0.029533
0.0292553
0.0297047
0.0297434
0.0293886
0.0301358
0.0296963
0.0297025
0.0294158
0.0298703
0.0295103
0.0288176
0.0291409
0.029572
0.0293053
0.0290461
0.0292274
0.0292308
0.0292202
0.0291449
0.0289341
0.029392
0.029178
0.029959
0.0292407
0.0293301
0.0292792
0.0297159
0.029708
0.0296696
0.0293615
0.0297836
0.0297675
0.0289799
0.0292308
0.0292674
0.0290767
0.030212
0.0296573
0.0298556
0.0289128
0.0295693
0.0290047
0.0297019
0.029637
0.0298684
0.0291983
0.0295143
0.0293997
0.0293238
0.0293429
0.0289721
0.0297724
0.0291261
0.0294903
0.0297744
0.0291696
0.0302484
0.0295462
0.0296063
0.029757
0.0288967
0.0295263
0.0295479
0.0294968
0.0293205
0.0288222
0.0293393
0.0294029
0.0286805
0.0287946
0.0294299
0.0287669
0.029685
0.0288028
0.0294465
0.0290666
0.0288532
0.0299511
0.0290604
0.0292717
0.0296348
0.0289933
0.0296626
0.0294954
0.029244
0.0296741
0.0291951
0.0289007
0.0296477
0.0295771
0.0293032
0.0291933
0.0296025
0.0291939
0.029713
0.0293596
0.0297688
0.0288247
0.0302078
0.0293544
0.0299188
0.029292
0.030031
0.028732
0.0294287
0.0294095
0.0294617
0.0293951
0.0299954
0.0296326
0.0289953
0.0289737
0.0295722
0.0287243
0.0292446
0.0291793
0.0299648
0.028857
0.0289957
0.0287766
0.0297052
0.0291996
0.0296738
0.0298161
0.0287179
0.029193
0.0294918
0.0293026
0.028906
0.0293006
0.0294111
0.0291388
0.0288505
0.0290267
0.0291732
0.0288628
0.0291919
0.0292862
0.0290617
0.0291631
0.029507
0.0288206
0.0292083
0.0292579
0.029624
0.0291846
0.0293604
0.0291086
0.0292695
0.0295118
0.029415
0.0291993
0.0287778
0.0294777
0.0291645
0.0292892
0.0292015
0.0289567
0.0290013
0.0291342
0.0291337
0.0293587
0.0287468
0.0288264
0.0288688
0.0289368
0.0294643
0.0290565
0.02973
0.0290184
0.0294179
0.0292561
0.028789
0.0296352
0.0291485
0.0297237
0.0290001
0.0298362
0.0295192
0.029405
0.0295069
0.0292665
0.0291111
0.0292096
0.0292195
0.0297968
0.0293249
0.0289181
0.0288814
0.0292425
0.0291554
0.0292595
0.0293316
0.0290775
0.0293457
0.0289585
0.0290231
0.0290657
0.0293932
0.0289501
0.0298477
0.0289305
0.0293587
0.0283859
0.0296323
0.029118
0.0293647
0.0295682
0.0289515
0.0296893
0.0291744
0.0294005
0.0290449
0.0289231
0.0290957
0.0295357
0.0292631
0.0287776
0.0289862
0.0290307
0.0290572
0.0286223
0.0293113
0.0291217
0.0286168
0.029064
0.0286037
0.0285798
0.0292567
0.0290194
0.0290188
0.0293801
0.0293193
0.0296047
0.0288563
0.0291045
0.028953
0.0286188
0.0289301
0.0299068
0.0291832
0.0289157
0.0288167
0.0292149
0.0289576
0.029327
0.0288858
0.0289808
0.0292314
0.0284417
0.0294568
0.0288524
0.0294213
0.0293497
0.0289681
0.0288817
0.0294793
0.0290628
0.0291116
0.0293087
0.0287707
0.0294419
0.029479
0.0293101
0.0292206
0.0290219
0.0294892
0.0290166
0.028774
0.0288839
0.0291836
0.0292942
0.0290428
0.0287289
0.0292262
0.0288725
0.0295174
0.0286389
0.0291874
0.0291926
0.0286973
0.0295032
0.0289626
0.0285257
0.0286483
0.0289126
0.0286564
0.0292194
0.0286929
0.0289023
0.0292169
0.0289993
0.0293686
0.0287873
0.0290115
0.0285787
0.0292582
0.0293223
0.0292419
0.0289428
0.0292159
0.0287979
0.0288709
0.0290584
0.0290899
0.0291062
0.028926
0.0292757
0.0286279
0.0292128
0.0291638
0.0297008
0.0287805
0.029093
0.0291896
0.0289039
0.029345
0.029102
0.028912
0.0285447
0.0286731
0.029139
0.0284465
0.0292351
0.0288425
0.0289891
0.0286054
0.0293256
0.0286481
0.0292376
0.0285483
0.029328
0.0288399
0.0289948
0.029103
0.0286623
0.0290533
0.0284435
0.0288702
0.0288428
0.0286825
0.0294673
0.0293089
0.0287166
0.0291549
0.0288807
0.0290427
0.0291595
0.0289236
0.0287539
0.0291197
0.028644
0.0290059
0.0286946
0.029374
0.0286752
0.0283509
0.0286361
0.0289416
0.0292274
0.0294836
0.0285054
0.0289362
0.0289166
0.0287523
0.0288651
0.0287628
0.0282182
0.0295077
0.0288903
0.0290229
0.0285001
0.0288565
0.0290165
0.0291468
0.0288005
0.0289473
0.0291754
0.0292296
0.0291911
0.0286306
0.0295209
0.0288796
0.0289913
0.0286962
0.0286571
0.0290874
0.0294586
0.0291736
0.0290072
0.0289494
0.0287121
0.028985
0.0288443
0.0293878
0.0286781
0.0286581
0.0290517
0.0289262
0.028821
0.0293426
0.0290493
0.0292993
0.0289018
0.0282294
0.0291685
0.0283124
0.0289654
0.0292267
0.0288337
0.0292299
0.0291489
0.0294311
0.0291241
0.0288872
0.0292513
0.0292218
0.0291294
0.0289172
0.0286896
0.0288045
0.0294183
0.0290153
0.0289893
0.0287079
0.0293347
0.0292179
0.0293542
0.0288217
0.0290805
0.028674
0.0289452
0.0290078
0.0286619
0.0292529
0.0293571
0.0289504
0.0290367
0.0289756
0.0289827
0.0292978
0.0286185
0.0286339
0.0285201
0.0286105
0.0293824
0.0291767
0.0289537
0.029162
0.0286778
0.0293058
0.028152
0.0292188
0.0285003
0.0289065
0.0294186
0.0287048
0.0290055
0.0290462
0.0291005
0.0289035
0.0287988
0.0287887
0.0289415
0.0291921
0.028584
0.0288466
0.0289964
0.0285785
0.0293936
0.0287815
0.0290167
0.0286715
0.0292284
0.0283569
0.0288973
0.0289461
0.0288157
0.0288008
0.0287395
0.0286869
0.0294365
0.0294403
0.0283199
0.029227
0.0289761
0.028808
0.0287845
0.0289728
0.0287485
0.0292262
0.028587
0.0287733
0.0292515
0.0285397
0.0294209
0.0284602
0.0287228
0.0290968
0.0289518
0.0285296
0.0289696
0.0286764
0.0287708
0.0285889
0.0287947
0.0285528
0.0287014
0.0288998
0.0287658
0.0291049
0.0281399
0.0292087
0.0286723
0.0288024
0.0289486
0.0289785
0.028969
0.0287697
0.0283323
0.0291149
0.0293071
0.0288687
0.0287577
0.0291507
0.029061
0.0288763
0.0292783
0.0290792
0.0290373
0.0294615
0.0283063
0.0291696
0.0287635
0.029324
0.0292541
0.0289447
0.0289175
0.0283768
0.0293622
0.0285281
0.0292767
0.0283579
0.0291195
0.0285013
0.028995
0.0290011
0.0291958
0.0290268
0.0288193
0.02936
0.0285579
0.0288962
0.0290582
0.0287944
0.0288608
0.0289266
0.0289129
0.029117
0.0288655
0.028508
0.0285868
0.0293528
0.0285359
0.0294005
0.0289242
0.0288714
0.0283402
0.0283046
0.0284983
0.0290137
0.0288153
0.0289059
0.0292491
0.0288482
0.0290617
0.0294227
0.0282185
0.028599
0.028676
0.0290718
0.0290608
0.0288718
0.0284606
0.0288367
0.0292058
0.0288175
0.0292011
0.0285045
0.0285999
0.0289165
0.0291238
0.029302
0.0284401
0.0290802
0.0284865
0.0291708
0.0287553
0.0288583
0.0287599
0.0286351
0.0287495
0.0286599
0.0290535
0.0287648
0.0287838
0.0286761
0.0288811
0.0288414
0.0285253
0.0286024
0.028573
0.0289402
0.028768
0.029141
0.0287352
0.0289189
0.0290977
0.028853
0.0290501
0.0287421
0.0286704
0.0283533
0.0285876
0.0289774
0.0282599
0.0289057
0.0288768
0.0285146
0.0289726
0.0283997
0.0291423
0.0283094
0.028988
0.0292188
0.028808
0.0292311
0.0286812
0.0288529
0.0292721
0.0283924
0.028349
0.0289924
0.029088
0.0283544
0.029249
0.0281065
0.0288521
0.0286465
0.0290189
0.028565
0.0290285
0.0285719
0.0288288
0.0296321
0.0290802
0.029019
0.0290423
0.0286742
0.0291085
0.0283029
0.0284678
0.029185
0.0280865
0.029117
0.028644
0.0286975
0.0289775
0.0288655
0.0284019
0.0287317
0.0280272
0.028608
0.0289057
0.029366
0.0292271
0.0289254
0.0289051
0.0290099
0.0288758
0.0290354
0.0290834
0.0284564
0.0284972
0.0287252
0.0287136
0.0282713
0.0290305
0.029154
0.0287103
0.0281132
0.0289277
0.0290498
0.0286711
0.0288957
0.0289532
0.0283109
0.0290423
0.0292078
0.0284504
0.0287635
0.0287331
0.0291415
0.0285292
0.0286962
0.0296659
0.0286468
0.028999
0.028574
0.0290731
0.0284117
0.028932
0.0287157
0.0283308
0.0283198
0.0289148
0.0288482
0.0283051
0.0288188
0.028568
0.0284768
0.0291307
0.0290652
0.0288468
0.0289525
0.0286779
0.0281313
0.0289603
0.0285342
0.0289177
0.0285661
0.0283646
0.028633
0.0288375
0.0284208
0.0287316
0.0284387
0.029231
0.0290897
0.0284662
0.0283367
0.0286188
0.0281852
0.0284805
0.0287553
0.0286959
0.0289717
0.0284161
0.0284234
0.0286595
0.0284691
0.0291124
0.0287055
0.0285376
0.028545
0.028571
0.0287547
0.0286449
0.0284658
0.0285387
0.0285225
0.0283759
0.0289835
0.0286613
0.0288774
0.0287368
0.0287008
0.0287401
0.0287649
0.0282758
0.0285009
0.0288991
0.0289802
0.0285813
0.0289471
0.0285103
0.0285315
0.0292846
0.0289133
0.0285204
0.028159
0.0287336
0.0282594
0.0285986
0.0291525
0.0282431
0.0292084
0.0277743
0.0287855
0.028473
0.0284114
0.0285269
0.0289236
0.0290114
0.0283778
0.0291998
0.0287694
0.0283425
0.0283306
0.028596
0.0281736
0.0281817
0.0289703
0.0285735
0.0290276
0.0280159
0.0291339
0.0285956
0.0288672
0.0283479
0.0285474
0.0282075
0.0294863
0.0284994
0.0288972
0.0285573
0.0286929
0.0285478
0.0286623
0.0283549
0.0287678
0.0289817
0.0286356
0.028585
0.0290724
0.0288636
0.0281947
0.028047
0.0288328
0.0282642
0.0291398
0.0287312
0.0283513
0.0287174
0.0288234
0.0279562
0.0281233
0.0287027
0.0286483
0.0285405
0.0280523
0.02904
0.0292133
0.0288412
0.0285722
0.0285277
0.0285571
0.0282714
0.0283439
0.0287462
0.0285593
0.0287466
0.0281092
0.0285551
0.028724
0.0285265
0.0284522
0.0287609
0.0289018
0.0287916
0.0283031
0.0284269
0.0284826
0.0287492
0.0278765
0.0287418
0.0288475
0.0283925
0.028395
0.0283168
0.0285743
0.0281536
0.0282884
0.0287544
0.028676
0.0285323
0.0283961
0.0283049
0.0285949
0.0283348
0.0287139
0.0282323
0.0292071
0.0279074
0.0287051
0.0281889
0.0286694
0.0281867
0.0288346
0.0284967
0.0284997
0.0284917
0.0282617
0.0287449
0.0288482
0.0282476
0.0286462
0.0288923
0.0287765
0.028682
0.028487
0.0295231
0.0279453
0.028459
0.0284745
0.0282916
0.0288545
0.0284131
0.0284023
0.0282414
0.027922
0.0290873
0.0280906
0.028651
0.0281496
0.0286032
0.0286067
0.0279953
0.0286841
0.0285808
0.0285611
0.0284342
0.0287358
0.0282432
0.028148
0.0284395
0.0281434
0.0285845
0.028498
0.0284493
0.0289442
0.028624
0.0287072
0.0288332
0.0286919
0.0284222
0.0292232
0.0283684
0.0285324
0.0285563
0.02852
0.0282845
0.0282702
0.0287354
0.028352
0.02853
0.0286155
0.0283171
0.0285339
0.02827
0.0284015
0.0282053
0.0285858
0.028138
0.028654
0.0286056
0.0284257
0.0283489
0.0286322
0.0280968
0.0284653
0.0287498
0.0286773
0.0284886
0.0280895
0.0284728
0.028872
0.0284158
0.0288651
0.028559
0.0282695
0.028872
0.0283721
0.0284551
0.0285243
0.0279258
0.028176
0.0286073
0.028354
0.0284745
0.0290187
0.0281304
0.0284711
0.0284471
0.028013
0.02823
0.0285318
0.0285608
0.0285314
0.0288155
0.0284078
0.0285917
0.0288996
0.0278024
0.0286428
0.0287887
0.0286515
0.0283515
0.0285999
0.0282275
0.0279619
0.028116
0.0287374
0.0286661
0.0281902
0.0282666
0.0288812
0.0286443
0.0287523
0.0285098
0.0281935
0.0288795
0.0282284
0.0279892
0.0285944
0.0281025
0.0283227
0.0289003
0.0287399
0.0289464
0.0283297
0.0287236
0.0285916
0.0286042
0.0281041
0.0287509
0.0281035
0.0287641
0.0282979
0.0283726
0.0283975
0.0289359
0.0282263
0.0284916
0.0279704
0.0285566
0.0289444
0.028245
0.0283808
0.0287209
0.0284561
0.0286507
0.0280989
0.0285494
0.0285601
0.0292231
0.0283187
0.0284931
0.0282265
0.0282354
0.0287478
0.0280589
0.0283473
0.0282238
0.0281959
0.0281377
0.028192
0.0277163
0.0287809
0.0279971
0.0283483
0.0281309
0.0283557
0.0279629
0.0286268
0.028706
0.0287875
0.028264
0.0281681
0.0287563
0.0284559
0.027636
0.0285572
0.0282054
0.0284976
0.0289043
0.0283991
0.0280751
0.0287995
0.027607
0.0283747
0.0284537
0.0282234
0.0286927
0.0287509
0.0281279
0.0289713
0.0279702
0.0285852
0.0280702
0.0278877
0.0284372
0.0282645
0.0280003
0.0281654
0.0283643
0.0284029
0.0284634
0.0285748
0.0280748
0.0278598
0.0288562
0.0281339
0.0288247
0.0284767
0.0286638
0.0291794
0.0284892
0.0281266
0.0284711
0.0278062
0.0284116
0.0284429
0.0284214
0.0283877
0.0282455
0.0284267
0.0284295
0.0281838
0.0286115
0.0284929
0.028348
0.0291062
0.0287721
0.0283547
0.0285946
0.0284266
0.0282077
0.0287048
0.0278337
0.0284851
0.028519
0.028123
0.0284131
0.0282317
0.0282468
0.0291683
0.0284113
0.0287011
0.0284659
0.0279221
0.0285852
0.0280806
0.0283002
0.028167
0.0284261
0.0284298
0.0283445
0.028212
0.0285985
0.0284999
0.0282184
0.0283965
0.028515
0.028711
0.0286206
0.0279795
0.0278708
0.0285983
0.0280883
0.0285244
0.0283746
0.0280197
0.0283997
0.0281425
0.0284473
0.0281797
0.028445
0.0282789
0.028332
0.0285901
0.0284541
0.0282537
0.0282017
0.0281246
0.0282528
0.0281484
0.0279912
0.0284845
0.0284133
0.0284951
0.0279702
0.0284186
0.0278679
0.0282055
0.0286306
0.0283322
0.0282353
0.028394
0.0280417
0.0283761
0.0285572
0.0284989
0.0279663
0.0290132
0.028438
0.0284833
0.0281137
0.0288319
0.027603
0.02887
0.0281319
0.0276382
0.0286618
0.0283393
0.0281216
0.0286929
0.0279188
0.0284591
0.0278609
0.0284973
0.0282957
0.0285272
0.028432
0.0277509
0.0287935
0.0281916
0.027992
0.0277295
0.0279891
0.0283001
0.0280178
0.0279128
0.0281415
0.0280069
0.0278043
0.0285064
0.0280681
0.0276875
0.0285489
0.0279362
0.0277908
0.0277134
0.0284861
0.0279329
0.0283351
0.0280476
0.0285727
0.0281863
0.0285983
0.0281084
0.0284521
0.0284044
0.0280547
0.0284334
0.0279463
0.0282197
0.0282159
0.0279233
0.0291167
0.0282187
0.0290392
0.0281383
0.0279516
0.0281607
0.0281657
0.0284982
0.0285388
0.0283231
0.0286318
0.0284445
0.0279807
0.0282634
0.0284441
0.0287178
0.02835
0.0281028
0.0278906
0.0282898
0.0284666
0.0283994
0.0284452
0.0280163
0.0285347
0.0282968
0.0277383
0.0277371
0.0283923
0.0277807
0.0282401
0.028312
0.0287
0.0282378
0.028312
0.0282099
0.0277068
0.0282809
0.0284823
0.0284789
0.0281825
0.0282369
0.0281786
0.0285556
0.0282358
0.0280175
0.0281545
0.0279365
0.0282385
0.0280445
0.0279839
0.0276768
0.028195
0.0279812
0.0277731
0.0283151
0.0279943
0.0280344
0.0282278
0.0284966
0.0281785
0.0285047
0.0282417
0.0279253
0.02792
0.0278955
0.0286556
0.0281158
0.0280845
0.0286179
0.028322
0.0287345
0.027541
0.0279236
0.0281935
0.028429
0.0277781
0.0289768
0.0279279
0.0280093
0.0284423
0.0277927
0.027915
0.0284675
0.0281324
0.0280175
0.0281221
0.0284116
0.0285314
0.0282899
0.0280548
0.028352
0.0281201
0.0280427
0.028497
0.02808
0.0280808
0.0281696
0.0282493
0.0278185
0.0283556
0.0280587
0.0280698
0.0283745
0.0284758
0.0282461
0.0277455
0.0283371
0.0280079
0.0281209
0.0278002
0.0280738
0.027919
0.0280869
0.0278889
0.0279393
0.0280039
0.0282444
0.0284587
0.0276396
0.0277
0.0278514
0.0275273
0.0279261
0.0283294
0.0279743
0.0282173
0.0278974
0.0280441
0.0279807
0.0286042
0.0277927
0.0281582
0.028189
0.0276387
0.0282442
0.0280666
0.0278794
0.0283607
0.0278528
0.0281527
0.0283539
0.0280119
0.0279599
0.0275857
0.0284318
0.027971
0.0279822
0.0280003
0.0279831
0.0278132
0.0281827
0.0285595
0.0282803
0.0278013
0.028009
0.0279439
0.0281288
0.0285152
0.0282662
0.0283614
0.0279541
0.0281588
0.0281694
0.0286078
0.0280581
0.0280268
0.0282407
0.0277467
0.027744
0.0282225
0.0282409
0.0278329
0.0281386
0.0284859
0.0277204
0.0276753
0.0280784
0.0274011
0.0282629
0.0279701
0.0275985
0.0281458
0.0275926
0.0284388
0.0276454
0.0279894
0.0280728
0.0283662
0.0276813
0.0280824
0.0285527
0.0276776
0.0278309
0.0284055
0.0282645
0.0281261
0.0281987
0.0280998
0.0281798
0.0276745
0.0276311
0.0285041
0.0278014
0.0288168
0.0280213
0.0279311
0.0283609
0.0283176
0.028096
0.0281881
0.0277863
0.0284824
0.0273866
0.0276706
0.0278143
0.0281565
0.0281657
0.028097
0.0276436
0.0278821
0.0282892
0.0275969
0.0281107
0.0274192
0.028129
0.028138
0.027958
0.0280676
0.0279557
0.0282998
0.0283236
0.0282362
0.0281195
0.0283122
0.0285351
0.0282466
0.027636
0.0280704
0.0271625
0.0281361
0.0279322
0.0275369
0.0285312
0.0281459
0.0279879
0.0280021
0.0281742
0.0281341
0.0281045
0.0280732
0.0276918
0.0281151
0.0283903
0.0277647
0.0281095
0.0278542
0.0279835
0.0274688
0.0276987
0.027254
0.0282917
0.027821
0.0278083
0.0280547
0.0279283
0.0280202
0.0282319
0.0278097
0.0279767
0.0278221
0.0278753
0.0278691
0.0277974
0.0277873
0.0277381
0.0278655
0.0278199
0.0278126
0.0283996
0.0284345
0.0275449
0.0276446
0.0280085
0.0281478
0.0280867
0.0280458
0.0273009
0.0278569
0.0279547
0.027764
0.0278743
0.0277901
0.0281507
0.027985
0.0282277
0.0280883
0.0281929
0.0276763
0.0279451
0.0280667
0.02787
0.0276872
0.0279453
0.0282071
0.0279549
0.0279986
0.0279144
0.028121
0.028221
0.0276818
0.0279542
0.0279782
0.0283221
0.027239
0.0280188
0.0281286
0.0279128
0.0280116
0.0282522
0.0281971
0.028579
0.0276436
0.027983
0.0276849
0.0282944
0.0278395
0.0280374
0.0280253
0.0274315
0.0280394
0.0280201
0.027311
0.0276915
0.0279402
0.0276594
0.0277053
0.0286404
0.0279902
0.0278532
0.0281529
0.0280207
0.0276889
0.0278422
0.0281659
0.0274131
0.0279968
0.028012
0.0276462
0.0279406
0.0275419
0.0285018
0.0278659
0.0275818
0.0278609
0.0278671
0.0276003
0.0282984
0.0276106
0.02774
0.0276936
0.0276074
0.027436
0.0276163
0.0277208
0.0278573
0.0279005
0.027787
0.0281246
0.0275908
0.0277046
0.0278034
0.0277902
0.0280348
0.0280729
0.0274057
0.0282755
0.0272264
0.0283302
0.0272706
0.0280537
0.0271263
0.0284873
0.0278858
0.027373
0.0285116
0.0272518
0.0275705
0.0282036
0.0277705
0.0280015
0.0273401
0.0279705
0.0277863
0.0276442
0.0277
0.0279266
0.0275865
0.0277826
0.0281465
0.0280797
0.0274468
0.0280206
0.0281564
0.0274207
0.0283633
0.0278547
0.0277797
0.0275752
0.0280973
0.0276803
0.0279972
0.0277837
0.0284287
0.0279969
0.0280401
0.0275178
0.0277987
0.0275951
0.027909
0.0274914
0.0274221
0.0272271
0.0279521
0.0277782
0.0281179
0.0277147
0.0277743
0.0281061
0.0277093
0.0282195
0.0276237
0.0277459
0.0278831
0.0278567
0.0279158
0.0275381
0.0283351
0.0276402
0.0278416
0.0277667
0.0279335
0.0278615
0.0275044
0.0277275
0.0279452
0.0277431
0.0275772
0.0275495
0.0275703
0.0277957
0.0283003
0.0278181
0.0274684
0.0281395
0.0280308
0.0274167
0.0275162
0.0276363
0.027993
0.028085
0.0280767
0.0279069
0.0278715
0.0278341
0.0277035
0.0279973
0.0277149
0.0280381
0.02731
0.0276098
0.028408
0.02768
0.0282758
0.0273806
0.0283466
0.0282504
0.0277305
0.0277165
0.0279482
0.0283616
0.0273457
0.0278603
0.0279528
0.0281811
0.0276434
0.0281565
0.027839
0.0273455
0.0276734
0.0276295
0.0275506
0.027925
0.0273767
0.028357
0.0275168
0.0278544
0.0276378
0.0279513
0.0275821
0.0279363
0.0273245
0.0271407
0.0275883
0.0280539
0.0274177
0.0281252
0.0272987
0.0277978
0.0271787
0.0277722
0.0277995
0.0277604
0.0279098
0.0277412
0.0280199
0.0278657
0.0276627
0.0283376
0.0279476
0.0277117
0.027757
0.0276808
0.0276554
0.0281772
0.0278041
0.0280269
0.0278466
0.0279515
0.0284565
0.0272005
0.0279029
0.0273987
0.028175
0.0281298
0.0275378
0.0278639
0.027558
0.027967
0.0277755
0.0276484
0.028
0.027365
0.0282091
0.0276696
0.0283342
0.0283026
0.0280594
0.0278399
0.0278905
0.0274184
0.0278244
0.0279494
0.0273717
0.0276531
0.0273927
0.027856
0.0280295
0.0276273
0.0280494
0.0277871
0.0278353
0.0274322
0.0276061
0.0270475
0.0278923
0.0279249
0.0270503
0.0281782
0.0278193
0.0277873
0.0273406
0.0279871
0.0281442
0.0276952
0.0278295
0.0279199
0.027894
0.0276806
0.0277637
0.0274896
0.0279482
0.0277058
0.0273513
0.0279463
0.0279425
0.0280609
0.0278463
0.0279625
0.0277166
0.0274956
0.0279132
0.0275385
0.0278399
0.0278045
0.0275105
0.0281216
0.0278743
0.027895
0.0279234
0.0277652
0.0277339
0.0280183
0.0276465
0.0276813
0.0275748
0.0270981
0.0281569
0.0280251
0.0273234
0.0281568
0.0274173
0.0279582
0.0281214
0.0275254
0.0275958
0.0273783
0.0273864
0.0279714
0.0273437
0.0273799
0.02815
0.0272258
0.0273973
0.0274691
0.0279652
0.0274555
0.0283285
0.0278251
0.0277195
0.0276094
0.0272168
0.0275863
0.0275234
0.027655
0.0279101
0.0275543
0.0278104
0.0274005
0.0281678
0.0274344
0.0284914
0.0275886
0.0279408
0.0276126
0.0275106
0.0277869
0.0277941
0.0277631
0.0279913
0.0279391
0.0271955
0.0281191
0.0269462
0.0278515
0.0275972
0.0272932
0.0278674
0.0274833
0.0279496
0.0277443
0.0277158
0.0272623
0.027754
0.0280403
0.027822
0.0274492
0.0277296
0.0277868
0.0270045
0.0273431
0.027553
0.0276423
0.027648
0.0276722
0.0274364
0.0279821
0.0275015
0.0276429
0.0274524
0.0273136
0.0278056
0.0277206
0.0280402
0.0276774
0.0269711
0.0276362
0.0272871
0.0276328
0.0273703
0.0280737
0.0272991
0.0276283
0.0276878
0.027547
0.0272881
0.0274758
0.0275177
0.0273095
0.0279054
0.0276156
0.0272257
0.0278804
0.0271578
0.0272835
0.0280506
0.0277545
0.0277737
0.0277363
0.0273384
0.0279876
0.0277653
0.0278089
0.0276346
0.0279834
0.027682
0.0273357
0.0277921
0.0271919
0.0278953
0.0276998
0.0275103
0.028138
0.0275935
0.0277545
0.0277446
0.0274389
0.0275138
0.0275742
0.0275038
0.0278011
0.0273571
0.0278177
0.0275836
0.0275769
0.0277079
0.0274455
0.0275637
0.0280335
0.0275963
0.0277219
0.0270508
0.0275276
0.0279842
0.0274792
0.0272592
0.0274959
0.0269544
0.027375
0.0270608
0.0272661
0.0281166
0.0273485
0.0280939
0.0271448
0.0274067
0.0277515
0.0277159
0.0274665
0.0269659
0.027791
0.0279086
0.0279624
0.027687
0.0276778
0.0276121
0.0272599
0.0278059
0.0271812
0.0272092
0.0275855
0.0270546
0.0273855
0.0274787
0.0282156
0.0276174
0.0275917
0.0277473
0.0277526
0.0274026
0.028002
0.0276374
0.0275115
0.0274611
0.0275581
0.0276171
0.0275987
0.0280919
0.0268594
0.0275616
0.0278944
0.0277583
0.0274
0.0275533
0.0276657
0.0275958
0.0275588
0.0269818
0.0271625
0.0274656
0.0274821
0.0278559
0.0274374
0.0274639
0.0275257
0.0278996
0.0276944
0.0279797
0.0276099
0.027326
0.0278006
0.0279102
0.0269642
0.0268037
0.0273876
0.0275331
0.027187
0.0276384
0.0274662
0.027265
0.0277034
0.0276282
0.0276757
0.0274112
0.0277627
0.0275567
0.0279379
0.0275863
0.0278196
0.0273466
0.0277797
0.0275224
0.0280005
0.0279712
0.0275098
0.027838
0.0270488
0.0272548
0.0274217
0.0277405
0.027248
0.0274311
0.0269704
0.0281183
0.0272507
0.0271765
0.0275532
0.0274257
0.0272762
0.0269454
0.0277162
0.0276514
0.027367
0.0277872
0.0274567
0.0276591
0.0273862
0.0277829
0.0282657
0.027403
0.0280498
0.0271904
0.0275697
0.0275526
0.0273001
0.0273503
0.0279069
0.0275642
0.0273883
0.0277087
0.0274257
0.0278243
0.0273393
0.0272521
0.0270987
0.0276063
0.0277165
0.0275424
0.0272953
0.0276401
0.0275659
0.0275276
0.0279569
0.0273786
0.027771
0.0273987
0.0276569
0.0276788
0.0271469
0.0277086
0.027397
0.0280263
0.0276053
0.0270816
0.0278132
0.0275385
0.0279087
0.0271936
0.0278674
0.0273241
0.0279741
0.0275178
0.0273424
0.0280123
0.0271508
0.0271865
0.0276876
0.0278258
0.02748
0.0273693
0.0272586
0.0279716
0.0272473
0.0275997
0.0277458
0.0274247
0.0275914
0.0271802
0.0272003
0.0277142
0.0274262
0.0271079
0.0270801
0.0277475
0.0270564
0.0273664
0.0278318
0.0271406
0.0273407
0.0273238
0.0275828
0.0272087
0.0277182
0.0273021
0.027666
0.0277931
0.0277274
0.0278766
0.0281608
0.0275367
0.0275421
0.0276203
0.0273894
0.027562
0.0277156
0.0267602
0.0277419
0.0271135
0.0271299
0.0273611
0.0273112
0.0276522
0.0275228
0.0274977
0.0272678
0.0274879
0.027346
0.0271479
0.0279583
0.0273894
0.0273429
0.0273063
0.0275939
0.0272183
0.0273672
0.0275909
0.0269953
0.0273476
0.0271854
0.0274312
0.027462
0.0276368
0.0277116
0.0276424
0.0276392
0.027612
0.027084
0.0276049
0.0276602
0.0275608
0.0274815
0.0280155
0.0274421
0.0275066
0.0272726
0.0274725
0.0274542
0.0273557
0.027791
0.0276043
0.0275345
0.0274668
0.0276699
0.0273634
0.026943
0.0272692
0.0274108
0.0278533
0.0269883
0.0270954
0.0279283
0.0270651
0.0280693
0.0274401
0.0273075
0.0277677
0.027491
0.0277009
0.0274876
0.027269
0.0277062
0.0268088
0.0277669
0.0272292
0.0274139
0.0273695
0.0272794
0.0274117
0.0274647
0.0271145
0.0277537
0.0274511
0.0275176
0.0273815
0.0271342
0.0278508
0.0274075
0.0279723
0.02748
0.0277217
0.0269623
0.0275802
0.0276893
0.0276194
0.027165
0.0278288
0.0277734
0.027796
0.0273025
0.0272863
0.0269632
0.0273442
0.0270604
0.0276322
0.0274943
0.0272588
0.0274679
0.0278701
0.0269751
0.0278043
0.0275828
0.0275234
0.0273236
0.02725
0.0273238
0.0276186
0.0278434
0.0274264
0.0276289
0.0275604
0.0274635
0.0274533
0.0273837
0.0279223
0.0280436
0.026961
0.0275499
0.0275985
0.0274476
0.0273821
0.0276005
0.0275066
0.0274721
0.0270281
0.0274044
0.0266703
0.0271952
0.0271261
0.0265378
0.0274308
0.0270833
0.0273149
0.0270353
0.0274757
0.0274774
0.0278414
0.0278032
0.0278593
0.0268104
0.0279177
0.0269237
0.0277695
0.027285
0.0272666
0.0267928
0.0269811
0.0273878
0.0271458
0.0267289
0.0277758
0.0271483
0.0274163
0.0280033
0.0271694
0.0274997
0.0275951
0.0271979
0.0275119
0.0275311
0.0276942
0.0277252
0.0277228
0.0275203
0.0276828
0.0273477
0.0278425
0.0272093
0.0271902
0.027299
0.026718
0.0271773
0.0270177
0.0274361
0.0278502
0.026899
0.0277065
0.0271754
0.0276476
0.0273471
0.0269999
0.0274004
0.027427
0.0271095
0.0271582
0.0273015
0.0274658
0.0273587
0.0272882
0.0270431
0.027711
0.0272295
0.0276809
0.0275462
0.0268318
0.0275541
0.0275673
0.027369
0.0270319
0.027604
0.027375
0.0270923
0.0272084
0.0269372
0.0268522
0.027145
0.0272391
0.02713
0.0272468
0.0271536
0.0277486
0.0272994
0.0271192
0.0274519
0.0271464
0.0277951
0.0273312
0.0272518
0.0269414
0.0274129
0.0276572
0.0271592
0.0273606
0.0275508
0.0273502
0.027028
0.0269736
0.0273163
0.0269477
0.027125
0.0275436
0.0269051
0.0273856
0.0272451
0.027005
0.0276624
0.0269653
0.0276578
0.0275249
0.0277412
0.0276662
0.0271427
0.0273946
0.0268721
0.0268832
0.0274442
0.0272148
0.0273622
0.0275285
0.0272847
0.0270054
0.0275215
0.0267959
0.0271333
0.0270931
0.0270616
0.0268038
0.0274101
0.0268621
0.0270795
0.027209
0.0271291
0.0273727
0.0273761
0.0271814
0.0273458
0.0270156
0.0274588
0.0270383
0.0270118
0.0275938
0.027164
0.0269829
0.0272547
0.0272833
0.0272154
0.0270184
0.0270143
0.0272084
0.0271397
0.0267412
0.0269903
0.0269169
0.0275531
0.0273522
0.0273299
0.0272084
0.0270521
0.0271724
0.02678
0.0267013
0.0269553
0.027456
0.0273031
0.0270131
0.0272349
0.0265108
0.026977
0.0271093
0.0272206
0.0270859
0.0272064
0.0271744
0.0268984
0.027368
0.0273787
0.0273461
0.0273524
0.0263293
0.0268722
0.0276542
0.0262997
0.0269013
0.0272869
0.0277515
0.0275068
0.0272215
0.0275921
0.0272132
0.0268381
0.0269421
0.0269448
0.0268528
0.0272553
0.0271103
0.0268239
0.0273329
0.0272684
0.0276409
0.0268056
0.0268257
0.0274749
0.0268145
0.0274569
0.0272212
0.0271249
0.0274524
0.0272081
0.0269662
0.0267589
0.0270408
0.0269797
0.0273299
0.0270642
0.0274155
0.0270514
0.0272065
0.0266446
0.0273763
0.0268513
0.0274143
0.0271112
0.0268953
0.0275582
0.0269103
0.0271341
0.0276514
0.0273355
0.0274245
0.0272377
0.0272479
0.0268093
0.0272337
0.0262909
0.0270888
0.0270673
0.026934
0.0273212
0.0267161
0.0266018
0.027106
0.0266546
0.0266548
0.026994
0.0273731
0.0270903
0.0273609
0.0273078
0.0272927
0.0270625
0.0271081
0.0270158
0.02718
0.0268248
0.027293
0.0272237
0.0270458
0.0275247
0.027442
0.0272625
0.0273948
0.0269873
0.0274103
0.0270146
0.0272061
0.0269043
0.0271156
0.0267177
0.0267217
0.0267469
0.0273068
0.0267131
0.0267927
0.0271504
0.0272852
0.0272994
0.0274016
0.0274321
0.0272925
0.027274
0.02717
0.0269505
0.0273093
0.026785
0.0271281
0.0268154
0.0270713
0.026708
0.02669
0.0267479
0.0268933
0.0271581
0.0270808
0.0268018
0.0271779
0.0267436
0.0271024
0.0270442
0.0274744
0.0268337
0.0267453
0.0272474
0.0268709
0.0271253
0.0274066
0.0270941
0.02705
0.0267536
0.0269519
0.0270519
0.0274456
0.0267985
0.026928
0.026686
0.0268203
0.0267643
0.0271894
0.0272517
0.0273874
0.0266041
0.0274139
0.026998
0.0270863
0.0268624
0.0272697
0.0269673
0.0269476
0.0271511
0.0270497
0.0276083
0.0274572
0.02685
0.0272877
0.0264321
0.027161
0.0272262
0.0269073
0.0274039
0.026979
0.0267651
0.0263816
0.0268297
0.026771
0.0272449
0.0268747
0.0271968
0.0265046
0.0272474
0.0272668
0.0270091
0.027027
0.0270243
0.0273344
0.0274703
0.0266358
0.0272479
0.0271438
0.0266606
0.0270263
0.0270008
0.0269192
0.0266203
0.0268274
0.0262259
0.0269182
0.0270494
0.0274302
0.0264896
0.0268792
0.0275122
0.0272924
0.027237
0.0273381
0.0269676
0.0267453
0.027099
0.027078
0.0272759
0.0268746
0.0269228
0.0271045
0.0262975
0.0267029
0.0266691
0.0270368
0.0273148
0.0269081
0.0269267
0.0265153
0.0264977
0.0270049
0.0268378
0.0269482
0.0271402
0.026819
0.0273328
0.0269643
0.0270812
0.0270191
0.0267198
0.0272971
0.0266873
0.0267906
0.0264063
0.0269392
0.0264438
0.0272368
0.0267854
0.0269617
0.0273948
0.0274733
0.027574
0.026621
0.0271038
0.0268674
0.0275585
0.0266439
0.0272322
0.0265338
0.0272276
0.0267654
0.026789
0.0270347
0.026979
0.0264801
0.026509
0.0270815
0.0268278
0.0271728
0.0268015
0.0271827
0.0274745
0.0267624
0.0271255
0.0268854
0.0266781
0.0268647
0.0265623
0.027367
0.0267173
0.0270112
0.0271491
0.0273238
0.0272321
0.0274041
0.0265356
0.0270267
0.0266177
0.0267996
0.0267462
0.026772
0.026664
0.0265212
0.0265912
0.0269305
0.0274161
0.0274477
0.0266121
0.0269128
0.0270362
0.0274206
0.0269765
0.0267607
0.0263371
0.0269027
0.0269783
0.0270609
0.0267052
0.0270416
0.0271634
0.0268601
0.0266196
0.02723
0.0267271
0.0268057
0.0264527
0.0269655
0.0267808
0.026587
0.0268386
0.0269817
0.0267295
0.027251
0.0266981
0.027172
0.0270037
0.0268798
0.0273085
0.0266653
0.027274
0.0266571
0.0268338
0.0269582
0.0267882
0.0265669
0.0267052
0.0268836
0.026579
0.0272104
0.0267611
0.0264155
0.0265656
0.0266703
0.0271414
0.0266089
0.026518
0.0265786
0.0271574
0.0259559
0.0269863
0.0269509
0.0277126
0.0272135
0.0270245
0.027339
0.0273945
0.0269386
0.0271915
0.0275882
0.0267003
0.0271067
0.0263308
0.0264731
0.0269224
0.0269237
0.0267492
0.0265692
0.0265598
0.026933
0.0270381
0.0261294
0.0267321
0.0269926
0.0265499
0.0270318
0.0263994
0.0265865
0.0271759
0.0266099
0.0270592
0.0269374
0.0268763
0.0270783
0.0270818
0.0272446
0.0274067
0.026974
0.0269532
0.0271432
0.0263831
0.0267654
0.0270767
0.0270514
0.0269513
0.0266355
0.0270377
0.0270431
0.0269571
0.0266908
0.0270573
0.0269695
0.0266439
0.0266621
0.0266615
0.0263985
0.0272383
0.0268338
0.0264124
0.0271089
0.0265436
0.0274177
0.026204
0.0270866
0.0267599
0.0270367
0.0269598
0.0264397
0.027168
0.0265752
0.0270871
0.0272096
0.0274306
0.0268719
0.0266886
0.0271101
0.0271874
0.0268612
0.0272097
0.0271742
0.0264392
0.0277204
0.0271144
0.0265379
0.0267553
0.026464
0.0265461
0.0263502
0.02692
0.026648
0.0265429
0.0266256
0.02647
0.0261112
0.0264179
0.0266639
0.0272061
0.0268498
0.0266773
0.0265432
0.0271246
0.0265247
0.0269949
0.0262712
0.026987
0.026218
0.0275545
0.0265734
0.0270332
0.027056
0.0276352
0.0274281
0.0270512
0.026951
0.026919
0.0266358
0.026904
0.0264399
0.0266086
0.0265099
0.0268927
0.0265812
0.0265718
0.0261492
0.0269057
0.0263798
0.0266066
0.0271205
0.0264334
0.0266968
0.0263998
0.0270164
0.0262671
0.0268774
0.0268683
0.0269455
0.0265439
0.0263581
0.0265546
0.0264122
0.0268544
0.026801
0.026573
0.0267278
0.0265309
0.0267451
0.0267878
0.0264555
0.0260855
0.0264662
0.0266513
0.026115
0.0267347
0.0263582
0.0264715
0.0266481
0.0260089
0.0271325
0.0267322
0.0264714
0.0268146
0.026711
0.0261989
0.0267912
0.026457
0.0265119
0.0267369
0.0264826
0.0263614
0.0269171
0.0266078
0.0262503
0.0268571
0.0264241
0.027102
0.0266425
0.0264921
0.0265935
0.0265647
0.0263668
0.0267456
0.0268227
0.0265579
0.0267155
0.0267184
0.0262589
0.0268701
0.026176
0.0266118
0.0267286
0.0268221
0.0258224
0.026541
0.0266371
0.0266049
0.0264959
0.0264263
0.0265372
0.0265867
0.0265749
0.0261588
0.0264108
0.0266608
0.0264104
0.0267249
0.0266356
0.0262709
0.0264405
0.0262037
0.0265476
0.0270601
0.0263374
0.0262477
0.0267231
0.0267198
0.0267041
0.0263997
0.0265669
0.0265487
0.0258893
0.0267823
0.0267119
0.0263541
0.0261882
0.02648
0.0263487
0.0265313
0.0267379
0.0264603
0.0268652
0.0266723
0.0269958
0.0262406
0.0261335
0.0267731
0.0262388
0.0260567
0.0261388
0.0262961
0.0267271
0.026057
0.0264316
0.0262085
0.0262864
0.0266825
0.0269487
0.0265598
0.026834
0.0266126
0.0265899
0.0264169
0.0266769
0.0265937
0.0267993
0.0266255
0.0268103
0.0263754
0.0263965
0.0268896
0.0266876
0.0264461
0.026541
0.0263284
0.0266598
0.0266906
0.0265401
0.0266337
0.026775
0.0260572
0.0269445
0.02651
0.0267011
0.0259718
0.0266559
0.0269197
0.0265503
0.0264749
0.0264771
0.0268206
0.0264281
0.0265384
0.026718
0.0267507
0.0265472
0.0263623
0.0264794
0.0263132
0.0262651
0.0260739
0.0269109
0.0267895
0.0261217
0.0269656
0.0265602
0.0263755
0.0258223
0.0265408
0.0263758
0.0261803
0.0261117
0.026976
0.0263175
0.0264803
0.0271092
0.0267404
0.0266191
0.0260692
0.0265879
0.0263342
0.0266574
0.0262721
0.0263426
0.0263056
0.0260583
0.0263219
0.0262103
0.0264072
0.0266663
0.0262125
0.0261015
0.0264816
0.026379
0.0262058
0.0270105
0.0263163
0.0261748
0.0261199
0.0261221
0.0262033
0.026472
0.0266279
0.0270167
0.0267703
0.0270026
0.0260446
0.026508
0.0263311
0.0269155
0.0258821
0.0267554
0.0264343
0.0262724
0.0261658
0.0262866
0.0268125
0.0270163
0.0266271
0.0262988
0.0267292
0.026378
0.0261926
0.0263065
0.025986
0.0262981
0.0265679
0.0272095
0.0259254
0.0273139
0.0264157
0.0264566
0.0269905
0.0259992
0.0262595
0.0261389
0.026644
0.0268459
0.0259707
0.0268634
0.0263727
0.0267934
0.0263053
0.0261739
0.0270415
0.0264585
0.0268863
0.0260519
0.0261363
0.0262015
0.0267254
0.0266286
0.0263173
0.0265801
0.0265008
0.0265436
0.0264973
0.0261709
0.0266689
0.0263386
0.0260965
0.0265981
0.0262572
0.0265617
0.0269461
0.0265704
0.026295
0.0262941
0.0265304
0.0260784
0.0266593
0.0263944
0.0268125
0.025727
0.0266309
0.0264475
0.0267244
0.0256811
0.0257583
0.0261671
0.0263025
0.0265902
0.026136
0.0263732
0.0259084
0.025811
0.0269018
0.0258683
0.0260864
0.0260441
0.026362
0.0260316
0.0261222
0.0265745
0.0263348
0.0263216
0.0264746
0.025922
0.0261724
0.0260636
0.0258329
0.0267445
0.0264884
0.0264884
0.0263354
0.0259597
0.0264832
0.0261979
0.0259843
0.0265226
0.0258415
0.0265876
0.0261704
0.026534
0.026726
0.0266764
0.0261987
0.0263804
0.0261282
0.0264254
0.0261651
0.0263695
0.0267827
0.0264668
0.0262784
0.0259822
0.0267157
0.0265401
0.026194
0.0262646
0.0262541
0.0263229
0.0262666
0.0263768
0.0259601
0.0267427
0.0264073
0.0266998
0.0267657
0.0268629
0.02677
0.0262572
0.0260807
0.0263007
0.0266086
0.0264545
0.0258687
0.026637
0.026214
0.0264432
0.0261091
0.0266896
0.0259987
0.0270365
0.0266341
0.0262757
0.0265836
0.0263931
0.0263299
0.0261498
0.0263914
0.0261171
0.0262939
0.0265313
0.0265674
0.025801
0.026151
0.0263211
0.0258698
0.0264812
0.0263964
0.0264124
0.0258334
0.0264945
0.0259044
0.0268544
0.0260322
0.0262109
0.0261768
0.0266453
0.0264421
0.025985
0.0259535
0.0266288
0.0265363
0.0263827
0.0262652
0.0260194
0.0262429
0.0261937
0.0264637
0.0261969
0.0262954
0.0264677
0.02582
0.0262874
0.0259061
0.0263484
0.026159
0.025904
0.0261024
0.0261483
0.0262527
0.0263192
0.0261345
0.0266321
0.0263256
0.0263822
0.0260546
0.0257022
0.0261903
0.0263817
0.0264293
0.0262756
0.0261857
0.026349
0.026123
0.0265541
0.0262991
0.0262307
0.0261998
0.026925
0.0256707
0.0262896
0.0259727
0.0267031
0.0260899
0.0268201
0.0259774
0.0265022
0.0262323
0.0263193
0.0266461
0.0262081
0.026393
0.0261291
0.0263925
0.0261578
0.0264379
0.026043
0.0260067
0.0263841
0.0264124
0.0259365
0.0264263
0.0261355
0.0262947
0.0261015
0.0263992
0.0259167
0.0265738
0.0258709
0.0265925
0.0263048
0.026069
0.0263807
0.0259924
0.0258575
0.0261854
0.026121
0.0264379
0.0261044
0.0258957
0.0262163
0.0262071
0.0261242
0.0261726
0.0263831
0.025805
0.0265616
0.025949
0.0265331
0.026337
0.0264611
0.0261471
0.026403
0.0259202
0.0261404
0.0262352
0.025947
0.0259522
0.0263683
0.0260693
0.0260085
0.0265633
0.0259714
0.0262081
0.0263366
0.0258646
0.0260713
0.0256164
0.0260414
0.0254398
0.0263481
0.0260126
0.0260361
0.0261724
0.0260533
0.0264215
0.0263727
0.0264155
0.0261023
0.0264531
0.0260102
0.0264007
0.0260214
0.0260822
0.026277
0.0255865
0.0263438
0.0257173
0.0264541
0.0258584
0.0259037
0.0259867
0.0261899
0.0262349
0.0258106
0.0261535
0.0259202
0.0260043
0.0258305
0.0260993
0.0264076
0.0261285
0.0262591
0.0261506
0.0261409
0.0261399
0.0265984
0.0258191
0.0258487
0.0259231
0.0263114
0.02625
0.0264558
0.026109
0.026529
0.0259925
0.0259534
0.0266881
0.0259191
0.026294
0.0258165
0.0259903
0.0262874
0.02625
0.0265782
0.0256264
0.02639
0.0261852
0.0264933
0.0261816
0.0262936
0.0265072
0.0258549
0.0261789
0.0260657
0.0260023
0.0260321
0.0255191
0.0258155
0.0258004
0.0264295
0.0260546
0.0259031
0.026025
0.0260089
0.0259562
0.0260585
0.0264867
0.0259333
0.0262339
0.0255786
0.0262622
0.0263515
0.0262358
0.0260459
0.0258346
0.0259253
0.0260954
0.0259589
0.0263359
0.0263527
0.0260435
0.0263415
0.0266739
0.0264338
0.0263355
0.0258872
0.0262047
0.0261513
0.0259215
0.0264528
0.0262719
0.025858
0.0260416
0.0260987
0.0261028
0.0265726
0.0261483
0.0262611
0.0259319
0.025754
0.0263418
0.0255991
0.0259994
0.0264075
0.0263271
0.026046
0.0258804
0.0260198
0.0258911
0.0266179
0.0262859
0.0259932
0.0262242
0.0258624
0.0257922
0.0259561
0.026176
0.0261888
0.0259212
0.0263863
0.025875
0.0264289
0.0259957
0.0261852
0.0259435
0.0262342
0.0265088
0.0263416
0.026221
0.0260389
0.0261932
0.0261727
0.0263644
0.0266744
0.0260134
0.0261211
0.0255152
0.026463
0.0261927
0.026057
0.0262259
0.0254864
0.0260081
0.0264154
0.0255562
0.0262134
0.0259091
0.0267015
0.0259124
0.0259164
0.0260959
0.0264665
0.0262037
0.0257853
0.0263068
0.0261674
0.0260673
0.0259925
0.0261448
0.0262782
0.0257956
0.0261581
0.0259684
0.0256073
0.0259696
0.0256779
0.0264506
0.0257125
0.0257975
0.0262852
0.0263085
0.026287
0.025917
0.0260062
0.0261278
0.026153
0.0262355
0.0262629
0.0262106
0.0261395
0.0266657
0.0258287
0.0258154
0.02614
0.0261727
0.0261212
0.025857
0.02589
0.0257573
0.0258806
0.0261589
0.0261856
0.0255947
0.0259522
0.0259722
0.0265628
0.025916
0.0260278
0.0256381
0.0261703
0.0257032
0.0263364
0.0256508
0.0262318
0.0262751
0.0263023
0.0259275
0.0260555
0.0258934
0.0261139
0.0257216
0.0260564
0.0259883
0.0257131
0.0263728
0.0257841
0.0264468
0.0261499
0.0260785
0.0262775
0.026293
0.0256589
0.0264786
0.0260723
0.0260442
0.0262604
0.0261918
0.0258279
0.0259867
0.0255017
0.0262104
0.0258243
0.0255554
0.0260468
0.0257535
0.0263263
0.0257793
0.0260294
0.0260268
0.0259027
0.0258833
0.0257194
0.0264794
0.0259349
0.0260039
0.0258751
0.0257938
0.0259669
0.0260682
0.0263332
0.0257631
0.0260354
0.0263923
0.0263503
0.026054
0.0260434
0.0261998
0.0260698
0.0258378
0.0260478
0.0262311
0.0262338
0.0263055
0.0266064
0.0260194
0.0257997
0.0257749
0.0263627
0.0259307
0.0256382
0.0257043
0.0256868
0.0259639
0.0261666
0.0253722
0.0260888
0.0253843
0.0263316
0.0257263
0.0259027
0.0256911
0.0260266
0.026034
0.0253811
0.0257759
0.025435
0.0256638
0.0257359
0.0256066
0.0261349
0.0250965
0.0257582
0.0259641
0.0257139
0.0259358
0.0254546
0.0262711
0.0255874
0.0258834
0.0260388
0.0259737
0.0263328
0.0258791
0.0257566
0.0256293
0.0257409
0.0256429
0.0259095
0.0259606
0.0260233
0.025666
0.025732
0.0260398
0.0257455
0.0255636
0.0256866
0.0259245
0.0259746
0.0258411
0.0257819
0.0262433
0.0255304
0.0259227
0.026038
0.0261512
0.025714
0.0253261
0.0257352
0.0258095
0.0254287
0.0258826
0.0259126
0.0260704
0.0257747
0.025636
0.0254208
0.0254305
0.0257647
0.0260622
0.0262484
0.0254997
0.0255882
0.0260978
0.0252957
0.0259925
0.0260207
0.0259562
0.0260047
0.0259316
0.0258866
0.0255051
0.0260171
0.0261019
0.0260154
0.0260705
0.0255987
0.0256134
0.0257293
0.0255728
0.0258857
0.0259445
0.0256765
0.0260658
0.0254247
0.026024
0.0259991
0.0255786
0.0263371
0.0258501
0.0260395
0.026077
0.0256844
0.0256469
0.0253853
0.0258655
0.0257344
0.0256165
0.0261121
0.025896
0.0256043
0.025993
0.0255862
0.0260502
0.0255049
0.0254277
0.0257177
0.0256714
0.0254346
0.0263779
0.0259684
0.025974
0.0260239
0.0257684
0.0255939
0.0263201
0.0254401
0.0259449
0.0256476
0.0257765
0.025752
0.025986
0.0258804
0.025819
0.0259481
0.0255108
0.0257211
0.025941
0.0255563
0.025643
0.0257875
0.0258995
0.0257248
0.0256602
0.0261149
0.0251746
0.0255253
0.0259701
0.0254994
0.0256205
0.0255284
0.0257962
0.0257267
0.0257334
0.0251166
0.0260456
0.0257105
0.0261545
0.0256291
0.0253003
0.0260778
0.0260728
0.0257552
0.0257843
0.0260955
0.0259112
0.0254212
0.0257112
0.026441
0.0255364
0.0257391
0.0254847
0.0258643
0.0253208
0.0258804
0.0256661
0.0249692
0.0255815
0.0260382
0.0256438
0.0254935
0.0256733
0.0253215
0.0256803
0.0258715
0.0258584
0.0258356
0.0254318
0.0259485
0.0257375
0.0255707
0.0262856
0.0253733
0.0256977
0.0258133
0.0256753
0.0255563
0.0254867
0.0258697
0.0258105
0.0257792
0.0257611
0.0258189
0.0255973
0.025694
0.0256648
0.0254928
0.0253491
0.026436
0.0257067
0.0256976
0.0263055
0.0255153
0.0256742
0.0256722
0.025706
0.0253786
0.0258926
0.0253621
0.0256169
0.0260799
0.0256268
0.0258591
0.0256517
0.025784
0.0257015
0.025789
0.0260847
0.0254069
0.0260176
0.0258082
0.0257706
0.0257722
0.0257244
0.0252951
0.0261234
0.0253336
0.0259049
0.0255605
0.0255207
0.0262511
0.0254897
0.0259885
0.0259265
0.0260216
0.0257831
0.026107
0.02568
0.025485
0.0259647
0.0254834
0.0260721
0.0256578
0.0258301
0.0257095
0.0255747
0.025642
0.0253391
0.0257566
0.0253906
0.0256826
0.0258612
0.0257403
0.0264878
0.0255481
0.02548
0.0258538
0.0257721
0.0253907
0.0256887
0.0258207
0.0258497
0.0254546
0.0257178
0.0258137
0.0255099
0.0258785
0.0258196
0.0256727
0.0260587
0.0258349
0.0254204
0.0259672
0.0256282
0.0257128
0.0253496
0.0256417
0.026358
0.0259494
0.0256081
0.0253201
0.025361
0.0257285
0.0258606
0.0253419
0.0264447
0.0261026
0.0258017
0.0255798
0.0253566
0.0256374
0.0259132
0.0258698
0.0259364
0.0258852
0.0259524
0.0255588
0.0255033
0.0256622
0.0254881
0.0262306
0.0257795
0.0256858
0.0259288
0.0256615
0.0257706
0.0254947
0.0258661
0.0252542
0.0257039
0.025759
0.0252794
0.0259653
0.0256243
0.0254496
0.0255173
0.0260751
0.0256148
0.0258989
0.0253838
0.0254648
0.0255909
0.0257327
0.0253933
0.0259591
0.025806
0.0257573
0.0260638
0.0259497
0.0257957
0.0258002
0.0254401
0.0261607
0.0254463
0.0256724
0.0255895
0.0260025
0.0255276
0.0259711
0.0257608
0.0250236
0.0260064
0.0256473
0.0258595
0.0259807
0.0255784
0.0256809
0.0258217
0.0256464
0.0259277
0.0255786
0.0254934
0.025775
0.0257051
0.0256891
0.0252852
0.0262235
0.0259782
0.0261827
0.0262637
0.0261376
0.0253925
0.0255192
0.0252875
0.025467
0.0255836
0.0256242
0.0258808
0.0255244
0.0254251
0.025324
0.0261123
0.0254146
0.025561
0.0256467
0.0254387
0.0256486
0.0263005
0.0259483
0.0255303
0.0257134
0.0257332
0.0257574
0.0253662
0.025559
0.0257168
0.0253603
0.025811
0.0260886
0.0265647
0.0254522
0.0257792
0.0259962
0.0254358
0.025476
0.0254548
0.0257566
0.0257403
0.0256408
0.026072
0.0262621
0.02568
0.0251965
0.0260222
0.025729
0.0253894
0.0250537
0.0252507
0.0257749
0.024965
0.0255252
0.0255495
0.0259289
0.0259974
0.0254623
0.0255066
0.0256505
0.0254848
0.0258694
0.0259271
0.0255406
0.0258114
0.0250011
0.0260937
0.0255272
0.0255008
0.0255141
0.0256395
0.0255189
0.0256524
0.0252509
0.0259568
0.0258096
0.0258738
0.0257889
0.0256677
0.0254971
0.0254946
0.0256533
0.0258383
0.0258652
0.0258916
0.0259658
0.0262055
0.0252785
0.0257123
0.0256332
0.0252762
0.0257897
0.0253944
0.0257116
0.0260012
0.0255922
0.0261373
0.0255531
0.0255973
0.0259942
0.025131
0.0262849
0.0256381
0.025649
0.0252908
0.0258724
0.025677
0.0256285
0.0256322
0.0257204
0.0256569
0.0257749
0.0251967
0.0258168
0.025147
0.0259056
0.0259271
0.0257698
0.0253765
0.0257279
0.025421
0.0264005
0.0250016
0.0256336
0.0259448
0.0258635
0.0251554
0.0256247
0.0257533
0.0253065
0.0256612
0.0257719
0.0254281
0.0253478
0.0258278
0.0257325
0.0253287
0.0253821
0.0254575
0.0256529
0.0253833
0.0253094
0.0255527
0.0256026
0.0257152
0.0257591
0.0254272
0.0257492
0.0259405
0.0254967
0.0255232
0.0253476
0.0260769
0.0259442
0.0258015
0.0258768
0.0254018
0.0260485
0.0258974
0.025478
0.0259953
0.0254548
0.0260336
0.0254951
0.0254386
0.0257748
0.0255179
0.0255933
0.0255568
0.025611
0.0256513
0.0258924
0.0257023
0.0255574
0.0254081
0.0257137
0.0254268
0.0258237
0.0257055
0.0260426
0.0256712
0.0260869
0.025266
0.0256095
0.0257929
0.0260365
0.0254929
0.0255976
0.0256995
0.0256999
0.0258592
0.0255547
0.0258102
0.0253122
0.0260381
0.025359
0.0253871
0.025455
0.0253429
0.0258829
0.0253361
0.025529
0.0255303
0.0255783
0.0255429
0.0259182
0.0255795
0.0256878
0.0260098
0.0253313
0.0259129
0.0256591
0.0254334
0.0262974
0.0256079
0.026142
0.02518
0.0258432
0.0256868
0.0258414
0.0259015
0.0254017
0.0261883
0.0260514
0.0255707
0.0258046
0.0254681
0.0255002
0.0253312
0.0258364
0.02576
0.025008
0.0262065
0.0254863
0.0257851
0.0252736
0.0253398
0.025293
0.0252675
0.0255843
0.0251702
0.0258976
0.0255713
0.0255782
0.0256871
0.0257409
0.025356
0.0248971
0.0258397
0.0249456
0.025881
0.0256872
0.0256433
0.0257408
0.0256821
0.0252505
0.0258575
0.0251236
0.0251921
0.0258422
0.0250875
0.0255309
0.0252572
0.0250556
0.0256956
0.0250474
0.0253219
0.025635
0.0254219
0.0253495
0.0254083
0.025707
0.0251386
0.0257378
0.025966
0.0254336
0.0248861
0.0253492
0.0248438
0.0255874
0.025871
0.0260179
0.0256233
0.0251349
0.0253765
0.0253142
0.0258973
0.0251409
0.0251636
0.0258576
0.0256181
0.0253531
0.0249444
0.0253319
0.0258542
0.0257354
0.0250047
0.025664
0.0253352
0.0258026
0.0253634
0.0250888
0.0257567
0.0255608
0.0253659
0.0252447
0.025975
0.0251211
0.0260581
0.0252506
0.026079
0.0256084
0.0251217
0.0256049
0.0255618
0.0256782
0.0253717
0.0256318
0.0251526
0.0250992
0.02563
0.0249314
0.0256546
0.0252456
0.0255024
0.0258409
0.0252603
0.0258254
0.0254465
0.025725
0.0253762
0.0252602
0.0257159
0.025286
