   7.772678E-03   1.942260E-02   1.433682E-02
   4.312269E-01  -2.894496E-02  -3.891594E-02
  -2.285753E-01   4.112408E-01  -2.487958E-02
  -2.209993E-01  -4.141181E-01   3.186748E-02
  -2.479235E-01  -4.458690E-01   8.496637E-03
  -2.318224E-01   4.533443E-01   3.319134E-02
   4.834591E-01  -4.354080E-03  -2.645013E-02
  -1.965804E-02   4.342062E-03  -2.741780E-03
  -1.914133E-04   2.459438E-03   2.193136E-03
  -1.114591E-03   5.506884E-03   7.728994E-03
  -3.499717E-03  -5.459650E-03  -9.059662E-03
  -3.322519E-03  -5.844932E-03   3.502001E-03
  -3.512433E-03   5.860564E-03   6.849573E-05
   8.624844E-03  -9.962359E-05  -4.682082E-04
  -6.229864E-03  -2.025270E-02  -1.565842E-02
  -4.513471E-01   2.977724E-02   4.111388E-02
   2.369413E-01  -4.192814E-01   2.372799E-02
   2.289818E-01   4.219155E-01  -3.125136E-02
   2.515620E-01   4.529242E-01  -9.559288E-03
   2.349762E-01  -4.605614E-01  -3.296825E-02
  -4.941476E-01   4.582477E-03   2.705731E-02
   2.064128E-02  -4.537897E-03   2.211608E-03
   5.957909E-04  -2.784735E-03  -2.010756E-03
   1.200398E-03  -5.530483E-03  -7.140305E-03
   3.536166E-03   5.590350E-03   9.230218E-03
   3.510630E-03   6.077245E-03  -3.481135E-03
   3.684207E-03  -6.066580E-03  -5.041768E-04
  -8.486798E-03   8.302442E-05   4.180273E-04
  -7.096357E-03  -2.018964E-02  -1.517691E-02
  -4.393296E-01   2.950620E-02   4.006098E-02
   2.317090E-01  -4.165368E-01   2.417637E-02
   2.238924E-01   4.190514E-01  -3.134238E-02
   2.497042E-01   4.512338E-01  -9.178744E-03
   2.333171E-01  -4.585386E-01  -3.303783E-02
  -4.890317E-01   4.471453E-03   2.679617E-02
   2.021531E-02  -4.355069E-03   2.269178E-03
   5.341488E-04  -2.576812E-03  -1.915624E-03
   1.212465E-03  -5.510838E-03  -7.381106E-03
   3.554656E-03   5.511530E-03   9.117149E-03
   3.469855E-03   5.972604E-03  -3.480406E-03
   3.647831E-03  -5.969449E-03  -2.775828E-04
  -8.569847E-03   9.019818E-05   4.525859E-04
  -6.934416E-03  -1.955334E-02  -1.481584E-02
  -4.433448E-01   2.930167E-02   3.993372E-02
   2.338674E-01  -4.141784E-01   2.443754E-02
   2.261353E-01   4.171360E-01  -3.178793E-02
   2.498884E-01   4.476345E-01  -8.881320E-03
   2.335693E-01  -4.554051E-01  -3.313413E-02
  -4.886933E-01   4.469196E-03   2.672125E-02
   2.009352E-02  -4.503840E-03   2.725479E-03
   2.548073E-04  -2.665431E-03  -2.279696E-03
   1.103370E-03  -5.531472E-03  -7.489674E-03
   3.482876E-03   5.541662E-03   9.174146E-03
   3.360717E-03   5.949639E-03  -3.506428E-03
   3.546644E-03  -5.957703E-03  -2.914218E-04
  -8.550299E-03   9.251763E-05   4.362130E-04
   6.392750E-03   2.011774E-02   1.548148E-02
   4.476498E-01  -2.971808E-02  -4.090682E-02
  -2.358720E-01   4.143374E-01  -2.437791E-02
  -2.278116E-01  -4.170088E-01   3.222113E-02
  -2.497370E-01  -4.483057E-01   8.966506E-03
  -2.331938E-01   4.556936E-01   3.330442E-02
   4.901804E-01  -4.560097E-03  -2.681241E-02
  -2.054151E-02   4.460333E-03  -2.637728E-03
  -4.120005E-04   2.729136E-03   2.169449E-03
  -1.121126E-03   5.547487E-03   7.308216E-03
  -3.495514E-03  -5.587247E-03  -9.547585E-03
  -3.446271E-03  -6.023300E-03   3.501193E-03
  -3.629344E-03   6.025850E-03   4.290841E-04
   8.451884E-03  -8.687818E-05  -4.338612E-04
   7.584008E-03   1.955712E-02   1.452365E-02
   4.351955E-01  -2.900232E-02  -3.914966E-02
  -2.297592E-01   4.163562E-01  -2.422570E-02
  -2.222897E-01  -4.192055E-01   3.088519E-02
  -2.499201E-01  -4.506468E-01   9.100563E-03
  -2.337654E-01   4.583840E-01   3.287643E-02
   4.877909E-01  -4.385659E-03  -2.671096E-02
  -1.976689E-02   4.424712E-03  -2.306234E-03
  -3.812169E-04   2.515305E-03   2.033279E-03
  -1.195537E-03   5.491760E-03   7.558251E-03
  -3.540716E-03  -5.466151E-03  -8.749492E-03
  -3.387950E-03  -5.904947E-03   3.484062E-03
  -3.567817E-03   5.907310E-03   1.496699E-04
   8.665006E-03  -9.564750E-05  -4.532501E-04
   7.034747E-03   1.983212E-02   1.497971E-02
   4.412348E-01  -2.935957E-02  -3.999469E-02
  -2.327788E-01   4.153626E-01  -2.431659E-02
  -2.250198E-01  -4.181175E-01   3.157875E-02
  -2.497241E-01  -4.494820E-01   9.014765E-03
  -2.333815E-01   4.570369E-01   3.308577E-02
   4.884946E-01  -4.470400E-03  -2.673717E-02
  -2.014300E-02   4.440199E-03  -2.479652E-03
  -3.869496E-04   2.617499E-03   2.102938E-03
  -1.153616E-03   5.517046E-03   7.440264E-03
  -3.515250E-03  -5.521681E-03  -9.147926E-03
  -3.416893E-03  -5.953900E-03   3.494888E-03
  -3.598970E-03   5.957028E-03   2.805030E-04
   8.777600E-03  -9.230574E-05  -4.565813E-04
   6.987000E-03   1.984451E-02   1.499631E-02
   4.413998E-01  -2.937002E-02  -4.001581E-02
  -2.327759E-01   4.153579E-01  -2.430097E-02
  -2.250111E-01  -4.181095E-01   3.154913E-02
  -2.498771E-01  -4.494152E-01   9.041477E-03
  -2.335336E-01   4.569701E-01   3.308659E-02
   4.892425E-01  -4.470932E-03  -2.678019E-02
  -2.014917E-02   4.438184E-03  -2.472199E-03
  -3.972611E-04   2.623592E-03   2.096011E-03
  -1.162336E-03   5.524794E-03   7.432169E-03
  -3.521668E-03  -5.531303E-03  -9.141690E-03
  -3.413669E-03  -5.968034E-03   3.492722E-03
  -3.595056E-03   5.970083E-03   2.889737E-04
   8.346325E-03  -9.059458E-05  -4.315192E-04
   6.990238E-03   1.984065E-02   1.499700E-02
   4.414803E-01  -2.937168E-02  -4.003612E-02
  -2.328651E-01   4.153930E-01  -2.430421E-02
  -2.250961E-01  -4.181460E-01   3.156844E-02
  -2.497236E-01  -4.493145E-01   9.012469E-03
  -2.333829E-01   4.568699E-01   3.308846E-02
   4.889536E-01  -4.471840E-03  -2.676452E-02
  -2.015248E-02   4.440766E-03  -2.471607E-03
  -3.962675E-04   2.625808E-03   2.097973E-03
  -1.156346E-03   5.524511E-03   7.439260E-03
  -3.517156E-03  -5.530721E-03  -9.143729E-03
  -3.490725E-03  -6.091474E-03   3.516764E-03
  -3.672190E-03   6.093643E-03   2.897998E-04
   8.558384E-03  -9.121165E-05  -4.476424E-04
   7.030732E-03   1.983621E-02   1.497931E-02
   4.411599E-01  -2.935808E-02  -3.997491E-02
  -2.326903E-01   4.153284E-01  -2.431314E-02
  -2.249355E-01  -4.180829E-01   3.155914E-02
  -2.498765E-01  -4.495836E-01   9.043505E-03
  -2.335305E-01   4.571385E-01   3.308375E-02
   4.887870E-01  -4.469795E-03  -2.675289E-02
  -2.013995E-02   4.437640E-03  -2.479903E-03
  -3.881970E-04   2.615427E-03   2.100778E-03
  -1.159706E-03   5.517318E-03   7.433189E-03
  -3.519840E-03  -5.522271E-03  -9.145859E-03
  -3.340842E-03  -5.831776E-03   3.471244E-03
  -3.522917E-03   5.834763E-03   2.796872E-04
   8.562408E-03  -9.152624E-05  -4.403714E-04
   7.044277E-03   1.984530E-02   1.498663E-02
   4.412125E-01  -2.938063E-02  -4.004397E-02
  -2.326437E-01   4.151327E-01  -2.439070E-02
  -2.248700E-01  -4.178858E-01   3.172592E-02
  -2.498141E-01  -4.493899E-01   9.009460E-03
  -2.334781E-01   4.569449E-01   3.309283E-02
   4.888646E-01  -4.465410E-03  -2.677817E-02
  -2.015911E-02   4.441395E-03  -2.465216E-03
  -4.002191E-04   2.622974E-03   2.095535E-03
  -1.219924E-03   5.629112E-03   7.512724E-03
  -3.591870E-03  -5.643701E-03  -9.235606E-03
  -3.410678E-03  -5.961571E-03   3.506932E-03
  -3.593479E-03   5.964656E-03   2.821995E-04
   8.555029E-03  -9.189618E-05  -4.467384E-04
  -6.976742E-03  -1.983132E-02  -1.498942E-02
  -4.414278E-01   2.934885E-02   3.996701E-02
   2.329122E-01  -4.155888E-01   2.422789E-02
   2.251621E-01   4.183432E-01  -3.140417E-02
   2.497856E-01   4.495085E-01  -9.046906E-03
   2.334354E-01  -4.570634E-01  -3.307895E-02
  -4.888759E-01   4.476272E-03   2.673932E-02
   2.013311E-02  -4.436935E-03   2.486491E-03
   3.841230E-04  -2.618263E-03  -2.103332E-03
   1.097009E-03  -5.413804E-03  -7.360890E-03
   3.446161E-03   5.410322E-03   9.055812E-03
   3.420124E-03   5.960359E-03  -3.480770E-03
   3.600807E-03  -5.962559E-03  -2.873614E-04
  -8.565927E-03   9.084141E-05   4.412141E-04
   7.206260E-03   2.004585E-02   1.539148E-02
   4.377946E-01  -2.972669E-02  -4.017255E-02
  -2.313857E-01   4.139147E-01  -2.506293E-02
  -2.234146E-01  -4.169815E-01   3.165493E-02
  -2.494910E-01  -4.494623E-01   9.210376E-03
  -2.330201E-01   4.572581E-01   3.315362E-02
   4.885177E-01  -4.482478E-03  -2.671373E-02
  -2.056088E-02   4.658160E-03  -2.619602E-03
  -2.545682E-04   2.632119E-03   2.269015E-03
  -1.118483E-03   5.474192E-03   7.443897E-03
  -3.504331E-03  -5.481328E-03  -9.075456E-03
  -3.410472E-03  -5.934001E-03   3.502605E-03
  -3.603034E-03   5.935975E-03   2.372352E-04
   8.572918E-03  -9.288791E-05  -4.447035E-04
   6.818234E-03   1.963668E-02   1.459954E-02
   4.448182E-01  -2.901293E-02  -3.983515E-02
  -2.341583E-01   4.168391E-01  -2.356036E-02
  -2.266135E-01  -4.192836E-01   3.146743E-02
  -2.501603E-01  -4.495250E-01   8.857573E-03
  -2.339377E-01   4.568452E-01   3.301806E-02
   4.893298E-01  -4.466568E-03  -2.680860E-02
  -1.974144E-02   4.217453E-03  -2.355062E-03
  -5.251262E-04   2.609153E-03   1.934682E-03
  -1.197181E-03   5.567405E-03   7.429009E-03
  -3.532932E-03  -5.571445E-03  -9.211475E-03
  -3.420835E-03  -5.988567E-03   3.483892E-03
  -3.592200E-03   5.992084E-03   3.314449E-04
   8.549921E-03  -8.977697E-05  -4.437752E-04
   8.338624E-03   1.924495E-02   1.400807E-02
   4.295546E-01  -2.879731E-02  -3.845746E-02
  -2.290876E-01   4.135563E-01  -2.477667E-02
  -2.216695E-01  -4.163338E-01   3.193811E-02
  -2.453104E-01  -4.479702E-01   8.410395E-03
  -2.292390E-01   4.552035E-01   3.282942E-02
   4.795373E-01  -4.183891E-03  -2.625500E-02
  -1.940241E-02   4.306504E-03  -2.735529E-03
  -1.449073E-04   2.379210E-03   2.178524E-03
  -1.222547E-03   5.530516E-03   7.805923E-03
  -3.613950E-03  -5.434787E-03  -8.949534E-03
  -3.260089E-03  -5.775224E-03   3.470196E-03
  -3.449522E-03   5.800905E-03  -5.771930E-06
   8.625610E-03  -9.896706E-05  -4.734593E-04
  -5.593782E-03  -2.048277E-02  -1.603922E-02
  -4.530756E-01   2.996925E-02   4.161958E-02
   2.363739E-01  -4.169147E-01   2.382627E-02
   2.282602E-01   4.196385E-01  -3.115788E-02
   2.542374E-01   4.508281E-01  -9.653081E-03
   2.376129E-01  -4.587075E-01  -3.335088E-02
  -4.982609E-01   4.773488E-03   2.726213E-02
   2.093740E-02  -4.564117E-03   2.255678E-03
   6.472666E-04  -2.869618E-03  -2.031063E-03
   1.101473E-03  -5.504136E-03  -7.066913E-03
   3.432867E-03   5.614497E-03   9.350609E-03
   3.572378E-03   6.149446E-03  -3.511395E-03
   3.745635E-03  -6.128043E-03  -5.985108E-04
  -8.490315E-03   8.379773E-05   4.125893E-04
  -7.982781E-03  -1.937503E-02  -1.418278E-02
  -4.321019E-01   2.891834E-02   3.871024E-02
   2.301793E-01  -4.139698E-01   2.458838E-02
   2.226597E-01   4.167263E-01  -3.178050E-02
   2.459928E-01   4.476002E-01  -8.543417E-03
   2.299359E-01  -4.548772E-01  -3.282103E-02
  -4.822617E-01   4.236786E-03   2.640363E-02
   1.953025E-02  -4.321331E-03   2.599725E-03
   2.437852E-04  -2.444774E-03  -2.099980E-03
   1.295344E-03  -5.557018E-03  -7.754227E-03
   3.679294E-03   5.470294E-03   8.971841E-03
   3.336091E-03   5.711169E-03  -3.470702E-03
   3.521667E-03  -5.732664E-03  -5.941353E-05
  -8.665138E-03   9.995844E-05   4.703388E-04
  -5.980123E-03  -2.033629E-02  -1.584742E-02
  -4.504540E-01   2.983208E-02   4.136625E-02
   2.352762E-01  -4.164779E-01   2.402714E-02
   2.272668E-01   4.192275E-01  -3.132472E-02
   2.535615E-01   4.511873E-01  -9.512984E-03
   2.369215E-01  -4.590231E-01  -3.337216E-02
  -4.955058E-01   4.717900E-03   2.711620E-02
   2.079929E-02  -4.554444E-03   2.372175E-03
   5.454947E-04  -2.800276E-03  -2.107409E-03
   1.029947E-03  -5.479593E-03  -7.123409E-03
   3.368174E-03   5.579577E-03   9.327686E-03
   3.493146E-03   6.215326E-03  -3.516101E-03
   3.670248E-03  -6.198934E-03  -5.290990E-04
  -8.448842E-03   8.259776E-05   4.168771E-04
  -7.018794E-03  -1.983723E-02  -1.497998E-02
  -4.412907E-01   2.936508E-02   3.995944E-02
   2.327305E-01  -4.152499E-01   2.431229E-02
   2.249708E-01   4.180035E-01  -3.156565E-02
   2.496890E-01   4.494401E-01  -9.013517E-03
   2.333433E-01  -4.569960E-01  -3.306516E-02
  -4.889099E-01   4.471007E-03   2.677324E-02
   2.014600E-02  -4.438831E-03   2.483524E-03
   3.880487E-04  -2.620122E-03  -2.101251E-03
   1.154605E-03  -5.524894E-03  -7.436139E-03
   3.516140E-03   5.529995E-03   9.156038E-03
   3.553416E-03   5.867681E-03  -3.504896E-03
   3.734671E-03  -5.870576E-03  -2.974724E-04
  -8.554191E-03   9.142940E-05   4.412565E-04
  -7.003105E-03  -1.983937E-02  -1.499611E-02
  -4.413423E-01   2.936437E-02   4.005145E-02
   2.328250E-01  -4.154691E-01   2.430530E-02
   2.250611E-01   4.182225E-01  -3.156230E-02
   2.499088E-01   4.494547E-01  -9.042679E-03
   2.335688E-01  -4.570086E-01  -3.310713E-02
  -4.888273E-01   4.470652E-03   2.674415E-02
   2.014624E-02  -4.439545E-03   2.468309E-03
   3.961554E-04  -2.620979E-03  -2.097689E-03
   1.161283E-03  -5.516788E-03  -7.436390E-03
   3.520721E-03   5.522898E-03   9.133322E-03
   3.277455E-03   6.054803E-03  -3.482789E-03
   3.459581E-03  -6.057144E-03  -2.718890E-04
  -8.566616E-03   9.131070E-05   4.467703E-04
  -6.992134E-03  -1.983030E-02  -1.498214E-02
  -4.412826E-01   2.935599E-02   3.999157E-02
   2.328705E-01  -4.153797E-01   2.431775E-02
   2.251257E-01   4.180897E-01  -3.156138E-02
   2.498540E-01   4.495332E-01  -9.005114E-03
   2.335076E-01  -4.570806E-01  -3.313531E-02
  -4.889031E-01   4.470401E-03   2.674892E-02
   2.012628E-02  -4.434832E-03   2.482787E-03
   3.886515E-04  -2.614467E-03  -2.104412E-03
   1.035856E-03  -5.590744E-03  -7.448254E-03
   3.395894E-03   5.615042E-03   9.179767E-03
   3.417360E-03   5.958657E-03  -3.489851E-03
   3.598556E-03  -5.961778E-03  -2.823545E-04
  -8.561317E-03   9.144907E-05   4.484310E-04
  -7.029859E-03  -1.984629E-02  -1.499384E-02
  -4.413527E-01   2.937350E-02   4.001857E-02
   2.326827E-01  -4.153372E-01   2.430005E-02
   2.249038E-01   4.181342E-01  -3.156594E-02
   2.497453E-01   4.493637E-01  -9.051082E-03
   2.334054E-01  -4.569261E-01  -3.303720E-02
  -4.888314E-01   4.471084E-03   2.676825E-02
   2.016612E-02  -4.443674E-03   2.468837E-03
   3.954783E-04  -2.626658E-03  -2.094414E-03
   1.280398E-03  -5.451628E-03  -7.424397E-03
   3.641126E-03   5.438482E-03   9.109949E-03
   3.413373E-03   5.963164E-03  -3.497691E-03
   3.595654E-03  -5.965232E-03  -2.872001E-04
  -8.559662E-03   9.130195E-05   4.395803E-04
   7.694541E-04   1.329759E-02   1.231263E-02
   4.447618E-01  -2.347303E-02  -3.825503E-02
  -2.311575E-01   4.148337E-01  -2.370336E-02
  -2.276567E-01  -4.187588E-01   3.151565E-02
  -2.508017E-01  -4.503902E-01   9.268958E-03
  -2.328085E-01   4.571330E-01   3.263653E-02
   4.895185E-01  -3.609317E-03  -2.676959E-02
  -1.800803E-02   4.926290E-03  -6.131340E-03
   1.624991E-03   2.808744E-03   4.557450E-03
  -1.245992E-03   5.488829E-03   7.315653E-03
  -3.546837E-03  -5.547798E-03  -8.962050E-03
  -3.382273E-03  -6.010738E-03   3.456263E-03
  -3.658292E-03   6.009076E-03   3.095554E-04
   8.556016E-03  -1.096580E-04  -3.798619E-04
   1.320646E-02   2.640156E-02   1.769467E-02
   4.373187E-01  -3.525330E-02  -4.175015E-02
  -2.340982E-01   4.153188E-01  -2.489586E-02
  -2.220833E-01  -4.168791E-01   3.157718E-02
  -2.484630E-01  -4.479669E-01   8.768927E-03
  -2.337727E-01   4.563034E-01   3.353937E-02
   4.876073E-01  -5.322576E-03  -2.671426E-02
  -2.227280E-02   3.934644E-03   1.185686E-03
  -2.415170E-03   2.422624E-03  -3.672411E-04
  -1.067714E-03   5.545329E-03   7.550641E-03
  -3.484537E-03  -5.500809E-03  -9.334776E-03
  -3.446905E-03  -5.904340E-03   3.528211E-03
  -3.535105E-03   5.910679E-03   2.506328E-04
   8.549343E-03  -7.325274E-05  -5.118763E-04
  -7.537493E-03  -2.116686E-02  -1.514468E-02
  -4.401678E-01   3.257483E-02   3.985262E-02
   2.338605E-01  -4.156153E-01   2.440887E-02
   2.230965E-01   4.167280E-01  -3.155146E-02
   2.481123E-01   4.489651E-01  -8.882962E-03
   2.344156E-01  -4.563599E-01  -3.320321E-02
  -4.880575E-01   2.931348E-03   2.657604E-02
   2.034153E-02  -4.376217E-03   2.679902E-03
   4.664732E-04  -2.632575E-03  -2.006661E-03
   1.207953E-03  -5.494621E-03  -7.478120E-03
   3.441674E-03   5.553195E-03   9.097861E-03
   3.433722E-03   6.011666E-03  -3.464908E-03
   3.567725E-03  -5.884272E-03  -2.405659E-04
  -8.556921E-03   8.497197E-05   3.900775E-04
   6.489643E-03   1.850739E-02   1.483230E-02
   4.422212E-01  -2.614136E-02  -4.014261E-02
  -2.315693E-01   4.148949E-01  -2.420301E-02
  -2.268157E-01  -4.192936E-01   3.156515E-02
  -2.513679E-01  -4.497296E-01   9.163533E-03
  -2.323889E-01   4.574477E-01   3.296227E-02
   4.894629E-01  -6.012856E-03  -2.692869E-02
  -1.994720E-02   4.499699E-03  -2.274173E-03
  -3.181371E-04   2.607700E-03   2.190629E-03
  -1.108739E-03   5.545927E-03   7.391025E-03
  -3.595584E-03  -5.498744E-03  -9.191167E-03
  -3.395727E-03  -5.907414E-03   3.521964E-03
  -3.624927E-03   6.039705E-03   3.267819E-04
   8.560073E-03  -9.786852E-05  -4.952706E-04
   1.126354E-02   2.476940E-02   1.695031E-02
   4.396666E-01  -3.488831E-02  -4.121052E-02
  -2.351576E-01   4.187261E-01  -2.444520E-02
  -2.224811E-01  -4.155984E-01   3.128962E-02
  -2.480316E-01  -4.515274E-01   8.892796E-03
  -2.352357E-01   4.548737E-01   3.367128E-02
   4.888277E-01  -4.030807E-03  -2.681836E-02
  -2.166211E-02   3.948497E-03  -3.091929E-04
  -1.719457E-03   2.538883E-03   4.595999E-04
  -1.188540E-03   5.588354E-03   7.459757E-03
  -3.431241E-03  -5.489108E-03  -9.080179E-03
  -3.454611E-03  -5.975748E-03   3.491638E-03
  -3.563797E-03   5.903838E-03   2.446955E-04
   8.555047E-03  -6.073991E-05  -5.171146E-04
   2.779568E-03   1.480634E-02   1.299167E-02
   4.424237E-01  -2.374231E-02  -3.876322E-02
  -2.301529E-01   4.116052E-01  -2.418259E-02
  -2.273022E-01  -4.202451E-01   3.179689E-02
  -2.513553E-01  -4.470010E-01   9.146965E-03
  -2.315123E-01   4.587638E-01   3.248156E-02
   4.885420E-01  -4.897619E-03  -2.667600E-02
  -1.860048E-02   4.957394E-03  -4.575619E-03
   9.363178E-04   2.701870E-03   3.733494E-03
  -1.126979E-03   5.452577E-03   7.411597E-03
  -3.604801E-03  -5.555617E-03  -9.188081E-03
  -3.373617E-03  -5.940255E-03   3.494671E-03
  -3.626484E-03   6.016182E-03   3.188425E-04
   8.559327E-03  -1.220217E-04  -3.674674E-04
   6.963100E-03   1.984011E-02   1.496286E-02
   4.413399E-01  -2.937008E-02  -3.997099E-02
  -2.328521E-01   4.153420E-01  -2.431141E-02
  -2.249425E-01  -4.181165E-01   3.156284E-02
  -2.496697E-01  -4.492397E-01   9.001200E-03
  -2.335792E-01   4.572080E-01   3.308921E-02
   4.888637E-01  -4.553464E-03  -2.676075E-02
  -2.013379E-02   4.439085E-03  -2.522234E-03
  -3.738202E-04   2.623333E-03   2.122455E-03
  -1.152195E-03   5.519709E-03   7.439806E-03
  -3.524740E-03  -5.527198E-03  -9.144966E-03
  -3.492266E-03  -6.095942E-03   3.519239E-03
  -3.521235E-03   5.830824E-03   2.825309E-04
   8.560614E-03  -8.437923E-05  -4.454813E-04
   7.057758E-03   1.983684E-02   1.501350E-02
   4.413005E-01  -2.935983E-02  -4.004011E-02
  -2.327032E-01   4.153799E-01  -2.430584E-02
  -2.250891E-01  -4.181124E-01   3.156490E-02
  -2.499304E-01  -4.496589E-01   9.054770E-03
  -2.333347E-01   4.568003E-01   3.308285E-02
   4.888774E-01  -4.388142E-03  -2.675664E-02
  -2.015864E-02   4.439289E-03  -2.429316E-03
  -4.106552E-04   2.617913E-03   2.076295E-03
  -1.163862E-03   5.522064E-03   7.432627E-03
  -3.512263E-03  -5.525776E-03  -9.144652E-03
  -3.339203E-03  -5.827334E-03   3.468781E-03
  -3.673810E-03   6.097653E-03   2.869516E-04
   8.560172E-03  -9.834405E-05  -4.425430E-04
   7.062136E-03   1.979798E-02   1.502719E-02
   4.413627E-01  -2.920320E-02  -4.003302E-02
  -2.326870E-01   4.151826E-01  -2.435972E-02
  -2.251641E-01  -4.183967E-01   3.140742E-02
  -2.498418E-01  -4.494711E-01   9.032839E-03
  -2.334571E-01   4.570357E-01   3.309391E-02
   4.889239E-01  -4.444846E-03  -2.677528E-02
  -2.016001E-02   4.449793E-03  -2.383767E-03
  -4.215646E-04   2.614015E-03   2.059619E-03
  -1.227922E-03   5.633911E-03   7.481123E-03
  -3.442529E-03  -5.404853E-03  -9.055079E-03
  -3.410060E-03  -5.958700E-03   3.504806E-03
  -3.602633E-03   5.966922E-03   2.913023E-04
   8.559735E-03  -9.112745E-05  -4.449078E-04
  -6.958696E-03  -1.987887E-02  -1.494890E-02
  -4.412781E-01   2.952641E-02   3.997792E-02
   2.328689E-01  -4.155394E-01   2.425834E-02
   2.248682E-01   4.178323E-01  -3.172254E-02
   2.497578E-01   4.494277E-01  -9.023499E-03
   2.334563E-01  -4.569730E-01  -3.307790E-02
  -4.888160E-01   4.496883E-03   2.674219E-02
   2.013220E-02  -4.428427E-03   2.568139E-03
   3.627486E-04  -2.627215E-03  -2.139220E-03
   1.089080E-03  -5.409113E-03  -7.392012E-03
   3.595509E-03   5.649275E-03   9.236274E-03
   3.420728E-03   5.963233E-03  -3.482906E-03
   3.591639E-03  -5.960292E-03  -2.782625E-04
  -8.561166E-03   9.160800E-05   4.430779E-04
   5.302390E-03   1.926039E-02   1.425839E-02
   4.422446E-01  -3.017562E-02  -3.939390E-02
  -2.341659E-01   4.160126E-01  -2.405341E-02
  -2.238442E-01  -4.173895E-01   3.163240E-02
  -2.488472E-01  -4.487829E-01   9.013520E-03
  -2.344815E-01   4.578101E-01   3.305270E-02
   4.889750E-01  -5.581048E-03  -2.674113E-02
  -1.965219E-02   4.483567E-03  -4.007858E-03
   2.578592E-04   2.709889E-03   2.880778E-03
  -1.233647E-03   5.484606E-03   7.411130E-03
  -3.470476E-03  -5.571378E-03  -9.012717E-03
  -3.455755E-03  -5.919928E-03   3.475318E-03
  -3.560982E-03   6.032248E-03   2.531019E-04
   8.560053E-03  -1.078458E-04  -4.295068E-04
   8.711541E-03   2.041070E-02   1.571928E-02
   4.404083E-01  -2.854282E-02  -4.062321E-02
  -2.313897E-01   4.146891E-01  -2.456082E-02
  -2.261934E-01  -4.188218E-01   3.149064E-02
  -2.507541E-01  -4.500918E-01   9.043356E-03
  -2.324378E-01   4.561825E-01   3.311891E-02
   4.887815E-01  -3.361230E-03  -2.677685E-02
  -2.063844E-02   4.399076E-03  -9.251330E-04
  -1.043136E-03   2.529875E-03   1.314515E-03
  -1.083907E-03   5.556417E-03   7.459433E-03
  -3.566293E-03  -5.483449E-03  -9.277890E-03
  -3.374945E-03  -6.004518E-03   3.512802E-03
  -3.632843E-03   5.897724E-03   3.158535E-04
   8.559894E-03  -7.488098E-05  -4.580895E-04
   6.965736E-03   1.979669E-02   1.497369E-02
   4.413317E-01  -2.934031E-02  -3.998732E-02
  -2.327325E-01   4.153719E-01  -2.430643E-02
  -2.250655E-01  -4.180964E-01   3.156110E-02
  -2.498544E-01  -4.495064E-01   9.029345E-03
  -2.334008E-01   4.569500E-01   3.307292E-02
   4.888666E-01  -4.613551E-03  -2.675058E-02
  -2.013025E-02   4.444467E-03  -2.514927E-03
  -3.728489E-04   2.622435E-03   2.121166E-03
  -1.155447E-03   5.523293E-03   7.437295E-03
  -3.520900E-03  -5.524195E-03  -9.140342E-03
  -3.413434E-03  -5.958221E-03   3.492908E-03
  -3.599073E-03   5.966699E-03   2.880358E-04
   8.561666E-03   7.203385E-05  -4.487823E-04
   7.055688E-03   1.987999E-02   1.500254E-02
   4.413048E-01  -2.938934E-02  -4.002354E-02
  -2.328220E-01   4.153477E-01  -2.431114E-02
  -2.249657E-01  -4.181296E-01   3.156667E-02
  -2.497445E-01  -4.493913E-01   9.026885E-03
  -2.335120E-01   4.570576E-01   3.309926E-02
   4.888701E-01  -4.328027E-03  -2.676670E-02
  -2.016216E-02   4.433944E-03  -2.436722E-03
  -4.114844E-04   2.618746E-03   2.077665E-03
  -1.160560E-03   5.518556E-03   7.435218E-03
  -3.516081E-03  -5.528827E-03  -9.149258E-03
  -3.417275E-03  -5.963651E-03   3.494710E-03
  -3.595132E-03   5.960470E-03   2.814347E-04
   8.559264E-03  -2.547997E-04  -4.392263E-04
   7.006772E-03   1.972107E-02   1.497872E-02
   4.413634E-01  -2.917248E-02  -4.008003E-02
  -2.327330E-01   4.153030E-01  -2.428935E-02
  -2.250953E-01  -4.182365E-01   3.156425E-02
  -2.497003E-01  -4.495623E-01   9.022958E-03
  -2.335983E-01   4.569492E-01   3.311177E-02
   4.889198E-01  -4.437859E-03  -2.677279E-02
  -2.013941E-02   4.443395E-03  -2.417083E-03
  -4.037274E-04   2.616793E-03   2.089179E-03
  -1.161717E-03   5.523221E-03   7.440173E-03
  -3.514965E-03  -5.525670E-03  -9.133881E-03
  -3.547914E-03  -5.871414E-03   3.503588E-03
  -3.466048E-03   6.053869E-03   2.744967E-04
   8.560344E-03  -9.487377E-05  -4.446168E-04
  -7.015025E-03  -1.995552E-02  -1.499731E-02
  -4.412697E-01   2.955702E-02   3.993094E-02
   2.328230E-01  -4.154164E-01   2.432828E-02
   2.249370E-01   4.179900E-01  -3.156368E-02
   2.498969E-01   4.493324E-01  -9.033317E-03
   2.333132E-01  -4.570559E-01  -3.306054E-02
  -4.888174E-01   4.503783E-03   2.674452E-02
   2.015284E-02  -4.434978E-03   2.534732E-03
   3.804830E-04  -2.624303E-03  -2.109753E-03
   1.154168E-03  -5.518461E-03  -7.432405E-03
   3.521891E-03   5.527211E-03   9.155469E-03
   3.282909E-03   6.051139E-03  -3.484051E-03
   3.728120E-03  -5.873917E-03  -2.948684E-04
  -8.560463E-03   8.786754E-05   4.434035E-04
   6.989029E-03   1.981225E-02   1.498455E-02
   4.413439E-01  -2.932140E-02  -3.993389E-02
  -2.328375E-01   4.152835E-01  -2.432274E-02
  -2.249593E-01  -4.182268E-01   3.156183E-02
  -2.498455E-01  -4.494739E-01   9.000798E-03
  -2.334217E-01   4.569841E-01   3.303799E-02
   4.888826E-01  -4.457672E-03  -2.675847E-02
  -2.014000E-02   4.433262E-03  -2.484656E-03
  -3.906330E-04   2.620552E-03   2.103091E-03
  -1.041060E-03   5.588265E-03   7.442035E-03
  -3.638199E-03  -5.442142E-03  -9.132755E-03
  -3.412014E-03  -5.960092E-03   3.491138E-03
  -3.600755E-03   5.964772E-03   2.932280E-04
   8.560438E-03  -8.268685E-05  -4.435216E-04
   7.033001E-03   1.986438E-02   1.499145E-02
   4.412913E-01  -2.940820E-02  -4.007596E-02
  -2.327157E-01   4.154340E-01  -2.429491E-02
  -2.250701E-01  -4.179981E-01   3.156516E-02
  -2.497537E-01  -4.494229E-01   9.055512E-03
  -2.334918E-01   4.570225E-01   3.313447E-02
   4.888523E-01  -4.483843E-03  -2.675878E-02
  -2.015238E-02   4.445216E-03  -2.467025E-03
  -3.934759E-04   2.620581E-03   2.095729E-03
  -1.275118E-03   5.454168E-03   7.430410E-03
  -3.398774E-03  -5.611370E-03  -9.156878E-03
  -3.418710E-03  -5.961727E-03   3.496378E-03
  -3.593450E-03   5.962237E-03   2.763226E-04
   8.560484E-03  -1.000666E-04  -4.445060E-04
   6.828136E-03   2.037362E-02   1.496565E-02
   4.409108E-01  -2.985775E-02  -3.928761E-02
  -2.333654E-01   4.149663E-01  -2.448857E-02
  -2.241954E-01  -4.176711E-01   3.148223E-02
  -2.493478E-01  -4.496363E-01   9.040493E-03
  -2.335426E-01   4.563758E-01   3.292864E-02
   4.883675E-01  -3.999101E-03  -2.669403E-02
  -2.007749E-02   4.557449E-03  -3.196783E-03
  -1.468685E-04   2.640580E-03   2.328287E-03
  -1.149140E-03   5.508943E-03   7.339917E-03
  -3.511329E-03  -5.528967E-03  -9.036169E-03
  -3.385569E-03  -5.966850E-03   3.488209E-03
  -3.615258E-03   5.944215E-03   2.584232E-04
   8.565829E-03  -6.672731E-05  -4.452930E-04
   7.198777E-03   1.933002E-02   1.501632E-02
   4.417077E-01  -2.889987E-02  -4.071444E-02
  -2.321861E-01   4.157472E-01  -2.412916E-02
  -2.258288E-01  -4.185363E-01   3.164462E-02
  -2.502481E-01  -4.492531E-01   9.017580E-03
  -2.333573E-01   4.576136E-01   3.324558E-02
   4.893556E-01  -4.944806E-03  -2.682314E-02
  -2.021905E-02   4.311115E-03  -1.776023E-03
  -6.356726E-04   2.597639E-03   1.873238E-03
  -1.166644E-03   5.532494E-03   7.530050E-03
  -3.525405E-03  -5.524199E-03  -9.256123E-03
  -3.444951E-03  -5.954867E-03   3.499240E-03
  -3.578921E-03   5.982716E-03   3.112602E-04
   8.554925E-03  -1.160103E-04  -4.434124E-04
  -6.149853E-03  -1.945283E-02  -1.508917E-02
  -4.495388E-01   2.888223E-02   4.071708E-02
   2.357108E-01  -4.189106E-01   2.400442E-02
   2.282069E-01   4.220196E-01  -3.139047E-02
   2.509902E-01   4.507127E-01  -9.142877E-03
   2.348549E-01  -4.586835E-01  -3.303586E-02
  -4.916706E-01   4.515510E-03   2.692890E-02
   2.029343E-02  -4.567581E-03   2.027863E-03
   5.231612E-04  -2.747386E-03  -2.013117E-03
   1.249005E-03  -5.556359E-03  -7.369517E-03
   3.574912E-03   5.584150E-03   9.021833E-03
   3.456978E-03   6.061039E-03  -3.495751E-03
   3.621467E-03  -6.061076E-03  -4.824711E-04
  -8.544789E-03   9.096573E-05   4.242048E-04
   7.865826E-03   2.022480E-02   1.488077E-02
   4.330668E-01  -2.984919E-02  -3.930268E-02
  -2.298127E-01   4.117923E-01  -2.459584E-02
  -2.217833E-01  -4.141783E-01   3.171636E-02
  -2.486033E-01  -4.481680E-01   8.923765E-03
  -2.320618E-01   4.553094E-01   3.312039E-02
   4.861008E-01  -4.426722E-03  -2.658964E-02
  -1.999630E-02   4.317060E-03  -2.888062E-03
  -2.678482E-04   2.496022E-03   2.180809E-03
  -1.068800E-03   5.484993E-03   7.496637E-03
  -3.462433E-03  -5.468846E-03  -9.259708E-03
  -3.374802E-03  -5.861474E-03   3.490703E-03
  -3.573197E-03   5.865942E-03   9.116625E-05
   8.574745E-03  -9.177464E-05  -4.635614E-04
   6.941140E-03   1.975199E-02   1.508516E-02
   4.413257E-01  -2.926210E-02  -4.012439E-02
  -2.328246E-01   4.153189E-01  -2.431926E-02
  -2.249934E-01  -4.181426E-01   3.152802E-02
  -2.497738E-01  -4.494493E-01   9.130544E-03
  -2.334596E-01   4.570179E-01   3.308679E-02
   4.888256E-01  -4.433474E-03  -2.675375E-02
  -2.008764E-02   4.448932E-03  -2.503805E-03
  -3.580517E-04   2.641125E-03   2.117309E-03
  -1.157496E-03   5.519994E-03   7.398913E-03
  -3.519271E-03  -5.525908E-03  -9.110812E-03
  -3.413782E-03  -5.961697E-03   3.475826E-03
  -3.597932E-03   5.961322E-03   2.741337E-04
   8.562488E-03  -8.966674E-05  -4.434955E-04
  -7.082736E-03  -1.992609E-02  -1.488954E-02
  -4.412958E-01   2.946877E-02   3.988540E-02
   2.327250E-01  -4.153892E-01   2.429907E-02
   2.250320E-01   4.180735E-01  -3.160122E-02
   2.498200E-01   4.494386E-01  -8.924574E-03
   2.334487E-01  -4.569792E-01  -3.308546E-02
  -4.889009E-01   4.506934E-03   2.676295E-02
   2.020487E-02  -4.429653E-03   2.445538E-03
   4.253831E-04  -2.599850E-03  -2.080770E-03
   1.158343E-03  -5.521830E-03  -7.473641E-03
   3.517439E-03   5.527102E-03   9.179168E-03
   3.416927E-03   5.960013E-03  -3.511897E-03
   3.596264E-03  -5.965680E-03  -2.948520E-04
  -8.558264E-03   9.311886E-05   4.446152E-04
  -7.208694E-03  -2.004210E-02  -1.504320E-02
  -4.420695E-01   2.961510E-02   4.002538E-02
   2.330860E-01  -4.150196E-01   2.482000E-02
   2.250957E-01   4.181227E-01  -3.207681E-02
   2.496144E-01   4.490017E-01  -9.100328E-03
   2.334005E-01  -4.565942E-01  -3.286575E-02
  -4.886891E-01   4.376417E-03   2.675602E-02
   2.054453E-02  -4.664243E-03   2.287117E-03
   4.600136E-04  -2.642979E-03  -2.023445E-03
   1.156075E-03  -5.519838E-03  -7.405379E-03
   3.518090E-03   5.530073E-03   9.069737E-03
   3.420227E-03   5.970578E-03  -3.473639E-03
   3.599327E-03  -5.973674E-03  -2.995647E-04
  -8.540585E-03   9.390760E-05   4.440322E-04
  -6.815187E-03  -1.964215E-02  -1.493881E-02
  -4.405339E-01   2.911523E-02   3.998633E-02
   2.324501E-01  -4.156617E-01   2.381016E-02
   2.249135E-01   4.180763E-01  -3.105981E-02
   2.499686E-01   4.498660E-01  -8.948708E-03
   2.335002E-01  -4.573865E-01  -3.331016E-02
  -4.890255E-01   4.562579E-03   2.675946E-02
   1.975681E-02  -4.215720E-03   2.653771E-03
   3.271099E-04  -2.597402E-03  -2.170623E-03
   1.159620E-03  -5.521535E-03  -7.468786E-03
   3.518733E-03   5.522505E-03   9.221821E-03
   3.410545E-03   5.951150E-03  -3.514371E-03
   3.594966E-03  -5.953338E-03  -2.678924E-04
  -8.579523E-03   8.892273E-05   4.439483E-04
  -6.909451E-03  -1.972532E-02  -1.480672E-02
  -4.412673E-01   2.934577E-02   3.985355E-02
   2.326762E-01  -4.152576E-01   2.429043E-02
   2.249497E-01   4.180652E-01  -3.160504E-02
   2.497336E-01   4.492469E-01  -8.936788E-03
   2.333079E-01  -4.569249E-01  -3.304966E-02
  -4.886230E-01   4.515305E-03   2.673745E-02
   2.013278E-02  -4.488771E-03   2.444922E-03
   3.658230E-04  -2.696233E-03  -2.166225E-03
   1.154053E-03  -5.515185E-03  -7.459333E-03
   3.525496E-03   5.524928E-03   9.169671E-03
   3.413356E-03   5.961041E-03  -3.489555E-03
   3.597648E-03  -5.961283E-03  -2.796303E-04
  -8.558634E-03   9.130398E-05   4.412811E-04
   7.109793E-03   1.995417E-02   1.517080E-02
   4.413710E-01  -2.938910E-02  -4.015422E-02
  -2.328799E-01   4.154648E-01  -2.432639E-02
  -2.250806E-01  -4.181633E-01   3.152174E-02
  -2.498687E-01  -4.496540E-01   9.121231E-03
  -2.336068E-01   4.570841E-01   3.312126E-02
   4.891192E-01  -4.426919E-03  -2.678026E-02
  -2.016047E-02   4.387591E-03  -2.514177E-03
  -4.177649E-04   2.547334E-03   2.033857E-03
  -1.161899E-03   5.526604E-03   7.412454E-03
  -3.511599E-03  -5.528052E-03  -9.119630E-03
  -3.417339E-03  -5.960984E-03   3.497983E-03
  -3.596656E-03   5.965929E-03   2.902251E-04
   8.562437E-03  -9.141579E-05  -4.467603E-04
   6.831138E-03   1.872188E-02   1.502181E-02
   4.411055E-01  -2.846459E-02  -4.048757E-02
  -2.326341E-01   4.152635E-01  -2.527721E-02
  -2.250159E-01  -4.181679E-01   3.240285E-02
  -2.496322E-01  -4.492827E-01   1.023416E-02
  -2.337352E-01   4.572126E-01   3.189296E-02
   4.888403E-01  -4.472749E-03  -2.675548E-02
  -1.997813E-02   4.805720E-03  -1.804274E-03
  -2.834222E-04   2.628078E-03   2.159677E-03
  -1.100100E-03   5.544929E-03   7.938298E-03
  -3.508470E-03  -5.532488E-03  -9.623661E-03
  -3.368720E-03  -5.942912E-03   4.071615E-03
  -3.614822E-03   5.953530E-03  -2.907288E-04
   8.559053E-03  -8.925345E-05  -4.444120E-04
  -7.185325E-03  -2.095736E-02  -1.494713E-02
  -4.415520E-01   3.026483E-02   3.951690E-02
   2.329326E-01  -4.154693E-01   2.333568E-02
   2.250260E-01   4.180681E-01  -3.072562E-02
   2.499827E-01   4.496313E-01  -7.821544E-03
   2.331916E-01  -4.568109E-01  -3.427699E-02
  -4.889111E-01   4.470343E-03   2.676096E-02
   2.031444E-02  -4.066280E-03   3.149196E-03
   4.990358E-04  -2.613009E-03  -2.040996E-03
   1.210103E-03  -5.497670E-03  -6.932325E-03
   3.522735E-03   5.521881E-03   8.666761E-03
   3.456614E-03   5.975538E-03  -2.915278E-03
   3.574055E-03  -5.970058E-03  -8.604091E-04
  -8.560889E-03   9.340230E-05   4.425814E-04
   6.989166E-03   1.974681E-02   1.496153E-02
   4.413585E-01  -2.926182E-02  -4.003891E-02
  -2.327568E-01   4.154346E-01  -2.332458E-02
  -2.250603E-01  -4.181901E-01   3.060900E-02
  -2.497971E-01  -4.494873E-01   9.139963E-03
  -2.334791E-01   4.570803E-01   3.289504E-02
   4.888490E-01  -4.470469E-03  -2.672669E-02
  -2.012087E-02   4.478258E-03  -2.398074E-03
  -3.819818E-04   2.623843E-03   2.104654E-03
  -1.155740E-03   5.516372E-03   7.475797E-03
  -3.525471E-03  -5.535939E-03  -9.175789E-03
  -3.460065E-03  -5.967416E-03   2.741429E-03
  -3.562139E-03   5.973743E-03   1.033082E-03
   8.579428E-03  -9.524441E-05  -4.226217E-04
   7.036145E-03   1.992997E-02   1.501444E-02
   4.413258E-01  -2.946814E-02  -3.997408E-02
  -2.328205E-01   4.153515E-01  -2.528853E-02
  -2.249946E-01  -4.181013E-01   3.251883E-02
  -2.498103E-01  -4.494507E-01   8.919712E-03
  -2.334408E-01   4.569670E-01   3.327535E-02
   4.888650E-01  -4.470271E-03  -2.679172E-02
  -2.017112E-02   4.400457E-03  -2.552824E-03
  -4.022006E-04   2.617017E-03   2.094194E-03
  -1.160129E-03   5.525055E-03   7.395406E-03
  -3.511242E-03  -5.516452E-03  -9.113409E-03
  -3.369673E-03  -5.955320E-03   4.245802E-03
  -3.630901E-03   5.954178E-03  -4.636129E-04
   8.560421E-03  -8.847165E-05  -4.658684E-04
  -7.214234E-03  -1.904317E-02  -1.471825E-02
  -4.412132E-01   2.829741E-02   4.061542E-02
   2.328404E-01  -4.150231E-01   2.433237E-02
   2.252375E-01   4.184065E-01  -3.153621E-02
   2.496674E-01   4.493071E-01  -8.389166E-03
   2.335248E-01  -4.572731E-01  -3.372196E-02
  -4.888394E-01   4.414285E-03   2.675431E-02
   2.003676E-02  -4.811553E-03   1.375342E-03
   4.231023E-04  -2.618999E-03  -2.170316E-03
   1.094895E-03  -5.572482E-03  -8.093388E-03
   3.515474E-03   5.564682E-03   9.755061E-03
   3.397217E-03   5.977999E-03  -3.355278E-03
   3.601157E-03  -6.024812E-03  -4.554334E-04
  -8.563942E-03   9.027422E-05   4.426426E-04
  -6.804547E-03  -2.062958E-02  -1.525962E-02
  -4.414996E-01   3.042880E-02   3.940279E-02
   2.327489E-01  -4.157277E-01   2.428179E-02
   2.248291E-01   4.178529E-01  -3.158939E-02
   2.499321E-01   4.495906E-01  -9.667521E-03
   2.333899E-01  -4.567375E-01  -3.245009E-02
  -4.889135E-01   4.526976E-03   2.676601E-02
   2.025629E-02  -4.070178E-03   3.569407E-03
   3.630191E-04  -2.623207E-03  -2.027196E-03
   1.222261E-03  -5.469567E-03  -6.778028E-03
   3.522126E-03   5.488948E-03   8.533791E-03
   3.433630E-03   5.946620E-03  -3.633681E-03
   3.594066E-03  -5.904875E-03  -1.154781E-04
  -8.556137E-03   9.238362E-05   4.444455E-04
   6.977240E-03   1.945035E-02   1.488299E-02
   4.407535E-01  -2.946425E-02  -4.004215E-02
  -2.325544E-01   4.153194E-01  -2.527720E-02
  -2.246731E-01  -4.177719E-01   3.234533E-02
  -2.497778E-01  -4.493122E-01   9.109801E-03
  -2.336906E-01   4.570630E-01   3.300183E-02
   4.887700E-01  -4.451140E-03  -2.672075E-02
  -2.010287E-02   4.621182E-03  -2.165049E-03
  -3.609476E-04   2.618099E-03   2.171570E-03
  -1.131124E-03   5.530817E-03   7.237424E-03
  -3.395006E-03  -5.553358E-03  -8.938314E-03
  -3.374281E-03  -5.953535E-03   4.046524E-03
  -3.608297E-03   5.935014E-03  -2.846158E-04
   8.550794E-03  -9.271315E-05  -4.400342E-04
   7.038760E-03   2.022306E-02   1.509121E-02
   4.419029E-01  -2.926200E-02  -3.996890E-02
  -2.329967E-01   4.154047E-01  -2.333878E-02
  -2.253507E-01  -4.184626E-01   3.078160E-02
  -2.498377E-01  -4.495921E-01   8.949971E-03
  -2.332400E-01   4.569571E-01   3.316722E-02
   4.889927E-01  -4.491834E-03  -2.679795E-02
  -2.018737E-02   4.257298E-03  -2.788488E-03
  -4.210415E-04   2.623007E-03   2.029163E-03
  -1.189820E-03   5.507373E-03   7.635503E-03
  -3.648042E-03  -5.495214E-03  -9.350462E-03
  -3.456899E-03  -5.968634E-03   2.940768E-03
  -3.586304E-03   5.992281E-03   8.550317E-04
   8.570021E-03  -9.001275E-05  -4.483680E-04
   6.522715E-03   1.812875E-02   1.517536E-02
   4.410922E-01  -2.801110E-02  -4.060018E-02
  -2.324540E-01   4.153487E-01  -2.556933E-02
  -2.249633E-01  -4.181968E-01   3.270838E-02
  -2.495852E-01  -4.492410E-01   1.098862E-02
  -2.338603E-01   4.572648E-01   3.104498E-02
   4.888271E-01  -4.480654E-03  -2.672487E-02
  -1.985257E-02   4.923393E-03  -1.806192E-03
  -1.479092E-04   2.642838E-03   2.167132E-03
  -1.132135E-03   5.518220E-03   7.835132E-03
  -3.558341E-03  -5.509721E-03  -9.507259E-03
  -3.390727E-03  -5.932140E-03   3.872290E-03
  -3.598073E-03   5.925696E-03  -1.120035E-04
   8.559949E-03  -9.161052E-05  -4.255368E-04
   7.487876E-03   2.154907E-02   1.477873E-02
   4.415362E-01  -3.071695E-02  -3.938975E-02
  -2.330876E-01   4.153797E-01  -2.304251E-02
  -2.250559E-01  -4.180335E-01   3.042343E-02
  -2.500356E-01  -4.496600E-01   7.065995E-03
  -2.330721E-01   4.567425E-01   3.512747E-02
   4.889258E-01  -4.462874E-03  -2.679372E-02
  -2.043720E-02   3.940901E-03  -3.152157E-03
  -6.318355E-04   2.598781E-03   2.035524E-03
  -1.177902E-03   5.523035E-03   7.035834E-03
  -3.472377E-03  -5.542444E-03  -8.783593E-03
  -3.439787E-03  -5.982253E-03   3.115361E-03
  -3.596248E-03   5.993598E-03   6.812040E-04
   8.560841E-03  -9.093064E-05  -4.630851E-04
  -7.584136E-03  -2.406553E-02  -1.538799E-02
  -4.422398E-01   3.301262E-02   3.867996E-02
   2.334433E-01  -4.156452E-01   2.214202E-02
   2.246305E-01   4.186170E-01  -2.913696E-02
   2.502026E-01   4.497247E-01  -7.641270E-03
   2.332412E-01  -4.561018E-01  -3.467337E-02
  -4.894067E-01   4.205832E-03   2.680341E-02
   2.080894E-02  -3.593854E-03   4.297711E-03
   7.713403E-04  -2.632272E-03  -1.711829E-03
   1.190372E-03  -5.456951E-03  -6.745186E-03
   3.555615E-03   5.467337E-03   8.593962E-03
   3.408565E-03   6.005572E-03  -3.659354E-03
   3.626456E-03  -5.981067E-03  -2.702573E-04
  -8.530490E-03   9.756209E-05   4.894094E-04
   6.451687E-03   1.566029E-02   1.445998E-02
   4.403300E-01  -2.565403E-02  -4.129459E-02
  -2.320942E-01   4.150443E-01  -2.645765E-02
  -2.253560E-01  -4.175885E-01   3.399758E-02
  -2.493819E-01  -4.491787E-01   1.042029E-02
  -2.336947E-01   4.579276E-01   3.149415E-02
   4.883458E-01  -4.728814E-03  -2.671279E-02
  -1.953669E-02   5.256479E-03  -5.421092E-04
   2.489715E-05   2.577295E-03   2.482917E-03
  -1.127037E-03   5.590670E-03   8.121113E-03
  -3.480671E-03  -5.593216E-03  -9.700128E-03
  -3.422672E-03  -5.920348E-03   3.330441E-03
  -3.566443E-03   5.944567E-03   3.012018E-04
   8.591068E-03  -8.491123E-05  -4.008235E-04
  -6.979081E-03  -2.012855E-02  -1.512218E-02
  -4.416204E-01   2.986268E-02   3.991419E-02
   2.328131E-01  -4.156318E-01   2.355628E-02
   2.250627E-01   4.182709E-01  -3.244406E-02
   2.498089E-01   4.495166E-01  -8.977582E-03
   2.335103E-01  -4.569860E-01  -3.293355E-02
  -4.888639E-01   4.523166E-03   2.804234E-02
   2.020847E-02  -4.340424E-03   2.936052E-03
   3.548084E-04  -2.636572E-03  -2.229146E-03
   1.092279E-03  -5.572000E-03  -8.094404E-03
   3.581210E-03   5.488824E-03   8.516987E-03
   3.413085E-03   5.984448E-03  -3.311332E-03
   3.599978E-03  -5.913144E-03  -9.402077E-05
  -8.498119E-03   1.075258E-04   1.735558E-03
   7.023344E-03   1.955022E-02   1.486490E-02
   4.412058E-01  -2.887173E-02  -4.012060E-02
  -2.328066E-01   4.151324E-01  -2.504766E-02
  -2.250334E-01  -4.180013E-01   3.067633E-02
  -2.498423E-01  -4.494109E-01   9.084965E-03
  -2.334517E-01   4.570600E-01   3.323945E-02
   4.890236E-01  -4.422770E-03  -2.548344E-02
  -2.008894E-02   4.541396E-03  -2.008774E-03
  -4.334559E-04   2.609678E-03   1.969508E-03
  -1.225034E-03   5.470844E-03   6.772204E-03
  -3.456463E-03  -5.566354E-03  -9.772113E-03
  -3.422370E-03  -5.934385E-03   3.676020E-03
  -3.599184E-03   6.010686E-03   4.804148E-04
   8.610390E-03  -7.476954E-05   8.489494E-04
  -6.613251E-03  -2.052685E-02  -1.493852E-02
  -4.414959E-01   3.040137E-02   4.115072E-02
   2.328847E-01  -4.156460E-01   2.430709E-02
   2.249324E-01   4.179632E-01  -3.140334E-02
   2.499013E-01   4.495854E-01  -9.850408E-03
   2.333632E-01  -4.569201E-01  -3.392711E-02
  -4.889877E-01   4.548348E-03   2.636550E-02
   2.018133E-02  -4.037777E-03   3.590865E-03
   1.908091E-04  -2.657785E-03  -2.396961E-03
   1.108131E-03  -5.544590E-03  -7.964141E-03
   3.508317E-03   5.508463E-03   8.615284E-03
   3.394509E-03   5.994856E-03  -3.432172E-03
   3.600878E-03  -5.917071E-03  -1.959815E-04
  -8.510236E-03   1.073825E-04   1.576379E-03
  -7.398780E-03  -1.914839E-02  -1.504251E-02
  -4.412719E-01   2.832763E-02   3.887860E-02
   2.327077E-01  -4.151251E-01   2.430251E-02
   2.251368E-01   4.183159E-01  -3.171718E-02
   2.497204E-01   4.493192E-01  -8.211690E-03
   2.335730E-01  -4.570981E-01  -3.224586E-02
  -4.888126E-01   4.394521E-03   2.715546E-02
   2.011223E-02  -4.843152E-03   1.350435E-03
   5.980352E-04  -2.586118E-03  -1.799839E-03
   1.210699E-03  -5.497791E-03  -6.908106E-03
   3.530829E-03   5.545676E-03   9.672629E-03
   3.444158E-03   5.939385E-03  -3.554462E-03
   3.601672E-03  -6.022846E-03  -3.762814E-04
  -8.611356E-03   7.523346E-05  -6.883998E-04
   7.358005E-03   2.090195E-02   1.423829E-02
   4.414319E-01  -3.011954E-02  -3.912239E-02
  -2.328644E-01   4.154355E-01  -2.405841E-02
  -2.251347E-01  -4.185243E-01   3.203910E-02
  -2.499335E-01  -4.496947E-01   9.116853E-03
  -2.333130E-01   4.568290E-01   3.315385E-02
   4.890218E-01  -4.422640E-03  -2.817236E-02
  -2.047480E-02   3.956430E-03  -3.101129E-03
  -3.057411E-04   2.658051E-03   1.982783E-03
  -1.145722E-03   5.602356E-03   7.329467E-03
  -3.698122E-03  -5.427873E-03  -9.258596E-03
  -3.375485E-03  -5.960921E-03   4.092851E-03
  -3.582153E-03   5.987934E-03   8.776575E-04
   8.552020E-03  -1.060934E-04  -6.118025E-04
  -6.649382E-03  -1.877361E-02  -1.574267E-02
  -4.413017E-01   2.860784E-02   4.090288E-02
   2.327178E-01  -4.153132E-01   2.454178E-02
   2.249222E-01   4.177359E-01  -3.108013E-02
   2.496865E-01   4.492262E-01  -8.943291E-03
   2.336222E-01  -4.572124E-01  -3.301215E-02
  -4.888128E-01   4.522076E-03   2.535180E-02
   1.981875E-02  -4.923364E-03   1.846628E-03
   4.809682E-04  -2.585274E-03  -2.214771E-03
   1.185498E-03  -5.444761E-03  -7.539425E-03
   3.354833E-03   5.631456E-03   9.025606E-03
   3.457665E-03   5.963134E-03  -2.895629E-03
   3.614279E-03  -5.941140E-03   3.043486E-04
  -8.568449E-03   7.654574E-05   2.754368E-04
   7.129970E-03   2.048233E-02   1.524973E-02
   4.411409E-01  -2.985615E-02  -4.028558E-02
  -2.329275E-01   4.147085E-01  -2.456660E-02
  -2.246109E-01  -4.184196E-01   3.127285E-02
  -2.495433E-01  -4.491760E-01   8.939601E-03
  -2.335301E-01   4.567378E-01   3.320290E-02
   4.888019E-01  -4.183405E-03  -2.659627E-02
  -2.022179E-02   4.870837E-03  -1.995015E-03
  -4.650966E-04   2.638262E-03   2.076991E-03
  -1.143684E-03   5.507673E-03   7.518653E-03
  -3.537547E-03  -5.519871E-03  -9.192866E-03
  -3.419277E-03  -5.963375E-03   3.477867E-03
  -3.600879E-03   5.968923E-03   2.631498E-04
   8.546854E-03  -9.662632E-05  -4.494250E-04
  -6.875610E-03  -1.920861E-02  -1.471071E-02
  -4.414673E-01   2.889040E-02   3.970367E-02
   2.326161E-01  -4.159934E-01   2.404667E-02
   2.254049E-01   4.177788E-01  -3.185450E-02
   2.500518E-01   4.497115E-01  -9.112077E-03
   2.333713E-01  -4.572524E-01  -3.296924E-02
  -4.889206E-01   4.758468E-03   2.691992E-02
   2.005567E-02  -4.002305E-03   2.973642E-03
   3.164891E-04  -2.598799E-03  -2.128472E-03
   1.171793E-03  -5.533764E-03  -7.356018E-03
   3.499562E-03   5.532592E-03   9.098728E-03
   3.411293E-03   5.958307E-03  -3.509521E-03
   3.593452E-03  -5.958137E-03  -3.053944E-04
  -8.573853E-03   8.612771E-05   4.385707E-04
  -6.897917E-03  -1.951675E-02  -1.473980E-02
  -4.415024E-01   2.900742E-02   4.006789E-02
   2.327847E-01  -4.153540E-01   2.419081E-02
   2.251632E-01   4.181732E-01  -3.157461E-02
   2.497234E-01   4.493454E-01  -9.061153E-03
   2.334528E-01  -4.570464E-01  -3.299121E-02
  -4.887631E-01   4.482800E-03   2.667835E-02
   2.000389E-02  -4.525600E-03   2.275694E-03
   4.213888E-04  -2.595130E-03  -2.253216E-03
   1.159848E-03  -5.520384E-03  -7.433206E-03
   3.508333E-03   5.532202E-03   9.141206E-03
   3.420986E-03   5.961081E-03  -3.409945E-03
   3.597465E-03  -5.964365E-03  -2.486987E-04
  -8.561149E-03   9.067093E-05   4.334724E-04
  -7.127863E-03  -2.016441E-02  -1.523539E-02
  -4.411121E-01   2.972757E-02   3.994059E-02
   2.327648E-01  -4.153545E-01   2.442874E-02
   2.248576E-01   4.180393E-01  -3.155579E-02
   2.498706E-01   4.495460E-01  -8.994122E-03
   2.334551E-01  -4.569497E-01  -3.318198E-02
  -4.889635E-01   4.457516E-03   2.683865E-02
   2.029141E-02  -4.352290E-03   2.676568E-03
   3.604824E-04  -2.645918E-03  -1.944453E-03
   1.155803E-03  -5.521482E-03  -7.439504E-03
   3.528472E-03   5.520765E-03   9.149009E-03
   3.409596E-03   5.960644E-03  -3.578085E-03
   3.596668E-03  -5.962500E-03  -3.201979E-04
  -8.559798E-03   9.209401E-05   4.547311E-04
