    3,1        1,3                 # harmonic with-HN
   -1.268081922531453e+00
    3,2        1,3    
   -7.445239301260798e-01
    3,3        1,3    
   -5.336248543785980e-01
    3,4        1,3    
    1.803153173179797e-01
    3,5        1,3    
    1.916054955603466e-01
    3,6        1,3    
   -1.870768365339659e-01
    3,7        1,3    
   -7.792183289144734e-02
    3,8        1,3    
    8.137963081096376e-02
    3,9        1,3    
    1.846419603173896e-01
    3,10       1,3    
   -2.345479198071301e-01
    3,1        1,14   
    1.725630906645881e-01
    3,2        1,14   
    2.884151238830793e-01
    3,3        1,14   
    1.447308533298082e-01
    3,4        1,14   
   -3.130419162774875e-02
    3,5        1,14   
    2.046979442917939e-02
    3,6        1,14   
    1.511882370810248e-02
    3,7        1,14   
   -5.892213180124065e-02
    3,8        1,14   
    1.028718319366200e-02
    3,9        1,14   
   -3.897840648900266e-02
    3,10       1,14   
   -1.502550744490305e-01
    5,1        2,1    
    1.196696089911071e-01
    5,1        2,2    
   -1.228105182811217e+00
    8,1        6,1    
    6.591623322093269e-02
    5,1        2,1        1,1     # C2v-planar B2 x A1 <- G8 irred-5 x irred-2 x irred-1
    2.653232235846849e-01
    5,1        2,1        1,2    
   -3.150264611710890e-01
    5,1        2,1        1,3    
    1.077728174492402e+00
    5,1        2,1        1,5    
    2.820305633550531e-01
    5,1        2,1        1,6    
    2.731246338211248e+00
    5,1        2,1        1,7    
   -9.726628968128541e-01
    5,1        2,1        1,8    
   -2.964632392901130e-01
    5,1        2,1        1,9    
    7.965109900175675e-03
    5,1        2,1        1,10   
   -1.855851856080037e-01
    5,1        2,1        1,11   
   -2.253552904922150e-01
    5,1        2,1        1,12   
   -7.090957309902936e-02
    5,1        2,1        1,13   
    4.319952972832139e-02
    5,1        2,1        1,14   
    1.766513571776465e-02
    5,1        2,2        1,1    
    2.317192497180269e-01
    5,1        2,2        1,2    
    1.934040967016947e-01
    5,1        2,2        1,3    
   -3.064622109560899e-01
    5,1        2,2        1,5    
    3.918986996062679e-01
    5,1        2,2        1,6    
   -1.362198632895549e+00
    5,1        2,2        1,7    
    9.349376936293355e-01
    5,1        2,2        1,8    
    5.910106664533191e-01
    5,1        2,2        1,9    
    1.108300605312326e-02
    5,1        2,2        1,10   
    1.709258782285706e-01
    5,1        2,2        1,11   
    1.459878708243031e-01
    5,1        2,2        1,12   
    2.425098809671505e-01
    5,1        2,2        1,13   
   -1.227756771513441e-01
    5,1        2,2        1,14   
    1.725222707583467e-01
    5,1        6,1        4,1     # C2v-planar B1 x A2 <- G8 irred-5 x irred-6 x irred-4
    1.375424483840019e-01
    5,1        6,1        4,2    
   -8.337347994662160e-02
    5,1        6,1        4,3    
    2.671538924552469e-02
    5,1        8,1        7,1     # C2v-planar / C2v-perpendicular A2 x B1 <- G8 irred-5 x irred-8 x irred-7
   -2.107331280429039e-01
    5,1        8,1        7,2    
    9.093308160113715e-02
    5,1        8,1        7,3    
   -3.381818212891194e-02
    5,1        8,1        7,4    
   -7.329803702259843e-02
    5,1        8,1        7,5    
   -2.389349272677573e-01
    5,1        8,1        7,6    
    7.773506795884254e-02
    1,22       3,1               # 1st-scaling bias replacing an irred-1 HN coord
   -1.883857954735495e+00
    1,22       3,2    
    2.467056179643629e+00
    1,22       3,3    
   -1.186032995944318e+00
    1,22       3,4    
    2.771017630346670e-01
    1,22       3,5    
   -3.551589931065688e-01
    1,22       3,6    
   -1.996353451622358e-01
    1,22       3,7    
   -4.227118853313219e-01
    1,22       3,8    
   -1.994723996167497e-01
    1,22       3,9    
    4.971366302998119e-01
    1,22       3,10   
   -1.992794837627265e+00
    1,22       5,1        2,1    
   -8.325326448844239e-03
    1,22       5,1        2,2    
    1.205457792071124e-02
    2,6        5,1               # 1st-scaling bias replacing an irred-2 HN coord
    8.539338075100963e-01
    2,6        5,1        1,1    
    4.006578093006554e-01
    2,6        5,1        1,2    
   -1.465625936286442e-01
    2,6        5,1        1,3    
   -4.706957653175619e-02
    2,6        5,1        1,5    
   -8.323715402157953e-01
    2,6        5,1        1,6    
   -1.229388269096286e+01
    2,6        5,1        1,7    
    3.630251778492718e+00
    2,6        5,1        1,8    
    7.746601850183255e-01
    2,6        5,1        1,9    
   -9.454426093524765e-02
    2,6        5,1        1,10   
   -2.226139124298162e-01
    2,6        5,1        1,11   
   -2.272249808433043e-01
    2,6        5,1        1,12   
    3.730003239957055e-01
    2,6        5,1        1,13   
   -2.780213737226220e-02
    2,6        5,1        1,14   
    2.207112433296483e-02
    1,23       3,1               # 1st-scaling redundancy bias replacing an irred-1 HN coord
    2.041900968947087e+00
    1,23       3,2    
   -3.246736274737745e+00
    1,23       3,3    
    1.759727349531664e+00
    1,23       3,4    
    3.099112650660919e-02
    1,23       3,5    
    2.574450583880385e-01
    1,23       3,6    
   -2.476820693596604e-01
    1,23       3,7    
    3.736094876759482e-01
    1,23       3,8    
    8.264936774711920e-01
    1,23       3,9    
   -4.698753361761888e-01
    1,23       3,10   
    1.881121990638280e+00
    1,23       5,1        2,1    
   -1.066043717478332e-01
    1,23       5,1        2,2    
    1.212838137686613e+00
    3,1        1,18               # 2nd-scaling harmonic with-HN
   -2.016245399128305e-01
    3,2        1,18   
   -5.304208449769210e-01
    3,3        1,18   
    1.754654966769185e-02
    3,4        1,18   
    2.300157674625447e-01
    3,5        1,18   
   -1.881925249183642e-01
    3,6        1,18   
   -4.251707750140679e-01
    3,7        1,18   
   -1.021372586690569e-01
    3,8        1,18   
    3.530909459214833e-01
    3,9        1,18   
    1.019080618505932e-01
    3,10       1,18   
   -1.671361749878268e-01
    3,1        1,19   
    2.824358919663729e-01
    3,2        1,19   
    2.093207286864243e+00
    3,3        1,19   
    1.142810696869993e+00
    3,4        1,19   
    1.039523526955478e-01
    3,5        1,19   
    2.569422153301364e-01
    3,6        1,19   
    4.276074646574462e-01
    3,7        1,19   
   -7.472464903142426e-01
    3,8        1,19   
    6.482504628612457e-01
    3,9        1,19   
    4.965085312542322e-01
    3,10       1,19   
   -1.970743539352237e-01
    5,2        2,3    
   -5.731614768150832e-01
    5,2        2,4    
   -2.352295243851078e+00
    7,8        4,1    
    1.386469751556518e+00
    7,8        4,2    
   -8.816027415286666e-01
    7,8        4,3    
    4.603480556078126e-02
    5,2        2,3        1,1    # 2nd-scaling C2v-planar B2 x A1 <- G8 irred-5 x irred-2 x irred-1
    2.004724019672965e+00
    5,2        2,3        1,2    
   -5.563577256226218e-01
    5,2        2,3        1,18   
   -4.777975491819808e-01
    5,2        2,3        1,19   
   -1.563846308912775e+00
    5,2        2,3        1,5    
    8.800090475375465e-01
    5,2        2,3        1,6    
    1.198843133191372e+01
    5,2        2,3        1,7    
   -6.787036661553061e+00
    5,2        2,3        1,8    
   -2.396766166601677e+00
    5,2        2,3        1,9    
    3.129539864474835e-01
    5,2        2,3        1,10   
   -3.956564779994361e-01
    5,2        2,3        1,11   
   -6.983042266050812e-01
    5,2        2,3        1,12   
   -1.087093519206875e+00
    5,2        2,3        1,13   
    9.517034341356341e-01
    5,2        2,4        1,1    
   -1.219847100260617e+01
    5,2        2,4        1,2    
   -1.120340957452548e+01
    5,2        2,4        1,18   
   -2.822403949665014e+00
    5,2        2,4        1,19   
   -7.415581568833758e+00
    5,2        2,4        1,5    
   -3.224637644469885e+01
    5,2        2,4        1,6    
    2.293777755080842e+01
    5,2        2,4        1,7    
   -3.417819018712216e+01
    5,2        2,4        1,8    
   -2.388257141017744e+01
    5,2        2,4        1,9    
   -1.047694121580838e+00
    5,2        2,4        1,10   
   -1.412820756868063e+01
    5,2        2,4        1,11   
   -1.327814900514609e+01
    5,2        2,4        1,12   
   -9.991457547212757e+00
    5,2        2,4        1,13   
    5.164213554174987e+00
    5,2        8,2        7,1    # 2nd-scaling C2v-planar / C2v-perpendicular A2 x B1 <- G8 irred-5 x irred-8 x irred-7
    3.826285022908746e+00
    5,2        8,2        7,2    
    3.769926656614190e+00
    5,2        8,2        7,3    
    1.109706135033819e+00
    5,2        8,2        7,4    
   -7.141330207741383e-01
    5,2        8,2        7,5    
    5.426910887620157e+00
    5,2        8,2        7,6    
   -1.147841051581485e+01
    5,2        8,2        7,8    
   -3.059562219397101e+01
    1,24       3,1                # 2nd-scaling bias replacing an irred-1 HN coord
    1.933696738106816e+00
    1,24       3,2    
   -4.898261356568351e+00
    1,24       3,3    
    1.620700736849177e-01
    1,24       3,4    
   -3.093410837196208e-01
    1,24       3,5    
   -6.427530320340676e-02
    1,24       3,6    
   -2.495208970481222e-01
    1,24       3,7    
    4.119560735038978e-01
    1,24       3,8    
   -1.803324767816390e-01
    1,24       3,9    
   -3.790247769136514e-01
    1,24       3,10   
    3.045947153767645e+00
    1,24       5,2        2,3    
    9.712017384886147e-01
    1,24       5,2        2,4    
    3.696817656003065e+00
    2,7        5,2               # 2nd-scaling bias replacing an irred-2 HN coord
   -2.715650846647483e-01
    2,7        5,2        1,1    
   -8.313722691416480e-01
    2,7        5,2        1,2    
   -2.301160078691683e-01
    2,7        5,2        1,18   
   -1.073003659660950e-01
    2,7        5,2        1,19   
   -3.557809683664217e+00
    2,7        5,2        1,5    
   -4.058207873789980e+00
    2,7        5,2        1,6    
   -1.913810858861023e+01
    2,7        5,2        1,7    
    7.913551896094429e+00
    2,7        5,2        1,8    
    1.903874435706946e+00
    2,7        5,2        1,9    
   -3.681114735228567e-01
    2,7        5,2        1,10   
   -7.698383926237720e-01
    2,7        5,2        1,11   
   -6.117082893368968e-01
    2,7        5,2        1,12   
    6.849782635976502e-01
    2,7        5,2        1,13   
   -4.723396068721166e-01
