    1,21                                    # 4th-order Morse
    1.528662460718454e+00
    1,21       1,21   
    2.268050298535271e-01
    2,5        2,5    
    3.324452209279870e-01
    1,21       1,21       1,21   
   -3.926646508191681e-01
    2,5        2,5        1,21   
   -1.271072317413013e+00
    1,21       1,21       1,21       1,21   
    1.263883036445667e-01
    2,5        2,5        1,21       1,21   
   -6.608614329263732e-01
    2,5        2,5        2,5        2,5    
    3.327691102598438e-02
    1,22                                    # 1st-scaling bias
   -1.654661264062462e-01
    1,22       1,22   
   -3.919948445329586e-01
    2,6        2,6    
   -3.584639250044340e-01
    1,22       1,1                          # 1st-scaling bias replacing an irred-1 HN coord
    9.167381905775616e-02
    1,22       1,2    
   -5.217565100391714e-03
    1,22       1,3    
   -6.731391938732603e-01
    1,22       1,4    
    2.610642799803929e-01
    1,22       1,5    
    1.031146386270300e-02
    1,22       1,6    
    7.976880027288151e-02
    1,22       1,7    
    8.033163516289497e-03
    1,22       1,8    
    5.201163938124960e-03
    1,22       1,9    
    8.456752871377362e-03
    1,22       1,10   
   -3.293335318258174e-04
    1,22       1,11   
    6.153966516111057e-04
    1,22       1,12   
   -2.703863887953007e-03
    1,22       1,13   
    4.575614052162094e-04
    1,22       1,14   
    1.755721827659587e-01
    2,6        2,1                          # 1st-scaling bias replacing an irred-2 HN coord
   -1.333734616080918e-01
    2,6        2,2    
   -2.930540087426314e-01
    2,6        5,1        3,1    
    1.060893197972904e-01
    2,6        5,1        3,2    
   -9.640685232582219e-02
    2,6        5,1        3,3    
    6.187892883995600e-02
    2,6        5,1        3,4    
    1.568099399259933e-02
    2,6        5,1        3,5    
   -1.826442464739081e-03
    2,6        5,1        3,6    
    5.112077323301435e-02
    2,6        5,1        3,7    
   -3.150388973484220e-03
    2,6        5,1        3,8    
   -4.131942341280810e-03
    2,6        5,1        3,9    
    4.242743207522917e-03
    2,6        5,1        3,10   
    9.702035614538639e-02
    1,23                                    # 1st-scaling redundancy bias
   -3.158509967956296e-02
    1,23       1,23   
   -3.199822529780735e-01
    1,23       1,1                          # 1st-scaling redundancy bias replacing an irred-1 HN coord
   -1.118754928676555e-01
    1,23       1,2    
    8.413331394171653e-03
    1,23       1,3    
    4.440459650340500e-01
    1,23       1,4    
   -3.689380815623278e-01
    1,23       1,5    
   -4.224417476295177e-02
    1,23       1,6    
   -1.688587892691924e-01
    1,23       1,7    
    3.504253954094451e-02
    1,23       1,8    
   -3.516014075022709e-03
    1,23       1,9    
   -8.660854102069158e-03
    1,23       1,10   
    2.990585993508566e-03
    1,23       1,11   
    4.974353705178865e-06
    1,23       1,12   
    6.815860868865863e-03
    1,23       1,13   
    4.573072669564533e-04
    1,23       1,14   
   -2.489474978447452e-01
    1,24                                    # 2nd-scaling bias
   -6.158123605813057e-01
    1,24       1,24   
    5.748613102674493e-02
    2,7        2,7    
    2.214979645714011e-02
    1,18                                    # 2nd-scaling harmonic with-HN
   -1.844044502373924e-01
    1,19   
    1.347447995400822e-01
    1,18       1,1    
    2.088472881848450e-02
    1,18       1,2    
   -6.957724775960963e-04
    1,18       1,18   
    2.351503907760920e-01
    1,18       1,19   
    1.154116281787416e-01
    1,18       1,5    
   -1.605773974519410e-02
    1,18       1,6    
   -4.311728123016322e-02
    1,18       1,7    
    3.518536869664489e-02
    1,18       1,8    
    3.221567894026708e-03
    1,18       1,9    
    1.982570447790447e-03
    1,18       1,10   
    9.227975773772528e-04
    1,18       1,11   
   -1.823118932447572e-03
    1,18       1,12   
    1.963903057996379e-03
    1,18       1,13   
    9.352465100223013e-04
    1,19       1,1    
    6.546002541915331e-02
    1,19       1,2    
   -4.339008081624183e-02
    1,19       1,19   
    1.553584682663012e-01
    1,19       1,5    
    1.971396716302218e-02
    1,19       1,6    
    1.947951727788732e-02
    1,19       1,7    
   -1.327684811886372e-01
    1,19       1,8    
   -3.854096924293650e-02
    1,19       1,9    
   -1.372791892638156e-02
    1,19       1,10   
   -1.829680274814527e-02
    1,19       1,11   
   -4.631388670266092e-02
    1,19       1,12   
   -5.553324066684058e-03
    1,19       1,13   
   -1.865619098748545e-02
    2,3        2,3    
   -2.178610465653073e-01
    2,4        2,3    
   -1.166440282851851e-01
    2,4        2,4    
    8.368439855721449e-02
    3,14       3,1    
    3.208126069102653e-02
    3,14       3,2    
   -5.169843656614693e-02
    3,14       3,3    
    8.077652017909934e-02
    3,14       3,4    
   -2.924625815704533e-03
    3,14       3,5    
   -1.314009802435330e-03
    3,14       3,6    
   -4.603306520783383e-02
    3,14       3,7    
    2.553615861026123e-03
    3,14       3,8    
   -5.374451548751233e-03
    3,14       3,9    
   -3.775264748415390e-03
    3,14       3,10   
   -3.371660701368157e-02
    3,14       3,14   
    4.685603076894924e-02
    7,8        7,1    
   -1.315009988515807e-03
    7,8        7,2    
    7.268683978804929e-04
    7,8        7,3    
   -7.575458895201254e-04
    7,8        7,4    
    3.196583696562689e-04
    7,8        7,5    
    4.220211962728805e-04
    7,8        7,6    
   -3.571918836342065e-03
    7,8        7,8    
    3.296884890373775e-02
    5,2        2,3        3,1               # 2nd-scaling C2v-planar B2 x B2 <- G8 irred-5 x irred-2 x irred-3
    2.929070791492309e-02
    5,2        2,3        3,2    
   -5.243696225047318e-02
    5,2        2,3        3,3    
    5.136371803984532e-02
    5,2        2,3        3,4    
   -1.814551207087454e-03
    5,2        2,3        3,5    
   -1.192334830224023e-03
    5,2        2,3        3,6    
    1.230161957066178e-02
    5,2        2,3        3,7    
    2.154510841748914e-03
    5,2        2,3        3,8    
    2.430071249828029e-03
    5,2        2,3        3,9    
   -2.033114740865878e-03
    5,2        2,3        3,10   
    8.312842581579953e-03
    5,2        2,4        3,1    
   -2.826230158646408e-01
    5,2        2,4        3,2    
    4.908672706820680e-02
    5,2        2,4        3,3    
    1.300062530116348e-02
    5,2        2,4        3,4    
    2.995524415790139e-02
    5,2        2,4        3,5    
   -1.987995185246529e-02
    5,2        2,4        3,6    
   -4.106213498800899e-02
    5,2        2,4        3,7    
    2.852044507007833e-02
    5,2        2,4        3,8    
    9.232343519687179e-02
    5,2        2,4        3,9    
   -3.538070150653894e-02
    5,2        2,4        3,10   
   -1.789168909953044e-01
    5,2        8,2        4,1               # 2nd-scaling C2v-planar / C2v-perpendicular A2 x A2 <- G8 irred-4 x irred-5 x irred-8
    1.250092291943464e-01
    5,2        8,2        4,2    
   -7.404090802961449e-02
    5,2        8,2        4,3    
   -4.779956433566569e-02
    8,2        8,2                          # 2nd-scaling NH2 rotation
   -1.208586587607496e-02
    1,24       1,1                          # 2nd-scaling bias replacing an irred-1 HN coord
    4.451428322042846e-02
    1,24       1,2    
   -6.682672818453420e-03
    1,24       1,18   
    3.602692237655973e-01
    1,24       1,19   
    4.177469149647232e-02
    1,24       1,5    
    3.313391017430323e-02
    1,24       1,6    
   -2.009428586757270e-02
    1,24       1,7    
    2.952856920574375e-02
    1,24       1,8    
    2.955092491038573e-03
    1,24       1,9    
   -2.280015060981057e-03
    1,24       1,10   
   -2.851163661648240e-03
    1,24       1,11   
   -1.152208422121811e-02
    1,24       1,12   
    3.605218828567111e-04
    1,24       1,13   
    1.542573129775147e-04
    2,7        2,3                          # 2nd-scaling bias replacing an irred-2 HN coord
    4.438508465428695e-01
    2,7        2,4    
   -9.347442211584589e-02
    2,7        5,2        3,1    
    3.835288307146823e-02
    2,7        5,2        3,2    
    8.165727541515467e-03
    2,7        5,2        3,3    
    1.802923384549697e-02
    2,7        5,2        3,4    
    1.080363054588135e-02
    2,7        5,2        3,5    
    6.234496334303207e-03
    2,7        5,2        3,6    
    3.618705015961066e-02
    2,7        5,2        3,7    
   -5.159215679141887e-03
    2,7        5,2        3,8    
    4.813378348202420e-03
    2,7        5,2        3,9    
    9.650674997536128e-03
    2,7        5,2        3,10   
   -1.212285622473559e-03
bias
    8.672758309965535e-01
