 N     7.0   -4.37059474   -0.09247971   -0.01282780   14.00307401
 C     6.0   -1.77167755   -0.11338687   -0.01181635   12.00000000
 C     6.0   -0.44821206   -0.06666051   -2.36167533   12.00000000
 C     6.0   -0.45006547   -0.06963463    2.33914276   12.00000000
 C     6.0    2.20979809   -0.00303491   -2.32890175   12.00000000
 C     6.0    2.20796966   -0.00596894    2.30854569   12.00000000
 C     6.0    3.51458881    0.02348478   -0.00964552   12.00000000
 H     1.0   -5.27207086   -0.45161161   -1.67837497    1.00782504
 H     1.0   -5.27338376   -0.45371840    1.65155222    1.00782504
 H     1.0   -1.48313034   -0.07499082   -4.09908945    1.00782504
 H     1.0   -1.48635345   -0.08016287    4.07572833    1.00782504
 H     1.0    3.24460125    0.02479932   -4.06832680    1.00782504
 H     1.0    3.24140087    0.01966375    4.04882002    1.00782504
 H     1.0    5.54237792    0.07343389   -0.00881442    1.00782504
