    9,3        9,4        9,7        9,7    # C out of NH2
    1.880083975377197e-03
    9,3        9,4        9,7        9,7        9,7        9,7    
    1.106929901459353e-02
    9,3        9,4        9,7        9,7        9,7        9,7        9,7        9,7    
    4.159343709602581e-03
    9,3        9,4        9,7        9,7        9,7        9,7        9,7        9,7        9,7        9,7    
    2.363695742957361e-02
    9,3        9,4        9,7        9,7        9,7        9,7        9,7        9,7        9,7        9,7        9,7        9,7    
    9.413089878421488e-03
    9,3        9,4        9,7        9,7        9,7        9,7        9,7        9,7        9,7        9,7        9,7        9,7        9,7        9,7    
   -1.692446659762936e-02
    9,3        9,4        9,7        9,7        9,7        9,7        9,7        9,7        9,7        9,7        9,7        9,7        9,7        9,7        9,7        9,7    
   -3.325212628067220e-02
    9,3        9,4        9,7        9,7        9,7        9,7        9,7        9,7        9,7        9,7        9,7        9,7        9,7        9,7        9,7        9,7        9,7        9,7    
   -2.714404389587344e-02
    9,3        9,4        9,7        9,7        9,7        9,7        9,7        9,7        9,7        9,7        9,7        9,7        9,7        9,7        9,7        9,7        9,7        9,7        9,7        9,7    
    6.139979861075062e-03
    9,3        9,4        9,7        9,7        9,7        9,7        9,7        9,7        9,7        9,7        9,7        9,7        9,7        9,7        9,7        9,7        9,7        9,7        9,7        9,7        9,7        9,7    
    6.670250495454866e-02
bias
    0.241593866
