  -9.855563E-03  -4.467765E-03   5.478982E-02
  -8.059795E-03  -7.703219E-02  -2.430052E-01
  -1.744313E-01  -5.204586E-02   8.152392E-02
   1.694676E-01  -2.305103E-02   1.069459E-01
   1.702351E-01   1.072945E-03   1.043616E-01
  -1.690939E-01  -3.767122E-03   8.650472E-02
   8.002971E-03   3.246552E-02  -2.152464E-01
   3.456410E-02   1.087696E-01   7.464967E-02
   1.671799E-02   3.475827E-02  -6.736249E-02
  -2.751339E-03   1.283943E-02   1.231045E-03
   2.188463E-03   1.334596E-02   2.911066E-03
   3.019963E-03  -5.606131E-04   1.873550E-03
  -3.774145E-03  -2.857998E-03   2.673826E-03
  -5.195930E-04   5.544332E-03  -2.048846E-03
   1.012586E-02   5.910163E-03  -6.280929E-02
   6.413717E-03   7.209691E-02   3.115847E-01
   2.236197E-01   5.150223E-02  -1.106233E-01
  -2.188976E-01   1.982062E-02  -1.359324E-01
  -2.202283E-01  -1.816350E-03  -1.320471E-01
   2.191100E-01   3.887871E-03  -1.139310E-01
  -7.849841E-03  -3.150158E-02   2.775302E-01
  -3.320602E-02  -1.066736E-01  -7.189175E-02
  -1.525152E-02  -3.014119E-02   6.292775E-02
   3.312993E-03  -1.195565E-02  -1.876719E-03
  -2.822239E-03  -1.286365E-02  -3.429392E-03
  -4.000854E-03   4.813975E-04  -2.548501E-03
   4.775868E-03   3.096903E-03  -3.363175E-03
   5.242427E-04  -5.233680E-03   2.517147E-03
  -1.076124E-02  -4.104064E-03   5.174172E-02
  -7.709582E-03  -7.934312E-02  -2.128044E-01
  -1.511415E-01  -5.222700E-02   6.815429E-02
   1.453462E-01  -2.451975E-02   9.437718E-02
   1.475906E-01   1.330474E-03   9.065238E-02
  -1.460162E-01  -3.092168E-03   7.226814E-02
   8.093544E-03   3.381251E-02  -1.858553E-01
   3.513024E-02   1.090747E-01   7.524911E-02
   1.734081E-02   3.632696E-02  -6.856630E-02
  -2.427933E-03   1.314899E-02   9.456897E-04
   1.839886E-03   1.357599E-02   2.604296E-03
   2.546127E-03  -6.978115E-04   1.619215E-03
  -3.358930E-03  -2.891008E-03   2.444272E-03
  -5.421450E-04   5.650167E-03  -1.703958E-03
   9.045582E-03   6.597367E-03  -6.760930E-02
   6.174668E-03   6.675496E-02   3.645337E-01
   2.642584E-01   5.009785E-02  -1.344084E-01
  -2.607460E-01   1.659171E-02  -1.579992E-01
  -2.600208E-01  -1.634401E-03  -1.558928E-01
   2.593687E-01   4.789402E-03  -1.387670E-01
  -7.522429E-03  -2.904793E-02   3.289407E-01
  -3.151891E-02  -1.036886E-01  -6.910593E-02
  -1.378323E-02  -2.633194E-02   5.907761E-02
   3.853081E-03  -1.109373E-02  -2.398508E-03
  -3.415139E-03  -1.219650E-02  -3.926844E-03
  -4.822704E-03   2.615982E-04  -3.006766E-03
   5.514549E-03   3.052865E-03  -3.767288E-03
   4.835666E-04  -4.925326E-03   3.096832E-03
  -9.665364E-03  -5.046881E-03   6.028181E-02
  -7.313244E-03  -7.305408E-02  -2.824570E-01
  -2.000292E-01  -5.222792E-02   9.803374E-02
   1.951201E-01  -2.197562E-02   1.236349E-01
   1.966154E-01   1.701196E-03   1.190592E-01
  -1.957252E-01  -3.655677E-03   1.011770E-01
   7.911144E-03   3.224879E-02  -2.494306E-01
   3.354913E-02   1.079952E-01   7.302764E-02
   1.589966E-02   3.222506E-02  -6.494761E-02
  -3.031416E-03   1.226991E-02   1.488678E-03
   2.496507E-03   1.315812E-02   3.194133E-03
   3.580914E-03  -5.215709E-04   2.246969E-03
  -4.333324E-03  -3.023082E-03   3.067964E-03
  -5.242636E-04   5.358050E-03  -2.267992E-03
   1.044415E-02   5.210104E-03  -5.678268E-02
   7.220361E-03   7.680890E-02   2.665221E-01
   1.939800E-01   5.154635E-02  -9.160225E-02
  -1.890859E-01   2.129708E-02  -1.169229E-01
  -1.896978E-01  -1.188623E-03  -1.151435E-01
   1.883134E-01   3.941535E-03  -9.696811E-02
  -7.984788E-03  -3.199326E-02   2.382773E-01
  -3.446561E-02  -1.079641E-01  -7.396493E-02
  -1.627477E-02  -3.320317E-02   6.592602E-02
   2.984283E-03  -1.263652E-02  -1.565185E-03
  -2.458464E-03  -1.314372E-02  -3.103312E-03
  -3.355517E-03   5.402820E-04  -2.113610E-03
   4.139389E-03   2.937654E-03  -2.914329E-03
   5.228916E-04  -5.464915E-03   2.264860E-03
   1.004735E-02   5.129553E-03  -5.848540E-02
   7.279648E-03   7.492337E-02   2.744600E-01
   1.970868E-01   5.187747E-02  -9.483378E-02
  -1.922015E-01   2.164429E-02  -1.202839E-01
  -1.931979E-01  -1.390653E-03  -1.171005E-01
   1.920828E-01   3.846930E-03  -9.908275E-02
  -7.980108E-03  -3.224848E-02   2.437199E-01
  -3.400666E-02  -1.079570E-01  -7.348298E-02
  -1.608776E-02  -3.272419E-02   6.543354E-02
   3.010684E-03  -1.246834E-02  -1.526756E-03
  -2.478076E-03  -1.316144E-02  -3.149439E-03
  -3.466208E-03   5.402084E-04  -2.182087E-03
   4.236666E-03   2.984860E-03  -2.991267E-03
   5.339914E-04  -5.381877E-03   2.362489E-03
   1.002542E-02   5.140312E-03  -5.849522E-02
   7.289269E-03   7.492411E-02   2.743157E-01
   1.969521E-01   5.190343E-02  -9.472642E-02
  -1.920480E-01   2.167005E-02  -1.202049E-01
  -1.930726E-01  -1.501475E-03  -1.170879E-01
   1.919147E-01   3.735246E-03  -9.905048E-02
  -7.916664E-03  -3.199354E-02   2.438701E-01
  -3.401137E-02  -1.079906E-01  -7.351016E-02
  -1.608727E-02  -3.273878E-02   6.546037E-02
   3.006345E-03  -1.244536E-02  -1.530761E-03
  -2.479881E-03  -1.313833E-02  -3.149372E-03
  -3.467522E-03   5.227379E-04  -2.176784E-03
   4.232204E-03   2.968953E-03  -2.987981E-03
   5.130555E-04  -5.443792E-03   2.173854E-03
   1.008600E-02   5.109735E-03  -5.844647E-02
   7.282957E-03   7.498852E-02   2.740079E-01
   1.966853E-01   5.191144E-02  -9.463477E-02
  -1.918042E-01   2.169812E-02  -1.200774E-01
  -1.927423E-01  -1.520762E-03  -1.168656E-01
   1.916179E-01   3.702778E-03  -9.883875E-02
  -7.940187E-03  -3.212303E-02   2.434137E-01
  -3.402090E-02  -1.079630E-01  -7.350759E-02
  -1.610102E-02  -3.275256E-02   6.546848E-02
   3.009090E-03  -1.247489E-02  -1.523707E-03
  -2.471678E-03  -1.316618E-02  -3.146678E-03
  -3.521315E-03   5.653525E-04  -2.208886E-03
   4.286552E-03   3.020104E-03  -3.028439E-03
   5.249011E-04  -5.393659E-03   2.260320E-03
   9.987425E-03   5.159692E-03  -5.853487E-02
   7.285262E-03   7.485936E-02   2.747722E-01
   1.973572E-01   5.186904E-02  -9.492681E-02
  -1.924484E-01   2.161558E-02  -1.204116E-01
  -1.935313E-01  -1.371127E-03  -1.173244E-01
   1.923829E-01   3.879277E-03  -9.929547E-02
  -7.957009E-03  -3.212056E-02   2.441808E-01
  -3.399719E-02  -1.079849E-01  -7.348564E-02
  -1.607396E-02  -3.270998E-02   6.542546E-02
   3.007978E-03  -1.243888E-02  -1.533866E-03
  -2.486292E-03  -1.313374E-02  -3.152241E-03
  -3.413061E-03   4.982208E-04  -2.150051E-03
   4.182838E-03   2.934710E-03  -2.951173E-03
   5.223820E-04  -5.431600E-03   2.274734E-03
  -1.012087E-02  -5.059489E-03   5.816762E-02
  -7.355972E-03  -7.520421E-02  -2.714830E-01
  -1.947574E-01  -5.230025E-02   9.339101E-02
   1.897813E-01  -2.219806E-02   1.190016E-01
   1.909299E-01   1.508578E-03   1.158762E-01
  -1.897577E-01  -3.696050E-03   9.779166E-02
   7.950582E-03   3.226031E-02  -2.410472E-01
   3.409171E-02   1.080876E-01   7.367292E-02
   1.617342E-02   3.293855E-02  -6.568689E-02
  -3.018091E-03   1.276862E-02   1.575909E-03
   2.512509E-03   1.345582E-02   3.164332E-03
   3.425235E-03  -5.573299E-04   2.149165E-03
  -4.194278E-03  -2.987680E-03   2.966618E-03
  -5.213677E-04   5.376763E-03  -2.234783E-03
   9.951326E-03   5.211062E-03  -5.881651E-02
   7.210843E-03   7.463861E-02   2.773385E-01
   1.993179E-01   5.148180E-02  -9.619272E-02
  -1.945046E-01   2.111580E-02  -1.215075E-01
  -1.953765E-01  -1.383100E-03  -1.183307E-01
   1.942755E-01   3.887033E-03  -1.003602E-01
  -7.946061E-03  -3.198166E-02   2.465869E-01
  -3.392357E-02  -1.078541E-01  -7.331591E-02
  -1.599959E-02  -3.251972E-02   6.520213E-02
   2.999233E-03  -1.214831E-02  -1.481120E-03
  -2.445704E-03  -1.284725E-02  -3.134124E-03
  -3.509198E-03   5.057487E-04  -2.210282E-03
   4.275238E-03   2.966562E-03  -3.013123E-03
   5.258630E-04  -5.448266E-03   2.300821E-03
  -1.020970E-02  -5.567569E-03   5.645422E-02
  -7.427759E-03  -7.631555E-02  -2.482029E-01
  -1.765927E-01  -5.312132E-02   8.255005E-02
   1.714379E-01  -2.322151E-02   1.090486E-01
   1.727935E-01   1.270609E-03   1.056613E-01
  -1.713721E-01  -3.644762E-03   8.704470E-02
   8.175094E-03   3.295277E-02  -2.189013E-01
   3.490707E-02   1.095792E-01   7.484841E-02
   1.656066E-02   3.423563E-02  -6.695156E-02
  -2.745782E-03   1.294165E-02   1.308052E-03
   2.207722E-03   1.347388E-02   2.905810E-03
   3.080248E-03  -5.910353E-04   1.949481E-03
  -3.872859E-03  -2.941954E-03   2.770184E-03
  -5.361429E-04   5.585354E-03  -1.978882E-03
  -9.824552E-03  -4.846667E-03   6.089334E-02
  -7.031757E-03  -7.279328E-02  -3.065206E-01
  -2.221465E-01  -5.046813E-02   1.097602E-01
   2.175786E-01  -1.970927E-02   1.340338E-01
   2.181763E-01   1.627013E-03   1.311812E-01
  -2.173249E-01  -4.013421E-03   1.138125E-01
   7.680844E-03   3.104916E-02  -2.743975E-01
   3.290260E-02   1.058232E-01   7.169042E-02
   1.543587E-02   3.074626E-02  -6.336101E-02
  -3.333053E-03   1.186652E-02   1.806301E-03
   2.815991E-03   1.274289E-02   3.438381E-03
   3.940697E-03  -4.495906E-04   2.464379E-03
  -4.678231E-03  -3.017411E-03   3.257917E-03
  -5.074044E-04   5.198248E-03  -2.622664E-03
   9.967495E-03   4.642098E-03  -5.543658E-02
   7.663124E-03   7.693016E-02   2.559294E-01
   1.860599E-01   5.149443E-02  -8.814021E-02
  -1.813093E-01   2.186452E-02  -1.128903E-01
  -1.817414E-01  -1.453923E-03  -1.094932E-01
   1.803375E-01   3.506452E-03  -9.164903E-02
  -8.009019E-03  -3.168717E-02   2.267733E-01
  -3.433205E-02  -1.081070E-01  -7.419399E-02
  -1.642525E-02  -3.395458E-02   6.660088E-02
   2.909614E-03  -1.264408E-02  -1.391191E-03
  -2.320823E-03  -1.313161E-02  -3.085667E-03
  -3.201785E-03   5.090854E-04  -1.976873E-03
   3.964492E-03   2.845356E-03  -2.768592E-03
   5.422510E-04  -5.494761E-03   2.168909E-03
  -1.003971E-02  -5.714717E-03   6.204117E-02
  -6.873494E-03  -7.259825E-02  -2.960376E-01
  -2.099477E-01  -5.223501E-02   1.026846E-01
   2.049602E-01  -2.122497E-02   1.287930E-01
   2.066899E-01   1.455558E-03   1.260518E-01
  -2.058307E-01  -4.115176E-03   1.078546E-01
   7.883412E-03   3.245385E-02  -2.638735E-01
   3.358017E-02   1.077079E-01   7.263137E-02
   1.565018E-02   3.120823E-02  -6.401174E-02
  -3.133511E-03   1.221845E-02   1.690795E-03
   2.664164E-03   1.314084E-02   3.236385E-03
   3.780233E-03  -5.403095E-04   2.417342E-03
  -4.551940E-03  -3.120291E-03   3.245217E-03
  -5.040790E-04   5.308152E-03  -2.388907E-03
   1.024626E-02   4.610767E-03  -5.580700E-02
   7.492132E-03   7.720378E-02   2.580307E-01
   1.871342E-01   5.151715E-02  -8.908660E-02
  -1.822591E-01   2.176570E-02  -1.136670E-01
  -1.825494E-01  -1.483568E-03  -1.102127E-01
   1.810880E-01   3.497450E-03  -9.238194E-02
  -7.972050E-03  -3.187021E-02   2.289007E-01
  -3.438447E-02  -1.081610E-01  -7.421416E-02
  -1.641341E-02  -3.382039E-02   6.653779E-02
   2.934036E-03  -1.265032E-02  -1.414438E-03
  -2.337514E-03  -1.316982E-02  -3.133975E-03
  -3.201628E-03   5.206756E-04  -2.034897E-03
   3.947436E-03   2.874349E-03  -2.813894E-03
   5.296987E-04  -5.496091E-03   2.198855E-03
  -9.776239E-03  -5.712698E-03   6.147369E-02
  -7.055273E-03  -7.245262E-02  -2.923345E-01
  -2.077596E-01  -5.223679E-02   1.010528E-01
   2.028670E-01  -2.141926E-02   1.273568E-01
   2.047818E-01   1.415516E-03   1.246594E-01
  -2.039712E-01  -4.112927E-03   1.064451E-01
   7.916212E-03   3.232034E-02  -2.602217E-01
   3.356556E-02   1.077117E-01   7.267999E-02
   1.570353E-02   3.146468E-02  -6.418817E-02
  -3.094718E-03   1.223655E-02   1.652180E-03
   2.631086E-03   1.311887E-02   3.174926E-03
   3.761789E-03  -5.333170E-04   2.339245E-03
  -4.552064E-03  -3.088674E-03   3.179950E-03
  -5.171669E-04   5.318555E-03  -2.340929E-03
   1.004472E-02   5.147211E-03  -5.862433E-02
   7.262966E-03   7.490130E-02   2.756472E-01
   1.979647E-01   5.186865E-02  -9.533916E-02
  -1.930581E-01   2.159622E-02  -1.207442E-01
  -1.940931E-01  -1.475928E-03  -1.175667E-01
   1.929596E-01   3.740201E-03  -9.954551E-02
  -7.938626E-03  -3.211826E-02   2.450112E-01
  -3.399479E-02  -1.079487E-01  -7.345546E-02
  -1.606712E-02  -3.265088E-02   6.537559E-02
   3.022626E-03  -1.244222E-02  -1.539027E-03
  -2.491710E-03  -1.314549E-02  -3.160978E-03
  -3.467637E-03   5.356822E-04  -2.270287E-03
   4.207571E-03   3.004415E-03  -3.067403E-03
   5.214294E-04  -5.392219E-03   2.277289E-03
   1.002839E-02   5.121945E-03  -5.835342E-02
   7.306343E-03   7.494877E-02   2.731023E-01
   1.960541E-01   5.191275E-02  -9.421043E-02
  -1.911710E-01   2.171979E-02  -1.197339E-01
  -1.921573E-01  -1.415883E-03  -1.166092E-01
   1.910182E-01   3.841709E-03  -9.857504E-02
  -7.958973E-03  -3.212788E-02   2.425555E-01
  -3.402369E-02  -1.079992E-01  -7.353843E-02
  -1.610850E-02  -3.281347E-02   6.551973E-02
   2.994111E-03  -1.247206E-02  -1.518238E-03
  -2.466058E-03  -1.315471E-02  -3.137520E-03
  -3.465090E-03   5.279687E-04  -2.089402E-03
   4.260397E-03   2.950140E-03  -2.912104E-03
   5.258230E-04  -5.432755E-03   2.257403E-03
   1.001868E-02   5.096395E-03  -5.849939E-02
   7.295413E-03   7.473563E-02   2.748174E-01
   1.973993E-01   5.194236E-02  -9.506092E-02
  -1.924932E-01   2.171852E-02  -1.205119E-01
  -1.935656E-01  -1.430308E-03  -1.173287E-01
   1.924138E-01   3.819567E-03  -9.929175E-02
  -7.934308E-03  -3.211816E-02   2.442473E-01
  -3.397916E-02  -1.079157E-01  -7.345090E-02
  -1.607768E-02  -3.270622E-02   6.540905E-02
   3.067637E-03  -1.248020E-02  -1.479747E-03
  -2.532875E-03  -1.317453E-02  -3.083440E-03
  -3.474525E-03   5.345141E-04  -2.182514E-03
   4.239029E-03   2.977565E-03  -2.997519E-03
   5.225114E-04  -5.415346E-03   2.273244E-03
   1.005480E-02   5.173019E-03  -5.847966E-02
   7.272522E-03   7.511541E-02   2.739373E-01
   1.966231E-01   5.183879E-02  -9.449026E-02
  -1.917379E-01   2.159686E-02  -1.199678E-01
  -1.926885E-01  -1.461010E-03  -1.168499E-01
   1.915663E-01   3.763074E-03  -9.883120E-02
  -7.963043E-03  -3.212657E-02   2.433208E-01
  -3.403955E-02  -1.080343E-01  -7.354451E-02
  -1.609791E-02  -3.275823E-02   6.548703E-02
   2.948822E-03  -1.243435E-02  -1.577049E-03
  -2.424806E-03  -1.312640E-02  -3.214857E-03
  -3.458875E-03   5.288638E-04  -2.176295E-03
   4.229557E-03   2.976652E-03  -2.981488E-03
   5.248056E-04  -5.409914E-03   2.261591E-03
  -9.355136E-03  -5.141450E-03   5.822407E-02
  -7.729007E-03  -7.541347E-02  -2.678217E-01
  -1.921325E-01  -5.367295E-02   9.070549E-02
   1.862193E-01  -2.035448E-02   1.179314E-01
   1.880979E-01   5.837559E-04   1.144463E-01
  -1.863240E-01  -2.727038E-03   9.571843E-02
   7.568794E-03   3.231723E-02  -2.373658E-01
   3.409976E-02   1.081026E-01   7.358880E-02
   1.627810E-02   3.330849E-02  -6.575445E-02
  -2.937155E-03   1.291793E-02   1.516021E-03
   2.420444E-03   1.281032E-02   3.069191E-03
   3.397810E-03  -5.218695E-04   2.117078E-03
  -4.131461E-03  -3.050478E-03   2.965538E-03
  -5.071806E-04   5.423339E-03  -2.163424E-03
   1.077631E-02   5.074244E-03  -5.845608E-02
   6.844869E-03   7.465240E-02   2.780758E-01
   1.996215E-01   5.013448E-02  -9.762974E-02
  -1.957402E-01   2.307353E-02  -1.213097E-01
  -1.958892E-01  -2.304092E-03  -1.184150E-01
   1.954225E-01   4.804795E-03  -1.011017E-01
  -8.359256E-03  -3.197715E-02   2.473835E-01
  -3.397539E-02  -1.079025E-01  -7.349428E-02
  -1.595705E-02  -3.231936E-02   6.528822E-02
   3.051413E-03  -1.202858E-02  -1.512247E-03
  -2.506774E-03  -1.350646E-02  -3.203891E-03
  -3.491980E-03   5.483280E-04  -2.216841E-03
   4.296201E-03   2.899993E-03  -2.988505E-03
   5.413605E-04  -5.411736E-03   2.339650E-03
   1.073534E-02   4.938670E-03  -5.805156E-02
   6.000796E-03   7.501246E-02   2.726959E-01
   1.963370E-01   5.105896E-02  -9.503685E-02
  -1.905238E-01   2.261739E-02  -1.190930E-01
  -1.925134E-01  -1.610179E-03  -1.162310E-01
   1.903890E-01   3.916976E-03  -9.855287E-02
  -7.320508E-03  -3.214729E-02   2.423720E-01
  -3.375334E-02  -1.079928E-01  -7.369970E-02
  -1.635570E-02  -3.271450E-02   6.552750E-02
   3.024103E-03  -1.227052E-02  -1.484337E-03
  -2.460488E-03  -1.332079E-02  -3.074055E-03
  -3.440821E-03   5.111846E-04  -2.157226E-03
   4.205853E-03   2.995976E-03  -2.991951E-03
   5.463571E-04  -5.428085E-03   2.264785E-03
  -9.343525E-03  -5.312678E-03   5.881022E-02
  -8.588523E-03  -7.491475E-02  -2.749173E-01
  -1.968099E-01  -5.272806E-02   9.400970E-02
   1.928254E-01  -2.075240E-02   1.209109E-01
   1.928652E-01   1.275825E-03   1.174406E-01
  -1.927236E-01  -3.656738E-03   9.906298E-02
   8.583070E-03   3.211274E-02  -2.441056E-01
   3.428761E-02   1.079890E-01   7.333129E-02
   1.584500E-02   3.281882E-02  -6.542938E-02
  -2.981009E-03   1.265558E-02   1.562154E-03
   2.484849E-03   1.298737E-02   3.215012E-03
   3.475892E-03  -5.542685E-04   2.191380E-03
  -4.246714E-03  -2.956162E-03   2.976861E-03
  -5.011708E-04   5.401992E-03  -2.258575E-03
  -1.107088E-02  -4.557663E-03   5.847906E-02
  -6.112423E-03  -7.520177E-02  -2.736208E-01
  -1.970793E-01  -5.217908E-02   9.543670E-02
   1.905768E-01  -2.138667E-02   1.188672E-01
   1.931582E-01   2.163445E-03   1.157196E-01
  -1.909147E-01  -4.542207E-03   9.977354E-02
   7.717554E-03   3.216904E-02  -2.427358E-01
   3.396627E-02   1.078794E-01   7.357110E-02
   1.618451E-02   3.257941E-02  -6.552098E-02
  -3.003860E-03   1.249888E-02   1.472071E-03
   2.496295E-03   1.304103E-02   3.091538E-03
   3.477532E-03  -5.332562E-04   2.180602E-03
  -4.209267E-03  -2.943842E-03   2.964174E-03
  -5.279981E-04   5.413348E-03  -2.271284E-03
  -8.998220E-03  -5.688102E-03   5.836512E-02
  -8.477565E-03  -7.470573E-02  -2.738250E-01
  -1.959550E-01  -5.161313E-02   9.353848E-02
   1.926556E-01  -2.199350E-02   1.210608E-01
   1.921144E-01   7.277610E-04   1.179199E-01
  -1.920896E-01  -3.026052E-03   9.779807E-02
   8.188596E-03   3.210434E-02  -2.436626E-01
   3.406935E-02   1.080897E-01   7.345281E-02
   1.601403E-02   3.295769E-02  -6.543439E-02
  -3.002395E-03   1.242590E-02   1.574716E-03
   2.448070E-03   1.326460E-02   3.197980E-03
   3.437021E-03  -5.320413E-04   2.166059E-03
  -4.241003E-03  -3.006472E-03   3.003715E-03
  -5.198138E-04   5.415546E-03  -2.251078E-03
   1.005436E-02   5.119451E-03  -5.847886E-02
   7.283808E-03   7.494551E-02   2.743364E-01
   1.969768E-01   5.193786E-02  -9.479327E-02
  -1.920705E-01   2.162402E-02  -1.201806E-01
  -1.929986E-01  -1.473396E-03  -1.170100E-01
   1.920496E-01   3.809922E-03  -9.912724E-02
  -7.978307E-03  -3.212311E-02   2.437583E-01
  -3.401510E-02  -1.079670E-01  -7.350203E-02
  -1.608965E-02  -3.274174E-02   6.545043E-02
   3.008843E-03  -1.247988E-02  -1.527428E-03
  -2.483131E-03  -1.313097E-02  -3.151163E-03
  -3.529978E-03   5.597959E-04  -2.213988E-03
   4.172903E-03   2.941071E-03  -2.945861E-03
   5.254618E-04  -5.408256E-03   2.267645E-03
   1.001910E-02   5.150508E-03  -5.850286E-02
   7.284298E-03   7.490189E-02   2.744467E-01
   1.970668E-01   5.184243E-02  -9.476986E-02
  -1.921839E-01   2.168938E-02  -1.203094E-01
  -1.932769E-01  -1.418336E-03  -1.171811E-01
   1.919521E-01   3.772265E-03  -9.900750E-02
  -7.918945E-03  -3.211985E-02   2.438380E-01
  -3.400298E-02  -1.079809E-01  -7.349118E-02
  -1.608524E-02  -3.272073E-02   6.544347E-02
   3.008310E-03  -1.243386E-02  -1.530163E-03
  -2.474787E-03  -1.316901E-02  -3.147796E-03
  -3.404656E-03   5.036877E-04  -2.145078E-03
   4.296759E-03   3.013627E-03  -3.033902E-03
   5.218577E-04  -5.417217E-03   2.267405E-03
   9.962099E-03   5.196582E-03  -5.850902E-02
   7.355546E-03   7.486824E-02   2.751007E-01
   1.975286E-01   5.213719E-02  -9.492916E-02
  -1.928267E-01   2.135856E-02  -1.206181E-01
  -1.937318E-01  -1.555243E-03  -1.174726E-01
   1.925734E-01   3.905132E-03  -9.938959E-02
  -7.945921E-03  -3.210823E-02   2.445341E-01
  -3.399485E-02  -1.079836E-01  -7.351864E-02
  -1.605722E-02  -3.269286E-02   6.536804E-02
   3.050220E-03  -1.266737E-02  -1.614693E-03
  -2.415470E-03  -1.292965E-02  -3.115738E-03
  -3.475857E-03   5.532133E-04  -2.183656E-03
   4.246121E-03   2.957709E-03  -2.996682E-03
   5.223582E-04  -5.406865E-03   2.271543E-03
  -1.011087E-02  -5.073449E-03   5.847225E-02
  -7.212701E-03  -7.497892E-02  -2.736836E-01
  -1.965157E-01  -5.164351E-02   9.463506E-02
   1.914287E-01  -2.195626E-02   1.198741E-01
   1.925451E-01   1.335809E-03   1.167185E-01
  -1.914302E-01  -3.677650E-03   9.874584E-02
   7.951035E-03   3.213534E-02  -2.430642E-01
   3.402256E-02   1.079626E-01   7.347330E-02
   1.611730E-02   3.276913E-02  -6.552462E-02
  -2.967942E-03   1.224795E-02   1.443496E-03
   2.543299E-03   1.337242E-02   3.183146E-03
   3.458047E-03  -5.099675E-04   2.175318E-03
  -4.222855E-03  -2.996494E-03   2.982841E-03
  -5.248674E-04   5.418554E-03  -2.263592E-03
   1.059521E-02   4.697252E-03  -5.821560E-02
   6.338147E-03   7.525116E-02   2.708371E-01
   1.948047E-01   5.240047E-02  -9.401029E-02
  -1.887383E-01   2.143971E-02  -1.179683E-01
  -1.899744E-01  -1.143425E-03  -1.149120E-01
   1.895528E-01   3.444802E-03  -9.804626E-02
  -8.443081E-03  -3.225388E-02   2.403382E-01
  -3.390471E-02  -1.078466E-01  -7.358843E-02
  -1.629666E-02  -3.291338E-02   6.566294E-02
   2.960972E-03  -1.261944E-02  -1.495873E-03
  -2.491711E-03  -1.301180E-02  -3.065172E-03
  -3.419485E-03   5.221739E-04  -2.184145E-03
   4.191291E-03   3.008768E-03  -2.931149E-03
   5.077100E-04  -5.443431E-03   2.233840E-03
  -9.466557E-03  -5.585012E-03   5.878451E-02
  -8.249268E-03  -7.458162E-02  -2.781562E-01
  -1.993753E-01  -5.137771E-02   9.562617E-02
   1.956826E-01  -2.185657E-02   1.226334E-01
   1.964630E-01   1.748685E-03   1.193855E-01
  -1.945901E-01  -4.136066E-03   1.001645E-01
   7.438490E-03   3.198556E-02  -2.474601E-01
   3.410672E-02   1.080888E-01   7.339199E-02
   1.587276E-02   3.253459E-02  -6.521234E-02
  -3.059220E-03   1.229224E-02   1.563416E-03
   2.467379E-03   1.328633E-02   3.236742E-03
   3.517882E-03  -5.406836E-04   2.175933E-03
  -4.281019E-03  -2.945931E-03   3.050671E-03
  -5.401096E-04   5.381342E-03  -2.302789E-03
   1.004781E-02   5.124532E-03  -5.848273E-02
   7.272869E-03   7.493958E-02   2.742574E-01
   1.969014E-01   5.190036E-02  -9.470626E-02
  -1.920279E-01   2.165423E-02  -1.202049E-01
  -1.930321E-01  -1.411188E-03  -1.170517E-01
   1.918780E-01   3.753990E-03  -9.896846E-02
  -8.004341E-03  -3.213018E-02   2.436499E-01
  -3.400524E-02  -1.079727E-01  -7.349907E-02
  -1.609656E-02  -3.274007E-02   6.545639E-02
   3.009734E-03  -1.246339E-02  -1.524241E-03
  -2.476558E-03  -1.314461E-02  -3.149237E-03
  -3.464462E-03   5.331223E-04  -2.177025E-03
   4.232718E-03   2.976565E-03  -2.990412E-03
   5.945001E-04  -5.411116E-03   2.261622E-03
   1.002609E-02   5.144299E-03  -5.849550E-02
   7.296024E-03   7.491165E-02   2.744931E-01
   1.971175E-01   5.188124E-02  -9.484278E-02
  -1.922003E-01   2.166180E-02  -1.202721E-01
  -1.932193E-01  -1.480575E-03  -1.171245E-01
   1.921000E-01   3.828081E-03  -9.915194E-02
  -7.892685E-03  -3.211603E-02   2.439143E-01
  -3.401363E-02  -1.079760E-01  -7.349551E-02
  -1.607922E-02  -3.272449E-02   6.543903E-02
   3.006985E-03  -1.245095E-02  -1.533039E-03
  -2.481189E-03  -1.315581E-02  -3.149344E-03
  -3.468945E-03   5.304088E-04  -2.181648E-03
   4.235795E-03   2.977782E-03  -2.988680E-03
   4.525926E-04  -5.413762E-03   2.273699E-03
   9.955075E-03   5.170933E-03  -5.852196E-02
   7.351561E-03   7.488244E-02   2.746351E-01
   1.971931E-01   5.190234E-02  -9.486612E-02
  -1.923085E-01   2.161732E-02  -1.203800E-01
  -1.933403E-01  -1.455748E-03  -1.171240E-01
   1.921334E-01   3.834331E-03  -9.924703E-02
  -7.961943E-03  -3.210984E-02   2.440473E-01
  -3.400966E-02  -1.079588E-01  -7.347037E-02
  -1.607363E-02  -3.274166E-02   6.543533E-02
   3.010399E-03  -1.245962E-02  -1.532328E-03
  -2.483120E-03  -1.313701E-02  -3.147808E-03
  -3.453652E-03   5.361552E-04  -2.257269E-03
   4.280014E-03   2.955015E-03  -2.929025E-03
   5.253244E-04  -5.412013E-03   2.269465E-03
   1.011802E-02   5.097765E-03  -5.845521E-02
   7.218013E-03   7.496869E-02   2.741070E-01
   1.968210E-01   5.187949E-02  -9.468030E-02
  -1.919154E-01   2.169919E-02  -1.200946E-01
  -1.929047E-01  -1.436159E-03  -1.170495E-01
   1.918390E-01   3.747365E-03  -9.887063E-02
  -7.935770E-03  -3.213644E-02   2.435124E-01
  -3.400924E-02  -1.079901E-01  -7.352424E-02
  -1.610227E-02  -3.272341E-02   6.546065E-02
   3.006263E-03  -1.245481E-02  -1.524874E-03
  -2.474533E-03  -1.316334E-02  -3.150629E-03
  -3.479304E-03   5.275475E-04  -2.101797E-03
   4.188254E-03   2.999569E-03  -3.049631E-03
   5.219439E-04  -5.413007E-03   2.265183E-03
   1.005534E-02   5.088485E-03  -5.844134E-02
   7.239093E-03   7.497354E-02   2.740240E-01
   1.967308E-01   5.185818E-02  -9.471064E-02
  -1.918938E-01   2.172729E-02  -1.200269E-01
  -1.928795E-01  -1.426326E-03  -1.169658E-01
   1.917265E-01   3.759476E-03  -9.891175E-02
  -7.947848E-03  -3.214076E-02   2.434691E-01
  -3.400469E-02  -1.079477E-01  -7.346903E-02
  -1.610852E-02  -3.276076E-02   6.548825E-02
   3.051295E-03  -1.245986E-02  -1.474878E-03
  -2.419562E-03  -1.317237E-02  -3.217042E-03
  -3.463257E-03   5.403795E-04  -2.172631E-03
   4.230647E-03   2.973945E-03  -2.986105E-03
   5.256083E-04  -5.411809E-03   2.264113E-03
   1.001838E-02   5.181235E-03  -5.853820E-02
   7.328433E-03   7.487778E-02   2.747349E-01
   1.972944E-01   5.192237E-02  -9.484212E-02
  -1.923398E-01   2.158716E-02  -1.204541E-01
  -1.933774E-01  -1.464996E-03  -1.172138E-01
   1.922566E-01   3.822953E-03  -9.921210E-02
  -7.949484E-03  -3.210377E-02   2.441027E-01
  -3.401390E-02  -1.080017E-01  -7.352642E-02
  -1.606698E-02  -3.270331E-02   6.540776E-02
   2.964895E-03  -1.245428E-02  -1.582522E-03
  -2.538033E-03  -1.312814E-02  -3.081257E-03
  -3.470218E-03   5.229276E-04  -2.186170E-03
   4.237974E-03   2.980222E-03  -2.992972E-03
   5.216938E-04  -5.413412E-03   2.270760E-03
   1.066634E-02   5.015842E-03  -5.880231E-02
   7.434299E-03   7.510693E-02   2.739438E-01
   1.960351E-01   5.243489E-02  -9.456962E-02
  -1.918369E-01   2.121975E-02  -1.196841E-01
  -1.925824E-01  -1.312653E-03  -1.165820E-01
   1.912663E-01   3.622870E-03  -9.877475E-02
  -7.681577E-03  -3.213277E-02   2.430923E-01
  -3.382429E-02  -1.084128E-01  -7.373953E-02
  -1.644589E-02  -3.250574E-02   6.550103E-02
   2.992510E-03  -1.251498E-02  -1.511417E-03
  -2.490068E-03  -1.306664E-02  -3.140918E-03
  -3.459850E-03   5.097833E-04  -2.160847E-03
   4.218503E-03   3.010121E-03  -2.996620E-03
   5.318455E-04  -5.412431E-03   2.257224E-03
  -9.406774E-03  -5.249018E-03   5.817202E-02
  -7.139878E-03  -7.475197E-02  -2.747464E-01
  -1.979373E-01  -5.135140E-02   9.494613E-02
   1.923413E-01  -2.209708E-02   1.207722E-01
   1.936201E-01   1.578832E-03   1.175690E-01
  -1.926652E-01  -3.959354E-03   9.931600E-02
   8.219021E-03   3.211520E-02  -2.444155E-01
   3.419787E-02   1.075412E-01   7.325727E-02
   1.573459E-02   3.296127E-02  -6.539419E-02
  -3.023036E-03   1.240041E-02   1.545249E-03
   2.466786E-03   1.323416E-02   3.156695E-03
   3.472517E-03  -5.541965E-04   2.197352E-03
  -4.249222E-03  -2.944633E-03   2.981867E-03
  -5.154463E-04   5.412699E-03  -2.276979E-03
   1.106570E-02   2.493174E-03  -5.807150E-02
   7.363049E-03   7.421379E-02   2.886088E-01
   2.089235E-01   5.134093E-02  -1.020569E-01
  -2.042003E-01   2.186558E-02  -1.262158E-01
  -2.047665E-01  -1.631503E-03  -1.233775E-01
   2.039493E-01   3.534073E-03  -1.065996E-01
  -7.316421E-03  -3.212552E-02   2.584209E-01
  -3.280045E-02  -1.038428E-01  -7.138282E-02
  -1.616431E-02  -3.214823E-02   6.341934E-02
   3.127081E-03  -1.220231E-02  -1.751729E-03
  -2.661312E-03  -1.290277E-02  -3.275403E-03
  -3.701738E-03   5.393270E-04  -2.349436E-03
   4.432854E-03   2.945119E-03  -3.096599E-03
   4.923993E-04  -5.306890E-03   2.420366E-03
  -8.941007E-03  -7.950128E-03   5.926369E-02
  -7.133154E-03  -7.538943E-02  -2.625040E-01
  -1.868354E-01  -5.240143E-02   8.846264E-02
   1.817611E-01  -2.121714E-02   1.152152E-01
   1.832115E-01   1.244043E-03   1.117907E-01
  -1.817350E-01  -4.081852E-03   9.248140E-02
   8.594742E-03   3.200567E-02  -2.313063E-01
   3.520802E-02   1.121383E-01   7.557167E-02
   1.589944E-02   3.307969E-02  -6.735054E-02
  -2.913690E-03   1.268688E-02   1.326595E-03
   2.319995E-03   1.336288E-02   3.044604E-03
   3.265817E-03  -5.146663E-04   2.030352E-03
  -4.069915E-03  -3.014994E-03   2.904057E-03
  -5.543207E-04   5.504566E-03  -2.135407E-03
  -1.046061E-02  -3.832200E-03   6.117851E-02
  -7.101854E-03  -7.390096E-02  -2.900822E-01
  -2.086375E-01  -5.210555E-02   1.016233E-01
   2.040595E-01  -2.053749E-02   1.263614E-01
   2.046294E-01   1.541501E-03   1.233868E-01
  -2.036745E-01  -3.848972E-03   1.059257E-01
   7.628510E-03   3.180599E-02  -2.583556E-01
   3.371203E-02   1.074578E-01   7.240649E-02
   1.531590E-02   2.995727E-02  -6.418631E-02
  -3.140405E-03   1.225425E-02   1.698709E-03
   2.665349E-03   1.290515E-02   3.242175E-03
   3.700890E-03  -4.589789E-04   2.341842E-03
  -4.451097E-03  -3.008426E-03   3.118892E-03
  -5.068251E-04   5.329531E-03  -2.410149E-03
   9.583075E-03   6.511621E-03  -5.571894E-02
   7.459174E-03   7.588431E-02   2.584450E-01
   1.852561E-01   5.160868E-02  -8.785721E-02
  -1.800512E-01   2.277070E-02  -1.140503E-01
  -1.815062E-01  -1.333688E-03  -1.107318E-01
   1.801761E-01   3.728675E-03  -9.212423E-02
  -8.275723E-03  -3.240494E-02   2.290452E-01
  -3.426966E-02  -1.083948E-01  -7.455545E-02
  -1.687816E-02  -3.558230E-02   6.672783E-02
   2.874916E-03  -1.265652E-02  -1.357214E-03
  -2.289927E-03  -1.338280E-02  -3.056741E-03
  -3.229761E-03   6.058188E-04  -2.014340E-03
   4.014298E-03   2.941752E-03  -2.858605E-03
   5.406378E-04  -5.492522E-03   2.123611E-03
   9.043309E-03   4.855868E-03  -6.009767E-02
   7.206349E-03   7.450197E-02   2.877734E-01
   2.071941E-01   5.183183E-02  -1.003865E-01
  -2.026093E-01   2.101509E-02  -1.259107E-01
  -2.032344E-01  -1.415819E-03  -1.228112E-01
   2.021167E-01   3.845098E-03  -1.048665E-01
  -7.892761E-03  -3.176817E-02   2.565377E-01
  -3.281154E-02  -1.075664E-01  -7.320146E-02
  -1.567887E-02  -3.185068E-02   6.495889E-02
   3.159110E-03  -1.233459E-02  -1.661731E-03
  -2.619965E-03  -1.300990E-02  -3.271164E-03
  -3.664169E-03   4.893036E-04  -2.314416E-03
   4.423357E-03   2.986395E-03  -3.113216E-03
   5.207070E-04  -5.382144E-03   2.389650E-03
   1.104300E-02   5.431336E-03  -5.689615E-02
   7.363148E-03   7.527424E-02   2.611927E-01
   1.869888E-01   5.191689E-02  -8.926367E-02
  -1.818006E-01   2.226967E-02  -1.146541E-01
  -1.831823E-01  -1.471532E-03  -1.114532E-01
   1.820254E-01   3.736191E-03  -9.335565E-02
  -7.996024E-03  -3.244869E-02   2.312374E-01
  -3.520549E-02  -1.083329E-01  -7.374130E-02
  -1.648093E-02  -3.356714E-02   6.587366E-02
   2.859492E-03  -1.256862E-02  -1.398085E-03
  -2.339978E-03  -1.327988E-02  -3.028203E-03
  -3.272551E-03   5.733354E-04  -2.046460E-03
   4.048163E-03   2.966608E-03  -2.867505E-03
   5.261053E-04  -5.438337E-03   2.147136E-03
   9.373132E-03   5.173781E-03  -5.872519E-02
   7.119166E-03   7.464036E-02   2.814181E-01
   2.025597E-01   5.180822E-02  -9.788718E-02
  -1.977490E-01   2.133285E-02  -1.233416E-01
  -1.985999E-01  -1.450843E-03  -1.202500E-01
   1.974922E-01   3.827076E-03  -1.021839E-01
  -7.984079E-03  -3.194627E-02   2.506190E-01
  -3.394394E-02  -1.078186E-01  -7.385082E-02
  -1.519585E-02  -3.219159E-02   6.504974E-02
   3.076689E-03  -1.237363E-02  -1.586323E-03
  -2.544438E-03  -1.310335E-02  -3.201717E-03
  -3.574517E-03   5.085009E-04  -2.245531E-03
   4.332645E-03   2.973983E-03  -3.050681E-03
   5.228489E-04  -5.393921E-03   2.338865E-03
   1.070911E-02   5.093296E-03  -5.828512E-02
   7.440030E-03   7.515984E-02   2.677097E-01
   1.917444E-01   5.196149E-02  -9.182942E-02
  -1.867670E-01   2.195590E-02  -1.172894E-01
  -1.879332E-01  -1.439332E-03  -1.140862E-01
   1.867710E-01   3.757940E-03  -9.610139E-02
  -7.911295E-03  -3.228422E-02   2.373007E-01
  -3.406199E-02  -1.080995E-01  -7.310686E-02
  -1.697851E-02  -3.322648E-02   6.579703E-02
   2.943638E-03  -1.253399E-02  -1.475147E-03
  -2.417546E-03  -1.319093E-02  -3.100292E-03
  -3.364542E-03   5.538571E-04  -2.116960E-03
   4.141142E-03   2.980251E-03  -2.931878E-03
   5.241438E-04  -5.428067E-03   2.199451E-03
   9.852520E-03   5.210033E-03  -5.825908E-02
   7.182835E-03   7.513514E-02   2.719629E-01
   1.953133E-01   5.141810E-02  -9.358763E-02
  -1.898743E-01   2.224742E-02  -1.192675E-01
  -1.913032E-01  -8.745163E-04  -1.160442E-01
   1.900459E-01   3.339939E-03  -9.799202E-02
  -7.988087E-03  -3.216801E-02   2.414422E-01
  -3.358139E-02  -1.081863E-01  -7.347161E-02
  -1.601479E-02  -3.301991E-02   6.544668E-02
   3.007201E-03  -1.227942E-02  -1.528686E-03
  -2.427068E-03  -1.342895E-02  -3.093271E-03
  -3.419781E-03   8.201013E-04  -2.184931E-03
   4.216838E-03   2.688674E-03  -2.947149E-03
   4.363175E-04  -5.439293E-03   2.244779E-03
   1.022172E-02   5.061834E-03  -5.872861E-02
   7.382305E-03   7.470758E-02   2.768812E-01
   1.987804E-01   5.237143E-02  -9.600105E-02
  -1.944273E-01   2.105521E-02  -1.212553E-01
  -1.950254E-01  -2.028992E-03  -1.181790E-01
   1.940094E-01   4.252125E-03  -1.001724E-01
  -7.909526E-03  -3.207969E-02   2.462127E-01
  -3.443408E-02  -1.077545E-01  -7.351499E-02
  -1.615633E-02  -3.243689E-02   6.544058E-02
   3.010600E-03  -1.263818E-02  -1.527779E-03
  -2.532417E-03  -1.286614E-02  -3.202568E-03
  -3.512995E-03   2.381643E-04  -2.171861E-03
   4.251338E-03   3.272015E-03  -3.030098E-03
   6.105037E-04  -5.383782E-03   2.290317E-03
   9.718531E-03   5.291930E-03  -5.850948E-02
   7.497454E-03   7.488458E-02   2.741335E-01
   1.967222E-01   5.232288E-02  -9.460470E-02
  -1.919122E-01   2.114509E-02  -1.202018E-01
  -1.928730E-01  -1.593237E-03  -1.169815E-01
   1.918020E-01   3.647801E-03  -9.885738E-02
  -7.930460E-03  -3.174039E-02   2.434685E-01
  -3.404546E-02  -1.080208E-01  -7.342700E-02
  -1.609945E-02  -3.279303E-02   6.540080E-02
   3.073183E-03  -1.234656E-02  -1.410606E-03
  -2.420342E-03  -1.318079E-02  -3.255099E-03
  -3.459353E-03   1.640418E-04  -2.114987E-03
   4.243752E-03   3.342315E-03  -3.041360E-03
   6.325539E-04  -5.473849E-03   2.262543E-03
   1.034843E-02   4.991433E-03  -5.853658E-02
   7.060462E-03   7.491625E-02   2.753249E-01
   1.978479E-01   5.144219E-02  -9.525391E-02
  -1.928800E-01   2.213042E-02  -1.205780E-01
  -1.939195E-01  -1.305802E-03  -1.175011E-01
   1.927264E-01   3.936139E-03  -9.957020E-02
  -7.975536E-03  -3.247413E-02   2.447429E-01
  -3.395728E-02  -1.079008E-01  -7.353750E-02
  -1.606006E-02  -3.262506E-02   6.544886E-02
   2.950635E-03  -1.255812E-02  -1.653276E-03
  -2.543890E-03  -1.311193E-02  -3.049487E-03
  -3.484800E-03   8.996561E-04  -2.249768E-03
   4.235011E-03   2.611187E-03  -2.943572E-03
   4.172239E-04  -5.349970E-03   2.287727E-03
   9.991120E-03   5.203689E-03  -5.880403E-02
   7.347529E-03   7.473867E-02   2.769044E-01
   1.988326E-01   5.184764E-02  -9.586976E-02
  -1.941079E-01   2.158575E-02  -1.212519E-01
  -1.949320E-01  -1.750440E-03  -1.182635E-01
   1.938693E-01   4.002729E-03  -9.998818E-02
  -7.945823E-03  -3.198885E-02   2.461395E-01
  -3.402916E-02  -1.079578E-01  -7.343787E-02
  -1.604503E-02  -3.254143E-02   6.533140E-02
   3.066807E-03  -1.214447E-02  -1.523020E-03
  -2.488998E-03  -1.340754E-02  -3.198065E-03
  -3.512074E-03   4.522833E-04  -2.180303E-03
   4.277739E-03   3.060951E-03  -3.074098E-03
   4.984832E-04  -5.411809E-03   2.290424E-03
   1.007423E-02   5.085092E-03  -5.829730E-02
   7.205602E-03   7.502330E-02   2.730200E-01
   1.960711E-01   5.191781E-02  -9.419160E-02
  -1.910213E-01   2.166659E-02  -1.197204E-01
  -1.921923E-01  -1.145294E-03  -1.164110E-01
   1.909871E-01   3.600349E-03  -9.863510E-02
  -7.948443E-03  -3.222563E-02   2.425220E-01
  -3.396365E-02  -1.079530E-01  -7.351275E-02
  -1.610345E-02  -3.284677E-02   6.549365E-02
   2.961380E-03  -1.275055E-02  -1.545767E-03
  -2.481282E-03  -1.288641E-02  -3.111080E-03
  -3.440756E-03   6.054116E-04  -2.189985E-03
   4.209718E-03   2.893525E-03  -2.916092E-03
   5.484422E-04  -5.408552E-03   2.254957E-03
   8.903932E-03   5.680659E-03  -5.847039E-02
   7.954558E-03   7.467202E-02   2.731589E-01
   1.963322E-01   5.223735E-02  -9.349815E-02
  -1.908075E-01   2.189982E-02  -1.203088E-01
  -1.921231E-01  -1.649352E-03  -1.166204E-01
   1.911159E-01   3.818237E-03  -9.849488E-02
  -7.957915E-03  -3.216430E-02   2.426415E-01
  -3.402622E-02  -1.082281E-01  -7.335571E-02
  -1.610169E-02  -3.297284E-02   6.530212E-02
   2.869349E-03  -1.271324E-02  -1.775906E-03
  -2.558582E-03  -1.311992E-02  -2.878736E-03
  -3.425409E-03   8.052028E-04  -2.190580E-03
   4.235512E-03   2.720898E-03  -2.953905E-03
   5.773290E-04  -5.358934E-03   2.250412E-03
  -1.114652E-02  -4.617501E-03   5.863869E-02
  -6.606354E-03  -7.508233E-02  -2.768253E-01
  -1.986406E-01  -5.152221E-02   9.656568E-02
   1.943842E-01  -2.134379E-02   1.206895E-01
   1.950753E-01   1.245385E-03   1.181086E-01
  -1.938117E-01  -3.774915E-03   1.001775E-01
   7.936561E-03   3.204874E-02  -2.461163E-01
   3.396462E-02   1.076775E-01   7.358552E-02
   1.604452E-02   3.241073E-02  -6.551267E-02
  -3.155438E-03   1.217666E-02   1.299604E-03
   2.412381E-03   1.316676E-02   3.431500E-03
   3.526182E-03  -2.505488E-04   2.179864E-03
  -4.251199E-03  -3.238647E-03   3.036277E-03
  -4.695431E-04   5.459609E-03  -2.295572E-03
   9.428868E-03   5.381916E-03  -5.783693E-02
   7.307856E-03   7.546791E-02   2.680291E-01
   1.921141E-01   5.096990E-02  -9.166939E-02
  -1.868130E-01   2.263251E-02  -1.178345E-01
  -1.881926E-01  -6.050268E-04  -1.144326E-01
   1.871142E-01   3.013566E-03  -9.611551E-02
  -8.114357E-03  -3.220701E-02   2.376098E-01
  -3.329442E-02  -1.083828E-01  -7.345830E-02
  -1.600693E-02  -3.344540E-02   6.553070E-02
   3.053777E-03  -1.223186E-02  -1.348222E-03
  -2.300821E-03  -1.345552E-02  -3.193318E-03
  -3.354508E-03   7.324148E-04  -2.102296E-03
   4.178269E-03   2.802371E-03  -2.941712E-03
   5.127717E-04  -5.430180E-03   2.206691E-03
   1.063899E-02   4.891407E-03  -5.915971E-02
   7.252867E-03   7.436810E-02   2.808973E-01
   2.020516E-01   5.284228E-02  -9.795340E-02
  -1.975632E-01   2.062248E-02  -1.227195E-01
  -1.982017E-01  -2.328179E-03  -1.198372E-01
   1.970058E-01   4.612388E-03  -1.020921E-01
  -7.783529E-03  -3.203351E-02   2.501383E-01
  -3.471462E-02  -1.075410E-01  -7.351006E-02
  -1.615019E-02  -3.199673E-02   6.533975E-02
   2.966402E-03  -1.269316E-02  -1.708095E-03
  -2.658986E-03  -1.282763E-02  -3.104021E-03
  -3.577582E-03   3.217100E-04  -2.258044E-03
   4.290037E-03   3.161405E-03  -3.039091E-03
   5.344102E-04  -5.393305E-03   2.329810E-03
  -1.187729E-02  -3.385844E-03   5.604044E-02
  -7.551077E-03  -7.490029E-02  -2.574265E-01
  -1.837621E-01  -5.334686E-02   8.839197E-02
   1.801496E-01  -2.154338E-02   1.120807E-01
   1.803681E-01   1.529192E-03   1.090165E-01
  -1.794502E-01  -4.180864E-03   9.271389E-02
   7.302930E-03   3.259541E-02  -2.281863E-01
   3.545136E-02   1.071070E-01   7.539632E-02
   1.614170E-02   3.272426E-02  -6.711374E-02
  -2.774139E-03   1.311108E-02   1.481068E-03
   2.364248E-03   1.304004E-02   2.920694E-03
   3.270163E-03  -6.172368E-04   2.108082E-03
  -3.917632E-03  -2.893027E-03   2.775973E-03
  -5.123010E-04   5.539322E-03  -2.101166E-03
   8.206484E-03   6.873628E-03  -6.109030E-02
   6.948176E-03   7.478335E-02   2.936324E-01
   2.120284E-01   5.012813E-02  -1.022473E-01
  -2.059221E-01   2.178716E-02  -1.293702E-01
  -2.077094E-01  -1.312255E-03  -1.261724E-01
   2.063550E-01   3.381251E-03  -1.064793E-01
  -8.567095E-03  -3.154828E-02   2.615983E-01
  -3.244840E-02  -1.086152E-01  -7.145080E-02
  -1.597570E-02  -3.256630E-02   6.357311E-02
   3.265696E-03  -1.170856E-02  -1.601375E-03
  -2.623963E-03  -1.327937E-02  -3.392467E-03
  -3.700413E-03   4.364975E-04  -2.273333E-03
   4.583703E-03   3.065642E-03  -3.219984E-03
   5.343041E-04  -5.268322E-03   2.459195E-03
  -9.742590E-03  -5.023823E-03   5.982885E-02
  -7.266195E-03  -7.425753E-02  -2.847306E-01
  -2.047783E-01  -5.286691E-02   9.937866E-02
   2.000548E-01  -2.157919E-02   1.245591E-01
   2.007767E-01   1.597746E-03   1.213569E-01
  -1.996604E-01  -3.765007E-03   1.034738E-01
   7.855039E-03   3.264954E-02  -2.533914E-01
   3.359812E-02   1.076751E-01   7.236369E-02
   1.584142E-02   3.180985E-02  -6.513394E-02
  -3.113138E-03   1.221318E-02   1.757369E-03
   2.578049E-03   1.280224E-02   3.371268E-03
   3.612377E-03  -4.195417E-04   2.306714E-03
  -4.388262E-03  -2.919583E-03   3.089732E-03
  -5.224165E-04   5.960817E-03  -2.317804E-03
  -1.032484E-02  -5.237723E-03   5.717064E-02
  -7.283393E-03  -7.554431E-02  -2.642886E-01
  -1.894132E-01  -5.094693E-02   9.028686E-02
   1.843459E-01  -2.177999E-02   1.160225E-01
   1.856542E-01   1.305036E-03   1.129282E-01
  -1.844968E-01  -3.808217E-03   9.476197E-02
   8.034878E-03   3.164584E-02  -2.344382E-01
   3.439873E-02   1.082122E-01   7.459423E-02
   1.631417E-02   3.361679E-02  -6.570186E-02
  -2.906643E-03   1.267565E-02   1.301414E-03
   2.381925E-03   1.347822E-02   2.927754E-03
   3.322991E-03  -6.386129E-04   2.056417E-03
  -4.082542E-03  -3.029766E-03   2.893029E-03
  -5.248174E-04   4.906027E-03  -2.214124E-03
   9.967781E-03   4.981457E-03  -5.830464E-02
   7.311694E-03   7.447371E-02   2.719985E-01
   1.951754E-01   5.188414E-02  -9.390188E-02
  -1.902229E-01   2.161339E-02  -1.193789E-01
  -1.913127E-01  -1.117248E-03  -1.160964E-01
   1.901675E-01   4.238878E-03  -9.810658E-02
  -7.963545E-03  -3.203233E-02   2.415668E-01
  -3.399448E-02  -1.080140E-01  -7.340409E-02
  -1.613500E-02  -3.285599E-02   6.568923E-02
   3.048811E-03  -1.221698E-02  -1.441442E-03
  -2.507138E-03  -1.290761E-02  -3.065027E-03
  -3.439733E-03   5.164312E-04  -2.158293E-03
   4.197383E-03   2.920200E-03  -2.929836E-03
   5.253852E-04  -5.925890E-03   2.246521E-03
   1.009911E-02   5.310081E-03  -5.880662E-02
   7.240145E-03   7.529663E-02   2.780107E-01
   1.997837E-01   5.188123E-02  -9.618724E-02
  -1.949618E-01   2.163380E-02  -1.216184E-01
  -1.958629E-01  -1.783990E-03  -1.186157E-01
   1.947398E-01   3.351891E-03  -1.005546E-01
  -7.929012E-03  -3.218449E-02   2.471745E-01
  -3.399655E-02  -1.078911E-01  -7.354202E-02
  -1.601164E-02  -3.252597E-02   6.513006E-02
   2.980171E-03  -1.268660E-02  -1.628820E-03
  -2.464158E-03  -1.338716E-02  -3.245346E-03
  -3.518436E-03   5.434443E-04  -2.215852E-03
   4.295042E-03   3.034976E-03  -3.065148E-03
   5.215065E-04  -4.882845E-03   2.300263E-03
   1.000824E-02   4.966316E-03  -6.009048E-02
   7.449370E-03   7.399383E-02   2.887217E-01
   2.079059E-01   5.264262E-02  -1.008269E-01
  -2.033839E-01   2.113667E-02  -1.261109E-01
  -2.037000E-01  -1.709996E-03  -1.228987E-01
   2.026135E-01   3.848066E-03  -1.049173E-01
  -7.912318E-03  -3.249270E-02   2.572855E-01
  -3.385126E-02  -1.076648E-01  -7.299735E-02
  -1.580976E-02  -3.180221E-02   6.470193E-02
   3.182581E-03  -1.245106E-02  -1.812111E-03
  -2.647988E-03  -1.305878E-02  -3.427048E-03
  -3.657603E-03   8.066321E-04  -2.366280E-03
   4.425835E-03   3.312942E-03  -3.173532E-03
   5.187995E-04  -5.344032E-03   2.404188E-03
  -1.006390E-02  -5.264996E-03   5.684968E-02
  -7.128104E-03  -7.582580E-02  -2.598460E-01
  -1.859762E-01  -5.115107E-02   8.864384E-02
   1.807126E-01  -2.222353E-02   1.142917E-01
   1.824256E-01   1.193978E-03   1.112167E-01
  -1.812420E-01  -3.716114E-03   9.314486E-02
   7.980730E-03   3.180672E-02  -2.301433E-01
   3.415225E-02   1.082222E-01   7.396186E-02
   1.636243E-02   3.364813E-02  -6.616134E-02
  -2.831273E-03   1.246311E-02   1.251814E-03
   2.309235E-03   1.324426E-02   2.874685E-03
   3.274435E-03  -2.888355E-04   1.989967E-03
  -4.041297E-03  -2.671688E-03   2.802844E-03
  -5.281570E-04   5.477889E-03  -2.127869E-03
   9.370185E-03   4.878880E-03  -5.673373E-02
   7.874270E-03   7.524971E-02   2.604825E-01
   1.866346E-01   5.215193E-02  -8.885594E-02
  -1.816733E-01   2.240475E-02  -1.143902E-01
  -1.827291E-01  -1.372709E-03  -1.110623E-01
   1.815971E-01   3.745466E-03  -9.322078E-02
  -7.913639E-03  -3.239097E-02   2.309336E-01
  -3.399102E-02  -1.075374E-01  -7.462413E-02
  -1.615018E-02  -3.389595E-02   6.644054E-02
   2.885273E-03  -1.269515E-02  -1.361770E-03
  -2.331270E-03  -1.330002E-02  -3.017368E-03
  -3.272654E-03   5.571256E-04  -2.052684E-03
   4.034673E-03   2.939902E-03  -2.859166E-03
   5.263419E-04  -5.498178E-03   2.134880E-03
  -1.069774E-02  -5.413538E-03   6.027370E-02
  -6.662390E-03  -7.447067E-02  -2.890191E-01
  -2.079838E-01  -5.157518E-02   1.010590E-01
   2.031727E-01  -2.085371E-02   1.264135E-01
   2.041229E-01   1.512536E-03   1.234530E-01
  -2.029862E-01  -3.850506E-03   1.052543E-01
   7.976210E-03   3.181485E-02  -2.573623E-01
   3.397735E-02   1.082981E-01   7.229154E-02
   1.599166E-02   3.150291E-02  -6.435431E-02
  -3.138709E-03   1.220282E-02   1.701275E-03
   2.635004E-03   1.298509E-02   3.286308E-03
   3.672234E-03  -5.042880E-04   2.312848E-03
  -4.444061E-03  -3.014646E-03   3.125566E-03
  -5.202216E-04   5.319915E-03  -2.408757E-03
  -1.047640E-02  -5.175503E-03   5.996029E-02
  -7.116645E-03  -7.461840E-02  -2.862346E-01
  -2.063483E-01  -5.172361E-02   1.001058E-01
   2.014722E-01  -2.101131E-02   1.253378E-01
   2.023189E-01   1.615013E-03   1.222781E-01
  -2.011770E-01  -3.794340E-03   1.043942E-01
   7.851391E-03   3.181305E-02  -2.551332E-01
   3.370774E-02   1.070887E-01   7.270428E-02
   1.628513E-02   3.254002E-02  -6.461737E-02
  -3.120930E-03   1.226310E-02   1.632554E-03
   2.605832E-03   1.299142E-02   3.214551E-03
   3.640962E-03  -4.784413E-04   2.282472E-03
  -4.401924E-03  -2.985834E-03   3.086708E-03
  -5.171097E-04   5.341862E-03  -2.392617E-03
   9.575217E-03   5.119544E-03  -5.709136E-02
   7.441897E-03   7.512346E-02   2.634505E-01
   1.883853E-01   5.202412E-02  -8.986543E-02
  -1.834833E-01   2.224328E-02  -1.155310E-01
  -1.846477E-01  -1.277160E-03  -1.122990E-01
   1.835176E-01   3.793532E-03  -9.414593E-02
  -8.037932E-03  -3.238966E-02   2.333141E-01
  -3.427310E-02  -1.087910E-01  -7.421587E-02
  -1.585661E-02  -3.284315E-02   6.618353E-02
   2.905193E-03  -1.263475E-02  -1.434523E-03
  -2.361865E-03  -1.329426E-02  -3.092585E-03
  -3.306324E-03   5.805944E-04  -2.085222E-03
   4.079437E-03   2.967992E-03  -2.900382E-03
   5.295674E-04  -5.476459E-03   2.151697E-03
