    9,1    # 7th-order Morse
    9,1        9,1    
    9,1        9,1        9,1    
    9,1        9,1        9,1        9,1    
    9,1        9,1        9,1        9,1        9,1    
    9,1        9,1        9,1        9,1        9,1        9,1    
    9,1        9,1        9,1        9,1        9,1        9,1        9,1    
    9,2    
    9,2        9,2    
    9,2        9,2        9,2    
    9,2        9,2        9,2        9,2    
    9,2        9,2        9,2        9,2        9,2    
    9,2        9,2        9,2        9,2        9,2        9,2    
    9,2        9,2        9,2        9,2        9,2        9,2        9,2    
