   4.818020E-04  -1.654887E-02  -1.971972E-03
   4.020676E-03  -1.380927E-01  -1.645557E-02
   9.312266E-04  -3.197717E-02  -3.810452E-03
   1.053844E-03  -3.619940E-02  -4.313635E-03
  -3.672183E-04   1.261023E-02   1.502613E-03
  -4.580939E-04   1.573843E-02   1.875453E-03
  -1.237610E-03   4.250391E-02   5.064890E-03
   2.103011E-02   7.091141E-02  -3.177926E-02
  -2.484586E-02   6.014099E-02   4.739596E-02
  -2.295960E-04   7.884854E-03   9.395632E-04
  -2.753570E-04   9.457808E-03   1.127008E-03
   6.111955E-05  -2.099866E-03  -2.501941E-04
   4.415256E-05  -1.516560E-03  -1.807281E-04
  -1.412363E-04   4.851132E-03   5.780700E-04
   4.750215E-04  -1.630638E-02  -1.943155E-03
   4.026951E-03  -1.383146E-01  -1.648212E-02
   9.389649E-04  -3.225010E-02  -3.842848E-03
   1.049788E-03  -3.605075E-02  -4.296015E-03
  -3.552680E-04   1.220463E-02   1.454214E-03
  -4.566443E-04   1.568308E-02   1.869052E-03
  -1.230466E-03   4.225474E-02   5.035142E-03
   2.111942E-02   7.097415E-02  -3.181998E-02
  -2.493873E-02   6.018712E-02   4.744983E-02
  -2.308323E-04   7.927167E-03   9.445935E-04
  -2.750817E-04   9.447994E-03   1.125841E-03
   5.971393E-05  -2.051591E-03  -2.444461E-04
   4.330677E-05  -1.487919E-03  -1.773263E-04
  -1.415566E-04   4.862530E-03   5.794270E-04
   4.911839E-04  -1.679112E-02  -2.003086E-03
   4.014959E-03  -1.378692E-01  -1.642997E-02
   9.234730E-04  -3.172787E-02  -3.780823E-03
   1.055321E-03  -3.631906E-02  -4.326673E-03
  -3.779078E-04   1.299744E-02   1.549646E-03
  -4.597160E-04   1.581595E-02   1.884786E-03
  -1.245085E-03   4.275467E-02   5.093131E-03
   2.093760E-02   7.084516E-02  -3.173544E-02
  -2.475215E-02   6.009322E-02   4.734135E-02
  -2.283336E-04   7.845833E-03   9.347695E-04
  -2.754857E-04   9.462584E-03   1.127498E-03
   6.246218E-05  -2.147759E-03  -2.559471E-04
   4.503035E-05  -1.547263E-03  -1.842049E-04
  -1.406954E-04   4.839193E-03   5.766582E-04
  -4.837179E-04   1.664573E-02   1.985611E-03
  -4.018129E-03   1.383006E-01   1.649733E-02
  -9.204340E-04   3.167584E-02   3.778423E-03
  -1.055096E-03   3.632236E-02   4.332881E-03
   3.719703E-04  -1.279630E-02  -1.526162E-03
   4.521439E-04  -1.557292E-02  -1.857625E-03
   1.240485E-03  -4.269282E-02  -5.092836E-03
  -2.103300E-02  -7.092714E-02   3.177584E-02
   2.484147E-02  -6.014824E-02  -4.741139E-02
   2.282592E-04  -7.856073E-03  -9.371137E-04
   2.757782E-04  -9.491883E-03  -1.132258E-03
  -6.143682E-05   2.115485E-03   2.523239E-04
  -4.374049E-05   1.505410E-03   1.795803E-04
   1.408795E-04  -4.849473E-03  -5.784680E-04
   4.782503E-04  -1.645229E-02  -1.962712E-03
   4.011677E-03  -1.378816E-01  -1.644938E-02
   9.401808E-04  -3.231502E-02  -3.855358E-03
   1.047765E-03  -3.603017E-02  -4.298346E-03
  -3.605605E-04   1.238901E-02   1.478086E-03
  -4.633185E-04   1.593639E-02   1.900875E-03
  -1.230844E-03   4.231169E-02   5.048001E-03
   2.102703E-02   7.090211E-02  -3.176809E-02
  -2.483816E-02   6.012288E-02   4.739906E-02
  -2.304076E-04   7.919101E-03   9.447640E-04
  -2.739457E-04   9.416509E-03   1.123423E-03
   6.054979E-05  -2.082038E-03  -2.483748E-04
   4.448939E-05  -1.529125E-03  -1.824031E-04
  -1.411759E-04   4.852524E-03   5.789078E-04
  -4.882278E-04   1.677703E-02   1.999124E-03
  -3.998008E-03   1.373031E-01   1.636180E-02
  -9.353022E-04   3.213399E-02   3.829092E-03
  -1.056578E-03   3.629008E-02   4.324230E-03
   3.733377E-04  -1.282974E-02  -1.528994E-03
   4.658159E-04  -1.599857E-02  -1.906360E-03
   1.245463E-03  -4.277815E-02  -5.097486E-03
  -2.082283E-02  -7.077648E-02   3.170350E-02
   2.463119E-02  -6.003989E-02  -4.729183E-02
   2.295592E-04  -7.883565E-03  -9.394182E-04
   2.746744E-04  -9.434513E-03  -1.124234E-03
  -6.151445E-05   2.113653E-03   2.518503E-04
  -4.457495E-05   1.530974E-03   1.824159E-04
   1.412729E-04  -4.852175E-03  -5.781948E-04
   4.739412E-04  -1.641677E-02  -1.963702E-03
   4.044199E-03  -1.389416E-01  -1.652890E-02
   9.172833E-04  -3.174100E-02  -3.794585E-03
   1.047672E-03  -3.615544E-02  -4.308388E-03
  -3.345839E-04   1.240222E-02   1.479015E-03
  -4.567792E-04   1.547633E-02   1.834724E-03
  -1.241238E-03   4.223404E-02   5.030399E-03
   2.125160E-02   7.110771E-02  -3.186807E-02
  -2.506885E-02   6.028925E-02   4.752759E-02
  -2.300328E-04   7.876984E-03   9.388403E-04
  -2.758838E-04   9.506292E-03   1.132446E-03
   5.987480E-05  -2.090897E-03  -2.489991E-04
   4.374272E-05  -1.498721E-03  -1.780728E-04
  -1.408998E-04   4.847168E-03   5.780510E-04
   4.822298E-04  -1.655082E-02  -1.972286E-03
   4.020586E-03  -1.380946E-01  -1.645588E-02
   9.307347E-04  -3.196739E-02  -3.809269E-03
   1.053458E-03  -3.618200E-02  -4.311519E-03
  -3.660722E-04   1.257447E-02   1.498349E-03
  -4.572753E-04   1.570761E-02   1.871873E-03
  -1.240208E-03   4.259538E-02   5.075787E-03
   2.102898E-02   7.090838E-02  -3.177605E-02
  -2.484494E-02   6.013887E-02   4.739236E-02
  -2.298080E-04   7.892178E-03   9.404527E-04
  -2.755212E-04   9.463252E-03   1.127635E-03
   6.132448E-05  -2.106975E-03  -2.510525E-04
   4.437704E-05  -1.524970E-03  -1.817442E-04
  -1.402412E-04   4.816473E-03   5.739377E-04
   4.820039E-04  -1.654656E-02  -1.971720E-03
   4.020398E-03  -1.380906E-01  -1.645525E-02
   9.314039E-04  -3.198332E-02  -3.811169E-03
   1.054509E-03  -3.622066E-02  -4.316349E-03
  -3.685320E-04   1.264898E-02   1.507004E-03
  -4.587478E-04   1.576579E-02   1.878751E-03
  -1.234953E-03   4.241168E-02   5.054060E-03
   2.103075E-02   7.091493E-02  -3.178216E-02
  -2.484703E-02   6.014359E-02   4.739967E-02
  -2.293611E-04   7.876859E-03   9.386048E-04
  -2.752241E-04   9.452871E-03   1.126444E-03
   6.090918E-05  -2.092719E-03  -2.493549E-04
   4.389733E-05  -1.507800E-03  -1.796873E-04
  -1.422675E-04   4.886235E-03   5.822440E-04
   4.819281E-04  -1.654326E-02  -1.971351E-03
   4.021014E-03  -1.381124E-01  -1.645788E-02
   9.315936E-04  -3.198911E-02  -3.811783E-03
   1.054148E-03  -3.620789E-02  -4.314832E-03
  -3.690301E-04   1.267016E-02   1.509533E-03
  -4.599944E-04   1.580541E-02   1.883585E-03
  -1.237590E-03   4.249959E-02   5.064402E-03
   2.103398E-02   7.090974E-02  -3.177827E-02
  -2.485007E-02   6.013952E-02   4.739475E-02
  -2.297798E-04   7.890809E-03   9.402688E-04
  -2.755100E-04   9.462963E-03   1.127625E-03
   6.200385E-05  -2.130441E-03  -2.538341E-04
   4.513012E-05  -1.550490E-03  -1.847910E-04
  -1.406169E-04   4.830166E-03   5.755704E-04
   4.822952E-04  -1.655450E-02  -1.972737E-03
   4.019754E-03  -1.380725E-01  -1.645313E-02
   9.308694E-04  -3.196534E-02  -3.809019E-03
   1.053704E-03  -3.619087E-02  -4.312656E-03
  -3.655740E-04   1.255133E-02   1.495455E-03
  -4.560444E-04   1.567000E-02   1.867246E-03
  -1.237805E-03   4.250790E-02   5.065493E-03
   2.102565E-02   7.091360E-02  -3.178034E-02
  -2.484193E-02   6.014341E-02   4.739773E-02
  -2.294301E-04   7.878854E-03   9.388298E-04
  -2.752248E-04   9.452850E-03   1.126427E-03
   6.023735E-05  -2.069438E-03  -2.465774E-04
   4.316631E-05  -1.482731E-03  -1.766896E-04
  -1.418676E-04   4.872327E-03   5.805992E-04
  -4.802765E-04   1.650150E-02   1.966340E-03
  -4.022266E-03   1.381418E-01   1.646153E-02
  -9.361536E-04   3.215297E-02   3.831415E-03
  -1.059499E-03   3.639944E-02   4.337515E-03
   3.682256E-04  -1.264671E-02  -1.506943E-03
   4.590105E-04  -1.577297E-02  -1.879502E-03
   1.238824E-03  -4.254732E-02  -5.070160E-03
  -2.105935E-02  -7.093814E-02   3.179734E-02
   2.487601E-02  -6.016074E-02  -4.741939E-02
   2.327904E-04  -7.994996E-03  -9.527105E-04
   2.790102E-04  -9.583000E-03  -1.141928E-03
  -6.141378E-05   2.110282E-03   2.514406E-04
  -4.462197E-05   1.532654E-03   1.826401E-04
   1.403718E-04  -4.821608E-03  -5.745590E-04
  -4.835083E-04   1.659641E-02   1.977741E-03
  -4.019065E-03   1.380418E-01   1.644963E-02
  -9.258850E-04   3.180340E-02   3.789665E-03
  -1.048179E-03   3.599602E-02   4.289323E-03
   3.658947E-04  -1.257201E-02  -1.498028E-03
   4.573459E-04  -1.570559E-02  -1.871742E-03
   1.236343E-03  -4.245971E-02  -5.059534E-03
  -2.100042E-02  -7.088448E-02   3.176093E-02
   2.481514E-02  -6.012106E-02  -4.737226E-02
   2.264011E-04  -7.775451E-03  -9.265506E-04
   2.716907E-04  -9.332495E-03  -1.112029E-03
  -6.080207E-05   2.089215E-03   2.489241E-04
  -4.366888E-05   1.500396E-03   1.788292E-04
   1.421055E-04  -4.880999E-03  -5.816146E-04
  -4.987838E-04   1.714687E-02   2.043939E-03
  -4.014482E-03   1.380607E-01   1.645728E-02
  -9.304995E-04   3.199665E-02   3.814016E-03
  -1.061936E-03   3.652339E-02   4.353744E-03
   3.683803E-04  -1.266500E-02  -1.509439E-03
   4.566497E-04  -1.571262E-02  -1.873000E-03
   1.237988E-03  -4.257039E-02  -5.074672E-03
  -2.104258E-02  -7.153111E-02   3.203581E-02
   2.488732E-02  -6.067957E-02  -4.779586E-02
   2.290002E-04  -7.874938E-03  -9.387361E-04
   2.758693E-04  -9.488061E-03  -1.130963E-03
  -6.110766E-05   2.102432E-03   2.505710E-04
  -4.361608E-05   1.500152E-03   1.788471E-04
   1.410982E-04  -4.853009E-03  -5.784838E-04
  -4.651981E-04   1.595376E-02   1.902211E-03
  -4.022781E-03   1.381244E-01   1.646829E-02
  -9.307429E-04   3.194982E-02   3.809399E-03
  -1.045092E-03   3.588521E-02   4.278575E-03
   3.658892E-04  -1.255760E-02  -1.497002E-03
   4.587097E-04  -1.575723E-02  -1.878675E-03
   1.236212E-03  -4.243751E-02  -5.059873E-03
  -2.102004E-02  -7.029983E-02   3.151655E-02
   2.480430E-02  -5.960323E-02  -4.700507E-02
   2.299617E-04  -7.894951E-03  -9.413180E-04
   2.746255E-04  -9.430310E-03  -1.124305E-03
  -6.108696E-05   2.098014E-03   2.501013E-04
  -4.465385E-05   1.533152E-03   1.827999E-04
   1.412452E-04  -4.849337E-03  -5.781775E-04
   4.630490E-04  -1.630223E-02  -1.912758E-03
   3.999441E-03  -1.379892E-01  -1.648885E-02
   9.250972E-04  -3.213856E-02  -3.798492E-03
   1.038793E-03  -3.604036E-02  -4.301345E-03
  -3.785975E-04   1.264833E-02   1.493486E-03
  -4.650994E-04   1.588820E-02   1.903112E-03
  -1.216681E-03   4.254705E-02   5.073758E-03
   2.085874E-02   7.037582E-02  -3.175755E-02
  -2.460671E-02   5.962464E-02   4.723587E-02
  -2.260825E-04   7.851852E-03   9.325347E-04
  -2.716107E-04   9.435623E-03   1.132481E-03
   5.866472E-05  -2.078032E-03  -2.473883E-04
   4.394906E-05  -1.525514E-03  -1.830342E-04
  -1.399579E-04   4.840522E-03   5.768057E-04
  -4.944825E-04   1.697966E-02   2.023347E-03
  -4.024818E-03   1.382361E-01   1.647266E-02
  -9.231779E-04   3.170518E-02   3.777976E-03
  -1.061260E-03   3.645908E-02   4.344739E-03
   3.663537E-04  -1.258050E-02  -1.498945E-03
   4.539875E-04  -1.560384E-02  -1.859438E-03
   1.235914E-03  -4.244352E-02  -5.057834E-03
  -2.125442E-02  -7.155385E-02   3.181124E-02
   2.510653E-02  -6.074388E-02  -4.757635E-02
   2.303572E-04  -7.911002E-03  -9.426949E-04
   2.768762E-04  -9.510060E-03  -1.133240E-03
  -6.180016E-05   2.123615E-03   2.530157E-04
  -4.382485E-05   1.505550E-03   1.794260E-04
   1.414590E-04  -4.859024E-03  -5.790023E-04
   4.604754E-04  -1.580657E-02  -1.883574E-03
   4.044108E-03  -1.389008E-01  -1.655198E-02
   9.304290E-04  -3.195896E-02  -3.808145E-03
   1.033740E-03  -3.550299E-02  -4.230692E-03
  -3.559327E-04   1.222814E-02   1.457096E-03
  -4.648269E-04   1.596648E-02   1.902731E-03
  -1.208227E-03   4.149475E-02   4.944602E-03
   2.127387E-02   7.082393E-02  -3.175769E-02
  -2.508468E-02   6.004715E-02   4.735295E-02
  -2.293994E-04   7.878226E-03   9.387849E-04
  -2.728113E-04   9.370727E-03   1.116612E-03
   5.805294E-05  -1.994266E-03  -2.376284E-04
   4.142959E-05  -1.423197E-03  -1.696114E-04
  -1.413672E-04   4.855239E-03   5.785468E-04
   5.041296E-04  -1.730308E-02  -2.061906E-03
   3.997196E-03  -1.372926E-01  -1.636011E-02
   9.340282E-04  -3.207383E-02  -3.821971E-03
   1.071915E-03  -3.682492E-02  -4.388423E-03
  -3.772777E-04   1.295157E-02   1.542964E-03
  -4.533915E-04   1.558628E-02   1.857312E-03
  -1.268273E-03   4.355200E-02   5.190069E-03
   2.077499E-02   7.099348E-02  -3.179398E-02
  -2.459618E-02   6.023192E-02   4.743140E-02
  -2.300553E-04   7.901009E-03   9.415163E-04
  -2.775475E-04   9.533219E-03   1.135982E-03
   6.426504E-05  -2.208350E-03  -2.631004E-04
   4.702304E-05  -1.615028E-03  -1.924670E-04
  -1.410277E-04   4.844859E-03   5.773224E-04
  -4.621423E-04   1.588118E-02   1.892419E-03
  -4.052257E-03   1.391697E-01   1.658390E-02
  -9.264796E-04   3.181642E-02   3.791450E-03
  -1.037135E-03   3.563196E-02   4.246089E-03
   3.595644E-04  -1.234245E-02  -1.470634E-03
   4.616412E-04  -1.586392E-02  -1.890286E-03
   1.216288E-03  -4.177827E-02  -4.978627E-03
  -2.129238E-02  -7.088255E-02   3.177674E-02
   2.510556E-02  -6.009827E-02  -4.738468E-02
   2.297568E-04  -7.890862E-03  -9.403188E-04
   2.743648E-04  -9.423191E-03  -1.122916E-03
  -5.885106E-05   2.022372E-03   2.409717E-04
  -4.188411E-05   1.439024E-03   1.714762E-04
   1.414297E-04  -4.857089E-03  -5.787830E-04
   4.971468E-04  -1.718751E-02  -2.044027E-03
   3.989905E-03  -1.369516E-01  -1.633170E-02
   9.363309E-04  -3.218211E-02  -3.832992E-03
   1.071963E-03  -3.677056E-02  -4.378928E-03
  -3.804682E-04   1.282794E-02   1.527366E-03
  -4.475285E-04   1.565784E-02   1.863361E-03
  -1.262746E-03   4.327619E-02   5.166004E-03
   2.078744E-02   7.091222E-02  -3.175309E-02
  -2.460235E-02   6.016138E-02   4.736979E-02
  -2.293761E-04   7.879767E-03   9.393104E-04
  -2.762164E-04   9.483936E-03   1.130356E-03
   6.332937E-05  -2.173643E-03  -2.590878E-04
   4.656169E-05  -1.606021E-03  -1.915169E-04
  -1.412004E-04   4.850879E-03   5.781981E-04
   4.811374E-04  -1.651710E-02  -1.968248E-03
   4.022156E-03  -1.381480E-01  -1.646225E-02
   9.309033E-04  -3.197427E-02  -3.809947E-03
   1.054160E-03  -3.620431E-02  -4.314283E-03
  -3.686808E-04   1.266676E-02   1.509244E-03
  -4.595618E-04   1.578540E-02   1.881163E-03
  -1.238634E-03   4.253654E-02   5.068778E-03
   2.104125E-02   7.090920E-02  -3.177505E-02
  -2.485723E-02   6.013917E-02   4.739146E-02
  -2.296545E-04   7.886389E-03   9.397414E-04
  -2.754143E-04   9.460062E-03   1.127255E-03
   6.166711E-05  -2.118766E-03  -2.524451E-04
   4.459541E-05  -1.532229E-03  -1.826093E-04
  -1.407073E-04   4.833288E-03   5.759352E-04
  -4.829610E-04   1.657907E-02   1.975672E-03
  -4.018869E-03   1.380372E-01   1.644887E-02
  -9.312369E-04   3.197478E-02   3.810172E-03
  -1.053857E-03   3.620015E-02   4.313883E-03
   3.659202E-04  -1.255840E-02  -1.496118E-03
   4.564158E-04  -1.568745E-02  -1.869290E-03
   1.236767E-03  -4.247212E-02  -5.061424E-03
  -2.101859E-02  -7.091305E-02   3.178284E-02
   2.483475E-02  -6.014224E-02  -4.739999E-02
   2.295249E-04  -7.882429E-03  -9.392923E-04
   2.753242E-04  -9.456522E-03  -1.126872E-03
  -6.057678E-05   2.081533E-03   2.480001E-04
  -4.370602E-05   1.501140E-03   1.788849E-04
   1.417718E-04  -4.869159E-03  -5.802235E-04
  -4.802317E-04   1.649985E-02   1.966193E-03
  -4.017507E-03   1.379792E-01   1.644218E-02
  -9.326644E-04   3.203659E-02   3.817685E-03
  -1.055186E-03   3.625081E-02   4.319667E-03
   3.674348E-04  -1.261873E-02  -1.503697E-03
   4.579379E-04  -1.573603E-02  -1.875051E-03
   1.237687E-03  -4.251357E-02  -5.066135E-03
  -2.102168E-02  -7.088810E-02   3.177291E-02
   2.483562E-02  -6.011985E-02  -4.738407E-02
   2.301810E-04  -7.905371E-03  -9.420508E-04
   2.759224E-04  -9.478056E-03  -1.129416E-03
  -6.115150E-05   2.101219E-03   2.503596E-04
  -4.436256E-05   1.523960E-03   1.815959E-04
   1.415224E-04  -4.860749E-03  -5.792174E-04
   4.836353E-04  -1.659809E-02  -1.977922E-03
   4.023734E-03  -1.382065E-01  -1.646918E-02
   9.293295E-04  -3.191384E-02  -3.802864E-03
   1.052481E-03  -3.615202E-02  -4.308006E-03
  -3.669964E-04   1.260412E-02   1.501786E-03
  -4.579968E-04   1.573811E-02   1.875428E-03
  -1.237438E-03   4.249397E-02   5.063800E-03
   2.103897E-02   7.093624E-02  -3.178580E-02
  -2.485646E-02   6.016311E-02   4.740829E-02
  -2.289831E-04   7.864149E-03   9.371119E-04
  -2.747883E-04   9.438394E-03   1.124687E-03
   6.108063E-05  -2.098725E-03  -2.500630E-04
   4.392043E-05  -1.508851E-03  -1.798273E-04
  -1.409610E-04   4.841832E-03   5.769603E-04
  -4.689332E-04   1.611601E-02   1.920423E-03
  -4.030735E-03   1.384300E-01   1.649581E-02
  -9.330204E-04   3.204342E-02   3.818361E-03
  -1.057305E-03   3.632467E-02   4.328712E-03
   3.663931E-04  -1.258094E-02  -1.499132E-03
   4.577965E-04  -1.573140E-02  -1.874573E-03
   1.237405E-03  -4.249978E-02  -5.064459E-03
  -2.057146E-02  -7.089466E-02   3.173635E-02
   2.438682E-02  -6.016120E-02  -4.735316E-02
   2.299156E-04  -7.895639E-03  -9.408408E-04
   2.761267E-04  -9.482912E-03  -1.130056E-03
  -6.103296E-05   2.096931E-03   2.498592E-04
  -4.396041E-05   1.510290E-03   1.799694E-04
   1.416835E-04  -4.866234E-03  -5.798756E-04
  -4.941219E-04   1.697376E-02   2.022583E-03
  -4.011014E-03   1.377574E-01   1.641578E-02
  -9.289996E-04   3.191019E-02   3.802315E-03
  -1.050309E-03   3.607793E-02   4.299222E-03
   3.679777E-04  -1.264101E-02  -1.506319E-03
   4.581900E-04  -1.574324E-02  -1.876066E-03
   1.237757E-03  -4.250805E-02  -5.065315E-03
  -2.149489E-02  -7.092938E-02   3.182097E-02
   2.531046E-02  -6.012196E-02  -4.743757E-02
   2.292825E-04  -7.873834E-03  -9.382538E-04
   2.746569E-04  -9.433397E-03  -1.124114E-03
  -6.119894E-05   2.102735E-03   2.505369E-04
  -4.432013E-05   1.522701E-03   1.814692E-04
   1.407986E-04  -4.836157E-03  -5.762825E-04
  -4.835600E-04   1.669196E-02   1.996194E-03
  -3.993615E-03   1.379530E-01   1.649706E-02
  -1.020654E-03   3.525437E-02   4.215981E-03
  -9.396795E-04   3.246575E-02   3.882518E-03
   2.944490E-04  -1.016835E-02  -1.215866E-03
   5.298491E-04  -1.831069E-02  -2.189694E-03
   1.223802E-03  -4.227180E-02  -5.055184E-03
  -2.094079E-02  -7.078606E-02   3.175816E-02
   2.472735E-02  -5.999811E-02  -4.739818E-02
   2.421002E-04  -8.362756E-03  -1.000091E-03
   2.559597E-04  -8.842554E-03  -1.057396E-03
  -5.611603E-05   1.939057E-03   2.318525E-04
  -4.662665E-05   1.610824E-03   1.926449E-04
   1.398685E-04  -4.831723E-03  -5.777997E-04
  -4.761841E-04   1.637546E-02   1.953351E-03
  -4.012568E-03   1.380104E-01   1.646273E-02
  -8.305442E-04   2.857078E-02   3.407942E-03
  -1.160029E-03   3.990275E-02   4.759749E-03
   4.386206E-04  -1.509021E-02  -1.799994E-03
   3.811920E-04  -1.311482E-02  -1.564445E-03
   1.239976E-03  -4.264896E-02  -5.087340E-03
  -2.108533E-02  -7.092359E-02   3.171179E-02
   2.489643E-02  -6.015634E-02  -4.734777E-02
   2.146799E-04  -7.382790E-03  -8.806223E-04
   2.925192E-04  -1.006177E-02  -1.200209E-03
  -6.567531E-05   2.259900E-03   2.695395E-04
  -4.123973E-05   1.418582E-03   1.692284E-04
   1.413316E-04  -4.860956E-03  -5.798302E-04
   4.813110E-04  -1.651934E-02  -1.968516E-03
   4.020083E-03  -1.380757E-01  -1.645353E-02
   9.163109E-04  -3.146896E-02  -3.749974E-03
   1.070576E-03  -3.677682E-02  -4.382494E-03
  -3.698741E-04   1.269965E-02   1.513177E-03
  -4.550437E-04   1.563693E-02   1.863451E-03
  -1.238602E-03   4.254014E-02   5.069285E-03
   2.112336E-02   7.091097E-02  -3.171777E-02
  -2.493969E-02   6.014962E-02   4.733560E-02
  -2.276666E-04   7.819392E-03   9.318120E-04
  -2.779757E-04   9.548004E-03   1.137740E-03
   6.097847E-05  -2.094738E-03  -2.495956E-04
   4.475455E-05  -1.537529E-03  -1.832374E-04
  -1.412333E-04   4.851105E-03   5.780680E-04
  -4.829023E-04   1.657551E-02   1.975163E-03
  -4.020618E-03   1.381085E-01   1.645634E-02
  -9.457996E-04   3.247788E-02   3.870397E-03
  -1.037253E-03   3.562977E-02   4.246107E-03
   3.640354E-04  -1.252285E-02  -1.492131E-03
   4.614534E-04  -1.583322E-02  -1.887296E-03
   1.236348E-03  -4.246470E-02  -5.059517E-03
  -2.093337E-02  -7.091092E-02   3.184009E-02
   2.474926E-02  -6.013180E-02  -4.745563E-02
   2.314506E-04  -7.949205E-03  -9.472085E-04
   2.727990E-04  -9.369580E-03  -1.116482E-03
  -6.127468E-05   2.105079E-03   2.508345E-04
  -4.351806E-05   1.494634E-03   1.781320E-04
   1.412168E-04  -4.851366E-03  -5.780769E-04
   4.795884E-04  -1.646614E-02  -1.962282E-03
   4.015982E-03  -1.380371E-01  -1.644966E-02
   8.795455E-04  -3.022621E-02  -3.601939E-03
   1.110045E-03  -3.815137E-02  -4.546574E-03
  -4.274504E-04   1.468930E-02   1.750289E-03
  -3.945053E-04   1.356424E-02   1.616573E-03
  -1.240260E-03   4.261887E-02   5.078840E-03
   2.111996E-02   7.092824E-02  -3.171537E-02
  -2.493494E-02   6.016800E-02   4.733829E-02
  -2.222275E-04   7.637444E-03   9.101370E-04
  -2.845699E-04   9.780427E-03   1.165497E-03
   6.438931E-05  -2.213837E-03  -2.637908E-04
   4.239421E-05  -1.457574E-03  -1.737235E-04
  -1.413243E-04   4.857446E-03   5.788426E-04
   4.845934E-04  -1.661324E-02  -1.979543E-03
   4.021828E-03  -1.379961E-01  -1.644281E-02
   9.819471E-04  -3.368463E-02  -4.013666E-03
   9.978372E-04  -3.423553E-02  -4.079480E-03
  -3.069282E-04   1.052753E-02   1.254168E-03
  -5.208339E-04   1.787638E-02   2.130102E-03
  -1.234717E-03   4.235527E-02   5.046971E-03
   2.091751E-02   7.081336E-02  -3.180483E-02
  -2.473221E-02   6.004566E-02   4.739761E-02
  -2.366849E-04   8.119804E-03   9.674940E-04
  -2.660273E-04   9.127459E-03   1.087579E-03
   5.775043E-05  -1.982217E-03  -2.361603E-04
   4.578466E-05  -1.571154E-03  -1.872394E-04
  -1.410670E-04   4.840664E-03   5.767806E-04
  -4.815431E-04   1.654704E-02   1.972019E-03
  -4.020992E-03   1.380949E-01   1.645759E-02
  -9.328939E-04   3.203636E-02   3.818171E-03
  -1.051664E-03   3.613571E-02   4.306611E-03
   3.670626E-04  -1.259902E-02  -1.501447E-03
   4.579844E-04  -1.574318E-02  -1.875930E-03
   1.237549E-03  -4.250693E-02  -5.066143E-03
  -2.102690E-02  -7.091067E-02   3.178204E-02
   2.484205E-02  -6.013841E-02  -4.739978E-02
   2.300168E-04  -7.899711E-03  -9.414743E-04
   2.749328E-04  -9.442716E-03  -1.125372E-03
  -6.178233E-05   2.122655E-03   2.529556E-04
  -4.338452E-05   1.490387E-03   1.776019E-04
   1.412344E-04  -4.850876E-03  -5.781092E-04
   4.817878E-04  -1.655035E-02  -1.972239E-03
   4.020305E-03  -1.380894E-01  -1.645604E-02
   9.292476E-04  -3.191590E-02  -3.803406E-03
   1.055397E-03  -3.626505E-02  -4.321868E-03
  -3.675990E-04   1.262198E-02   1.504006E-03
  -4.575518E-04   1.573181E-02   1.874636E-03
  -1.237372E-03   4.250030E-02   5.064947E-03
   2.103367E-02   7.091359E-02  -3.177520E-02
  -2.484904E-02   6.014300E-02   4.739314E-02
  -2.291285E-04   7.869736E-03   9.378471E-04
  -2.757845E-04   9.473375E-03   1.128938E-03
   6.044948E-05  -2.077163E-03  -2.475053E-04
   4.490323E-05  -1.542672E-03  -1.838490E-04
  -1.412307E-04   4.851597E-03   5.781632E-04
   4.820030E-04  -1.654077E-02  -1.971110E-03
   4.019414E-03  -1.380602E-01  -1.645174E-02
   9.322363E-04  -3.201497E-02  -3.814875E-03
   1.051591E-03  -3.612015E-02  -4.304358E-03
  -3.697614E-04   1.269745E-02   1.512844E-03
  -4.549596E-04   1.563219E-02   1.862976E-03
  -1.237288E-03   4.248962E-02   5.063232E-03
   2.102154E-02   7.089484E-02  -3.177511E-02
  -2.483685E-02   6.012647E-02   4.738838E-02
  -2.316392E-04   7.955492E-03   9.479938E-04
  -2.725489E-04   9.361258E-03   1.115481E-03
   6.155895E-05  -2.115129E-03  -2.520066E-04
   4.347376E-05  -1.493438E-03  -1.780043E-04
  -1.414397E-04   4.858435E-03   5.789418E-04
  -4.817789E-04   1.655690E-02   1.972972E-03
  -4.021938E-03   1.381225E-01   1.645931E-02
  -9.296373E-04   3.193574E-02   3.805648E-03
  -1.056202E-03   3.628123E-02   4.323245E-03
   3.645369E-04  -1.252434E-02  -1.492657E-03
   4.611736E-04  -1.584212E-02  -1.887615E-03
   1.237801E-03  -4.251758E-02  -5.066544E-03
  -2.103857E-02  -7.092791E-02   3.178310E-02
   2.485467E-02  -6.015550E-02  -4.740325E-02
   2.275188E-04  -7.813782E-03  -9.311299E-04
   2.781984E-04  -9.554852E-03  -1.138603E-03
  -6.066875E-05   2.084637E-03   2.484017E-04
  -4.481698E-05   1.539505E-03   1.834375E-04
   1.410446E-04  -4.844167E-03  -5.772291E-04
  -4.843731E-04   1.662382E-02   1.980950E-03
  -4.019297E-03   1.380559E-01   1.645116E-02
  -9.870505E-04   3.389774E-02   4.039340E-03
  -9.921536E-04   3.407864E-02   4.061012E-03
   3.222053E-04  -1.106370E-02  -1.318160E-03
   5.056638E-04  -1.737692E-02  -2.070731E-03
   1.234411E-03  -4.238957E-02  -5.051376E-03
  -2.105211E-02  -7.085668E-02   3.176059E-02
   2.486525E-02  -6.009116E-02  -4.736510E-02
   2.387189E-04  -8.198794E-03  -9.770095E-04
   2.644172E-04  -9.082518E-03  -1.082269E-03
  -5.801419E-05   1.993689E-03   2.375300E-04
  -4.621281E-05   1.587746E-03   1.892347E-04
   1.406363E-04  -4.830733E-03  -5.756352E-04
  -5.056988E-04   1.650198E-02   1.999408E-03
  -4.000164E-03   1.378572E-01   1.642346E-02
  -8.690774E-04   3.008853E-02   3.573711E-03
  -1.129846E-03   3.834891E-02   4.572552E-03
   4.246970E-04  -1.408243E-02  -1.674011E-03
   4.042335E-04  -1.410687E-02  -1.671668E-03
   1.240947E-03  -4.263122E-02  -5.099310E-03
  -2.104165E-02  -7.089461E-02   3.172544E-02
   2.486752E-02  -6.015029E-02  -4.735896E-02
   2.203279E-04  -7.580673E-03  -9.032381E-04
   2.866660E-04  -9.810582E-03  -1.167143E-03
  -6.412873E-05   2.194591E-03   2.620674E-04
  -4.341102E-05   1.458441E-03   1.737607E-04
   1.423027E-04  -4.876741E-03  -5.801875E-04
  -4.818418E-04   1.655350E-02   1.972668E-03
  -4.019440E-03   1.380925E-01   1.645663E-02
  -9.314945E-04   3.200314E-02   3.813886E-03
  -1.052562E-03   3.616987E-02   4.310450E-03
   3.657178E-04  -1.256458E-02  -1.497318E-03
   4.593067E-04  -1.578578E-02  -1.881184E-03
   1.236835E-03  -4.249405E-02  -5.064098E-03
  -2.104111E-02  -7.091218E-02   3.177342E-02
   2.485560E-02  -6.014249E-02  -4.739149E-02
   2.297291E-04  -7.892193E-03  -9.405157E-04
   2.750179E-04  -9.448434E-03  -1.125991E-03
  -6.107895E-05   2.099381E-03   2.501641E-04
  -4.407796E-05   1.514627E-03   1.805052E-04
   1.413111E-04  -4.854840E-03  -5.785512E-04
   4.812225E-04  -1.654323E-02  -1.973283E-03
   4.014385E-03  -1.380901E-01  -1.647134E-02
   9.288091E-04  -3.195081E-02  -3.810941E-03
   1.053107E-03  -3.622837E-02  -4.321260E-03
  -3.677766E-04   1.265433E-02   1.509277E-03
  -4.559140E-04   1.569094E-02   1.871686E-03
  -1.236104E-03   4.251362E-02   5.070955E-03
   2.101659E-02   7.091305E-02  -3.177942E-02
  -2.482670E-02   6.013461E-02   4.741087E-02
  -2.290205E-04   7.877354E-03   9.396178E-04
  -2.751874E-04   9.466932E-03   1.129143E-03
   6.102814E-05  -2.100297E-03  -2.504814E-04
   4.413243E-05  -1.518526E-03  -1.811612E-04
  -1.409023E-04   4.847438E-03   5.781818E-04
  -4.814200E-04   1.654339E-02   1.971364E-03
  -4.021253E-03   1.381001E-01   1.645679E-02
  -9.317966E-04   3.201286E-02   3.814715E-03
  -1.052859E-03   3.616376E-02   4.309147E-03
   3.676295E-04  -1.263599E-02  -1.506017E-03
   4.575541E-04  -1.571347E-02  -1.872403E-03
   1.237551E-03  -4.250646E-02  -5.065048E-03
  -2.100721E-02  -7.091513E-02   3.179828E-02
   2.482252E-02  -6.014107E-02  -4.741515E-02
   2.297797E-04  -7.891218E-03  -9.403478E-04
   2.751510E-04  -9.451173E-03  -1.126219E-03
  -6.155078E-05   2.114653E-03   2.519712E-04
  -4.378059E-05   1.503841E-03   1.791864E-04
   1.412323E-04  -4.850669E-03  -5.780099E-04
   4.822156E-04  -1.655246E-02  -1.972416E-03
   4.020206E-03  -1.380841E-01  -1.645455E-02
   9.300381E-04  -3.194063E-02  -3.806043E-03
   1.055024E-03  -3.623629E-02  -4.318165E-03
  -3.664063E-04   1.258527E-02   1.499481E-03
  -4.587815E-04   1.576325E-02   1.878572E-03
  -1.237662E-03   4.250182E-02   5.064657E-03
   2.105236E-02   7.090723E-02  -3.175966E-02
  -2.486833E-02   6.014007E-02   4.737590E-02
  -2.293897E-04   7.878188E-03   9.387897E-04
  -2.755480E-04   9.464688E-03   1.127805E-03
   6.069454E-05  -2.085348E-03  -2.484577E-04
   4.452674E-05  -1.529614E-03  -1.823118E-04
  -1.412334E-04   4.851718E-03   5.781444E-04
   4.831317E-04  -1.657950E-02  -1.975715E-03
   4.020351E-03  -1.380917E-01  -1.645555E-02
   9.293005E-04  -3.191615E-02  -3.803176E-03
   1.054910E-03  -3.623191E-02  -4.317509E-03
  -3.670020E-04   1.260506E-02   1.501957E-03
  -4.579368E-04   1.573263E-02   1.874801E-03
  -1.237469E-03   4.249624E-02   5.063990E-03
   2.101122E-02   7.093097E-02  -3.179858E-02
  -2.482844E-02   6.015697E-02   4.741977E-02
  -2.293505E-04   7.876635E-03   9.386009E-04
  -2.753658E-04   9.458612E-03   1.127092E-03
   6.126990E-05  -2.105155E-03  -2.508342E-04
   4.391203E-05  -1.508523E-03  -1.797810E-04
  -1.413469E-04   4.854609E-03   5.784755E-04
  -4.807392E-04   1.651687E-02   1.968110E-03
  -4.020939E-03   1.380942E-01   1.645574E-02
  -9.328704E-04   3.204072E-02   3.818057E-03
  -1.052518E-03   3.616326E-02   4.309418E-03
   3.673062E-04  -1.261333E-02  -1.502900E-03
   4.581725E-04  -1.574646E-02  -1.876415E-03
   1.237732E-03  -4.251056E-02  -5.065774E-03
  -2.104819E-02  -7.089076E-02   3.175943E-02
   2.486242E-02  -6.012461E-02  -4.737151E-02
   2.298246E-04  -7.893631E-03  -9.406726E-04
   2.752951E-04  -9.456568E-03  -1.126827E-03
  -6.094866E-05   2.094369E-03   2.495218E-04
  -4.437631E-05   1.524499E-03   1.816870E-04
   1.411160E-04  -4.847958E-03  -5.776886E-04
  -4.873458E-04   1.674532E-02   1.995349E-03
  -4.020146E-03   1.380659E-01   1.645265E-02
  -9.459042E-04   3.249591E-02   3.872271E-03
  -1.036249E-03   3.559231E-02   4.241172E-03
   3.593903E-04  -1.235053E-02  -1.471948E-03
   4.659659E-04  -1.600260E-02  -1.906942E-03
   1.237135E-03  -4.249252E-02  -5.063370E-03
  -2.123094E-02  -7.093700E-02   3.162005E-02
   2.504844E-02  -6.019153E-02  -4.724566E-02
   2.316994E-04  -7.956920E-03  -9.481411E-04
   2.732347E-04  -9.384008E-03  -1.118254E-03
  -6.039328E-05   2.074973E-03   2.472495E-04
  -4.485278E-05   1.540833E-03   1.835969E-04
   1.410239E-04  -4.843502E-03  -5.771535E-04
  -4.762897E-04   1.634777E-02   1.948056E-03
  -4.021311E-03   1.381228E-01   1.645934E-02
  -9.160161E-04   3.146099E-02   3.748785E-03
  -1.071715E-03   3.680461E-02   4.385804E-03
   3.745636E-04  -1.286788E-02  -1.533252E-03
   4.505973E-04  -1.547485E-02  -1.844318E-03
   1.238054E-03  -4.251507E-02  -5.066088E-03
  -2.083045E-02  -7.088689E-02   3.193594E-02
   2.464452E-02  -6.009201E-02  -4.754418E-02
   2.275315E-04  -7.813823E-03  -9.310951E-04
   2.774983E-04  -9.531368E-03  -1.135764E-03
  -6.185312E-05   2.124949E-03   2.531944E-04
  -4.344769E-05   1.492678E-03   1.779078E-04
   1.414406E-04  -4.858802E-03  -5.789817E-04
  -4.896358E-04   1.679027E-02   2.001670E-03
  -4.021305E-03   1.378585E-01   1.643517E-02
  -9.305781E-04   3.190140E-02   3.803234E-03
  -1.058282E-03   3.628878E-02   4.326370E-03
   3.679511E-04  -1.261266E-02  -1.503592E-03
   4.557311E-04  -1.563091E-02  -1.863394E-03
   1.238678E-03  -4.246550E-02  -5.062707E-03
  -2.122271E-02  -7.113394E-02   3.248656E-02
   2.505248E-02  -6.017168E-02  -4.814045E-02
   2.299803E-04  -7.883637E-03  -9.398590E-04
   2.772479E-04  -9.504979E-03  -1.133183E-03
  -6.131150E-05   2.102864E-03   2.506721E-04
  -4.398463E-05   1.508168E-03   1.797889E-04
   1.419075E-04  -4.865416E-03  -5.800399E-04
  -4.740138E-04   1.630962E-02   1.944561E-03
  -4.018816E-03   1.383216E-01   1.649185E-02
  -9.312184E-04   3.205185E-02   3.821349E-03
  -1.049044E-03   3.611104E-02   4.305450E-03
   3.662518E-04  -1.260613E-02  -1.502880E-03
   4.601349E-04  -1.584385E-02  -1.889082E-03
   1.236091E-03  -4.254072E-02  -5.072039E-03
  -2.084343E-02  -7.069952E-02   3.107893E-02
   2.464408E-02  -6.010779E-02  -4.667491E-02
   2.291654E-04  -7.886576E-03  -9.402715E-04
   2.734407E-04  -9.411614E-03  -1.122107E-03
  -6.089427E-05   2.096967E-03   2.499861E-04
  -4.428873E-05   1.524745E-03   1.818079E-04
   1.405365E-04  -4.837002E-03  -5.766978E-04
  -4.056526E-04   1.653782E-02   2.076017E-03
  -4.542774E-03   1.380747E-01   1.645993E-02
  -5.408365E-04   3.202055E-02   3.533786E-03
  -8.472623E-04   3.618742E-02   4.490096E-03
   2.408465E-04  -1.262440E-02  -1.435516E-03
   4.850017E-04  -1.572140E-02  -2.017815E-03
   1.337840E-03  -4.251181E-02  -5.002340E-03
  -2.071119E-02  -7.093006E-02   3.176034E-02
   2.516101E-02  -6.009665E-02  -4.740504E-02
   2.732754E-04  -7.890334E-03  -8.810693E-04
   3.376598E-04  -9.450762E-03  -1.173700E-03
  -4.756600E-05   2.105261E-03   2.125976E-04
  -3.445615E-05   1.512349E-03   2.198519E-04
   3.077390E-05  -4.853883E-03  -5.744705E-04
  -5.007513E-04   1.653992E-02   2.032830E-03
  -3.949196E-03   1.380923E-01   1.647651E-02
  -9.103905E-04   3.197214E-02   3.848075E-03
  -1.049013E-03   3.620357E-02   4.274727E-03
   3.654664E-04  -1.260134E-02  -1.588328E-03
   4.779305E-04  -1.574480E-02  -1.828334E-03
   1.237906E-03  -4.250201E-02  -5.058742E-03
  -2.108840E-02  -7.089200E-02   3.176061E-02
   2.478890E-02  -6.015796E-02  -4.741700E-02
   2.515869E-04  -7.891221E-03  -8.802696E-04
   3.148398E-04  -9.447590E-03  -1.202197E-03
  -6.264529E-05   2.094076E-03   2.991817E-04
  -4.383030E-05   1.522194E-03   1.344419E-04
   2.113048E-04  -4.849372E-03  -5.774235E-04
  -4.955764E-04   1.654692E-02   1.966021E-03
  -3.933136E-03   1.380906E-01   1.648844E-02
  -8.927755E-04   3.198239E-02   3.779689E-03
  -1.126363E-03   3.619740E-02   4.309546E-03
   3.459043E-04  -1.259705E-02  -1.613276E-03
   5.303714E-04  -1.574490E-02  -1.799846E-03
   1.190895E-03  -4.250870E-02  -5.032256E-03
  -2.107765E-02  -7.089851E-02   3.176546E-02
   2.479749E-02  -6.015053E-02  -4.741022E-02
   2.388315E-04  -7.886294E-03  -9.251353E-04
   2.967608E-04  -9.454227E-03  -1.150657E-03
  -6.606142E-05   2.097300E-03   2.681340E-04
  -4.655748E-05   1.517576E-03   1.703262E-04
   1.173546E-04  -4.852315E-03  -5.760282E-04
  -6.302477E-04   1.652221E-02   2.134369E-03
  -4.126225E-03   1.380838E-01   1.650147E-02
  -6.883595E-04   3.196335E-02   3.995166E-03
  -8.957650E-04   3.623890E-02   4.018426E-03
   3.306262E-04  -1.259287E-02  -1.650236E-03
   5.449988E-04  -1.574435E-02  -1.815632E-03
   1.205513E-03  -4.250970E-02  -5.024101E-03
  -2.104101E-02  -7.089075E-02   3.173519E-02
   2.483514E-02  -6.014950E-02  -4.744079E-02
   2.176779E-04  -7.879916E-03  -9.848869E-04
   2.501249E-04  -9.467395E-03  -1.049037E-03
  -5.377740E-05   2.101189E-03   2.419392E-04
  -3.783333E-05   1.516127E-03   1.859815E-04
   1.745284E-04  -4.850157E-03  -5.763471E-04
   4.517192E-04  -1.651285E-02  -2.272591E-03
   4.954118E-03  -1.380663E-01  -1.644705E-02
   5.988889E-04  -3.199041E-02  -3.751556E-03
   8.364918E-04  -3.621887E-02  -4.247870E-03
  -4.313221E-04   1.259660E-02   1.634334E-03
  -5.865196E-04   1.574188E-02   1.788855E-03
  -1.107578E-03   4.251187E-02   5.059096E-03
   2.054631E-02   7.094652E-02  -3.173578E-02
  -2.532677E-02   6.006441E-02   4.742519E-02
  -3.370052E-04   7.905285E-03   7.418775E-04
  -4.347129E-04   9.430025E-03   1.331802E-03
   4.159941E-05  -2.097171E-03  -2.813397E-04
   3.165607E-05  -1.521675E-03  -1.407522E-04
  -1.456563E-04   4.851416E-03   5.766791E-04
  -6.454187E-05   1.665451E-02   1.473112E-03
  -2.397338E-03   1.381442E-01   1.637299E-02
  -1.866825E-03   3.198024E-02   3.402088E-03
  -1.498929E-03   3.614932E-02   5.082957E-03
   8.345494E-04  -1.268574E-02  -4.008795E-04
   3.028561E-04  -1.569868E-02  -2.544758E-03
   1.950982E-03  -4.245040E-02  -5.350512E-03
  -2.143546E-02  -7.084679E-02   3.188479E-02
   2.461709E-02  -6.033038E-02  -4.727589E-02
   2.001082E-04  -7.870776E-03  -1.019341E-03
   2.052772E-04  -9.464370E-03  -1.035930E-03
  -7.682174E-05   2.101113E-03   1.864971E-04
  -6.465065E-05   1.516357E-03   2.445351E-04
   1.084954E-04  -4.853396E-03  -5.883380E-04
   1.200993E-03  -1.647401E-02  -2.006774E-03
   2.648192E-03  -1.380891E-01  -1.631654E-02
   1.485764E-03  -3.198930E-02  -3.691433E-03
   9.612008E-04  -3.616149E-02  -4.941080E-03
  -9.316641E-04   1.265399E-02   6.526419E-04
  -1.389412E-04   1.573602E-02   2.129810E-03
  -1.737085E-03   4.245168E-02   5.446274E-03
   2.064572E-02   7.064363E-02  -3.142967E-02
  -2.529302E-02   6.026185E-02   4.773191E-02
  -2.246298E-04   7.882783E-03   9.323403E-04
  -2.702212E-04   9.457463E-03   1.118630E-03
   5.878440E-05  -2.095006E-03  -2.325726E-04
   5.285754E-05  -1.522560E-03  -1.997658E-04
  -1.183199E-04   4.853582E-03   5.904161E-04
  -8.554173E-04   1.660839E-02   1.953616E-03
  -4.060276E-03   1.381605E-01   1.650685E-02
  -7.806928E-04   3.201571E-02   3.748171E-03
  -1.453621E-03   3.613041E-02   4.036332E-03
   1.187803E-04  -1.259472E-02  -1.633965E-03
   6.712718E-04  -1.575225E-02  -2.036924E-03
   1.167818E-03  -4.250783E-02  -4.865779E-03
  -2.077007E-02  -7.081880E-02   3.171521E-02
   2.533361E-02  -6.030693E-02  -4.752173E-02
   2.245489E-04  -7.887252E-03  -9.479602E-04
   2.531063E-04  -9.432766E-03  -1.066627E-03
  -6.690974E-05   2.098578E-03   2.437518E-04
  -4.507142E-05   1.531755E-03   2.025134E-04
   1.345030E-04  -4.855718E-03  -5.701609E-04
  -2.634306E-04   1.657802E-02   1.778609E-03
  -4.078504E-03   1.383016E-01   1.461648E-02
  -2.836258E-03   3.182165E-02   4.645086E-03
   7.551161E-04   3.615553E-02   5.080180E-03
   2.255515E-03  -1.269368E-02  -3.137391E-04
  -1.496143E-03  -1.593387E-02  -7.071883E-04
   1.305339E-03  -4.228569E-02  -6.911670E-03
  -2.108404E-02  -7.109652E-02   3.243776E-02
   2.478075E-02  -6.010726E-02  -4.670847E-02
   2.323564E-04  -7.882392E-03  -9.905991E-04
   2.462269E-04  -9.455234E-03  -1.179494E-03
  -3.677768E-05   2.108256E-03   2.059828E-04
  -6.918065E-05   1.526071E-03   1.180290E-04
   1.504002E-04  -4.836157E-03  -6.547627E-04
   4.593265E-04  -1.652240E-02  -1.922866E-03
   4.033017E-03  -1.380069E-01  -1.646130E-02
   8.429997E-04  -3.198139E-02  -3.620557E-03
   1.093235E-03  -3.629911E-02  -4.109869E-03
  -2.018789E-04   1.251671E-02   1.628890E-03
  -6.241397E-04   1.576982E-02   1.991995E-03
  -1.209664E-03   4.254115E-02   4.807037E-03
   2.108487E-02   7.092582E-02  -3.189704E-02
  -2.487979E-02   6.013358E-02   4.721143E-02
  -2.658429E-04   7.878322E-03   8.899506E-04
  -2.201877E-04   9.471004E-03   1.075128E-03
   6.040113E-05  -2.089943E-03  -2.430361E-04
   4.310551E-05  -1.530851E-03  -1.698047E-04
  -1.435107E-04   4.857135E-03   5.700123E-04
  -4.120284E-04   1.655863E-02   1.911225E-03
  -4.081980E-03   1.381616E-01   1.584639E-02
  -1.427021E-03   3.192632E-02   4.094600E-03
  -6.112618E-04   3.617925E-02   4.613658E-03
   9.875619E-04  -1.265156E-02  -1.010544E-03
  -2.015565E-04  -1.581174E-02  -1.405223E-03
   1.270282E-03  -4.244364E-02  -5.556586E-03
  -2.101331E-02  -7.083235E-02   3.186886E-02
   2.486736E-02  -6.023735E-02  -4.732618E-02
   2.438464E-04  -7.885498E-03  -9.297157E-04
   2.415491E-04  -9.459605E-03  -1.127175E-03
  -4.137912E-05   2.103433E-03   2.225089E-04
  -6.015533E-05   1.518865E-03   1.531773E-04
   1.429090E-04  -4.850316E-03  -5.830692E-04
   8.035051E-04  -1.660870E-02  -1.788194E-03
   3.942710E-03  -1.380549E-01  -1.624769E-02
   8.950262E-04  -3.196242E-02  -3.819573E-03
   1.270341E-03  -3.625540E-02  -4.398034E-03
  -4.223576E-04   1.255919E-02   1.405745E-03
  -4.207168E-04   1.577044E-02   1.932287E-03
  -1.277204E-03   4.250711E-02   5.095656E-03
   2.095887E-02   7.004199E-02  -3.169022E-02
  -2.508955E-02   6.102183E-02   4.766557E-02
  -2.313149E-04   7.880134E-03   9.135640E-04
  -2.920819E-04   9.461580E-03   1.097044E-03
   6.280609E-05  -2.089745E-03  -2.592798E-04
   4.716659E-05  -1.522145E-03  -2.018399E-04
  -1.410488E-04   4.854502E-03   5.784544E-04
