   4.724063E-08   1.219467E-09  -4.952018E-02
  -1.182447E-07   1.464473E-07   8.651569E-02
  -2.892518E-07   3.326481E-06   2.066980E-02
  -2.047179E-07  -3.083186E-06  -1.656434E-02
  -3.125608E-06  -5.966043E-06   1.087140E-02
  -2.807995E-06   5.698310E-06  -6.274158E-02
   6.221164E-06  -8.955074E-08  -2.295720E-02
  -4.443979E-08  -3.815894E-08   1.511945E-02
   5.171263E-08  -5.950233E-09  -6.829174E-03
  -1.406437E-08   5.372873E-08  -3.617903E-02
  -1.658312E-08  -2.441660E-08   1.542925E-02
  -4.761709E-08  -1.632045E-08   1.338163E-02
  -4.782118E-08   1.727860E-08   3.364138E-02
   1.071403E-07   6.395079E-09   1.524030E-03
  -2.321612E-02   5.586743E-03  -6.275846E-09
   1.346155E-02  -1.637225E-02   1.010982E-07
   3.899830E-02  -3.500055E-01   5.765899E-08
   4.564496E-02   3.427196E-01  -1.075894E-07
   3.300430E-01   6.418576E-01  -1.024433E-06
   3.265581E-01  -6.381213E-01   1.866002E-07
  -6.976020E-01   3.659822E-03   9.722472E-07
   5.037993E-03   4.467178E-03  -2.247228E-09
  -4.572732E-03   4.306305E-03   3.885756E-10
   3.490513E-04  -3.487833E-03   1.052146E-08
   4.166204E-04   2.686746E-03   8.465146E-09
   4.886367E-03   3.882622E-03  -6.761409E-08
   5.026191E-03  -3.715861E-03  -8.822667E-08
  -1.287174E-02  -4.251721E-04  -2.121484E-08
  -5.619566E-08  -2.820191E-08  -5.005302E-02
   1.477940E-07  -2.579633E-07   8.614993E-02
   6.355395E-08  -1.315004E-06   2.042375E-02
   5.473997E-08   1.250413E-06  -1.655196E-02
   8.940360E-07   2.078601E-06   1.054876E-02
   1.027710E-06  -1.825630E-06  -6.300162E-02
  -2.132435E-06   8.885234E-08  -2.241945E-02
   3.956154E-08   3.699620E-08   1.526322E-02
  -1.736658E-08  -1.250192E-08  -6.774282E-03
   3.058423E-08  -9.511565E-09  -3.536993E-02
  -1.154556E-08   2.060919E-08   1.612081E-02
   4.427797E-08  -3.496116E-09   1.310903E-02
   4.767553E-08   1.334313E-08   3.344062E-02
  -3.396828E-08  -2.919067E-08   1.497542E-03
   5.008247E-09  -2.491690E-08  -4.903404E-02
   1.365178E-07   4.008598E-08   8.610808E-02
   1.619365E-08   6.144047E-08   2.038542E-02
  -4.143622E-08  -2.425335E-10  -1.725690E-02
  -7.894345E-08  -9.712553E-08   1.084825E-02
  -1.229819E-10   7.883432E-08  -6.142009E-02
  -1.773812E-08  -4.613694E-08  -2.334755E-02
   3.529237E-10   7.421610E-10   1.497649E-02
   1.385383E-09  -6.475710E-09  -6.547723E-03
  -3.238393E-09  -1.855255E-10  -3.597688E-02
  -4.903691E-09  -6.864693E-09   1.511997E-02
  -2.136928E-09  -3.734049E-09   1.355468E-02
  -9.769828E-09   2.848822E-09   3.352444E-02
  -6.015112E-11   1.648570E-09   1.475661E-03
  -2.235986E-02   5.438814E-03  -2.004136E-08
   1.078037E-02  -1.599537E-02  -3.882649E-08
   3.982843E-02  -3.529852E-01  -2.593720E-09
   4.630333E-02   3.456522E-01   8.411300E-09
   3.316209E-01   6.426439E-01   8.131408E-09
   3.279007E-01  -6.389915E-01   3.049374E-08
  -7.004122E-01   3.692157E-03  -1.462349E-08
   4.969312E-03   4.437941E-03   2.038020E-09
  -4.604038E-03   4.230681E-03  -3.562358E-09
   3.656112E-04  -3.586264E-03   1.571572E-08
   4.424061E-04   2.794101E-03  -6.087198E-09
   4.852660E-03   3.867154E-03  -3.561927E-09
   5.016252E-03  -3.688896E-03   2.750089E-08
  -1.288026E-02  -4.365187E-04  -2.977146E-09
   2.096547E-02  -6.442263E-03   2.058597E-07
  -9.532995E-03   1.742209E-02  -4.437727E-07
  -3.908508E-02   3.465764E-01  -6.344826E-08
  -4.673048E-02  -3.406301E-01   2.187266E-07
  -3.253297E-01  -6.308298E-01   9.809850E-07
  -3.223980E-01   6.283430E-01  -3.481791E-08
   6.884510E-01  -4.012200E-03  -9.244267E-07
  -4.918478E-03  -4.417440E-03  -3.910156E-08
   4.636405E-03  -4.096396E-03   1.630963E-08
  -4.948788E-04   3.599603E-03   9.143536E-08
  -5.165525E-04  -2.798800E-03  -4.028052E-08
  -4.823179E-03  -3.847750E-03   2.819707E-08
  -4.986903E-03   3.711209E-03  -4.301949E-08
   1.258701E-02   4.404697E-04   2.129010E-08
  -2.559821E-08  -1.031353E-07  -4.894071E-02
   2.185289E-07   1.104889E-07   8.619786E-02
  -5.750764E-08  -2.822147E-07   2.131259E-02
  -1.375846E-08  -1.016648E-07  -1.538293E-02
   1.857372E-07   3.756756E-07   1.081786E-02
   1.892409E-08  -2.573281E-08  -6.260852E-02
  -3.222718E-07  -5.825097E-08  -2.384232E-02
   3.404322E-09   9.380756E-09   1.507613E-02
  -3.200642E-09   3.351030E-08  -6.808666E-03
   3.101774E-08   1.189179E-08  -3.729669E-02
  -1.219406E-08   3.263700E-08   1.398362E-02
   1.224777E-09   1.314276E-08   1.397961E-02
  -7.989516E-09  -1.103871E-08   3.432023E-02
  -5.997588E-09  -1.821030E-09   1.523010E-03
   5.869960E-08  -1.452650E-08  -4.953917E-02
   1.757542E-07  -4.349767E-09   8.655166E-02
   9.871072E-09  -2.711164E-08   2.067966E-02
  -1.945209E-07  -2.575361E-08  -1.656749E-02
  -1.064921E-07   4.573901E-08   1.087036E-02
  -1.245846E-07  -2.006401E-08  -6.276695E-02
   1.221915E-07   6.439256E-08  -2.297935E-02
   3.161091E-09   1.695238E-09   1.512722E-02
   5.720958E-09  -5.704656E-09  -6.833552E-03
  -1.982089E-08   5.007497E-10  -3.620157E-02
   2.114073E-08  -3.054527E-09   1.543600E-02
   3.352695E-08   5.504514E-10   1.339194E-02
   8.180426E-09  -2.666852E-09   3.365296E-02
   9.361565E-09  -9.838264E-09   1.538587E-03
  -2.164626E-02   5.916667E-03  -1.964270E-07
   1.161189E-02  -1.673595E-02   1.179535E-07
   3.856180E-02  -3.486489E-01   3.760634E-08
   4.568962E-02   3.420727E-01  -2.040647E-07
   3.282555E-01   6.367707E-01   6.024819E-08
   3.250962E-01  -6.336871E-01   2.607830E-07
  -6.941169E-01   3.829438E-03  -2.035672E-07
   4.971116E-03   4.415506E-03   3.055003E-08
  -4.565210E-03   4.204956E-03   2.254387E-08
   4.062723E-04  -3.503311E-03  -6.994029E-08
   4.546797E-04   2.710137E-03   7.157815E-08
   4.856847E-03   3.887825E-03   4.074909E-09
   5.019140E-03  -3.743384E-03   7.426004E-08
  -1.240426E-02  -4.266890E-04  -3.031442E-10
  -4.435127E-08  -1.486334E-08   4.952098E-02
   2.732030E-08   1.988359E-07  -8.656017E-02
  -1.042081E-07   2.927313E-07  -2.064034E-02
  -9.498035E-08  -2.782875E-07   1.660979E-02
  -2.166690E-07  -5.680736E-07  -1.078470E-02
  -2.090724E-07   4.986197E-07   6.289299E-02
   6.527405E-07  -7.452378E-08   2.301042E-02
  -1.780612E-09  -3.434647E-09  -1.511899E-02
   1.251926E-08  -1.810837E-08   6.829694E-03
  -4.131565E-08  -2.446369E-08   3.618056E-02
   7.699675E-10   1.170217E-09  -1.541896E-02
   2.511250E-08   5.153626E-10  -1.349313E-02
  -9.087441E-09  -1.860872E-08  -3.385660E-02
  -2.438793E-08   1.101831E-08  -1.519043E-03
  -2.174427E-02   5.918139E-03   2.061046E-07
   1.182696E-02  -1.674507E-02  -1.800397E-07
   3.849558E-02  -3.486611E-01  -6.467614E-08
   4.561390E-02   3.420577E-01   2.007552E-07
   3.282636E-01   6.371206E-01  -1.040287E-07
   3.251457E-01  -6.339992E-01   9.863080E-09
  -6.936180E-01   3.841819E-03   7.122331E-08
   4.974910E-03   4.419023E-03  -3.898239E-08
  -4.567417E-03   4.212892E-03  -3.206910E-08
   4.016428E-04  -3.491400E-03   9.438335E-08
   4.508256E-04   2.695530E-03  -6.275226E-08
   4.770882E-03   3.711749E-03  -6.209358E-09
   4.913104E-03  -3.581748E-03  -1.189295E-07
  -1.271072E-02  -4.360816E-04   1.883658E-08
   1.750020E-08   7.941730E-08   4.955500E-02
  -6.598901E-08   1.550584E-08  -8.661875E-02
   1.696750E-08  -5.899658E-08  -2.106402E-02
  -5.433917E-08   3.566106E-08   1.687907E-02
  -8.915026E-08  -4.737930E-08  -1.086822E-02
   1.588176E-07  -7.782743E-08   6.277921E-02
   2.050157E-08   8.903560E-09   2.294675E-02
  -8.187352E-11   1.644990E-09  -1.512864E-02
   4.129766E-09  -2.469945E-08   6.852496E-03
   1.514158E-08   4.136585E-09   3.651102E-02
   2.881687E-09   1.409815E-08  -1.564102E-02
  -4.256549E-09   1.815074E-08  -1.333303E-02
  -1.286427E-08   1.014779E-08  -3.370098E-02
  -3.248806E-09   2.069447E-08  -1.528872E-03
   2.168274E-02  -5.939911E-03   6.315952E-08
  -1.161395E-02   1.676865E-02  -9.978845E-08
  -3.858609E-02   3.487653E-01   2.878962E-08
  -4.573633E-02  -3.422014E-01   1.405656E-08
  -3.280315E-01  -6.367548E-01   5.015772E-08
  -3.248651E-01   6.336789E-01   1.359709E-08
   6.934243E-01  -3.859447E-03   4.270648E-09
  -4.980887E-03  -4.421889E-03  -7.306517E-09
   4.568105E-03  -4.200605E-03   9.950380E-09
  -4.189523E-04   3.415671E-03  -2.118171E-08
  -4.598931E-04  -2.604770E-03  -2.378878E-08
  -4.866424E-03  -3.876758E-03   3.612056E-09
  -5.029525E-03   3.732818E-03  -7.168613E-09
   1.270750E-02   4.368416E-04  -2.965717E-08
   1.684700E-08   2.235887E-09   5.080882E-02
   2.139435E-08  -2.042292E-09  -8.953370E-02
  -5.287454E-09   4.324706E-09  -2.055702E-02
  -2.165920E-08  -1.123486E-08   1.614663E-02
   4.378315E-09  -1.431378E-09  -1.023092E-02
  -9.728566E-09   1.159283E-08   6.344124E-02
   1.359124E-08  -5.689705E-09   2.387765E-02
  -3.484646E-09  -1.848517E-10  -1.544404E-02
  -6.031449E-09  -2.575993E-09   7.257043E-03
  -4.924757E-09   6.628027E-09   3.707207E-02
  -8.062282E-10   3.229514E-10  -1.502207E-02
  -5.458463E-09  -4.360865E-10  -1.434581E-02
   1.126881E-09  -9.430547E-10  -3.432059E-02
   7.728200E-11  -5.926599E-10  -1.574486E-03
  -2.184966E-02   7.036788E-03   3.245206E-08
   1.234926E-02  -1.875880E-02   1.817232E-08
   3.749871E-02  -3.436599E-01   5.184206E-08
   4.608828E-02   3.389713E-01  -1.190590E-08
   3.245500E-01   6.303455E-01   2.943222E-08
   3.223028E-01  -6.287062E-01  -4.077947E-08
  -6.874076E-01   4.132945E-03  -7.743470E-09
   5.021213E-03   4.450601E-03  -1.803326E-09
  -4.501845E-03   4.185874E-03   1.149282E-09
   3.829397E-04  -3.508141E-03  -1.132328E-08
   3.873529E-04   2.729220E-03  -2.123894E-08
   4.830463E-03   3.800484E-03  -1.022585E-08
   4.986033E-03  -3.676762E-03  -2.011716E-08
  -1.256958E-02  -4.373711E-04  -7.934004E-09
  -2.425749E-02   5.359859E-03  -8.625489E-07
   1.575420E-02  -1.593957E-02   1.692061E-06
   3.989077E-02  -3.480266E-01   4.430434E-07
   4.621184E-02   3.402360E-01  -4.743621E-07
   3.251082E-01   6.415797E-01  -8.579865E-07
   3.213540E-01  -6.372585E-01  -9.143278E-07
  -6.905818E-01   3.499249E-03   5.703323E-07
   5.019709E-03   4.462912E-03   2.653197E-07
  -4.531603E-03   4.369238E-03  -1.203365E-07
   3.484422E-04  -3.470424E-03  -6.954410E-07
   4.300313E-04   2.623347E-03   2.693895E-07
   4.847605E-03   3.782911E-03   1.946416E-07
   5.001044E-03  -3.630042E-03   5.363326E-07
  -1.267740E-02  -4.326307E-04   1.401628E-08
   2.275651E-06  -5.868422E-07   5.023021E-02
  -1.177369E-06   2.126366E-06  -8.579238E-02
  -4.157465E-06   3.919327E-05  -2.041825E-02
  -5.033570E-06  -3.887668E-05   1.684761E-02
  -3.700898E-05  -7.081049E-05  -1.058435E-02
  -3.680655E-05   7.067868E-05   6.302919E-02
   7.816196E-05  -5.313443E-07   2.240084E-02
  -5.754484E-07  -5.060615E-07  -1.525647E-02
   5.138675E-07  -4.453730E-07   6.709924E-03
  -8.215014E-08   3.719673E-07   3.467407E-02
  -3.758779E-08  -3.275544E-07  -1.656596E-02
  -5.557967E-07  -4.411831E-07  -1.275795E-02
  -5.767010E-07   4.145597E-07  -3.339318E-02
   1.422773E-06   6.533746E-08  -1.532826E-03
   1.521302E-07   8.427983E-08   4.872843E-02
  -2.126360E-07   1.857925E-07  -8.697973E-02
  -7.485997E-08   1.247848E-06  -2.098641E-02
  -9.192359E-08  -1.583863E-06   1.616519E-02
  -9.903773E-07  -2.144328E-06  -1.114729E-02
  -1.239257E-06   2.284311E-06   6.227330E-02
   2.413476E-06   6.640812E-09   2.346280E-02
  -3.829276E-08  -3.801084E-08  -1.492253E-02
   2.041936E-08  -7.627559E-09   6.899206E-03
  -3.237519E-08   1.441265E-08   3.756798E-02
   1.959981E-08  -3.330228E-08  -1.438790E-02
  -3.695742E-08  -2.224520E-09  -1.381480E-02
  -1.923589E-08   3.076345E-09  -3.367830E-02
   1.890163E-08  -2.208372E-08  -1.493886E-03
   2.008434E-02  -6.583153E-03   4.456213E-07
  -9.677696E-03   1.776772E-02  -8.839915E-07
  -3.640050E-02   3.497415E-01  -1.398270E-07
  -4.442523E-02  -3.441866E-01   3.496343E-07
  -3.310689E-01  -6.352622E-01   9.599332E-07
  -3.284843E-01   6.332046E-01   3.518843E-07
   6.955500E-01  -4.189948E-03  -9.301195E-07
  -4.975487E-03  -4.423480E-03  -1.285565E-07
   4.644958E-03  -4.124875E-03   4.860641E-08
  -3.836228E-04   3.499275E-03   3.004491E-07
  -3.959130E-04  -2.743114E-03  -1.371368E-07
  -4.836083E-03  -4.079149E-03  -6.128678E-08
  -4.995424E-03   3.955755E-03  -2.203122E-07
   1.268899E-02   4.457402E-04   4.621807E-09
  -1.559819E-06   3.244413E-07  -4.954122E-02
   9.221245E-07  -1.474255E-06   8.643252E-02
   2.715403E-06  -2.504206E-05   2.075053E-02
   3.356649E-06   2.497030E-05  -1.637841E-02
   2.343532E-05   4.562381E-05   1.089072E-02
   2.334293E-05  -4.550979E-05  -6.282107E-02
  -4.982105E-05   3.295690E-07  -2.308725E-02
   3.779423E-07   3.379367E-07   1.512293E-02
  -3.703165E-07   2.979719E-07  -6.838663E-03
   4.688143E-08  -2.301979E-07  -3.618461E-02
   1.737410E-08   2.066239E-07   1.547863E-02
   3.694511E-07   2.528559E-07   1.337825E-02
   3.876904E-07  -2.497705E-07   3.364068E-02
  -9.053828E-07  -3.217242E-08   1.513455E-03
   2.166631E-02  -5.943867E-03   2.020199E-06
  -1.159004E-02   1.678646E-02  -3.664160E-06
  -3.865848E-02   3.488238E-01  -8.916979E-07
  -4.581530E-02  -3.422988E-01   8.470540E-07
  -3.282104E-01  -6.368807E-01   5.595709E-07
  -3.250917E-01   6.338465E-01   2.279731E-06
   6.935666E-01  -3.867627E-03   3.058867E-08
  -4.974899E-03  -4.419489E-03  -6.102746E-07
   4.570686E-03  -4.209021E-03   2.711463E-07
  -4.081442E-04   3.488346E-03   1.467761E-06
  -4.556985E-04  -2.694927E-03  -6.273082E-07
  -4.696053E-03  -4.008916E-03  -4.775043E-07
  -4.866388E-03   3.877444E-03  -1.277703E-06
   1.272282E-02   4.378837E-04  -4.249744E-08
   2.171375E-02  -5.917646E-03   1.000264E-06
  -1.191223E-02   1.673466E-02  -1.860554E-06
  -3.847702E-02   3.483807E-01  -4.952776E-07
  -4.563236E-02  -3.417588E-01   5.173273E-07
  -3.280890E-01  -6.366866E-01   7.909051E-07
  -3.249204E-01   6.335545E-01   1.042155E-06
   6.934329E-01  -3.829186E-03  -4.544255E-07
  -4.966071E-03  -4.407870E-03  -3.081810E-07
   4.558816E-03  -4.210026E-03   1.355085E-07
  -3.588567E-04   3.559726E-03   7.464549E-07
  -3.922286E-04  -2.781754E-03  -3.315922E-07
  -4.861986E-03  -3.871711E-03  -2.190215E-07
  -5.022742E-03   3.729117E-03  -6.178196E-07
   1.270561E-02   4.362728E-04  -1.348131E-08
   4.291216E-07   1.345190E-07   4.956100E-02
  -3.658944E-07   3.702484E-07  -8.683942E-02
  -5.543131E-07   6.621602E-06  -2.046094E-02
  -8.774920E-07  -6.685343E-06   1.657815E-02
  -6.101721E-06  -1.197399E-05  -1.076727E-02
  -6.097387E-06   1.183197E-05   6.266603E-02
   1.296763E-05  -1.085671E-07   2.306329E-02
  -1.172313E-07  -1.058685E-07  -1.514277E-02
   1.000770E-07  -4.689529E-08   6.836624E-03
  -1.915041E-08   5.566188E-08   3.615677E-02
   1.111681E-09  -6.298604E-08  -1.532578E-02
  -8.648229E-08  -7.250207E-08  -1.346137E-02
  -1.087548E-07   6.623963E-08  -3.369470E-02
   2.209725E-07   1.500699E-08  -1.520658E-03
   1.123925E-06  -1.194519E-06   6.580982E-02
  -6.563197E-07   3.099968E-06  -9.370481E-02
  -9.241400E-07   1.453032E-05  -2.237162E-02
  -2.671083E-06  -1.591768E-05   2.148391E-02
  -1.398254E-05  -2.725458E-05  -1.118568E-02
  -1.436859E-05   2.793715E-05   6.320614E-02
   3.014700E-05  -4.806459E-07   2.290275E-02
  -3.822831E-07  -3.082552E-07  -2.089547E-02
   2.324829E-07  -2.031582E-07   8.165071E-05
  -6.439185E-08   1.363656E-07   3.617275E-02
   2.997655E-08  -1.411844E-07  -1.529477E-02
  -2.105504E-07  -1.527164E-07  -1.307142E-02
  -2.045960E-07   1.609303E-07  -3.446687E-02
   5.511160E-07   3.883807E-08  -1.322435E-03
   7.755179E-07   1.035674E-06   3.311765E-02
  -6.374822E-07  -1.072607E-06  -7.911895E-02
  -1.995248E-06   1.437110E-05  -1.893218E-02
  -1.315561E-06  -1.356349E-05   1.161937E-02
  -1.316674E-05  -2.541244E-05  -1.053265E-02
  -1.261828E-05   2.486142E-05   6.213555E-02
   2.750325E-05   4.011114E-08   2.294450E-02
  -9.074849E-08  -1.138157E-07  -9.314595E-03
   1.746295E-07  -1.477114E-07   1.356063E-02
  -2.269477E-08   1.116788E-07   3.610648E-02
  -2.800838E-08  -1.180289E-07  -1.553959E-02
  -1.871332E-07  -1.592653E-07  -1.365199E-02
  -1.982510E-07   1.353995E-07  -3.273022E-02
   5.011881E-07   6.452874E-09  -1.724984E-03
   2.205151E-02  -9.442437E-03   1.439545E-06
  -1.137660E-02   2.178485E-02  -2.593270E-06
  -3.847241E-02   3.392389E-01  -5.610603E-07
  -4.594428E-02  -3.514963E-01   6.980133E-07
  -3.189547E-01  -6.242742E-01   5.666480E-07
  -3.341923E-01   6.461360E-01   1.539616E-06
   6.936105E-01  -8.922157E-03  -2.636098E-07
  -5.423539E-03  -4.687098E-03  -4.302090E-07
   4.638314E-03  -4.251527E-03   1.570529E-07
  -4.051607E-04   3.294791E-03   9.921897E-07
  -4.467965E-04  -2.972844E-03  -4.248850E-07
  -4.941136E-03  -3.961622E-03  -3.187402E-07
  -4.950654E-03   3.621229E-03  -8.694243E-07
   1.269766E-02   5.196579E-04  -1.475797E-08
   8.701286E-08   1.451330E-07   4.734821E-02
  -1.506153E-07   3.319486E-07  -8.487476E-02
  -7.354357E-08   2.504336E-06  -2.076754E-02
  -4.557899E-07  -2.766770E-06   1.579994E-02
  -2.324539E-06  -4.592131E-06  -1.038630E-02
  -2.261968E-06   4.425794E-06   6.195760E-02
   4.947746E-06   3.936718E-08   2.289308E-02
  -5.567404E-08  -5.439621E-08  -1.432246E-02
   5.642013E-08  -3.783473E-08   7.728727E-03
  -3.656916E-08   1.175931E-08   3.596511E-02
   2.166178E-08  -2.628775E-08  -1.567436E-02
  -4.975832E-08  -1.971145E-08  -1.330536E-02
  -2.650543E-08   3.449380E-08  -3.290175E-02
   8.240174E-08  -1.421764E-09  -1.833269E-03
   2.869827E-07   4.535465E-07   3.423824E-02
  -3.946562E-07  -3.563614E-07  -7.992802E-02
  -4.511250E-07   4.644050E-06  -1.816242E-02
  -3.812467E-07  -4.412442E-06   1.033146E-02
  -4.089583E-06  -8.094734E-06  -1.055699E-02
  -3.937782E-06   7.769443E-06   6.274413E-02
   8.574435E-06   1.326285E-07   2.338193E-02
  -4.122697E-08  -5.049770E-08  -9.651466E-03
   4.950724E-08  -3.452163E-08   1.311195E-02
  -4.011775E-08   8.733014E-09   3.573858E-02
  -2.587110E-08  -3.897520E-08  -1.461301E-02
  -7.389765E-08  -5.602675E-08  -1.355964E-02
  -4.395838E-08   4.241392E-08  -3.328127E-02
   1.602686E-07  -2.462622E-08  -1.848030E-03
   2.344901E-02  -3.242513E-02   9.701143E-07
  -9.445115E-03   6.488306E-02  -1.363718E-06
  -2.357295E-02   3.304300E-01  -4.690938E-07
  -6.150439E-02  -3.608271E-01   2.258777E-07
  -3.204719E-01  -6.199519E-01  -2.156831E-07
  -3.323493E-01   6.496919E-01   7.693557E-07
   6.934199E-01  -1.557218E-02   8.287072E-07
  -8.167800E-03  -6.520263E-03  -3.184370E-07
   5.195942E-03  -4.458655E-03  -6.596824E-09
  -8.539459E-04   3.294634E-03   5.804454E-07
  -1.175555E-04  -3.016795E-03  -2.663549E-07
  -4.909411E-03  -3.772504E-03  -2.400909E-07
  -5.005127E-03   3.845549E-03  -5.225253E-07
   1.266075E-02   6.146983E-04  -1.258817E-08
   3.190305E-08   6.090156E-09   4.959110E-02
   1.375888E-07  -2.372921E-07  -8.653653E-02
   5.656252E-08  -7.569093E-07  -2.068279E-02
   3.830132E-08   6.632733E-07   1.655533E-02
   8.173671E-07   1.594308E-06  -1.080238E-02
   8.239064E-07  -1.323178E-06   6.259702E-02
  -1.839849E-06   6.020497E-08   2.292787E-02
   1.059202E-08   9.795721E-09  -1.514479E-02
  -2.257266E-08   4.583691E-08   6.803057E-03
   1.939205E-08  -2.379028E-08   3.618884E-02
  -1.964808E-09   1.040800E-08  -1.544005E-02
   1.993672E-08  -7.510590E-09  -1.345477E-02
  -1.032463E-08  -2.033312E-08  -3.344769E-02
  -2.003562E-08  -2.653484E-08  -1.522747E-03
  -2.168037E-02   5.866066E-03   6.854209E-08
   1.169650E-02  -1.659227E-02  -4.353420E-08
   3.852551E-02  -3.487174E-01  -5.977542E-08
   4.575833E-02   3.420600E-01   5.755842E-08
   3.283057E-01   6.371296E-01   1.680758E-08
   3.248102E-01  -6.335696E-01  -1.773050E-08
  -6.936542E-01   3.705242E-03   1.054783E-10
   4.955302E-03   4.404944E-03   3.354513E-09
  -4.561800E-03   4.207193E-03  -1.347595E-08
   4.041586E-04  -3.494495E-03  -1.474248E-08
   4.472722E-04   2.701882E-03  -1.205741E-09
   4.768146E-03   3.706805E-03  -7.470730E-09
   5.139797E-03  -3.891427E-03   9.341526E-09
  -1.270959E-02  -4.225071E-04   2.379313E-09
  -6.827633E-09  -8.155242E-08   4.949830E-02
   1.005746E-08   5.362977E-08  -8.632888E-02
   2.809572E-08   5.796862E-08  -2.103168E-02
   1.493256E-09   3.449276E-09   1.627348E-02
   6.002491E-08   4.660567E-09  -1.082997E-02
  -8.130206E-08   2.776580E-08   6.278259E-02
  -3.801920E-08  -1.015338E-08   2.280718E-02
  -5.715255E-10   4.368331E-10  -1.510333E-02
  -2.813148E-09   1.239194E-08   6.839964E-03
  -4.228312E-09  -1.168479E-08   3.640710E-02
   1.214049E-08  -2.028645E-08  -1.529073E-02
   7.616832E-10  -1.177042E-08  -1.329854E-02
   9.432472E-09  -1.349875E-08  -3.357329E-02
   6.059428E-09  -1.087948E-08  -1.532843E-03
  -2.170321E-02   5.900670E-03  -6.981897E-08
   1.169760E-02  -1.674983E-02   1.969996E-07
   3.853955E-02  -3.487643E-01   9.469207E-09
   4.573993E-02   3.419683E-01  -3.084874E-07
   3.281245E-01   6.368243E-01   7.872026E-08
   3.250053E-01  -6.338372E-01   1.231785E-07
  -6.936358E-01   3.942873E-03  -6.509467E-08
   4.983403E-03   4.421335E-03   2.084651E-08
  -4.586313E-03   4.202990E-03  -8.436069E-09
   4.183075E-04  -3.411701E-03  -5.872130E-08
   4.438519E-04   2.802713E-03   4.223570E-08
   4.869199E-03   3.880898E-03   1.827465E-09
   5.016187E-03  -3.726926E-03   5.960411E-08
  -1.270986E-02  -4.357966E-04  -1.898857E-08
  -2.203413E-02   1.019669E-02  -8.025679E-07
   1.147262E-02  -2.518388E-02   1.504209E-06
   3.826748E-02  -3.459769E-01   3.145081E-07
   4.605148E-02   3.447290E-01  -4.981572E-07
   3.260763E-01   6.340893E-01  -8.765099E-07
   3.270237E-01  -6.364789E-01  -6.761326E-07
  -6.936565E-01   6.892384E-03   6.632681E-07
   5.613980E-03   4.837671E-03   2.324079E-07
  -4.742353E-03   4.251166E-03  -7.825359E-08
   5.366354E-04  -3.464594E-03  -5.333644E-07
   3.219352E-04   2.785222E-03   2.275040E-07
   4.900382E-03   3.762314E-03   1.510721E-07
   4.981596E-03  -3.845534E-03   4.228532E-07
  -1.270448E-02  -4.857778E-04   3.023571E-09
  -1.441184E-07  -8.409393E-08  -4.640587E-02
   1.006459E-07  -2.272017E-07   8.442331E-02
   2.393777E-07  -3.202372E-06   2.044437E-02
   4.253938E-07   3.279813E-06  -1.535135E-02
   2.820683E-06   5.600318E-06   1.082835E-02
   2.891032E-06  -5.449203E-06  -6.272998E-02
  -6.077913E-06  -4.006603E-08  -2.262981E-02
   5.970673E-08   5.752958E-08   1.399782E-02
  -6.905107E-08   2.850856E-08  -8.138817E-03
   5.046759E-08  -9.083009E-09  -3.605243E-02
  -1.006854E-08   1.339121E-08   1.581065E-02
   4.867931E-08   2.669339E-08   1.330500E-02
   6.120486E-08  -1.473583E-08   3.320710E-02
  -1.090479E-07   1.947161E-08   1.592171E-03
  -7.391199E-06   1.838850E-06  -4.950976E-02
   4.040962E-06  -5.903783E-06   8.651049E-02
   1.303797E-05  -1.184096E-04   2.068961E-02
   1.563056E-05   1.165656E-04  -1.653950E-02
   1.114008E-04   2.162444E-04   1.085923E-02
   1.102480E-04  -2.151861E-04  -6.272210E-02
  -2.355212E-04   1.408099E-06  -2.301803E-02
   1.709971E-06   1.520454E-06   1.511549E-02
  -1.570518E-06   1.402230E-06  -6.834236E-03
   1.666027E-07  -1.173222E-06  -3.618971E-02
   1.489082E-07   9.184266E-07   1.542106E-02
   1.649662E-06   1.304727E-06   1.338683E-02
   1.699155E-06  -1.263140E-06   3.363189E-02
  -4.308429E-06  -2.287907E-07   1.560273E-03
   3.565218E-05  -1.006425E-05  -4.953024E-02
  -1.912537E-05   2.752810E-05   8.651993E-02
  -6.359049E-05   5.731700E-04   2.065050E-02
  -7.503370E-05  -5.625410E-04  -1.658980E-02
  -5.394571E-04  -1.047114E-03   1.088407E-02
  -5.348984E-04   1.042917E-03  -6.276072E-02
   1.140936E-03  -6.225182E-06  -2.289656E-02
  -8.172885E-06  -7.247554E-06   1.512341E-02
   7.482852E-06  -6.917312E-06  -6.823989E-03
  -6.661445E-07   5.760217E-06  -3.616849E-02
  -7.545831E-07  -4.435775E-06   1.543733E-02
  -7.993773E-06  -6.389160E-06   1.337606E-02
  -8.240751E-06   6.126945E-06   3.365123E-02
   2.091385E-05   3.337158E-07   1.487840E-03
   2.170575E-02  -6.319460E-03   3.829337E-06
  -1.167283E-02   1.746453E-02  -6.477921E-06
  -3.832840E-02   3.484128E-01  -1.821991E-06
  -4.594358E-02  -3.423707E-01   1.296076E-06
  -3.279687E-01  -6.368837E-01  -1.359278E-06
  -3.252279E-01   6.338076E-01   5.474635E-06
   6.937185E-01  -3.865085E-03   1.618298E-06
  -5.008690E-03  -4.441451E-03  -1.186274E-06
   4.571071E-03  -4.210336E-03   5.197153E-07
  -4.077436E-04   3.498447E-03   2.846902E-06
  -4.471269E-04  -2.700148E-03  -1.206165E-06
  -5.021893E-03  -3.748918E-03  -1.011550E-06
  -4.872609E-03   3.874143E-03  -2.590496E-06
   1.270901E-02   4.318999E-04  -1.349356E-07
  -3.000781E-07  -1.427815E-07  -4.935979E-02
   2.872275E-07  -1.862691E-07   8.639501E-02
   3.004293E-07  -4.016543E-06   2.057999E-02
   4.972771E-07   4.059692E-06  -1.632377E-02
   3.402489E-06   6.926923E-06   1.085099E-02
   3.419620E-06  -6.808349E-06  -6.278438E-02
  -7.321663E-06   3.356095E-08  -2.298599E-02
   7.578843E-08   6.731961E-08   1.505864E-02
  -4.722891E-08   2.937128E-08  -6.903226E-03
   5.027663E-08  -4.741512E-09  -3.618110E-02
   4.509435E-10   2.349492E-08   1.546981E-02
   5.982278E-08   3.235309E-08   1.341525E-02
   4.504777E-08  -5.083027E-08   3.360185E-02
  -1.179117E-07   2.182874E-08   1.521440E-03
  -3.665458E-05   1.018004E-05  -4.953873E-02
   1.976061E-05  -2.876681E-05   8.622204E-02
   6.513825E-05  -5.899670E-04   2.091187E-02
   7.755800E-05   5.796674E-04  -1.662082E-02
   5.554964E-04   1.078077E-03   1.097266E-02
   5.501194E-04  -1.073167E-03  -6.268668E-02
  -1.174298E-03   6.533273E-06  -2.292994E-02
   8.425037E-06   7.474269E-06   1.511978E-02
  -7.723751E-06   7.130710E-06  -6.827111E-03
   6.384145E-07  -6.010828E-06  -3.623964E-02
   8.485640E-07   4.427735E-06   1.549272E-02
   8.216265E-06   6.556096E-06   1.332424E-02
   8.499732E-06  -6.313358E-06   3.362685E-02
  -2.151010E-05  -7.640075E-07   1.519724E-03
   3.457048E-06  -6.585064E-07   4.950184E-02
  -1.985716E-06   2.717266E-06  -8.680805E-02
  -6.038074E-06   5.542683E-05  -2.042807E-02
  -7.317725E-06  -5.483410E-05   1.650513E-02
  -5.205311E-05  -1.011196E-04  -1.077065E-02
  -5.157096E-05   1.007858E-04   6.279726E-02
   1.101320E-04  -6.010830E-07   2.298442E-02
  -8.129358E-07  -7.259840E-07  -1.511925E-02
   7.760286E-07  -6.696214E-07   6.831309E-03
  -9.684551E-08   5.322960E-07   3.612015E-02
  -5.904035E-08  -4.531009E-07  -1.536514E-02
  -7.705141E-07  -6.091014E-07  -1.343979E-02
  -7.985382E-07   5.824963E-07  -3.365549E-02
   2.017018E-06   7.909515E-08  -1.528434E-03
  -1.204455E-08   1.197793E-07   4.904171E-02
   1.697279E-08   3.268023E-07  -8.683700E-02
  -5.663347E-08   5.796655E-07  -2.022882E-02
  -1.736148E-07  -9.533189E-07   1.595945E-02
  -4.697723E-07  -8.444589E-07  -1.059023E-02
  -3.941612E-07   8.792270E-07   6.257486E-02
   1.014694E-06  -3.105032E-08   2.332580E-02
  -2.591615E-08  -2.690198E-08  -1.503245E-02
   5.807154E-08  -8.342106E-09   7.150151E-03
  -8.965498E-09  -2.343855E-08   3.619544E-02
   3.492028E-08  -1.121721E-08  -1.495501E-02
  -3.707127E-09   3.082375E-09  -1.372276E-02
  -3.958541E-08  -1.394189E-08  -3.367033E-02
   9.324779E-09  -8.008358E-09  -1.572142E-03
   2.175514E-02  -7.935417E-03   1.394962E-07
  -1.161877E-02   2.079692E-02  -4.208801E-07
  -3.683474E-02   3.466806E-01  -1.181733E-07
  -4.739800E-02  -3.442656E-01   2.746447E-07
  -3.279276E-01  -6.351559E-01   1.006878E-06
  -3.255430E-01   6.357000E-01  -7.415633E-08
   6.940044E-01  -5.082612E-03  -8.591538E-07
  -5.097496E-03  -4.546423E-03  -4.403747E-08
   4.571923E-03  -4.225064E-03   2.419275E-08
  -4.283775E-04   3.480360E-03   1.226252E-07
  -4.423079E-04  -2.704535E-03  -6.516564E-08
  -4.888665E-03  -3.845676E-03   1.255040E-08
  -5.006516E-03   3.780751E-03  -3.194752E-08
   1.270549E-02   4.034591E-04   7.294797E-09
   2.184795E-02  -5.722120E-03  -4.929202E-09
  -1.304483E-02   1.651033E-02  -1.970322E-08
  -3.807680E-02   3.485855E-01   1.537264E-08
  -4.509171E-02  -3.416257E-01   2.851965E-08
  -3.285972E-01  -6.375690E-01   2.730104E-08
  -3.250484E-01   6.341565E-01   8.345971E-09
   6.942689E-01  -3.817901E-03  -6.394394E-08
  -4.947300E-03  -4.458202E-03   9.694931E-10
   4.566831E-03  -4.234558E-03  -4.395615E-09
  -3.906171E-04   3.503789E-03   3.815176E-09
  -4.469621E-04  -2.690123E-03   9.178525E-10
  -4.866889E-03  -3.869529E-03  -3.264948E-09
  -5.030439E-03   3.721993E-03   1.021076E-08
   1.271571E-02   4.365765E-04   7.632476E-10
   1.777733E-08  -6.137239E-09  -5.052545E-02
   2.398615E-08  -4.483771E-08   8.902362E-02
  -2.605387E-09  -1.066280E-08   2.073726E-02
   5.202868E-09   6.893063E-08  -1.704454E-02
  -1.077696E-08  -1.102056E-08   1.068233E-02
  -1.397774E-08  -1.240734E-08  -6.384257E-02
  -2.709602E-08   4.122766E-09  -2.339140E-02
   1.793193E-09   2.622772E-09   1.518319E-02
  -5.981401E-09   3.054159E-10  -6.928629E-03
   7.528126E-10   3.028733E-09  -3.672531E-02
   4.094556E-09  -2.435862E-09   1.552011E-02
   3.287664E-09   6.792666E-09   1.368304E-02
   9.376357E-11   4.264385E-09   3.440055E-02
   3.305568E-09  -2.569989E-09   1.558755E-03
  -2.195306E-02   6.078827E-03  -3.390767E-07
   1.209829E-02  -1.698135E-02   7.641967E-07
   3.842938E-02  -3.486365E-01   1.981876E-07
   4.564586E-02   3.420084E-01  -3.175104E-07
   3.281892E-01   6.370948E-01  -9.355814E-07
   3.250171E-01  -6.339075E-01  -1.972843E-07
  -6.937505E-01   3.829137E-03   7.510470E-07
   4.989757E-03   4.431332E-03   9.843288E-08
  -4.444286E-03   4.213187E-03  -3.953331E-08
   3.965427E-04  -3.498130E-03  -2.552585E-07
   4.300910E-04   2.697351E-03   1.086821E-07
   4.861997E-03   3.868734E-03   3.912803E-08
   5.025220E-03  -3.726999E-03   1.589157E-07
  -1.271595E-02  -4.415322E-04   1.840816E-09
   2.087993E-07   1.434396E-07   4.935944E-02
  -2.364814E-07   1.900452E-07  -8.643469E-02
  -1.312098E-07   2.530566E-06  -2.075103E-02
  -2.934432E-07  -2.737720E-06   1.674061E-02
  -2.257381E-06  -4.543016E-06  -1.109198E-02
  -2.372439E-06   4.454896E-06   6.297825E-02
   4.911750E-06   8.226992E-08   2.286337E-02
  -5.821495E-08  -5.791729E-08  -1.509691E-02
   1.398902E-08  -1.516375E-08   6.928468E-03
  -3.752518E-08  -2.289651E-09   3.627248E-02
   7.520608E-09  -3.157700E-08  -1.568746E-02
  -3.495432E-08  -9.779353E-09  -1.326767E-02
  -4.016205E-08   1.027564E-08  -3.364449E-02
   8.368595E-08  -9.627437E-09  -1.524441E-03
  -2.181054E-02   5.954639E-03   2.713014E-07
   1.172426E-02  -1.666395E-02  -3.293650E-07
   3.864865E-02  -3.487080E-01  -3.663910E-08
   4.560662E-02   3.419952E-01  -1.629266E-07
   3.280508E-01   6.369902E-01  -1.093829E-06
   3.250648E-01  -6.336920E-01   5.960814E-07
  -6.936182E-01   3.721195E-03   1.072771E-06
   5.079847E-03   4.397878E-03  -8.388395E-08
  -4.584976E-03   4.179647E-03   4.385759E-08
   4.107367E-04  -3.497813E-03   1.872969E-07
   4.502944E-04   2.698797E-03  -6.863008E-08
   4.860975E-03   3.874501E-03  -1.271886E-07
   5.024658E-03  -3.730452E-03  -2.403044E-07
  -1.271029E-02  -4.398770E-04  -2.232749E-08
  -1.571670E-06   3.455008E-07  -4.946277E-02
   9.691011E-07  -1.468481E-06   8.653147E-02
   2.578560E-06  -2.473512E-05   2.068276E-02
   3.349911E-06   2.471277E-05  -1.663728E-02
   2.322624E-05   4.511603E-05   1.046423E-02
   2.308331E-05  -4.504140E-05  -6.290182E-02
  -4.925117E-05   2.878526E-07  -2.267114E-02
   3.650335E-07   3.358826E-07   1.476722E-02
  -3.346619E-07   3.016148E-07  -6.795271E-03
   5.007937E-08  -2.336681E-07  -3.554536E-02
   1.778791E-08   1.960459E-07   1.547599E-02
   3.417286E-07   2.665195E-07   1.318110E-02
   3.639364E-07  -2.490753E-07   3.370900E-02
  -8.957619E-07  -2.832643E-08   1.537322E-03
   9.375981E-08   4.045124E-08   4.979144E-02
  -1.199592E-07   2.947331E-07  -8.712157E-02
  -6.882968E-08   1.255241E-06  -2.073549E-02
  -1.119725E-07  -1.372122E-06   1.674790E-02
  -9.139747E-07  -2.106014E-06  -1.108531E-02
  -9.211596E-07   1.798213E-06   6.312297E-02
   2.024936E-06   6.494356E-08   2.305746E-02
  -3.239166E-08  -3.519985E-08  -1.529231E-02
   1.262137E-08   1.397945E-08   6.992079E-03
  -3.155941E-09   1.647562E-08   3.653530E-02
   1.074436E-08  -1.629855E-08  -1.562797E-02
  -3.691111E-08   2.163541E-08  -1.340566E-02
  -4.942011E-08  -8.504874E-09  -3.381324E-02
   2.077768E-08   2.486304E-08  -1.531098E-03
   2.173041E-02  -5.762605E-03  -1.519155E-08
  -1.192585E-02   1.637553E-02   8.958322E-09
  -3.861830E-02   3.486603E-01   5.569409E-08
  -4.547081E-02  -3.418290E-01  -5.465987E-10
  -3.281185E-01  -6.369699E-01  -3.289082E-08
  -3.250210E-01   6.336657E-01  -1.970621E-08
   6.936810E-01  -3.711663E-03  -2.611457E-08
  -4.932780E-03  -4.413281E-03   7.706256E-10
   4.512651E-03  -4.196261E-03   1.664682E-09
  -3.920861E-04   3.512638E-03   1.189690E-08
  -4.506971E-04  -2.707412E-03   3.067238E-09
  -4.863737E-03  -3.873969E-03   3.382716E-09
  -5.022279E-03   3.732134E-03   4.293754E-09
   1.271008E-02   4.348372E-04   4.648574E-09
  -1.534277E-02   4.756340E-03  -3.557898E-02
   8.937630E-03  -1.131459E-02   6.187916E-02
   2.682375E-02  -2.444507E-01   1.549740E-02
   3.192299E-02   2.388594E-01  -1.255704E-02
   2.299849E-01   4.462432E-01   6.348947E-03
   2.278458E-01  -4.440215E-01  -4.351445E-02
  -4.860797E-01   2.769141E-03  -1.639098E-02
   3.198246E-03   2.656465E-03   1.086775E-02
  -3.168185E-03   2.935525E-03  -4.839191E-03
   1.746055E-04  -2.418414E-03  -2.590323E-02
   2.670882E-04   1.890497E-03   1.113157E-02
   3.455113E-03   2.744800E-03   9.081162E-03
   3.400101E-03  -2.532772E-03   2.453529E-02
  -8.891955E-03  -3.019547E-04   1.103161E-03
   1.502321E-02  -4.180734E-03   3.585918E-02
  -8.052202E-03   1.160298E-02  -6.261331E-02
  -2.664516E-02   2.411750E-01  -1.402471E-02
  -3.161629E-02  -2.364888E-01   1.105776E-02
  -2.268017E-01  -4.402355E-01  -7.454039E-03
  -2.244910E-01   4.379665E-01   4.485345E-02
   4.791432E-01  -2.643765E-03   1.675794E-02
  -3.379310E-03  -3.005511E-03  -1.094546E-02
   3.153653E-03  -2.911640E-03   4.937443E-03
  -2.926694E-04   2.411797E-03   2.604549E-02
  -3.208289E-04  -1.871388E-03  -1.102548E-02
  -3.349157E-03  -2.678027E-03  -1.037953E-02
  -3.482375E-03   2.586158E-03  -2.363624E-02
   8.858882E-03   3.247313E-04  -1.135990E-03
   1.555733E-02  -1.562654E-03  -3.525374E-02
  -7.891984E-03   8.242838E-03   6.218886E-02
  -2.706343E-02   2.418640E-01   1.466285E-02
  -3.023714E-02  -2.358679E-01  -1.170376E-02
  -2.266263E-01  -4.402405E-01   7.473065E-03
  -2.248620E-01   4.378502E-01  -4.504460E-02
   4.791752E-01  -2.199581E-03  -1.651804E-02
  -4.589446E-03  -3.679327E-03   1.063435E-02
   3.143675E-03  -2.726880E-03  -4.769743E-03
  -3.045095E-04   2.161837E-03  -2.555923E-02
  -4.671457E-04  -1.812645E-03   1.049723E-02
  -3.222695E-03  -2.777556E-03   9.652141E-03
  -3.758078E-03   2.304017E-03   2.437595E-02
   8.774621E-03   2.770688E-04   1.091400E-03
  -1.606581E-02   2.546702E-03  -3.467350E-02
   9.346786E-03  -7.535728E-03   6.112055E-02
   2.728797E-02  -2.473587E-01   1.443341E-02
   3.093228E-02   2.401519E-01  -1.171100E-02
   2.323211E-01   4.506222E-01   7.188982E-03
   2.303911E-01  -4.480669E-01  -4.392049E-02
  -4.906891E-01   2.442336E-03  -1.622486E-02
   4.133210E-03   2.998091E-03   1.063630E-02
  -3.157153E-03   2.740308E-03  -4.940314E-03
   3.584451E-05  -2.349089E-03  -2.473746E-02
   3.148122E-04   1.931047E-03   1.012074E-02
   3.430370E-03   2.745883E-03   9.117363E-03
   3.527387E-03  -2.569719E-03   2.420072E-02
  -8.961025E-03  -2.902860E-04   1.075380E-03
  -1.567912E-02   4.422319E-03  -3.547851E-02
   9.172281E-03  -1.028103E-02   6.165699E-02
   2.687585E-02  -2.462794E-01   1.558313E-02
   3.149906E-02   2.391315E-01  -1.265455E-02
   2.309457E-01   4.483943E-01   5.120617E-03
   2.290195E-01  -4.455653E-01  -4.219742E-02
  -4.880644E-01   2.683920E-03  -1.630901E-02
   3.390607E-03   2.603714E-03   1.074122E-02
  -3.162710E-03   2.881275E-03  -4.667503E-03
   2.563230E-04  -2.244448E-03  -2.544032E-02
   3.913369E-04   1.858734E-03   1.068962E-02
   3.426165E-03   2.810839E-03   9.408524E-03
   3.503711E-03  -2.372005E-03   2.410503E-02
  -8.939211E-03  -3.026075E-04   1.094323E-03
  -1.587184E-02   9.947422E-04  -3.419269E-02
   1.186907E-02  -1.110751E-02   6.112020E-02
   2.512093E-02  -2.435471E-01   1.435557E-02
   3.051947E-02   2.410365E-01  -1.157046E-02
   2.315474E-01   4.492408E-01   1.066112E-02
   2.296553E-01  -4.475641E-01  -4.710972E-02
  -4.903581E-01   2.568873E-03  -1.651531E-02
   5.067937E-03   4.839155E-03   1.020876E-02
  -3.308036E-03   2.936418E-03  -4.825572E-03
   2.135045E-04  -2.374562E-03  -2.572543E-02
   3.557326E-04   1.829261E-03   1.086024E-02
   3.416715E-03   2.646722E-03   9.037557E-03
   3.552217E-03  -2.772932E-03   2.436338E-02
  -8.976786E-03  -2.974419E-04   1.066897E-03
  -1.533541E-02   4.218722E-03  -3.518516E-02
   8.561400E-03  -1.193110E-02   6.322991E-02
   2.721006E-02  -2.449171E-01   1.365997E-02
   3.146971E-02   2.405299E-01  -1.284007E-02
   2.307329E-01   4.476493E-01   7.518608E-03
   2.288162E-01  -4.457972E-01  -4.476029E-02
  -4.879915E-01   2.858901E-03  -1.542647E-02
   3.731244E-03   3.393228E-03   1.066056E-02
  -3.358354E-03   2.849845E-03  -5.154703E-03
   1.336454E-04  -2.656939E-03  -2.620260E-02
   4.922544E-04   1.852250E-03   1.051048E-02
   3.464057E-03   2.622404E-03   9.526893E-03
   3.636371E-03  -2.335269E-03   2.394230E-02
  -8.929191E-03  -3.103882E-04   2.353323E-03
  -1.521304E-02   4.189692E-03  -3.546540E-02
   9.022703E-03  -1.182216E-02   6.405852E-02
   2.663970E-02  -2.423599E-01   1.527547E-02
   3.086321E-02   2.384195E-01  -1.150823E-02
   2.280984E-01   4.428612E-01   6.678048E-03
   2.261428E-01  -4.414382E-01  -4.636368E-02
  -4.824702E-01   2.748084E-03  -1.681108E-02
   3.856890E-03   3.506241E-03   1.073348E-02
  -3.421873E-03   2.761394E-03  -5.254907E-03
   2.344345E-04  -2.534720E-03  -2.640538E-02
   3.770541E-04   1.847779E-03   1.068483E-02
   3.467732E-03   2.585835E-03   9.615749E-03
   3.704298E-03  -2.335505E-03   2.424468E-02
  -8.852942E-03  -3.045304E-04   2.223142E-03
   1.593467E-02  -3.562018E-03   3.465835E-02
  -7.689891E-03   1.117926E-02  -6.105453E-02
  -2.749218E-02   2.437469E-01  -1.477917E-02
  -3.272547E-02  -2.408507E-01   1.199045E-02
  -2.298725E-01  -4.457270E-01  -7.254712E-03
  -2.274865E-01   4.439460E-01   4.524467E-02
   4.858380E-01  -2.438737E-03   1.541787E-02
  -4.311313E-03  -3.169233E-03  -1.071745E-02
   3.820198E-03  -2.475308E-03   5.144480E-03
  -6.330462E-05   2.659910E-03   2.512987E-02
  -5.279360E-04  -1.787998E-03  -1.165784E-02
  -3.387694E-03  -2.709313E-03  -9.028719E-03
  -3.519163E-03   2.676261E-03  -2.353607E-02
   8.893928E-03   2.740399E-04  -1.393223E-03
   1.561929E-02  -4.530225E-03   3.521091E-02
  -1.129527E-02   1.239602E-02  -6.173983E-02
  -2.576004E-02   2.450981E-01  -1.455055E-02
  -3.114171E-02  -2.398632E-01   1.191011E-02
  -2.315361E-01  -4.492978E-01  -7.858582E-03
  -2.292330E-01   4.468759E-01   4.467259E-02
   4.895954E-01  -2.891970E-03   1.651195E-02
  -3.431918E-03  -3.311595E-03  -1.060644E-02
   3.129914E-03  -3.136325E-03   4.749100E-03
  -2.920345E-04   2.460479E-03   2.569440E-02
  -2.804653E-04  -1.885579E-03  -1.094675E-02
  -3.426864E-03  -2.711703E-03  -9.574418E-03
  -3.531549E-03   2.608328E-03  -2.405419E-02
   8.969852E-03   3.176439E-04  -1.084992E-03
  -1.550600E-02   4.007017E-03   3.504315E-02
   1.024595E-02  -1.170300E-02  -6.108065E-02
   2.658948E-02  -2.465544E-01  -1.475233E-02
   3.157320E-02   2.421053E-01   1.166897E-02
   2.330402E-01   4.521298E-01  -7.771837E-03
   2.308551E-01  -4.499933E-01   4.442992E-02
  -4.928692E-01   2.672802E-03   1.614353E-02
   3.622946E-03   3.178399E-03  -1.066893E-02
  -3.330200E-03   2.904624E-03   4.788107E-03
   2.650180E-04  -2.474023E-03   2.558817E-02
   3.252626E-04   1.906556E-03  -1.089337E-02
   3.450973E-03   2.736353E-03  -9.322189E-03
   3.567743E-03  -2.642164E-03  -2.375977E-02
  -9.024603E-03  -3.073267E-04  -1.083522E-03
