  -2.169519E-02   5.915055E-03  -4.785625E-07
   1.170019E-02  -1.673368E-02   6.893369E-07
   3.857607E-02  -3.486809E-01   2.996309E-07
   4.569901E-02   3.420869E-01  -1.642908E-07
   3.281562E-01   6.368842E-01   1.941635E-07
   3.249974E-01  -6.337938E-01  -6.279091E-07
  -6.936611E-01   3.848458E-03  -2.242487E-07
   4.972442E-03   4.417176E-03   1.365475E-07
  -4.568113E-03   4.208785E-03  -6.074043E-08
   4.018628E-04  -3.495367E-03  -3.252667E-07
   4.502195E-04   2.701261E-03   1.538600E-07
   4.862344E-03   3.876190E-03   9.754260E-08
   5.023834E-03  -3.732784E-03   3.140456E-07
  -1.271044E-02  -4.369079E-04   1.733772E-08
  -3.149749E-08  -2.502502E-07  -4.904690E-02
   2.348872E-08  -2.646432E-07   8.697985E-02
  -5.996956E-08  -4.843479E-08   2.091425E-02
   5.752351E-08   4.403052E-07  -1.661014E-02
   6.758501E-08   1.334924E-07   1.121266E-02
   8.025085E-08  -8.013431E-08  -6.247942E-02
  -1.281496E-07   6.052813E-08  -2.352175E-02
   2.104122E-08   1.894220E-08   1.499538E-02
  -3.078593E-08   2.884033E-09  -6.868195E-03
   1.469625E-08   6.028998E-09  -3.702024E-02
  -1.864146E-08  -4.607911E-09   1.471737E-02
   1.999688E-09   1.026158E-08   1.366040E-02
   8.078495E-09  -1.835386E-09   3.385781E-02
   3.323993E-09  -6.416809E-09   1.549256E-03
  -2.015786E-02   6.331312E-03   1.378214E-07
   9.980255E-03  -1.723624E-02  -6.700776E-08
   3.809694E-02  -3.472948E-01   2.251879E-08
   4.579408E-02   3.415214E-01  -2.257804E-07
   3.262651E-01   6.318857E-01  -1.037043E-06
   3.235080E-01  -6.295709E-01   4.249685E-07
  -6.898483E-01   4.084067E-03   9.933703E-07
   4.913971E-03   4.370393E-03  -4.636902E-08
  -4.563570E-03   4.113070E-03   2.032044E-08
   4.567285E-04  -3.499611E-03   1.023683E-07
   4.831070E-04   2.713746E-03  -4.080346E-08
   4.836717E-03   3.869250E-03  -9.000588E-08
   5.020536E-03  -3.751387E-03  -1.608310E-07
  -1.255341E-02  -4.499280E-04  -2.107402E-08
  -2.104237E-02   6.545271E-03  -5.096183E-08
   1.263860E-02  -1.774059E-02  -6.863586E-09
   3.724962E-02  -3.442104E-01  -9.439055E-09
   4.518152E-02   3.385736E-01   1.709655E-08
   3.246408E-01   6.310221E-01   8.702281E-09
   3.221699E-01  -6.286966E-01   3.979362E-08
  -6.869690E-01   4.074280E-03  -2.713412E-08
   4.996198E-03   4.408974E-03   1.140076E-09
  -4.535969E-03   4.188688E-03   8.045029E-09
   4.389745E-04  -3.407257E-03   2.699139E-08
   4.539000E-04   2.613788E-03  -1.278142E-08
   4.871276E-03   3.882239E-03   2.629064E-09
   5.029862E-03  -3.774711E-03   3.109071E-09
  -1.254163E-02  -4.384990E-04  -3.810770E-10
  -1.253144E-09   1.034574E-08   5.009313E-02
   1.300154E-08  -1.013354E-09  -8.697139E-02
  -3.799820E-09  -2.927051E-08  -2.096738E-02
   3.305268E-09  -2.919149E-09   1.589253E-02
  -4.298822E-10   2.433162E-08  -1.089812E-02
   4.985242E-09  -2.149183E-09   6.407501E-02
  -6.898597E-09  -4.564108E-09   2.257260E-02
  -8.827837E-11  -1.120945E-09  -1.529432E-02
  -1.926337E-10   7.356576E-09   7.079353E-03
   1.336648E-09   2.367958E-09   3.639136E-02
  -5.679857E-09  -2.359135E-09  -1.573114E-02
  -3.204174E-09  -5.713779E-09  -1.321232E-02
  -3.855776E-09   1.769410E-09  -3.377242E-02
   2.488590E-09   3.021168E-09  -1.570687E-03
  -5.169242E-09   2.746890E-07   5.010883E-02
  -3.502031E-07   6.554257E-08  -8.690798E-02
   3.441140E-07  -1.038740E-06  -2.003560E-02
   1.571191E-07   6.517609E-07   1.773613E-02
   1.093348E-06   1.889535E-06  -1.092558E-02
   1.090644E-06  -1.874934E-06   6.290218E-02
  -2.133131E-06   1.002334E-08   2.210744E-02
  -9.566269E-09  -1.179924E-08  -1.516430E-02
  -7.986162E-09   2.289871E-08   6.850457E-03
  -1.132955E-08  -1.617796E-08   3.509787E-02
   2.332138E-08  -3.577179E-09  -1.683616E-02
  -2.210448E-08   2.957796E-08  -1.279926E-02
  -3.683104E-08  -3.377855E-08  -3.300212E-02
  -4.574275E-08   9.110143E-09  -1.524511E-03
  -2.238685E-02   5.396687E-03  -1.704999E-08
   1.382972E-02  -1.605750E-02  -1.157915E-07
   3.808440E-02  -3.507462E-01   2.269020E-08
   4.470535E-02   3.435298E-01  -1.267821E-07
   3.309523E-01   6.428739E-01   1.034058E-07
   3.275890E-01  -6.392132E-01   8.873718E-08
  -6.988973E-01   3.693058E-03   6.322661E-08
   5.029171E-03   4.415933E-03  -1.987713E-09
  -4.498408E-03   4.320789E-03   5.880758E-09
   3.067074E-04  -3.389546E-03  -1.303077E-08
   3.806797E-04   2.603163E-03   6.621104E-09
   4.901940E-03   3.907904E-03   1.569966E-09
   5.061236E-03  -3.757973E-03  -1.635489E-08
  -1.283066E-02  -4.334222E-04   6.160858E-09
   2.174453E-02  -5.914033E-03   5.707549E-08
  -1.179131E-02   1.673344E-02   3.898992E-09
  -3.858997E-02   3.487109E-01  -1.777005E-08
  -4.570920E-02  -3.421018E-01  -1.026252E-07
  -3.280594E-01  -6.370008E-01   1.223555E-08
  -3.249041E-01   6.339057E-01   3.814651E-08
   6.932103E-01  -3.867092E-03   2.946447E-08
  -4.974081E-03  -4.419052E-03   1.229033E-09
   4.570975E-03  -4.212784E-03   2.670410E-09
  -3.973190E-04   3.487473E-03  -9.441052E-09
  -4.454052E-04  -2.692435E-03  -8.240009E-09
  -4.867587E-03  -3.864371E-03   5.282210E-09
  -5.028360E-03   3.722175E-03  -4.077964E-09
   1.302087E-02   4.471106E-04  -7.646348E-09
  -9.323261E-08   5.862435E-08  -4.950206E-02
  -1.914364E-08   1.793071E-08   8.647969E-02
  -9.582193E-08   9.954918E-07   2.065978E-02
  -1.745269E-07  -8.831628E-07  -1.656096E-02
  -8.995989E-07  -1.719652E-06   1.087231E-02
  -8.441866E-07   1.683250E-06  -6.271606E-02
   2.029373E-06  -1.012414E-07  -2.293520E-02
  -1.021584E-08  -8.753211E-09   1.511212E-02
   4.492625E-08  -5.758073E-08  -6.824660E-03
  -4.179472E-08   3.525060E-08  -3.615638E-02
   2.518043E-08  -8.498146E-09   1.542228E-02
  -1.387304E-08  -5.360739E-09   1.337140E-02
  -2.664685E-09  -2.025799E-09   3.362962E-02
   2.437786E-08   2.338425E-09   1.509633E-03
  -2.164379E-02   5.912090E-03   9.214086E-08
   1.157082E-02  -1.672335E-02  -3.115534E-07
   3.865719E-02  -3.486985E-01   9.338037E-08
   4.578529E-02   3.421174E-01   2.242563E-07
   3.280490E-01   6.366484E-01   2.789497E-08
   3.248523E-01  -6.335922E-01  -7.431688E-08
  -6.937110E-01   3.854768E-03  -4.268648E-09
   4.970119E-03   4.415342E-03  -1.347978E-08
  -4.568616E-03   4.204617E-03   5.956450E-09
   4.020624E-04  -3.499358E-03   3.119824E-08
   4.494013E-04   2.707051E-03  -3.895075E-08
   4.954594E-03   4.042275E-03  -1.013224E-08
   5.135577E-03  -3.885522E-03  -1.825122E-08
  -1.270973E-02  -4.377193E-04  -5.935499E-09
   3.506971E-08   6.340291E-08   4.951959E-02
  -2.406960E-07   8.882660E-08  -8.646941E-02
  -2.931210E-08   1.121357E-06  -2.069949E-02
  -1.058558E-07  -1.231539E-06   1.651854E-02
  -1.023367E-06  -1.961059E-06  -1.095580E-02
  -9.204768E-07   2.108594E-06   6.259283E-02
   2.180950E-06  -1.450965E-07   2.290295E-02
  -1.804415E-08  -1.385465E-08  -1.511996E-02
   3.082638E-08  -3.416661E-08   6.828481E-03
  -3.436764E-08   2.431263E-08   3.617680E-02
   1.819363E-08   7.829729E-09  -1.543964E-02
  -1.034743E-08   2.191390E-09  -1.327152E-02
  -1.205599E-08  -2.350555E-08  -3.342874E-02
   4.214658E-08   5.728688E-10  -1.528963E-03
   2.170649E-02  -5.890775E-03  -8.139969E-08
  -1.178605E-02   1.670059E-02   8.339392E-08
  -3.856518E-02   3.485961E-01   5.539309E-08
  -4.566204E-02  -3.419757E-01   5.394241E-08
  -3.282822E-01  -6.370167E-01  -1.524702E-07
  -3.251328E-01   6.339150E-01   5.908249E-08
   6.939059E-01  -3.837253E-03  -1.966991E-08
  -4.964341E-03  -4.412530E-03  -3.054019E-09
   4.568011E-03  -4.216879E-03   9.270093E-09
  -3.859028E-04   3.575330E-03   1.887685E-08
  -4.413934E-04  -2.798143E-03   1.920094E-09
  -4.858288E-03  -3.875510E-03  -3.130765E-09
  -5.018299E-03   3.732802E-03  -1.293135E-08
   1.271317E-02   4.369645E-04  -9.702921E-09
   2.774844E-08   3.724556E-08   4.948555E-02
  -1.131039E-08  -2.239920E-08  -8.641288E-02
   5.030254E-08  -3.255327E-07  -2.027738E-02
  -5.026953E-08  -4.067106E-08   1.625394E-02
   5.861743E-08   3.455565E-07  -1.087533E-02
   2.011942E-07  -2.620432E-07   6.270188E-02
  -2.971367E-07   2.129686E-07   2.296847E-02
   3.425456E-09   5.105738E-09  -1.511020E-02
   3.692271E-09   2.367834E-08   6.805516E-03
   2.779828E-08   1.555246E-08   3.584999E-02
  -2.310933E-09   2.338859E-08  -1.522039E-02
   5.099242E-10  -7.745154E-09  -1.343051E-02
  -8.389780E-09   1.029840E-08  -3.358141E-02
   1.306609E-08  -1.699438E-08  -1.519045E-03
  -2.148195E-02   4.968233E-03   8.166236E-09
   1.142479E-02  -1.505559E-02  -2.590905E-08
   3.934177E-02  -3.532992E-01  -4.557898E-09
   4.527077E-02   3.451545E-01   3.917939E-08
   3.318298E-01   6.433336E-01  -1.694508E-08
   3.279181E-01  -6.390967E-01   3.269640E-08
  -7.003198E-01   3.639765E-03  -2.108427E-08
   4.941487E-03   4.397377E-03  -1.683067E-09
  -4.640848E-03   4.238059E-03  -1.374755E-09
   4.242091E-04  -3.482030E-03  -5.605406E-09
   5.094240E-04   2.674398E-03  -1.491655E-08
   4.897404E-03   3.952752E-03   1.160738E-08
   5.065051E-03  -3.793343E-03   1.127732E-08
  -1.284726E-02  -4.373889E-04  -1.086363E-08
   7.217142E-09   2.191485E-08  -4.840327E-02
  -2.361990E-08  -2.652090E-08   8.368975E-02
   1.428460E-08  -1.218168E-08   2.079639E-02
   7.790627E-09  -2.786984E-09  -1.702450E-02
   2.174231E-09   2.535639E-08   1.150307E-02
   9.988949E-09  -9.578654E-09  -6.206749E-02
  -4.781527E-09  -8.145867E-09  -2.207424E-02
   2.685829E-09   2.479423E-09   1.485121E-02
  -6.129865E-09   1.090294E-08  -6.369654E-03
  -4.408803E-09   4.158365E-10  -3.533910E-02
  -3.833048E-09  -8.942037E-10   1.581597E-02
  -2.881405E-09  -6.410835E-09   1.245163E-02
  -3.670442E-09   4.959392E-09   3.299930E-02
   4.812131E-09   5.658271E-10   1.471325E-03
   3.934197E-07  -1.828478E-07  -4.888361E-02
  -1.705266E-07   3.064719E-08   8.752354E-02
  -8.100237E-07   6.264213E-06   2.090104E-02
  -7.530918E-07  -5.757298E-06  -1.636384E-02
  -5.869522E-06  -1.160488E-05   1.118824E-02
  -5.789170E-06   1.141727E-05  -6.245483E-02
   1.236800E-05   1.413626E-08  -2.356754E-02
  -7.075702E-08  -5.964272E-08   1.500122E-02
   3.640224E-08  -7.709610E-08  -6.934983E-03
   3.237904E-08   7.612444E-08  -3.779379E-02
  -2.023492E-08  -3.501671E-08   1.421786E-02
  -6.179568E-08  -7.893253E-08   1.403090E-02
  -8.076310E-08   8.015898E-08   3.393396E-02
   2.319461E-07  -2.225885E-08   1.511133E-03
  -1.897181E-02   6.532903E-03   5.628365E-06
   7.812456E-03  -1.762509E-02  -9.424300E-06
   3.712117E-02  -3.493310E-01  -2.298849E-06
   4.516072E-02   3.440751E-01   1.683796E-06
   3.314185E-01   6.325013E-01  -2.288025E-06
   3.289465E-01  -6.307865E-01   7.192950E-06
  -6.975292E-01   4.233416E-03   3.648949E-06
   4.925951E-03   4.366505E-03  -1.711094E-06
  -4.601376E-03   4.046554E-03   7.458034E-07
   4.680197E-04  -3.518390E-03   3.892561E-06
   4.796690E-04   2.779874E-03  -1.857022E-06
   4.881827E-03   3.975434E-03  -1.478067E-06
   5.052612E-03  -3.843614E-03  -3.808603E-06
  -1.274392E-02  -4.414859E-04  -1.771920E-07
   2.321671E-02  -5.308856E-03  -1.770737E-07
  -1.386274E-02   1.578821E-02   1.123089E-07
  -4.064326E-02   3.475040E-01  -3.087398E-09
  -4.695618E-02  -3.399783E-01   3.389601E-07
  -3.253024E-01  -6.385492E-01   1.202446E-06
  -3.216496E-01   6.345391E-01  -5.700159E-07
   6.921303E-01  -3.537448E-03  -1.169358E-06
  -4.970931E-03  -4.408802E-03   5.100771E-08
   4.491796E-03  -4.291704E-03  -3.589327E-08
  -4.297243E-04   3.490891E-03  -1.052132E-07
  -5.107136E-04  -2.659663E-03   4.197783E-08
  -4.890044E-03  -3.675460E-03   1.111117E-07
  -5.053661E-03   3.514707E-03   1.818672E-07
   1.273075E-02   4.286228E-04   9.263253E-09
  -1.233797E-07   1.126937E-07   5.036779E-02
  -8.253523E-08   2.913951E-07  -8.628922E-02
   3.627731E-07  -3.069398E-06  -2.035023E-02
   2.884209E-07   2.607122E-06   1.703585E-02
   3.029620E-06   5.469515E-06  -1.061993E-02
   2.874038E-06  -5.603274E-06   6.322506E-02
  -6.040666E-06   8.563516E-08   2.249563E-02
   2.083230E-08   1.356584E-08  -1.533106E-02
   5.473335E-09   2.631413E-08   6.749990E-03
  -6.627388E-09  -3.696308E-08   3.488366E-02
   3.964016E-08   1.458121E-08  -1.641716E-02
  -6.898163E-09   7.241082E-08  -1.296145E-02
   2.485615E-08  -3.432030E-08  -3.364459E-02
  -1.136848E-07   8.037714E-09  -1.550917E-03
   2.172388E-02  -5.886917E-03  -3.592443E-06
  -1.181183E-02   1.668308E-02   6.080328E-06
  -3.849625E-02   3.485361E-01   1.430299E-06
  -4.558654E-02  -3.418758E-01  -1.009902E-06
  -3.281001E-01  -6.368868E-01   1.768161E-06
  -3.249042E-01   6.337422E-01  -4.729908E-06
   6.937633E-01  -3.829378E-03  -2.522401E-06
  -4.970314E-03  -4.415099E-03   1.086714E-06
   4.565557E-03  -4.208676E-03  -4.856526E-07
  -3.954652E-04   3.502346E-03  -2.591064E-06
  -4.444738E-04  -2.707611E-03   1.103882E-06
  -5.029037E-03  -3.745304E-03   1.015754E-06
  -5.181553E-03   3.590049E-03   2.481069E-06
   1.269768E-02   4.359823E-04   1.144064E-07
  -8.784652E-07   6.233058E-07   4.950001E-02
   4.344502E-07  -6.395387E-07  -8.660025E-02
   1.632556E-06  -1.409178E-05  -2.058884E-02
   1.758505E-06   1.344630E-05   1.675116E-02
   1.342409E-05   2.584965E-05  -1.085310E-02
   1.314818E-05  -2.575729E-05   6.266096E-02
  -2.811994E-05   1.885023E-07   2.283047E-02
   1.774749E-07   1.552297E-07  -1.511639E-02
  -1.203739E-07   1.547813E-07   6.819499E-03
  -7.661529E-09  -1.594989E-07   3.617429E-02
   1.902311E-08   1.081008E-07  -1.537863E-02
   1.669431E-07   1.681931E-07  -1.338617E-02
   1.759593E-07  -1.615557E-07  -3.364394E-02
  -5.140242E-07  -1.920868E-08  -1.534760E-03
  -3.845987E-07   1.934628E-07   4.948011E-02
   2.099379E-07  -1.115030E-07  -8.619421E-02
   8.363546E-07  -7.134669E-06  -2.087892E-02
   8.255343E-07   6.765855E-06   1.655008E-02
   6.755163E-06   1.308982E-05  -1.097674E-02
   6.626713E-06  -1.303871E-05   6.281880E-02
  -1.413855E-05   5.108947E-08   2.285167E-02
   8.207256E-08   6.672536E-08  -1.509662E-02
  -7.073191E-08   9.859437E-08   6.821895E-03
  -2.588074E-08  -9.619759E-08   3.620409E-02
   2.370512E-08   5.228522E-08  -1.553256E-02
   9.017646E-08   9.200434E-08  -1.330288E-02
   8.401399E-08  -9.273452E-08  -3.358803E-02
  -2.628686E-07  -1.186710E-08  -1.527528E-03
   2.167598E-02  -5.912065E-03  -9.144644E-07
  -1.148958E-02   1.673282E-02   1.469587E-06
  -3.867483E-02   3.489754E-01   3.545948E-07
  -4.576555E-02  -3.424129E-01  -1.811395E-07
  -3.282228E-01  -6.370826E-01   1.162771E-06
  -3.250748E-01   6.340351E-01  -1.377612E-06
   6.938906E-01  -3.867385E-03  -1.314848E-06
  -4.979001E-03  -4.426526E-03   2.858962E-07
   4.577472E-03  -4.207572E-03  -1.311540E-07
  -4.445714E-04   3.432508E-03  -6.595075E-07
  -5.077424E-04  -2.621565E-03   2.714512E-07
  -4.862721E-03  -3.880482E-03   2.981809E-07
  -5.025116E-03   3.736315E-03   7.142303E-07
   1.271496E-02   4.375868E-04   4.608875E-08
   2.315342E-02  -3.437487E-02  -2.859898E-06
  -1.076996E-02   6.918129E-02   3.911433E-06
  -2.339692E-02   3.341348E-01   9.106253E-07
  -5.997451E-02  -3.547152E-01  -6.419268E-07
  -3.226686E-01  -6.281239E-01   1.285959E-06
  -3.295734E-01   6.399121E-01  -2.872062E-06
   6.929822E-01  -9.957666E-03  -1.912012E-06
  -8.242473E-03  -6.558912E-03   9.131693E-07
   5.220383E-03  -4.490150E-03  -9.496092E-09
  -1.052402E-03   3.410829E-03  -1.570369E-06
   7.415240E-05  -2.905463E-03   6.680369E-07
  -4.906280E-03  -3.818349E-03   6.157189E-07
  -5.027199E-03   3.792798E-03   1.597720E-06
   1.261698E-02   6.372535E-04   6.283543E-08
   1.997646E-02   2.255990E-02  -1.334085E-06
  -1.370597E-02  -3.577080E-02   3.068323E-06
  -5.299618E-02   3.614393E-01   8.209791E-07
  -3.074236E-02  -3.277624E-01  -3.638367E-07
  -3.325805E-01  -6.434596E-01   1.524632E-06
  -3.194048E-01   6.255944E-01  -2.930650E-06
   6.923045E-01   2.254218E-03  -1.791666E-06
  -1.692822E-03  -2.247857E-03   3.705530E-07
   3.900345E-03  -3.926060E-03  -5.523441E-07
   2.483874E-04   3.556198E-03  -1.415284E-06
  -9.730271E-04  -2.474225E-03   6.089571E-07
  -4.805612E-03  -3.914250E-03   6.172160E-07
  -5.008361E-03   3.656335E-03   1.365013E-06
   1.275525E-02   2.345531E-04   7.047466E-08
  -6.465682E-07   5.189569E-07   5.164413E-02
   2.387172E-07  -4.621245E-07  -8.808058E-02
   1.086637E-06  -9.317901E-06  -2.054727E-02
   1.229542E-06   9.141323E-06   1.730815E-02
   8.840552E-06   1.715247E-05  -1.136802E-02
   9.202054E-06  -1.759983E-05   6.349690E-02
  -1.899442E-05   3.019893E-07   2.298911E-02
   1.300423E-07   1.081093E-07  -1.590153E-02
  -8.121933E-08   9.042716E-08   5.930263E-03
  -3.236693E-08  -1.212837E-07   3.636169E-02
   1.800353E-08   8.101231E-08  -1.517525E-02
   1.143766E-07   1.179016E-07  -1.344139E-02
   1.128392E-07  -1.082428E-07  -3.436772E-02
  -3.507491E-07  -4.458812E-08  -1.194757E-03
   2.128414E-02  -2.361176E-03  -3.312984E-07
  -1.196701E-02   1.162635E-02   4.391914E-07
  -3.863511E-02   3.578376E-01   1.063160E-07
  -4.537916E-02  -3.323478E-01   5.472524E-08
  -3.371677E-01  -6.489999E-01   1.192054E-06
  -3.156017E-01   6.209040E-01  -7.611001E-07
   6.932295E-01   1.254200E-03  -1.056916E-06
  -4.521024E-03  -4.140279E-03   1.076818E-07
   4.493182E-03  -4.160678E-03  -6.727094E-08
  -3.996443E-04   3.698575E-03  -2.628099E-07
  -4.540513E-04  -2.434048E-03   1.012096E-07
  -4.779912E-03  -3.786725E-03   1.553948E-07
  -5.092338E-03   3.838291E-03   3.036902E-07
   1.271096E-02   3.530192E-04   1.682618E-08
   1.994109E-02   2.061416E-02  -4.116064E-07
  -1.285121E-02  -3.148746E-02   9.197870E-07
  -5.414677E-02   3.669144E-01   4.688353E-08
  -3.039422E-02  -3.232892E-01  -1.303827E-07
  -3.352823E-01  -6.529413E-01   1.115192E-06
  -3.170773E-01   6.169674E-01  -1.047804E-06
   6.928886E-01   7.906665E-03  -9.106919E-07
  -1.760419E-03  -2.307051E-03   1.214097E-07
   3.927798E-03  -3.938765E-03  -1.736572E-07
   4.889688E-05   3.703257E-03  -4.353900E-07
  -7.875012E-04  -2.397640E-03   1.739002E-07
  -4.811729E-03  -3.983219E-03   2.356289E-07
  -5.038508E-03   3.623259E-03   4.676257E-07
   1.273453E-02   2.580363E-04   3.135368E-08
   4.669949E-07  -4.795901E-07  -6.463472E-02
  -2.457194E-07   1.041257E-06   9.292605E-02
  -4.970901E-07   5.186988E-06   2.308288E-02
  -8.044515E-07  -5.829388E-06  -2.277233E-02
  -4.959806E-06  -9.916252E-06   1.115241E-02
  -5.458481E-06   1.042718E-05  -6.257413E-02
   1.099884E-05  -2.101310E-07  -2.245856E-02
  -1.165973E-07  -9.806468E-08   2.052823E-02
   6.101988E-08  -7.575182E-08  -5.422662E-04
   1.280502E-09   7.601928E-08  -3.650543E-02
  -2.058260E-08  -4.448569E-08   1.619466E-02
  -6.018423E-08  -5.683703E-08   1.316535E-02
  -6.662300E-08   6.754991E-08   3.390993E-02
   1.993952E-07   6.329930E-09   1.190587E-03
   2.170756E-02  -5.964084E-03   1.567944E-07
  -1.170129E-02   1.687607E-02  -1.462228E-07
  -3.862714E-02   3.486420E-01   3.689843E-08
  -4.564065E-02  -3.421160E-01   2.698511E-07
  -3.280069E-01  -6.366383E-01  -1.261027E-07
  -3.251876E-01   6.340206E-01  -2.677171E-07
   6.936756E-01  -3.991336E-03   1.929858E-07
  -4.989686E-03  -4.429421E-03  -2.690200E-08
   4.574235E-03  -4.210337E-03  -2.247101E-08
  -3.995394E-04   3.496248E-03   7.426992E-08
  -4.529330E-04  -2.700676E-03  -6.041328E-08
  -4.957237E-03  -4.047325E-03  -1.973546E-08
  -4.908777E-03   3.576014E-03  -6.337533E-08
   1.271085E-02   4.512966E-04  -2.315921E-09
  -4.588890E-08   1.194430E-08  -4.944944E-02
  -2.163109E-07  -3.062094E-08   8.649299E-02
   8.791346E-08  -4.388036E-08   2.065687E-02
   2.482629E-07   1.067054E-07  -1.657281E-02
   3.441068E-08  -4.884366E-08   1.093852E-02
   7.168828E-08   2.670741E-08  -6.288854E-02
  -1.690317E-07  -1.626672E-08  -2.298548E-02
   2.006506E-09  -1.405806E-09   1.509426E-02
  -5.687163E-09   1.018483E-08  -6.855097E-03
   1.167878E-08  -8.013298E-09  -3.616836E-02
  -2.300468E-08  -3.524168E-09   1.541857E-02
  -8.515021E-09  -7.816618E-09   1.330931E-02
   1.123754E-08  -4.936937E-09   3.383737E-02
  -6.683288E-10   9.889481E-09   1.525264E-03
   2.168602E-02  -5.930049E-03   5.518523E-09
  -1.170202E-02   1.671929E-02   7.111700E-08
  -3.861190E-02   3.485971E-01  -3.497312E-08
  -4.565874E-02  -3.422078E-01  -9.998007E-08
  -3.281880E-01  -6.369480E-01   2.410460E-08
  -3.249925E-01   6.337564E-01  -1.607549E-09
   6.936942E-01  -3.753771E-03   3.049018E-08
  -4.961806E-03  -4.413005E-03   1.414549E-09
   4.549770E-03  -4.214492E-03   3.396694E-09
  -3.864458E-04   3.579367E-03  -3.266320E-08
  -4.573798E-04  -2.600283E-03  -3.993802E-09
  -4.855553E-03  -3.871350E-03   1.466592E-08
  -5.031619E-03   3.738655E-03   6.120643E-09
   1.271090E-02   4.380113E-04   1.683610E-08
  -9.439740E-08  -5.072319E-08  -4.954201E-02
   1.291808E-07   2.096716E-07   8.670228E-02
  -1.679200E-07   5.583779E-07   2.030847E-02
   4.207947E-09  -4.618941E-07  -1.685830E-02
  -5.432874E-07  -1.133961E-06   1.091358E-02
  -6.069215E-07   9.449328E-07  -6.269859E-02
   1.202003E-06  -7.405110E-08  -2.310799E-02
  -4.929224E-09  -5.439843E-09   1.513546E-02
   1.602410E-08  -2.946710E-08  -6.818009E-03
  -1.794694E-08   1.319624E-08  -3.595257E-02
   6.604852E-09  -1.322763E-08   1.556964E-02
   5.312764E-09   9.728499E-09   1.346502E-02
   6.700171E-09   2.454998E-08   3.370909E-02
   1.893625E-08   1.266059E-08   1.515059E-03
  -3.395288E-07   1.860484E-07   5.261200E-02
   1.338352E-07   3.397755E-08  -8.858870E-02
   7.207195E-07  -5.165851E-06  -2.089654E-02
   5.170598E-07   4.554611E-06   1.778202E-02
   4.784424E-06   9.369996E-06  -1.091640E-02
   4.814886E-06  -9.249520E-06   6.274946E-02
  -1.012587E-05   1.228977E-07   2.327512E-02
   6.345923E-08   5.002941E-08  -1.623678E-02
  -1.390249E-08   6.259876E-08   5.525139E-03
  -2.925666E-08  -7.924685E-08   3.630487E-02
   2.232149E-08   4.117780E-08  -1.504903E-02
   5.034322E-08   6.218418E-08  -1.345244E-02
   5.482415E-08  -6.415561E-08  -3.407638E-02
  -1.945620E-07   3.065538E-09  -1.452953E-03
  -2.133390E-02   1.630578E-03   3.886427E-07
   1.194405E-02  -8.272011E-03  -5.623971E-07
   3.886181E-02  -3.513051E-01  -2.317212E-07
   4.532373E-02   3.393714E-01  -6.442037E-08
   3.302230E-01   6.396146E-01  -1.097794E-06
   3.229584E-01  -6.310534E-01   8.210261E-07
  -6.936361E-01   8.025942E-04   1.162653E-06
   4.329514E-03   3.992542E-03  -1.248910E-07
  -4.392787E-03   4.167349E-03   8.192586E-08
   2.683993E-04  -3.524740E-03   2.959168E-07
   5.796711E-04   2.614906E-03  -1.313331E-07
   4.821949E-03   3.993437E-03  -1.701540E-07
   5.064145E-03  -3.623996E-03  -3.550187E-07
  -1.271448E-02  -3.880243E-04  -1.115091E-08
  -2.168695E-02   5.901905E-03   1.678189E-05
   1.170158E-02  -1.670273E-02  -2.923055E-05
   3.854417E-02  -3.488636E-01  -6.910756E-06
   4.573044E-02   3.418963E-01   5.501838E-06
   3.283371E-01   6.371666E-01  -4.741768E-06
   3.247830E-01  -6.334816E-01   2.154018E-05
  -6.936403E-01   3.907667E-03   8.630640E-06
   4.965282E-03   4.411844E-03  -5.129698E-06
  -4.568612E-03   4.208930E-03   2.323251E-06
   4.032301E-04  -3.497948E-03   1.228275E-05
   4.489175E-04   2.697531E-03  -5.215693E-06
   4.858812E-03   3.870195E-03  -4.585874E-06
   5.027454E-03  -3.737640E-03  -1.148780E-05
  -1.269824E-02  -6.685471E-04  -5.402119E-07
  -2.170245E-02   5.928197E-03  -8.145064E-05
   1.169650E-02  -1.676462E-02   1.421395E-04
   3.860848E-02  -3.484987E-01   3.476163E-05
   4.566808E-02   3.422789E-01  -2.664639E-05
   3.279738E-01   6.366029E-01   1.703069E-05
   3.252123E-01  -6.341091E-01  -1.024755E-04
  -6.936802E-01   3.789518E-03  -3.882399E-05
   4.979568E-03   4.422515E-03   2.486293E-05
  -4.567609E-03   4.208583E-03  -1.122444E-05
   4.005512E-04  -3.492790E-03  -5.948229E-05
   4.516135E-04   2.705032E-03   2.539339E-05
   4.865775E-03   3.882094E-03   2.205992E-05
   5.020180E-03  -3.727800E-03   5.530134E-05
  -1.272282E-02  -2.050492E-04   2.451188E-06
  -1.659400E-06   6.385473E-07   4.968135E-02
   9.476095E-07  -1.514626E-06  -8.663784E-02
   3.000674E-06  -2.734318E-05  -2.075915E-02
   3.522649E-06   2.690067E-05   1.680609E-02
   2.574717E-05   4.988066E-05  -1.089254E-02
   2.546744E-05  -4.970441E-05   6.269782E-02
  -5.438540E-05   3.881009E-07   2.293103E-02
   3.730076E-07   3.355333E-07  -1.518065E-02
  -3.273212E-07   3.405193E-07   6.754976E-03
  -2.422992E-09  -2.876255E-07   3.617775E-02
   7.054570E-08   1.854197E-07  -1.538747E-02
   3.932887E-07   3.005522E-07  -1.334911E-02
   3.797418E-07  -3.129056E-07  -3.368282E-02
  -9.902215E-07  -3.422429E-08  -1.526779E-03
   2.168461E-02  -5.511247E-03  -5.069374E-07
  -1.172980E-02   1.600488E-02   7.503056E-07
  -3.882598E-02   3.489472E-01   2.411699E-07
  -4.545781E-02  -3.418039E-01   4.667972E-08
  -3.283408E-01  -6.368838E-01   1.175879E-06
  -3.247670E-01   6.337812E-01  -9.280068E-07
   6.936105E-01  -3.831810E-03  -1.287664E-06
  -4.936482E-03  -4.393127E-03   1.630933E-07
   4.565154E-03  -4.207331E-03  -8.295033E-08
  -3.958803E-04   3.492213E-03  -3.801541E-07
  -4.529916E-04  -2.702349E-03   1.478450E-07
  -4.702954E-03  -4.005292E-03   1.967631E-07
  -5.175088E-03   3.593264E-03   4.368006E-07
   1.271150E-02   4.419822E-04   3.240580E-08
  -2.169199E-02   5.983706E-03   8.396343E-05
   1.167701E-02  -1.697086E-02  -1.460154E-04
   3.845199E-02  -3.484644E-01  -3.520454E-05
   4.582196E-02   3.423486E-01   2.827970E-05
   3.281605E-01   6.367912E-01  -1.859607E-05
   3.249783E-01  -6.338693E-01   1.062072E-04
  -6.936372E-01   3.865460E-03   3.835632E-05
   4.976003E-03   4.415516E-03  -2.559367E-05
  -4.569965E-03   4.224152E-03   1.153590E-05
   3.648748E-04  -3.556166E-03   6.133511E-05
   5.021088E-04   2.621317E-03  -2.620931E-05
   4.856512E-03   3.874987E-03  -2.251778E-05
   5.029288E-03  -3.733417E-03  -5.693639E-05
  -1.271041E-02  -4.523397E-04  -2.575194E-06
  -2.169853E-02   5.846147E-03   7.842528E-06
   1.172404E-02  -1.649577E-02  -1.367599E-05
   3.869959E-02  -3.488937E-01  -3.183851E-06
   4.557489E-02   3.418222E-01   2.495357E-06
   3.281505E-01   6.369754E-01  -2.715341E-06
   3.250152E-01  -6.337165E-01   1.025148E-05
  -6.936807E-01   3.831402E-03   4.497986E-06
   4.968896E-03   4.418866E-03  -2.400586E-06
  -4.566430E-03   4.193376E-03   1.081842E-06
   4.382155E-04  -3.436100E-03   5.732691E-06
   3.977342E-04   2.782040E-03  -2.428153E-06
   4.868159E-03   3.877264E-03  -2.185375E-06
   5.018400E-03  -3.731956E-03  -5.423160E-06
  -1.271027E-02  -4.214915E-04  -2.466908E-07
   2.165944E-02  -3.897884E-03  -6.711716E-08
  -1.180073E-02   1.267612E-02  -1.784833E-08
  -4.032277E-02   3.506616E-01  -2.031843E-08
  -4.400970E-02  -3.398936E-01   1.347591E-07
  -3.283616E-01  -6.385873E-01   9.758524E-07
  -3.244344E-01   6.318701E-01  -2.831717E-07
   6.932843E-01  -2.617787E-03  -9.312571E-07
  -4.847745E-03  -4.290437E-03   2.119172E-08
   4.564751E-03  -4.192024E-03  -1.037454E-08
  -3.748236E-04   3.510834E-03  -4.522997E-08
  -4.576225E-04  -2.698174E-03   2.242422E-08
  -4.835540E-03  -3.906353E-03   7.554225E-08
  -5.040642E-03   3.684638E-03   1.101072E-07
   1.271511E-02   4.704604E-04   1.846958E-08
  -2.533285E-08   1.724936E-07   4.999958E-02
  -1.508614E-07   1.332538E-07  -8.620521E-02
   1.460008E-07  -1.019505E-06  -2.109904E-02
   1.379204E-07   7.745466E-07   1.716484E-02
   1.214386E-06   1.932391E-06  -1.114953E-02
   9.456565E-07  -1.985214E-06   6.290524E-02
  -2.143567E-06  -1.124804E-07   2.259258E-02
  -3.886312E-09  -8.727948E-09  -1.521005E-02
   7.473624E-09   2.412284E-08   6.510640E-03
   1.026385E-08  -1.254941E-08   3.616295E-02
   2.507943E-08  -2.589033E-09  -1.589895E-02
  -3.874074E-09   5.543557E-08  -1.304648E-02
  -1.187666E-08  -1.750219E-08  -3.361242E-02
  -5.567613E-08   4.064850E-08  -1.475532E-03
   6.569035E-09  -9.375186E-09  -4.853456E-02
   8.839742E-08  -1.465915E-08   8.407766E-02
  -1.048055E-08   4.396577E-08   2.061046E-02
  -2.589188E-08  -3.424845E-09  -1.611090E-02
  -2.247738E-08  -4.727317E-08   1.106065E-02
  -2.940627E-08   4.636271E-09  -6.167802E-02
   1.149603E-08   1.835065E-08  -2.253658E-02
  -2.141701E-09  -2.293336E-09   1.505511E-02
  -7.289697E-09   3.646369E-09  -6.734920E-03
  -9.502689E-09   4.981172E-09  -3.564852E-02
   1.592884E-09  -6.506833E-09   1.534406E-02
  -1.704465E-09   4.054528E-09   1.309006E-02
   2.372155E-10   3.795555E-09   3.290647E-02
   3.759299E-10   1.038901E-10   1.490569E-03
   2.154296E-02  -6.108242E-03  -6.395515E-10
  -1.036879E-02   1.695570E-02  -4.178473E-08
  -3.907583E-02   3.487751E-01  -3.236621E-08
  -4.630319E-02  -3.425397E-01  -2.006860E-08
  -3.277203E-01  -6.362172E-01  -3.540018E-08
  -3.249531E-01   6.334420E-01   7.215306E-08
   6.930722E-01  -3.877772E-03   6.938019E-08
  -4.997152E-03  -4.376791E-03   2.298868E-09
   4.569859E-03  -4.183791E-03  -6.177349E-09
  -4.127119E-04   3.487455E-03   2.704247E-09
  -4.529490E-04  -2.712304E-03  -7.212216E-10
  -4.857988E-03  -3.882570E-03  -1.605892E-10
  -5.017362E-03   3.743333E-03  -4.809276E-09
   1.270518E-02   4.372252E-04  -4.415622E-09
  -1.202719E-07   1.256267E-07   4.967705E-02
  -6.946298E-08   1.850679E-07  -8.658979E-02
   4.164183E-07  -2.360785E-06  -2.058926E-02
   1.890757E-07   1.902744E-06   1.638834E-02
   2.377055E-06   4.364867E-06  -1.065557E-02
   2.218667E-06  -4.293879E-06   6.250594E-02
  -4.772088E-06  -2.407430E-08   2.304975E-02
   1.445588E-08   7.353709E-09  -1.514194E-02
  -1.244474E-09   4.989660E-08   6.730919E-03
  -2.793859E-08  -5.213826E-08   3.608720E-02
   4.274912E-08   7.524119E-09  -1.517379E-02
   6.514254E-09   6.075654E-08  -1.349339E-02
   3.184190E-08  -3.450182E-08  -3.363728E-02
  -9.505587E-08   2.544226E-08  -1.523605E-03
   2.143754E-02  -5.743469E-03  -3.563285E-07
  -1.130702E-02   1.647700E-02   4.878019E-07
  -3.872591E-02   3.487197E-01   6.383244E-08
  -4.575030E-02  -3.421598E-01   1.406995E-07
  -3.281178E-01  -6.366728E-01   1.045122E-06
  -3.249744E-01   6.336786E-01  -6.709812E-07
   6.935690E-01  -3.865717E-03  -1.075777E-06
  -4.954487E-03  -4.402366E-03   1.114807E-07
   4.694043E-03  -4.205738E-03  -5.523642E-08
  -4.069199E-04   3.492757E-03  -2.546958E-07
  -4.701478E-04  -2.705393E-03   9.898083E-08
  -4.862713E-03  -3.883465E-03   1.407383E-07
  -5.022618E-03   3.738323E-03   2.998913E-07
   1.270454E-02   4.322435E-04   2.168067E-08
   1.506974E-07   1.772051E-07   4.958165E-02
  -2.207461E-07   2.932222E-07  -8.650813E-02
  -7.147772E-08   1.788959E-06  -2.065589E-02
  -2.600445E-07  -2.054631E-06   1.649313E-02
  -1.766930E-06  -3.336229E-06  -1.129352E-02
  -1.656399E-06   3.266987E-06   6.258466E-02
   3.697490E-06  -5.729712E-08   2.325298E-02
  -4.576206E-08  -4.321861E-08  -1.548334E-02
   2.538420E-08  -1.106475E-08   6.863876E-03
  -3.297864E-08  -1.747850E-09   3.683372E-02
   1.014429E-08  -2.785899E-08  -1.538187E-02
  -2.770852E-08  -1.505072E-08  -1.358569E-02
  -3.508385E-08   7.436292E-09  -3.357763E-02
   5.675706E-08   1.289903E-08  -1.510553E-03
  -2.158071E-02   5.874913E-03   3.516030E-06
   1.167044E-02  -1.679890E-02  -6.010198E-06
   3.850805E-02  -3.486534E-01  -1.374642E-06
   4.579395E-02   3.421770E-01   1.020128E-06
   3.282603E-01   6.367777E-01  -1.674064E-06
   3.249279E-01  -6.338954E-01   4.640751E-06
  -6.937037E-01   3.976066E-03   2.438574E-06
   4.867238E-03   4.433570E-03  -1.050035E-06
  -4.551735E-03   4.237501E-03   4.857352E-07
   3.936533E-04  -3.492141E-03   2.510884E-06
   4.500108E-04   2.703918E-03  -1.089479E-06
   4.863701E-03   3.877865E-03  -9.994135E-07
   5.023159E-03  -3.735124E-03  -2.449060E-06
  -1.271032E-02  -4.339402E-04  -1.111305E-07
   2.165913E-02  -6.073275E-03  -9.709536E-08
  -1.147548E-02   1.710212E-02  -1.319292E-09
  -3.853130E-02   3.486956E-01   2.890992E-08
  -4.593028E-02  -3.423469E-01   2.050601E-07
  -3.281924E-01  -6.367987E-01   1.147927E-06
  -3.249763E-01   6.339269E-01  -4.604445E-07
   6.936451E-01  -3.986562E-03  -1.053489E-06
  -5.012874E-03  -4.421551E-03   4.513458E-08
   4.623514E-03  -4.220588E-03  -2.574023E-08
  -4.117528E-04   3.478190E-03  -9.388496E-08
  -4.495143E-04  -2.695139E-03   3.033579E-08
  -4.860947E-03  -3.878377E-03   8.913475E-08
  -5.025535E-03   3.733451E-03   1.583343E-07
   1.271060E-02   4.390732E-04   1.436650E-08
   1.362337E-08   1.810375E-08  -4.925828E-02
  -1.033297E-07  -1.527462E-08   8.592618E-02
   4.215196E-08  -1.495553E-08   2.060618E-02
   4.322395E-08   1.007137E-08  -1.638393E-02
   3.906700E-08   3.324688E-08   1.065756E-02
   3.294395E-08  -4.745069E-08  -6.236864E-02
  -8.139904E-08   7.077825E-09  -2.285984E-02
   4.002850E-10   1.826675E-09   1.495048E-02
  -5.239654E-09   9.377339E-09  -6.670346E-03
   8.832507E-09  -9.250172E-09  -3.582888E-02
   1.713473E-09   2.785926E-09   1.523457E-02
  -2.089097E-10  -6.358169E-09   1.336057E-02
  -1.809471E-09   9.899583E-09   3.347347E-02
   9.447305E-09   9.439526E-10   1.517196E-03
  -1.533640E-02   3.613773E-03   3.444156E-02
   7.627131E-03  -1.233061E-02  -6.046607E-02
   2.772576E-02  -2.486406E-01  -1.371832E-02
   3.269658E-02   2.448856E-01   1.085455E-02
   2.340867E-01   4.544113E-01  -9.051377E-03
   2.317633E-01  -4.522662E-01   4.523806E-02
  -4.948738E-01   2.673495E-03   1.607626E-02
   3.826554E-03   3.581141E-03  -1.050976E-02
  -3.291108E-03   3.015918E-03   4.822168E-03
   3.904310E-04  -2.523988E-03   2.525493E-02
   3.670907E-04   1.929921E-03  -1.068766E-02
   3.417193E-03   2.733802E-03  -9.849951E-03
   3.697546E-03  -2.741151E-03  -2.302994E-02
  -9.081712E-03  -3.156683E-04  -1.051997E-03
  -1.565912E-02   4.181718E-03   3.415244E-02
   8.509436E-03  -1.204938E-02  -5.970630E-02
   2.789276E-02  -2.518058E-01  -1.524319E-02
   3.299014E-02   2.471602E-01   1.240290E-02
   2.371432E-01   4.602096E-01  -7.937547E-03
   2.349838E-01  -4.581056E-01   4.388200E-02
  -5.015175E-01   2.799316E-03   1.569298E-02
   3.647794E-03   3.237251E-03  -1.043120E-02
  -3.305442E-03   3.039665E-03   4.720019E-03
   2.749496E-04  -2.528937E-03   2.511407E-02
   3.149091E-04   1.946624E-03  -1.079552E-02
   3.523269E-03   2.801402E-03  -8.507746E-03
   3.619701E-03  -2.691327E-03  -2.396100E-02
  -9.134070E-03  -2.952954E-04  -1.016546E-03
   1.513458E-02  -6.674613E-03   3.478204E-02
  -8.616828E-03   1.524545E-02  -6.015676E-02
  -2.751745E-02   2.511877E-01  -1.457222E-02
  -3.432391E-02  -2.477886E-01   1.172527E-02
  -2.373340E-01  -4.602418E-01  -7.916444E-03
  -2.346446E-01   4.582489E-01   4.367932E-02
   5.015684E-01  -3.218828E-03   1.594397E-02
  -2.490689E-03  -2.592847E-03  -1.075473E-02
   3.314608E-03  -3.214702E-03   4.897391E-03
  -2.653218E-04   2.768885E-03   2.562270E-02
  -1.771662E-04  -2.004284E-03  -1.134510E-02
  -3.645072E-03  -2.709957E-03  -9.267687E-03
  -3.358526E-03   2.964859E-03  -2.318406E-02
   9.195929E-03   3.395218E-04  -1.064085E-03
  -1.461413E-02   5.801937E-03   3.535205E-02
   7.186851E-03  -1.610137E-02  -6.123465E-02
   2.726501E-02  -2.458124E-01  -1.481365E-02
   3.368125E-02   2.436756E-01   1.172612E-02
   2.318027E-01   4.501581E-01  -8.177686E-03
   2.292651E-01  -4.483383E-01   4.480476E-02
  -4.903992E-01   2.996141E-03   1.624768E-02
   2.900245E-03   3.248461E-03  -1.074245E-02
  -3.303721E-03   3.211813E-03   4.720754E-03
   5.543401E-04  -2.577830E-03   2.643553E-02
   3.429593E-04   1.876351E-03  -1.170001E-02
   3.446915E-03   2.736531E-03  -9.811085E-03
   3.578716E-03  -2.709942E-03  -2.337815E-02
  -9.017012E-03  -3.275926E-04  -1.081448E-03
   1.500487E-02  -3.941891E-03  -3.454644E-02
  -7.375076E-03   1.335202E-02   6.071705E-02
  -2.768911E-02   2.468625E-01   1.363920E-02
  -3.312452E-02  -2.446383E-01  -1.076509E-02
  -2.331616E-01  -4.523401E-01   1.027796E-02
  -2.306242E-01   4.507777E-01  -4.656444E-02
   4.929782E-01  -2.753558E-03  -1.615879E-02
  -3.637909E-03  -3.636912E-03   1.063590E-02
   3.294840E-03  -3.067222E-03  -4.997315E-03
  -3.110026E-04   2.693732E-03  -2.572775E-02
  -2.461290E-04  -1.958577E-03   1.113016E-02
  -3.450656E-03  -2.670617E-03   9.516159E-03
  -3.601123E-03   2.901596E-03   2.346818E-02
   9.036680E-03   3.150986E-04   1.061075E-03
   1.480806E-02  -7.366468E-03  -3.574136E-02
  -4.655191E-03   1.254642E-02   6.119270E-02
  -2.944495E-02   2.495502E-01   1.493723E-02
  -3.411788E-02  -2.427537E-01  -1.189790E-02
  -2.325297E-01  -4.514092E-01   4.723529E-03
  -2.299587E-01   4.487404E-01  -4.163303E-02
   4.906345E-01  -2.872762E-03  -1.595033E-02
  -1.975953E-03  -1.403467E-03   1.109247E-02
   3.157009E-03  -3.016531E-03  -4.833276E-03
  -3.540916E-04   2.566999E-03  -2.544545E-02
  -2.814402E-04  -1.992661E-03   1.097006E-02
  -3.459517E-03  -2.840462E-03   9.876705E-03
  -3.552493E-03   2.513853E-03   2.321480E-02
   8.998208E-03   3.201884E-04   1.088695E-03
  -1.532496E-02   4.133796E-03   3.484888E-02
   7.953484E-03  -1.171266E-02  -5.911267E-02
   2.735936E-02  -2.482124E-01  -1.557788E-02
   3.315382E-02   2.432735E-01   1.056920E-02
   2.333893E-01   4.530604E-01  -7.849913E-03
   2.308424E-01  -4.505499E-01   4.397568E-02
  -4.930899E-01   2.583112E-03   1.704501E-02
   3.302382E-03   2.855898E-03  -1.072474E-02
  -3.101582E-03   3.098584E-03   4.507119E-03
   4.308780E-04  -2.288714E-03   2.494623E-02
   1.444020E-04   1.967818E-03  -1.131959E-02
   3.412967E-03   2.858621E-03  -9.394411E-03
   3.470430E-03  -2.941148E-03  -2.363015E-02
  -9.034662E-03  -3.073436E-04   2.119955E-04
   1.544824E-02  -4.162634E-03  -3.455145E-02
  -7.493697E-03   1.181931E-02   5.821891E-02
  -2.792618E-02   2.507097E-01   1.393485E-02
  -3.373881E-02  -2.453404E-01  -1.192636E-02
  -2.359277E-01  -4.577048E-01   8.726866E-03
  -2.334180E-01   4.547805E-01  -4.230607E-02
   4.984192E-01  -2.691994E-03  -1.564347E-02
  -3.184221E-03  -2.751152E-03   1.064687E-02
   3.044194E-03  -3.182953E-03  -4.395170E-03
  -3.342065E-04   2.410862E-03  -2.473785E-02
  -2.636468E-04  -1.970968E-03   1.114206E-02
  -3.414092E-03  -2.903531E-03   9.308509E-03
  -3.412539E-03   2.946277E-03   2.332103E-02
   9.121023E-03   3.131765E-04  -1.058227E-04
  -1.474361E-02   4.782201E-03   3.537982E-02
   8.819558E-03  -1.245626E-02  -6.130709E-02
   2.707620E-02  -2.493816E-01  -1.445081E-02
   3.191312E-02   2.429796E-01   1.143341E-02
   2.342188E-01   4.549825E-01  -8.121757E-03
   2.321374E-01  -4.524008E-01   4.346326E-02
  -4.952085E-01   2.996137E-03   1.706915E-02
   2.736517E-03   3.076965E-03  -1.066329E-02
  -2.651584E-03   3.466513E-03   4.509190E-03
   5.219709E-04  -2.276715E-03   2.604387E-02
   1.325961E-04   2.021421E-03  -1.014492E-02
   3.489827E-03   2.773308E-03  -9.907839E-03
   3.587356E-03  -2.605065E-03  -2.404558E-02
  -9.083279E-03  -3.431855E-04  -7.564793E-04
   1.506309E-02  -3.838656E-03  -3.482205E-02
  -5.271688E-03   1.127501E-02   6.061460E-02
  -2.879119E-02   2.480047E-01   1.468483E-02
  -3.348486E-02  -2.439083E-01  -1.151744E-02
  -2.325514E-01  -4.514038E-01   7.513406E-03
  -2.303822E-01   4.494464E-01  -4.405842E-02
   4.914077E-01  -2.550200E-03  -1.595340E-02
  -3.596665E-03  -2.932243E-03   1.077327E-02
   3.329250E-03  -2.818473E-03  -4.910795E-03
  -2.760194E-04   2.482925E-03  -2.546755E-02
  -3.555504E-04  -1.934747E-03   1.087306E-02
  -3.449577E-03  -2.769767E-03   9.349370E-03
  -3.573324E-03   2.670436E-03   2.352249E-02
   9.005278E-03   3.003147E-04   1.070539E-03
   1.517646E-02  -4.346497E-03   3.498234E-02
  -6.311030E-03   1.194635E-02  -6.126250E-02
  -2.796673E-02   2.465498E-01  -1.447941E-02
  -3.304761E-02  -2.416691E-01   1.175342E-02
  -2.310419E-01  -4.485602E-01  -7.601447E-03
  -2.287598E-01   4.463246E-01   4.429754E-02
   4.881179E-01  -2.765262E-03   1.632208E-02
  -3.408500E-03  -3.068527E-03  -1.071137E-02
   3.129582E-03  -3.047355E-03   4.871194E-03
  -3.030567E-04   2.469392E-03   2.557333E-02
  -3.110609E-04  -1.913873E-03  -1.092455E-02
  -3.425191E-03  -2.745106E-03  -9.601511E-03
  -3.537267E-03   2.636883E-03  -2.381478E-02
   8.950516E-03   3.105304E-04  -1.071921E-03
