   0.362808e-01   0.337077e-01   0.221891e-02
   0.665494e-03   0.348957e-02   0.720682e-04
  -0.197458e-01   0.624117e-01  -0.163977e-03
   0.193890e-01   0.625081e-01  -0.199782e-03
  -0.242793e-01  -0.655729e-01   0.187170e-03
   0.247455e-01  -0.657560e-01   0.183964e-03
  -0.352378e-03  -0.558727e-02   0.141146e-04
  -0.465770e-01  -0.233701e-01  -0.200784e-02
   0.981457e-02  -0.168140e-02  -0.321589e-03
  -0.590242e-03  -0.255749e-03  -0.621906e-05
   0.635164e-03  -0.255433e-03   0.184703e-04
  -0.302486e-03  -0.523807e-03   0.674056e-05
   0.313310e-03  -0.512504e-03   0.820684e-06
   0.336739e-05   0.139806e-02  -0.285253e-05
   0.367926e-01   0.219909e-01   0.420911e-02
   0.594118e-03   0.113486e-01  -0.205785e-04
  -0.178061e-01   0.597895e-01  -0.333194e-03
   0.174887e-01   0.597982e-01  -0.405916e-03
  -0.229650e-01  -0.633669e-01   0.354596e-03
   0.233596e-01  -0.635160e-01   0.350681e-03
  -0.313088e-03  -0.599010e-02   0.376191e-04
  -0.478941e-01  -0.206662e-01  -0.385262e-02
   0.106732e-01   0.696432e-03  -0.385438e-03
  -0.835526e-03  -0.359815e-03  -0.799741e-05
   0.884741e-03  -0.359044e-03   0.434257e-04
  -0.387760e-03  -0.411157e-03   0.131655e-04
   0.404724e-03  -0.401007e-03   0.127247e-05
   0.386300e-05   0.144653e-02  -0.412330e-05
   0.371704e-01   0.120234e-01   0.606923e-02
   0.502737e-03   0.181756e-01  -0.253854e-03
  -0.159421e-01   0.572375e-01  -0.507149e-03
   0.156744e-01   0.571548e-01  -0.619781e-03
  -0.216536e-01  -0.611716e-01   0.503426e-03
   0.219751e-01  -0.612993e-01   0.501486e-03
  -0.280511e-03  -0.635379e-02   0.709692e-04
  -0.486269e-01  -0.183783e-01  -0.558315e-02
   0.111006e-01   0.260958e-02  -0.263591e-03
  -0.108318e-02  -0.450267e-03  -0.718950e-05
   0.113555e-02  -0.449551e-03   0.740463e-04
  -0.473605e-03  -0.300102e-03   0.190294e-04
   0.496707e-03  -0.291508e-03   0.100029e-05
   0.425439e-05   0.149341e-02  -0.447312e-05
   0.374358e-01   0.378390e-02   0.795913e-02
   0.394187e-03   0.239951e-01  -0.604289e-03
  -0.141711e-01   0.547638e-01  -0.681093e-03
   0.139594e-01   0.545854e-01  -0.836158e-03
  -0.203465e-01  -0.589809e-01   0.627865e-03
   0.205973e-01  -0.590988e-01   0.633938e-03
  -0.255761e-03  -0.666794e-02   0.113606e-03
  -0.488145e-01  -0.165410e-01  -0.728292e-02
   0.111123e-01   0.404455e-02  -0.522409e-04
  -0.133358e-02  -0.525609e-03  -0.562992e-05
   0.138812e-02  -0.525382e-03   0.109004e-03
  -0.559715e-03  -0.189862e-03   0.238861e-04
   0.589383e-03  -0.182830e-03  -0.444509e-06
   0.464554e-05   0.153949e-02  -0.465771e-05
   0.376317e-01  -0.283424e-02   0.100721e-01
   0.269362e-03   0.288679e-01  -0.106240e-02
  -0.125084e-01   0.523729e-01  -0.866424e-03
   0.123590e-01   0.520934e-01  -0.106902e-02
  -0.190476e-01  -0.567869e-01   0.746486e-03
   0.192294e-01  -0.569058e-01   0.761447e-03
  -0.238872e-03  -0.692146e-02   0.166167e-03
  -0.484780e-01  -0.151652e-01  -0.904328e-02
   0.106857e-01   0.501763e-02   0.135272e-03
  -0.158725e-02  -0.584648e-03  -0.341909e-05
   0.164338e-02  -0.585389e-03   0.145461e-03
  -0.646285e-03  -0.792180e-04   0.272468e-04
   0.682824e-03  -0.739628e-04  -0.366594e-05
   0.505723e-05   0.158492e-02  -0.601752e-05
   0.378045e-01  -0.801248e-02   0.126269e-01
   0.127240e-03   0.328924e-01  -0.162211e-02
  -0.109642e-01   0.500634e-01  -0.106009e-02
   0.108787e-01   0.496791e-01  -0.130854e-02
  -0.177578e-01  -0.545875e-01   0.855298e-03
   0.178751e-01  -0.547128e-01   0.883418e-03
  -0.227410e-03  -0.710796e-02   0.225966e-03
  -0.476051e-01  -0.142313e-01  -0.109806e-01
   0.976223e-02   0.557541e-02   0.190682e-03
  -0.184445e-02  -0.627113e-03   0.810641e-07
   0.190217e-02  -0.629371e-03   0.179589e-03
  -0.733485e-03   0.328558e-04   0.282323e-04
   0.776981e-03   0.359151e-04  -0.936735e-05
   0.549723e-05   0.162945e-02  -0.954055e-05
   0.379880e-01  -0.119478e-01   0.157929e-01
  -0.322404e-04   0.361946e-01  -0.228654e-02
  -0.951500e-02   0.478234e-01  -0.126213e-02
   0.948987e-02   0.473329e-01  -0.154764e-02
  -0.164740e-01  -0.523954e-01   0.960665e-03
   0.165318e-01  -0.525267e-01   0.100604e-02
  -0.216774e-03  -0.723607e-02   0.288728e-03
  -0.461452e-01  -0.136853e-01  -0.131861e-01
   0.825739e-02   0.578956e-02   0.305620e-04
  -0.210451e-02  -0.654642e-03   0.565490e-05
   0.216440e-02  -0.659220e-03   0.206616e-03
  -0.820882e-03   0.145993e-03   0.258404e-04
   0.871202e-03   0.146148e-03  -0.184016e-04
   0.593966e-05   0.167255e-02  -0.161570e-04
   0.381843e-01  -0.147522e-01   0.195899e-01
  -0.206569e-03   0.388992e-01  -0.304447e-02
  -0.806154e-02   0.456235e-01  -0.146938e-02
   0.808737e-02   0.450262e-01  -0.177461e-02
  -0.151845e-01  -0.502522e-01   0.107121e-02
   0.151860e-01  -0.503827e-01   0.113783e-02
  -0.201685e-03  -0.733702e-02   0.349211e-03
  -0.440125e-01  -0.134428e-01  -0.156860e-01
   0.608311e-02   0.574676e-02  -0.368208e-03
  -0.236626e-02  -0.671595e-03   0.120686e-04
   0.242904e-02  -0.679716e-03   0.221078e-03
  -0.908405e-03   0.257313e-03   0.194378e-04
   0.965045e-03   0.253761e-03  -0.313692e-04
   0.662773e-05   0.171127e-02  -0.266870e-04
   0.383526e-01  -0.164362e-01   0.238559e-01
  -0.387560e-03   0.410937e-01  -0.385456e-02
  -0.645932e-02   0.434230e-01  -0.167660e-02
   0.651904e-02   0.427163e-01  -0.197769e-02
  -0.138772e-01  -0.482057e-01   0.119730e-02
   0.138251e-01  -0.483236e-01   0.128879e-02
  -0.179635e-03  -0.746304e-02   0.403913e-03
  -0.411120e-01  -0.134121e-01  -0.184228e-01
   0.318262e-02   0.552345e-02  -0.963598e-03
  -0.262739e-02  -0.682143e-03   0.135151e-04
   0.269372e-02  -0.695483e-03   0.217171e-03
  -0.991810e-03   0.361720e-03   0.870285e-05
   0.105477e-02   0.353098e-03  -0.484304e-04
   0.705232e-05   0.174713e-02  -0.416182e-04
   0.384230e-01  -0.171087e-01   0.284015e-01
  -0.568015e-03   0.428588e-01  -0.467796e-02
  -0.461735e-02   0.411945e-01  -0.187741e-02
   0.469530e-02   0.403719e-01  -0.214862e-02
  -0.125509e-01  -0.462713e-01   0.134331e-02
   0.124455e-01  -0.463609e-01   0.146322e-02
  -0.149370e-03  -0.762913e-02   0.453542e-03
  -0.373640e-01  -0.135149e-01  -0.213095e-01
  -0.460786e-03   0.517829e-02  -0.170619e-02
  -0.288975e-02  -0.688007e-03   0.298334e-05
   0.295972e-02  -0.708497e-03   0.191355e-03
  -0.107133e-02   0.456904e-03  -0.564043e-05
   0.114027e-02   0.442426e-03  -0.691144e-04
   0.774765e-05   0.177857e-02  -0.614641e-04
