    6,1        1,4        1,4        1,4    
    6,1        1,14       1,4        1,4    
    6,1        1,14       1,14       1,4    
    6,1        2,2        2,2        1,4    
    6,1        3,13       3,13       1,4    
    6,1        6,1        6,1        1,4    
    7,7        7,7        6,1        1,4    
    6,1        2,2        2,2        1,14   
    7,7        3,13       2,2        1,14   
    6,1        3,13       3,13       1,14   
    7,7        7,7        6,1        1,14   
    6,1        1,4        1,4    
    6,1        1,14       1,4    
    6,1        2,2        2,2    
    6,1        3,13       3,13   
    7,7        7,7        6,1    
    6,1        1,4    
