    1.98974374593011    1.97863231335056    2.02012294699332
    1.07320508814951    1.51494769489642    1.51313573578368
    1.36719340192783    1.44450412439460    2.11034701856343
    2.96979078994643    2.95609260156550    3.00052697867731
    2.95547572499265   -0.00204866402381   -0.00159683995341
    0.00018110074500   -0.00451525691950   -0.00304913090028
   -0.02111864559908    0.17039303610181    0.00000012369784
   -0.00000003961701   -0.00000014543446    0.00000012745192
   -0.00000061258285   -0.00000003480191    0.00000031655986
    0.00000009319245   -0.00000045787827    0.00000042887984
   -0.00000008004251    0.00000026261775    0.00000001410394
   -0.18737436663710
