 N      7.    0.00000000   -0.00000000   -4.44676730   14.00307401
 C      6.    0.00000000    0.00000000   -1.83117332   12.00000000
 C      6.    0.00000000   -2.31194293   -0.46129739   12.00000000
 C      6.    0.00000000    2.31194293   -0.46129739   12.00000000
 C      6.    0.00000000   -2.29380826    2.22859426   12.00000000
 C      6.    0.00000000    2.29380826    2.22859426   12.00000000
 C      6.    0.00000000   -0.00000000    3.57973064   12.00000000
 H      1.    0.00000000   -1.63847176   -5.41420920    1.00782504
 H      1.    0.00000000    1.63847176   -5.41420920    1.00782504
 H      1.    0.00000000   -4.07637487   -1.45748767    1.00782504
 H      1.    0.00000000    4.07637487   -1.45748767    1.00782504
 H      1.    0.00000000   -4.06177294    3.21801188    1.00782504
 H      1.    0.00000000    4.06177294    3.21801188    1.00782504
 H      1.    0.00000000    0.00000000    5.60405471    1.00782504
