    1,21                                    # 4th-order Morse
    9.856157174854836e-01
    1,21       1,21   
    2.729490990467438e-01
    2,5        2,5    
    3.425357525997755e-01
    1,21       1,21       1,21   
   -5.296001085306711e-01
    2,5        2,5        1,21   
   -3.058040116852496e-01
    1,21       1,21       1,21       1,21   
   -7.700287912772701e-02
    2,5        2,5        1,21       1,21   
   -2.659261081252724e-01
    2,5        2,5        2,5        2,5    
    1.167618150175425e-01
    1,22                                    # 1st-scaling bias
   -2.011826809930438e-01
    1,22       1,22   
   -2.750398533928807e-01
    2,6        2,6    
    9.378387758734081e-01
    1,22       1,1                          # 1st-scaling bias replacing an irred-1 HN coord
    5.205193508354365e-02
    1,22       1,2    
   -6.923755214038474e-03
    1,22       1,3    
   -2.785669296084516e-01
    1,22       1,4    
    1.069763395519129e-01
    1,22       1,5    
    1.049095682444053e-01
    1,22       1,6    
    1.006430068159788e-01
    1,22       1,7    
    1.542824071982909e-01
    1,22       1,8    
   -3.234935282068591e-02
    1,22       1,9    
    3.501288692348189e-03
    1,22       1,10   
   -1.723070654396508e-02
    1,22       1,11   
   -6.369807690789063e-03
    1,22       1,12   
    5.821192269510503e-03
    1,22       1,13   
    8.948357823277964e-03
    1,22       1,14   
    5.340147724594474e-02
    2,6        2,1                          # 1st-scaling bias replacing an irred-2 HN coord
    5.664056694713553e-01
    2,6        2,2    
   -1.828829658056266e-01
    2,6        5,1        3,1    
   -3.557017917389636e-02
    2,6        5,1        3,2    
    2.639610801602136e-02
    2,6        5,1        3,3    
   -9.740851162437890e-02
    2,6        5,1        3,4    
   -7.052112865926157e-03
    2,6        5,1        3,5    
    1.752907013320309e-02
    2,6        5,1        3,6    
   -2.207269795529299e-03
    2,6        5,1        3,7    
   -1.752655782903530e-03
    2,6        5,1        3,8    
   -3.452140610318252e-03
    2,6        5,1        3,9    
   -7.451649272704211e-03
    2,6        5,1        3,10   
    3.069524100472645e-02
    1,23                                    # 1st-scaling redundancy bias
   -1.921340813478931e-01
    1,23       1,23   
    3.526727825434069e-02
    1,23       1,1                          # 1st-scaling redundancy bias replacing an irred-1 HN coord
   -7.591299172026675e-02
    1,23       1,2    
   -4.519961163737122e-03
    1,23       1,3    
    7.677086477689470e-02
    1,23       1,4    
   -1.532222783024723e-01
    1,23       1,5    
   -1.650041218783603e-02
    1,23       1,6    
   -2.402577622922502e-02
    1,23       1,7    
   -1.313303636750739e-01
    1,23       1,8    
    1.459107354608693e-02
    1,23       1,9    
   -5.266242742152354e-03
    1,23       1,10   
    7.016481137099637e-04
    1,23       1,11   
   -2.396300291370200e-02
    1,23       1,12   
   -4.909674293888095e-03
    1,23       1,13   
   -8.083496274988880e-03
    1,23       1,14   
   -7.829412938693717e-02
    1,24                                    # 2nd-scaling bias
   -1.757618158538600e-01
    1,24       1,24   
    1.318601253852959e-01
    2,7        2,7    
   -8.051980210593410e-02
    1,18                                    # 2nd-scaling harmonic with-HN
   -2.781860904340955e-01
    1,19   
    2.208324533774463e-01
    1,18       1,1    
    4.230415213797769e-03
    1,18       1,2    
   -1.058851984820431e-02
    1,18       1,18   
    2.210199827189457e-01
    1,18       1,19   
    1.448208931515708e-01
    1,18       1,5    
    9.962007167506427e-02
    1,18       1,6    
    8.622450417585285e-02
    1,18       1,7    
    5.687903139444310e-02
    1,18       1,8    
   -2.155898477437482e-02
    1,18       1,9    
   -4.857455491285382e-04
    1,18       1,10   
   -1.706654517914535e-02
    1,18       1,11   
   -2.473753275918435e-02
    1,18       1,12   
    2.729268259365987e-03
    1,18       1,13   
    2.614209746492671e-03
    1,19       1,1    
    1.534248200905804e-01
    1,19       1,2    
    1.604269740937975e-03
    1,19       1,19   
    4.864539932273602e-02
    1,19       1,5    
   -3.203268207404702e-02
    1,19       1,6    
    6.281323549438370e-02
    1,19       1,7    
    6.080507509959696e-02
    1,19       1,8    
    3.876751218455433e-02
    1,19       1,9    
    2.687549835637802e-02
    1,19       1,10   
   -6.495187135873221e-03
    1,19       1,11   
   -3.172643837320661e-02
    1,19       1,12   
    1.494633860097735e-02
    1,19       1,13   
    6.526503470174330e-03
    2,3        2,3    
   -2.546503713760373e-01
    2,4        2,3    
   -9.452225091186101e-02
    2,4        2,4    
   -8.067206542617691e-02
    3,14       3,1    
   -6.680965477907632e-03
    3,14       3,2    
   -4.818992846637052e-03
    3,14       3,3    
    4.900982444506508e-02
    3,14       3,4    
    1.816025458755603e-04
    3,14       3,5    
   -2.863978717241349e-02
    3,14       3,6    
   -4.091250542223895e-03
    3,14       3,7    
    2.475925370585853e-03
    3,14       3,8    
   -4.355298809810129e-03
    3,14       3,9    
   -2.656835517447456e-03
    3,14       3,10   
   -1.127128532678473e-01
    3,14       3,14   
    2.392853466354701e-01
    7,8        7,1    
    2.021851592361541e-03
    7,8        7,2    
   -8.289486861098298e-04
    7,8        7,3    
   -1.106353029900510e-03
    7,8        7,4    
    3.475707039860221e-04
    7,8        7,5    
   -4.571095192582939e-04
    7,8        7,6    
    5.959639005065341e-03
    7,8        7,8    
    4.852638499215171e-02
    5,2        2,3        3,1               # 2nd-scaling C2v-planar B2 x B2 <- G8 irred-5 x irred-2 x irred-3
   -1.239328650742274e-02
    5,2        2,3        3,2    
   -4.716866221132787e-03
    5,2        2,3        3,3    
   -5.850831636946711e-02
    5,2        2,3        3,4    
   -8.728485433150204e-03
    5,2        2,3        3,5    
   -7.276172130132149e-03
    5,2        2,3        3,6    
   -1.146258661469601e-03
    5,2        2,3        3,7    
   -2.100130839187458e-03
    5,2        2,3        3,8    
   -6.971612444380842e-03
    5,2        2,3        3,9    
   -1.519908440060892e-02
    5,2        2,3        3,10   
   -6.363178422655719e-02
    5,2        2,4        3,1    
   -6.179528112979903e-02
    5,2        2,4        3,2    
    4.760562008470833e-02
    5,2        2,4        3,3    
   -3.927069059294042e-02
    5,2        2,4        3,4    
   -3.031427247663832e-02
    5,2        2,4        3,5    
   -5.088104569559676e-02
    5,2        2,4        3,6    
    1.085286649951997e-01
    5,2        2,4        3,7    
   -1.478765498672786e-02
    5,2        2,4        3,8    
    5.740492171332674e-02
    5,2        2,4        3,9    
   -8.629356577103897e-02
    5,2        2,4        3,10   
    1.168189863273855e-01
    5,2        8,2        4,1               # 2nd-scaling C2v-planar / C2v-perpendicular A2 x A2 <- G8 irred-4 x irred-5 x irred-8
    1.840472554716249e-02
    5,2        8,2        4,2    
   -6.092598789261366e-02
    5,2        8,2        4,3    
    7.289923029199989e-02
    8,2        8,2                          # 2nd-scaling NH2 rotation
   -3.163542631844713e-02
    1,24       1,1                          # 2nd-scaling bias replacing an irred-1 HN coord
    2.773663186162267e-02
    1,24       1,2    
   -3.382748913383525e-03
    1,24       1,18   
    4.258929789299272e-01
    1,24       1,19   
   -1.536443647981056e-01
    1,24       1,5    
    5.919686647003112e-02
    1,24       1,6    
    1.608513637626902e-02
    1,24       1,7    
   -2.985846071418520e-02
    1,24       1,8    
    9.617810209220350e-04
    1,24       1,9    
   -3.630745212436475e-03
    1,24       1,10   
   -7.262052075268881e-04
    1,24       1,11   
   -6.945956795027183e-03
    1,24       1,12   
   -1.186014488665915e-03
    1,24       1,13   
   -2.251168005205468e-03
    2,7        2,3                          # 2nd-scaling bias replacing an irred-2 HN coord
    4.612596253860518e-01
    2,7        2,4    
   -8.581136394982629e-02
    2,7        5,2        3,1    
    2.103307875431190e-03
    2,7        5,2        3,2    
    1.598512892450909e-02
    2,7        5,2        3,3    
   -1.924091321852131e-02
    2,7        5,2        3,4    
    2.356102232354300e-03
    2,7        5,2        3,5    
    2.373576404682176e-02
    2,7        5,2        3,6    
    6.019487715996211e-03
    2,7        5,2        3,7    
   -3.957945978038624e-03
    2,7        5,2        3,8    
    8.259588084401609e-03
    2,7        5,2        3,9    
    1.811947119852870e-03
    2,7        5,2        3,10   
    9.702193340938359e-02
bias
    3.125643847542115e-01
