    6.120049806671737E-11   -8.537089126934671E-12   -6.121398510750659E-03
   -2.658119849850439E-11   -1.678549846550419E-10    1.083684376453084E-02
    1.136749845891312E-11    3.012649887705121E-11    1.351432640975494E-03
    1.000090036100399E-10    2.091070265561741E-10   -1.627439284083178E-03
   -1.584219743844778E-11    3.841320154606172E-11    1.822588586405461E-04
    7.688398587647471E-11   -2.016920098959003E-10   -6.286414856252875E-03
   -9.933380781923040E-11    1.051649733900948E-10   -2.231650922966111E-03
   -3.731189834336879E-11   -3.675750178411309E-11    1.286812321336571E-03
   -7.197789630353481E-11    3.428070215197974E-11   -3.916893015790717E-04
   -1.295449738989261E-11   -1.010450004583435E-11   -3.070666230441721E-03
    1.625549930101589E-11    4.587439736668931E-12    1.044785492159525E-03
    1.326549764662837E-14    5.977599915510246E-12    1.415400675917921E-03
   -8.423377406709897E-13    2.804330275869134E-12    3.558084509558627E-03
   -8.861362241424979E-13   -5.514799704590405E-12    1.779537796436800E-04
