-286.0504227082    
-286.0507608012    
-286.0497455844    
-286.0497987314    
-286.0508412476    
-286.0508447961    
-286.0497049029    
-286.0503445458    
-286.0503634535    
-286.0503257873    
-286.0503822158    
-286.0502642767    
-286.0504412593    
-286.0492261842    
-286.0513967891    
-286.0504988580    
-286.0497134940    
-286.0503148805    
-286.0498895507    
-286.0504127211    
-286.0504050657    
-286.0504426591    
-286.0503749248    
-286.0503272413    
-286.0503727622    
-286.0503714407    
-286.0502947616    
-286.0503158120    
-286.0504087827    
-286.0503530029    
-286.0503556284    
-286.0503454233    
-286.0503612252    
-286.0504255066    
-286.0503445480    
-286.0504172994    
-286.0504147700    
-286.0504194592    
-286.0503993035    
-286.0504222265    
-286.0503969619    
-286.0502309849    
-286.0505893922    
-286.0523775516    
-286.0484602835    
-286.0507325302    
-286.0499596945    
-286.0504110831    
-286.0504157637    
-286.0501999516    
-286.0506238214    
-286.0504154900    
-286.0504020594    
-286.0503983219    
-286.0504044327    
-286.0504120116    
-286.0503967193    
-286.0504019783    
-286.0503984429    
-286.0504041691    
-286.0504243290    
-286.0504239067    
