    3,1        1,3                # harmonic with-HN
   -8.411203264418833e-01
    3,2        1,3    
    8.779274104840809e-01
    3,3        1,3    
   -9.273505215734491e-01
    3,4        1,3    
   -1.887015359948438e-01
    3,5        1,3    
   -1.231063650061410e-01
    3,6        1,3    
    2.138267994704476e-01
    3,7        1,3    
    4.666310534176327e-02
    3,8        1,3    
   -3.137884102554907e-02
    3,9        1,3    
   -1.338426056559821e-01
    3,10       1,3    
    1.145085795759145e+00
    3,1        1,14   
   -1.150563227088389e-01
    3,2        1,14   
    2.055972513736353e-02
    3,3        1,14   
   -2.902515151048862e-01
    3,4        1,14   
    4.476500208106632e-03
    3,5        1,14   
   -7.472876499115609e-02
    3,6        1,14   
    1.835214817934355e-02
    3,7        1,14   
    2.947799509112093e-02
    3,8        1,14   
   -1.968816935682107e-02
    3,9        1,14   
   -2.945113979200750e-02
    3,10       1,14   
    2.255445833877044e-01
    5,1        2,1    
    8.334342169164078e-01
    5,1        2,2    
    1.000469302009058e-01
    8,1        6,1    
   -5.389718375301432e-01
    5,1        2,1        1,1    # C2v-planar B2 x A1 <- G8 irred-5 x irred-2 x irred-1
   -6.776780526678734e-02
    5,1        2,1        1,2    
   -2.257644039625849e-01
    5,1        2,1        1,3    
   -4.327562187893287e-01
    5,1        2,1        1,5    
   -7.499791999374522e-01
    5,1        2,1        1,6    
   -9.917883512270763e-01
    5,1        2,1        1,7    
    6.350068189358724e-01
    5,1        2,1        1,8    
    1.805116250811978e-01
    5,1        2,1        1,9    
   -1.324097039458952e-01
    5,1        2,1        1,10   
   -2.630935355140728e-01
    5,1        2,1        1,11   
   -2.963458619079948e-01
    5,1        2,1        1,12   
    6.176169061318909e-04
    5,1        2,1        1,13   
   -2.106763412803192e-02
    5,1        2,1        1,14   
   -1.103434703106249e-01
    5,1        2,2        1,1    
   -5.518226108600651e-01
    5,1        2,2        1,2    
   -1.730723987201384e-01
    5,1        2,2        1,3    
    2.242346133473901e-01
    5,1        2,2        1,5    
    7.584631664571610e-03
    5,1        2,2        1,6    
    4.731102997033305e-01
    5,1        2,2        1,7    
   -3.784152563729535e-01
    5,1        2,2        1,8    
   -2.047423556122760e-01
    5,1        2,2        1,9    
   -1.467646260597735e-01
    5,1        2,2        1,10   
   -1.324362144595455e-01
    5,1        2,2        1,11   
   -1.502409851338879e-01
    5,1        2,2        1,12   
   -9.756325101397700e-02
    5,1        2,2        1,13   
   -6.228014531979770e-02
    5,1        2,2        1,14   
   -1.862600216881886e-01
    5,1        6,1        4,1    # C2v-planar B1 x A2 <- G8 irred-5 x irred-6 x irred-4
   -6.674437527257977e-02
    5,1        6,1        4,2    
    4.073613397471354e-02
    5,1        6,1        4,3    
    1.286514793912830e-02
    5,1        8,1        7,1    # C2v-planar / C2v-perpendicular A2 x B1 <- G8 irred-5 x irred-8 x irred-7
    1.541013496721481e-02
    5,1        8,1        7,2    
    7.816466720198158e-02
    5,1        8,1        7,3    
    3.114578479050458e-02
    5,1        8,1        7,4    
   -5.505734043404956e-02
    5,1        8,1        7,5    
    9.681491527633078e-02
    5,1        8,1        7,6    
   -3.485211187640595e-01
    1,22       3,1               # 1st-scaling bias replacing an irred-1 HN coord
   -2.821704760769914e+00
    1,22       3,2    
   -5.717832369317690e-01
    1,22       3,3    
   -3.573338922614003e+00
    1,22       3,4    
   -9.119323598358346e-01
    1,22       3,5    
   -2.513112920195110e-02
    1,22       3,6    
   -1.587338876766844e-01
    1,22       3,7    
    3.614567599622954e-01
    1,22       3,8    
    4.033586920573195e-03
    1,22       3,9    
   -7.372237335238225e-01
    1,22       3,10   
    4.721332463487491e+00
    1,22       5,1        2,1    
   -3.434461418379416e-02
    1,22       5,1        2,2    
    4.026074607905186e-02
    2,6        5,1               # 1st-scaling bias replacing an irred-2 HN coord
   -2.208006604902258e+00
    2,6        5,1        1,1    
   -9.512771871180742e-01
    2,6        5,1        1,2    
    4.836414388763471e-01
    2,6        5,1        1,3    
   -6.930557942037142e-01
    2,6        5,1        1,5    
    3.782386818659604e+00
    2,6        5,1        1,6    
    3.750990304068431e+00
    2,6        5,1        1,7    
   -2.470072420332789e+00
    2,6        5,1        1,8    
   -1.060526052359834e+00
    2,6        5,1        1,9    
   -5.329840643435083e-02
    2,6        5,1        1,10   
    6.215169068880649e-01
    2,6        5,1        1,11   
    6.352523088942948e-01
    2,6        5,1        1,12   
   -1.721249851333579e-01
    2,6        5,1        1,13   
   -4.198605760610116e-01
    2,6        5,1        1,14   
   -3.199864832735502e-01
    1,23       3,1               # 1st-scaling redundancy bias replacing an irred-1 HN coord
    3.350751402397587e+00
    1,23       3,2    
   -1.979124771978033e+00
    1,23       3,3    
    3.364796939330213e+00
    1,23       3,4    
    8.700496779424444e-01
    1,23       3,5    
    1.423763233042651e-01
    1,23       3,6    
   -2.396097320667760e-01
    1,23       3,7    
   -1.668610489465420e-01
    1,23       3,8    
   -1.252831997356554e-01
    1,23       3,9    
    6.203515311335358e-01
    1,23       3,10   
   -4.351092527938300e+00
    1,23       5,1        2,1    
   -5.644311937332274e-01
    1,23       5,1        2,2    
   -1.852698992398648e-01
    3,1        1,18               # 2nd-scaling harmonic with-HN
   -2.004302981382970e-01
    3,2        1,18   
   -2.279067987264029e+00
    3,3        1,18   
   -9.075129382437791e-01
    3,4        1,18   
   -2.287068377172369e-01
    3,5        1,18   
    9.948079711200573e-02
    3,6        1,18   
   -3.904425202203325e-01
    3,7        1,18   
    2.327761860829284e-01
    3,8        1,18   
   -8.264349882803032e-02
    3,9        1,18   
   -2.498454413972481e-01
    3,10       1,18   
    1.321641276821112e+00
    3,1        1,19   
   -5.105095465286075e-01
    3,2        1,19   
   -7.640233883976357e+00
    3,3        1,19   
    6.251516864142023e-01
    3,4        1,19   
    3.860545888020962e-02
    3,5        1,19   
    1.334383313677265e-01
    3,6        1,19   
   -1.895621796269462e+00
    3,7        1,19   
    3.839279351464373e-01
    3,8        1,19   
   -5.757810007634248e-02
    3,9        1,19   
    1.812329457126816e-02
    3,10       1,19   
    1.181677305829966e+00
    5,2        2,3    
    1.112186285261796e-01
    5,2        2,4    
   -2.169745156991064e+00
    7,8        4,1    
   -7.055902798865422e-01
    7,8        4,2    
    6.116554464291121e-01
    7,8        4,3    
   -3.202541119353423e-02
    5,2        2,3        1,1    # 2nd-scaling C2v-planar B2 x A1 <- G8 irred-5 x irred-2 x irred-1
    1.638041944835652e+00
    5,2        2,3        1,2    
    9.589954775575219e-01
    5,2        2,3        1,18   
   -3.654143260012944e-01
    5,2        2,3        1,19   
    2.615824535530334e+00
    5,2        2,3        1,5    
   -1.999919234030969e+00
    5,2        2,3        1,6    
   -1.925348494404248e+00
    5,2        2,3        1,7    
    1.624439674202280e+00
    5,2        2,3        1,8    
    2.054131511462338e+00
    5,2        2,3        1,9    
    5.316119318957474e-01
    5,2        2,3        1,10   
    4.240521044662758e-01
    5,2        2,3        1,11   
    6.539310470800737e-01
    5,2        2,3        1,12   
    4.333652261505149e-01
    5,2        2,3        1,13   
    3.509151832704815e-01
    5,2        2,4        1,1    
    1.502514359246136e+01
    5,2        2,4        1,2    
    6.538319260136520e+00
    5,2        2,4        1,18   
   -2.153668168220504e-01
    5,2        2,4        1,19   
    7.065107489992075e+00
    5,2        2,4        1,5    
    1.331848281096595e+01
    5,2        2,4        1,6    
   -9.091356102686195e+00
    5,2        2,4        1,7    
    2.202714369809329e+01
    5,2        2,4        1,8    
    7.788874795123377e+00
    5,2        2,4        1,9    
    8.697447461047207e-01
    5,2        2,4        1,10   
    4.748556421380803e+00
    5,2        2,4        1,11   
    5.469506805948009e+00
    5,2        2,4        1,12   
    3.111410533264765e+00
    5,2        2,4        1,13   
    2.671265373745600e-01
    5,2        8,2        7,1    # 2nd-scaling C2v-planar / C2v-perpendicular A2 x B1 <- G8 irred-5 x irred-8 x irred-7
   -3.552486481159436e+00
    5,2        8,2        7,2    
   -8.976014991518424e-01
    5,2        8,2        7,3    
   -3.738131704811704e-01
    5,2        8,2        7,4    
    1.269380069595969e+00
    5,2        8,2        7,5    
   -5.436652579453660e+00
    5,2        8,2        7,6    
    7.726666899831855e+00
    5,2        8,2        7,8    
    1.225993805273589e+01
    1,24       3,1                # 2nd-scaling bias replacing an irred-1 HN coord
    1.746118905905129e+00
    1,24       3,2    
   -1.681358219947681e+00
    1,24       3,3    
    1.883887122090729e+00
    1,24       3,4    
    4.459567568135053e-01
    1,24       3,5    
    1.549342262368399e-01
    1,24       3,6    
   -3.265275221619406e-01
    1,24       3,7    
   -8.528675866954173e-02
    1,24       3,8    
   -7.184187119458362e-04
    1,24       3,9    
    3.276110238541181e-01
    1,24       3,10   
   -2.275945169839824e+00
    1,24       5,2        2,3    
   -4.544579487850041e-01
    1,24       5,2        2,4    
    7.425108560623443e-02
    2,7        5,2               # 2nd-scaling bias replacing an irred-2 HN coord
   -1.915344094145573e+00
    2,7        5,2        1,1    
   -2.316667620761254e+00
    2,7        5,2        1,2    
   -9.475733255476195e-01
    2,7        5,2        1,18   
   -1.225476341854065e+00
    2,7        5,2        1,19   
   -1.036572043846149e+00
    2,7        5,2        1,5    
    4.701619977841265e+00
    2,7        5,2        1,6    
    2.618207371951738e+00
    2,7        5,2        1,7    
   -1.092874120576802e+00
    2,7        5,2        1,8    
   -2.166641039683449e+00
    2,7        5,2        1,9    
   -1.216905524987097e+00
    2,7        5,2        1,10   
   -7.723049833179811e-01
    2,7        5,2        1,11   
   -1.118050710454216e+00
    2,7        5,2        1,12   
   -5.066462248674590e-01
    2,7        5,2        1,13   
   -8.944737635360723e-01
    8,1        2,1        4,1               # C2v-perpendicular B1 x A2 <- G8 irred-8 x irred-2 x irred-4
   -3.709308109644071e-01
    8,1        2,1        4,2    
   -5.352349970342462e-01
    8,1        2,1        4,3    
    1.032127385439369e+00
    8,1        2,2        4,1    
   -3.184721540055163e+00
    8,1        2,2        4,2    
    5.522191296202340e-01
    8,1        2,2        4,3    
    6.211941338511457e+00
    8,1        6,1        1,1               # C2v-perpendicular B2 x A1 <- G8 irred-8 x irred-6 x irred-1
    5.041229500997653e-02
    8,1        6,1        1,2    
   -1.241166270657848e-01
    8,1        6,1        1,3    
    4.747059105476700e-02
    8,1        6,1        1,5    
   -1.142668920970039e-01
    8,1        6,1        1,6    
   -1.604436198266127e-01
    8,1        6,1        1,7    
    3.209129634560411e-01
    8,1        6,1        1,8    
    3.163567613022433e-02
    8,1        6,1        1,9    
   -7.671390391617670e-02
    8,1        6,1        1,10   
   -1.350771958888186e-01
    8,1        6,1        1,11   
   -1.868196206783933e-01
    8,1        6,1        1,12   
   -1.051931887232620e-02
    8,1        6,1        1,13   
   -1.931405039487645e-02
    8,1        6,1        1,14   
   -1.289806420785966e-01
    3,13                                     # HN spherical coordinate angles
    3.801584137498300e+00
    3,13       1,4    
   -1.310206520391645e-01
    1,22       8,1        6,1    # 1st-scaling bias replacing an irred-1 HN coord    
    3.307961011358674e-01
    1,22       3,13   
   -2.514112190409762e+00
    2,6        8,1        4,1    # 1st-scaling bias replacing an irred-2 HN coord
   -1.701546433992984e+00
    2,6        8,1        4,2    
    3.139790937161584e+00
    2,6        8,1        4,3    
   -1.983061810999967e+00
    3,14                         # 2nd-scaling harmonic with-HN
    3.667319928032393e-01
    3,14       1,1    
    1.071621859420840e+00
    3,14       1,2    
    1.079454629494708e+00
    3,14       1,18   
    8.250550351377434e-01
    3,14       1,19   
    1.321212344339239e+00
    3,14       1,5    
    6.312908864199295e-01
    3,14       1,6    
    2.080942332853013e+00
    3,14       1,7    
   -1.491627347469204e+00
    3,14       1,8    
    2.325229448311919e-01
    3,14       1,9    
    8.736018216953514e-01
    3,14       1,10   
    1.233978338725892e+00
    3,14       1,11   
    1.473464719360138e+00
    3,14       1,12   
    1.955671358878648e-01
    3,14       1,13   
    3.518790236579943e-01
    8,2        2,3        4,1    # 2nd-scaling C2v-perpendicular B1 x A2 <- G8 irred-8 x irred-2 x irred-4
   -6.358452110929366e-01
    8,2        2,3        4,2    
    8.070865434450994e-01
    8,2        2,3        4,3    
   -5.975267788416395e-01
    8,2        2,4        4,1    
    2.306520832899474e-01
    8,2        2,4        4,2    
   -2.177737920895757e+00
    8,2        2,4        4,3    
    7.350419072685198e-01
    1,24       3,14              # 2nd-scaling bias replacing an irred-1 HN coord    
   -2.832361535826625e-01
    2,7        8,2        4,1    # 2nd-scaling bias replacing an irred-2 HN coord
    2.267218142339573e-01
    2,7        8,2        4,2    
    1.742744377069862e-01
    2,7        8,2        4,3    
    3.180827186493212e-01
