    8,1        2,1        7,1               # C2v-perpendicular B1 x B1 <- G8 irred-8 x irred-2 x irred-7
   -6.029610276420904e-03
    8,1        2,1        7,2    
    2.636174617326871e-03
    8,1        2,1        7,3    
    4.737393371138365e-03
    8,1        2,1        7,4    
   -1.298423587699177e-02
    8,1        2,1        7,5    
    2.762512172144312e-02
    8,1        2,1        7,6    
   -1.058033646406814e-01
    8,1        2,2        7,1    
    7.389144167736774e-04
    8,1        2,2        7,2    
    1.493669203036491e-03
    8,1        2,2        7,3    
   -4.272873144581844e-04
    8,1        2,2        7,4    
    1.399130706824011e-03
    8,1        2,2        7,5    
    5.181108117247436e-03
    8,1        2,2        7,6    
    1.902082240051793e-03
    8,1        6,1        3,1               # C2v-perpendicular B2 x B2 <- G8 irred-8 x irred-6 x irred-3
    1.122465402198376e-02
    8,1        6,1        3,2    
    1.631846807411902e-02
    8,1        6,1        3,3    
    4.821371742973510e-02
    8,1        6,1        3,4    
   -3.137119656992727e-03
    8,1        6,1        3,5    
    6.090677117425687e-03
    8,1        6,1        3,6    
    2.793806121084190e-03
    8,1        6,1        3,7    
   -1.287680684503910e-03
    8,1        6,1        3,8    
    5.058952752327050e-03
    8,1        6,1        3,9    
    6.824858205545122e-03
    8,1        6,1        3,10   
   -4.474295358487826e-03
    1,4                                     # HN spherical coordinate angles
   -1.103363227647845e-01
    1,4        1,4                          # 8,1 x 8,1 has been trained in 1_C2v
    1.104361652217911e-01
    3,13       3,13   
    1.468663432807056e-01
    5,1        5,1    
    1.639673092119218e-01
    7,7        7,7    
    1.277431336579238e-01
    1,4        1,4        1,4    
   -2.483982274724360e-03
    2,2        2,2        1,4    
    2.284547517575879e-02
    3,13       3,13       1,4    
   -1.844807415143519e-02
    5,1        5,1        1,4    
   -3.594971377544773e-02
    7,7        7,7        1,4    
    2.525345940620809e-03
    8,1        8,1        1,4    
   -2.196083212552083e-01
    5,1        3,13       2,2    
    1.010777636893041e-01
    8,1        7,7        2,2    
    1.259217818669758e-01
    1,4        1,4        1,4        1,4    
    3.341420324866846e-03
    2,2        2,2        1,4        1,4    
    2.191870022449745e-01
    3,13       3,13       1,4        1,4    
   -1.716242125424794e-02
    5,1        5,1        1,4        1,4    
    6.878238356520344e-02
    7,7        7,7        1,4        1,4    
   -2.000422702665685e-02
    8,1        8,1        1,4        1,4    
    2.037422322862766e-01
    5,1        3,13       2,2        1,4    
   -2.234020199637921e-02
    8,1        7,7        2,2        1,4    
   -1.798835242144916e-01
    2,2        2,2        2,2        2,2    
    5.436982930977521e-02
    3,13       3,13       2,2        2,2    
    1.002013415854646e-01
    5,1        5,1        2,2        2,2    
    2.477176949365819e-02
    7,7        7,7        2,2        2,2    
    2.707209339653192e-02
    8,1        8,1        2,2        2,2    
    9.577196213165862e-02
    3,13       3,13       3,13       3,13   
   -1.829287708574250e-02
    5,1        5,1        3,13       3,13   
    1.210187162452601e-02
    7,7        7,7        3,13       3,13   
   -1.296906102211292e-02
    8,1        8,1        3,13       3,13   
    1.214844093523610e-01
    8,1        7,7        5,1        3,13   
    8.529082952021047e-02
    5,1        5,1        5,1        5,1    
   -1.669156542836154e-02
    7,7        7,7        5,1        5,1    
    8.444260772921300e-03
    8,1        8,1        5,1        5,1    
    8.673732178691028e-02
    7,7        7,7        7,7        7,7    
   -1.828808428107136e-03
    8,1        8,1        7,7        7,7    
    1.880924327243982e-01
    8,1        8,1        8,1        8,1    
    1.033901832601579e-01
    6,1        6,1        1,1               # C out of NH2 x 1st-order terms
    7.193092907520539e-03
    6,1        6,1        1,2    
   -6.803439920679940e-04
    6,1        6,1        1,3    
    2.130501050525405e-02
    6,1        6,1        1,5    
   -1.022374478952482e-02
    6,1        6,1        1,6    
    1.287820460528869e-02
    6,1        6,1        1,7    
    1.583163697754548e-02
    6,1        6,1        1,8    
    4.995443715586551e-03
    6,1        6,1        1,9    
    7.957914728665258e-04
    6,1        6,1        1,10   
   -3.261415648204337e-03
    6,1        6,1        1,11   
   -2.039582120118785e-03
    6,1        6,1        1,12   
   -3.562875822277688e-03
    6,1        6,1        1,13   
    2.629274979077606e-03
    6,1        6,1        1,14   
   -4.942645028494885e-02
    1,4        1,1                          # 1st-order terms coupled with NH2 rotation
   -1.280659014895189e-01
    1,4        1,2    
   -4.927193269286042e-03
    1,4        1,3    
    2.284359660098424e-02
    1,4        1,5    
   -1.450782471450325e-03
    1,4        1,6    
    1.907891219035168e-01
    1,4        1,7    
    3.781788729211638e-02
    1,4        1,8    
    8.460123914707920e-03
    1,4        1,9    
   -1.225901707234303e-04
    1,4        1,10   
    3.261871877615287e-03
    1,4        1,11   
    2.194602790406477e-04
    1,4        1,12   
    3.710730835093710e-03
    1,4        1,13   
   -1.269459621974708e-02
    1,4        1,14   
    7.287268152219801e-04
    3,13       3,1    
   -2.504471151654269e-02
    3,13       3,2    
   -1.965275403008520e-02
    3,13       3,3    
   -2.794952802684368e-02
    3,13       3,4    
   -1.423003178402853e-03
    3,13       3,5    
   -6.032604806152615e-03
    3,13       3,6    
   -3.635358489718855e-03
    3,13       3,7    
    1.643261513611815e-03
    3,13       3,8    
   -5.314668891594129e-03
    3,13       3,9    
   -4.440446581150072e-03
    3,13       3,10   
   -3.209152595170905e-02
    7,7        7,1    
    9.336573866223157e-04
    7,7        7,2    
   -9.562759643391462e-04
    7,7        7,3    
    5.242299269059801e-05
    7,7        7,4    
    3.171774443533560e-04
    7,7        7,5    
    1.543013301262504e-03
    7,7        7,6    
   -4.395104301344412e-03
    1,4        1,4        1,1    
   -1.611714812791721e-01
    1,4        1,4        1,2    
    8.550968490706776e-03
    1,4        1,4        1,3    
   -6.763795502815052e-02
    1,4        1,4        1,5    
    2.345782274783592e-02
    1,4        1,4        1,6    
   -1.490265349289041e-01
    1,4        1,4        1,7    
   -8.593519819685645e-02
    1,4        1,4        1,8    
   -1.992380339595490e-02
    1,4        1,4        1,9    
   -1.531682197611435e-02
    1,4        1,4        1,10   
    4.386246429297964e-03
    1,4        1,4        1,11   
    4.743079814198329e-03
    1,4        1,4        1,12   
    4.444326642268763e-03
    1,4        1,4        1,13   
    7.612947801363389e-03
    1,4        1,4        1,14    
   -2.977224036619109e-02
    2,2        2,2        1,1    
    2.170590016189535e-02
    2,2        2,2        1,2    
    8.773463450289964e-03
    2,2        2,2        1,3    
    1.083703505732027e-02
    2,2        2,2        1,5    
    7.687841414761664e-03
    2,2        2,2        1,6    
   -1.113825342419237e-01
    2,2        2,2        1,7    
   -6.517545409882361e-02
    2,2        2,2        1,8    
   -1.023216782052852e-02
    2,2        2,2        1,9    
   -8.183694287954837e-03
    2,2        2,2        1,10   
    3.996435176890573e-03
    2,2        2,2        1,11   
    1.807888617236025e-05
    2,2        2,2        1,12   
    2.569115126646186e-03
    2,2        2,2        1,13   
    8.384322123689003e-03
    2,2        2,2        1,14    
    3.125338851751049e-03
    3,13       3,13       1,1    
   -8.834108020132685e-02
    3,13       3,13       1,2    
    1.840673144091577e-03
    3,13       3,13       1,3    
   -5.804690410949029e-02
    3,13       3,13       1,5    
    4.237581041066804e-02
    3,13       3,13       1,6    
   -1.062617318864117e-01
    3,13       3,13       1,7    
    1.017355765101873e-02
    3,13       3,13       1,8    
   -2.430383086661806e-02
    3,13       3,13       1,9    
   -1.367676398563214e-03
    3,13       3,13       1,10   
    2.822293519895903e-03
    3,13       3,13       1,11   
    1.735144597536900e-04
    3,13       3,13       1,12   
    1.936573667679872e-03
    3,13       3,13       1,13   
    2.398556443087055e-04
    3,13       3,13       1,14    
   -2.102814460125087e-04
    5,1        5,1        1,1    
    5.772990854231104e-02
    5,1        5,1        1,2    
    2.759725142121746e-03
    5,1        5,1        1,3    
   -6.720707259063576e-03
    5,1        5,1        1,5    
    1.894458926220894e-02
    5,1        5,1        1,6    
   -1.185952178568085e-01
    5,1        5,1        1,7    
   -1.653858023042301e-02
    5,1        5,1        1,8    
   -1.914194878701362e-02
    5,1        5,1        1,9    
   -8.257554395497465e-04
    5,1        5,1        1,10   
    2.705492686140197e-03
    5,1        5,1        1,11   
    6.634336910247482e-03
    5,1        5,1        1,12   
   -1.123255362280228e-04
    5,1        5,1        1,13   
    1.510543767794925e-03
    5,1        5,1        1,14   
    1.427154478865926e-03
    7,7        7,7        1,1    
   -1.078542862030996e-01
    7,7        7,7        1,2    
    3.455368157232106e-03
    7,7        7,7        1,3    
   -5.773715876072732e-02
    7,7        7,7        1,5    
    3.288417097237298e-02
    7,7        7,7        1,6    
   -1.259123534532733e-01
    7,7        7,7        1,7    
    2.822229777685220e-02
    7,7        7,7        1,8    
   -2.301973761018631e-02
    7,7        7,7        1,9    
   -1.069573343149226e-02
    7,7        7,7        1,10   
    2.397337357341301e-03
    7,7        7,7        1,11   
    1.684235718698705e-04
    7,7        7,7        1,12   
    1.111759521988401e-03
    7,7        7,7        1,13   
    2.728740655953631e-03
    7,7        7,7        1,14   
   -3.855234825492337e-04
    8,1        8,1        1,1    
   -1.508262131072250e-02
    8,1        8,1        1,2    
    2.711082764677492e-03
    8,1        8,1        1,3    
   -4.152795335204453e-03
    8,1        8,1        1,5    
    2.053585494120812e-02
    8,1        8,1        1,6    
   -1.367616245057721e-01
    8,1        8,1        1,7    
    1.498874511297635e-02
    8,1        8,1        1,8    
   -1.958248666900369e-02
    8,1        8,1        1,9    
   -1.074192844467914e-02
    8,1        8,1        1,10   
    1.490823769977589e-03
    8,1        8,1        1,11   
    6.679283714446502e-03
    8,1        8,1        1,12   
   -2.328961969264574e-03
    8,1        8,1        1,13   
    5.984292351161413e-03
    8,1        8,1        1,14   
    8.394472501432375e-03
    1,14       1,14       1,14              # with-HN corresponding independency
   -1.500586630765193e-02
    1,14       1,14       1,14       1,14   
    2.742055195982751e-02
    6,1        6,1        1,14       1,14   
    9.802622704161476e-03
    6,1        6,1        6,1        6,1    
    4.695857712334328e-03
    1,14       1,14       1,4               # with-HN redundancy coupled with corresponding independency
   -3.984502516074193e-02
    6,1        6,1        1,4    
   -2.933343559226001e-02
    1,14       1,4        1,4        1,4    
    4.165544597378180e-02
    1,14       1,14       1,4        1,4    
    3.254201871368019e-02
    6,1        6,1        1,4        1,4    
    2.883566059424036e-02
    1,14       1,14       1,14       1,4    
   -1.140363363551449e-02
    2,2        2,2        1,14       1,4    
   -5.971560143470934e-02
    6,1        6,1        1,14       1,4    
    3.388080386513655e-02
bias
    2.581751498241737e-02
