transposed transformation matrix
    2.014531939812019e-01   -1.359371616552111e-01    2.237786759019240e-01   -1.799729278509167e-01
    2.318245901246555e-01   -1.698385628624395e-02    1.043844828702548e-01    5.144283541748029e-02
    1.652378482684482e-01    1.196975066713205e-01   -1.963292233961100e-01    1.108263795896795e-01
   -5.261291954920736e-02    3.907062317605108e-02    1.124734246256907e-01   -2.108748492718223e-01
    7.009098979079764e-02    1.618243812651786e-01    3.403635000282262e-02    3.864895252046488e-02
   -6.848575125311596e-02   -1.824017283396114e-01    6.597068042641510e-02    2.187104279324056e-02
    1.687017483892349e-02    3.950548825194058e-02    2.408168093381605e-01    2.446134855631857e-01
   -1.497744699937018e-01   -7.362978525642000e-02    2.461631064666132e-01   -1.895637079916700e-01
    3.417442426221132e-02   -9.221017822849750e-02   -1.680767556748194e-01   -1.546261841326516e-01
    1.056642203298251e-01   -9.086085225423268e-02   -1.201587025473149e-01    3.199281023507743e-03
    1.536500023258540e-01    5.331847475112021e-02   -1.140841444922421e-01    1.043012071264660e-01
   -4.684516974256639e-02   -1.410297625167584e-01   -2.144485849859461e-01    1.912302303763676e-01
    1.536352740322416e-01    1.187274087937623e-01    1.773295028148896e-01    1.793383155753809e-01
    1.776537289895488e-01   -2.512876942194524e-01   -1.334147208689232e-01   -2.437877266148618e-01
