    1,1                                     # harmonic no-HN
    10.2
    1,2    
    10.2
    1,5    
    10.2
    1,6    
    10.2
    1,7    
    10.2
    1,8    
    10.2
    1,9    
    10.2
    1,10   
    10.2
    1,11   
    10.2
    1,12   
    10.2
    1,13   
    10.2
    1,1        1,1    
    10.2
    1,2        1,1    
    10.2
    1,5        1,1    
    10.2
    1,6        1,1    
    10.2
    1,7        1,1    
    10.2
    1,8        1,1    
    10.2
    1,9        1,1    
    10.2
    1,10       1,1    
    10.2
    1,11       1,1    
    10.2
    1,12       1,1    
    10.2
    1,13       1,1    
    10.2
    1,2        1,2    
    10.2
    1,5        1,2    
    10.2
    1,6        1,2    
    10.2
    1,7        1,2    
    10.2
    1,8        1,2    
    10.2
    1,9        1,2    
    10.2
    1,10       1,2    
    10.2
    1,11       1,2    
    10.2
    1,12       1,2    
    10.2
    1,13       1,2    
    10.2
    1,5        1,5    
    10.2
    1,6        1,5    
    10.2
    1,7        1,5    
    10.2
    1,8        1,5    
    10.2
    1,9        1,5    
    10.2
    1,10       1,5    
    10.2
    1,11       1,5    
    10.2
    1,12       1,5    
    10.2
    1,13       1,5    
    10.2
    1,6        1,6    
    10.2
    1,7        1,6    
    10.2
    1,8        1,6    
    10.2
    1,9        1,6    
    10.2
    1,10       1,6    
    10.2
    1,11       1,6    
    10.2
    1,12       1,6    
    10.2
    1,13       1,6    
    10.2
    1,7        1,7    
    10.2
    1,8        1,7    
    10.2
    1,9        1,7    
    10.2
    1,10       1,7    
    10.2
    1,11       1,7    
    10.2
    1,12       1,7    
    10.2
    1,13       1,7    
    10.2
    1,8        1,8    
    10.2
    1,9        1,8    
    10.2
    1,10       1,8    
    10.2
    1,11       1,8    
    10.2
    1,12       1,8    
    10.2
    1,13       1,8    
    10.2
    1,9        1,9    
    10.2
    1,10       1,9    
    10.2
    1,11       1,9    
    10.2
    1,12       1,9    
    10.2
    1,13       1,9    
    10.2
    1,10       1,10   
    10.2
    1,11       1,10   
    10.2
    1,12       1,10   
    10.2
    1,13       1,10   
    10.2
    1,11       1,11   
    10.2
    1,12       1,11   
    10.2
    1,13       1,11   
    10.2
    1,12       1,12   
    10.2
    1,13       1,12   
    10.2
    1,13       1,13   
    10.2
    3,1        3,1    
    10.2
    3,2        3,1    
    10.2
    3,3        3,1    
    10.2
    3,4        3,1    
    10.2
    3,5        3,1    
    10.2
    3,6        3,1    
    10.2
    3,7        3,1    
    10.2
    3,8        3,1    
    10.2
    3,9        3,1    
    10.2
    3,10       3,1    
    10.2
    3,2        3,2    
    10.2
    3,3        3,2    
    10.2
    3,4        3,2    
    10.2
    3,5        3,2    
    10.2
    3,6        3,2    
    10.2
    3,7        3,2    
    10.2
    3,8        3,2    
    10.2
    3,9        3,2    
    10.2
    3,10       3,2    
    10.2
    3,3        3,3    
    10.2
    3,4        3,3    
    10.2
    3,5        3,3    
    10.2
    3,6        3,3    
    10.2
    3,7        3,3    
    10.2
    3,8        3,3    
    10.2
    3,9        3,3    
    10.2
    3,10       3,3    
    10.2
    3,4        3,4    
    10.2
    3,5        3,4    
    10.2
    3,6        3,4    
    10.2
    3,7        3,4    
    10.2
    3,8        3,4    
    10.2
    3,9        3,4    
    10.2
    3,10       3,4    
    10.2
    3,5        3,5    
    10.2
    3,6        3,5    
    10.2
    3,7        3,5    
    10.2
    3,8        3,5    
    10.2
    3,9        3,5    
    10.2
    3,10       3,5    
    10.2
    3,6        3,6    
    10.2
    3,7        3,6    
    10.2
    3,8        3,6    
    10.2
    3,9        3,6    
    10.2
    3,10       3,6    
    10.2
    3,7        3,7    
    10.2
    3,8        3,7    
    10.2
    3,9        3,7    
    10.2
    3,10       3,7    
    10.2
    3,8        3,8    
    10.2
    3,9        3,8    
    10.2
    3,10       3,8    
    10.2
    3,9        3,9    
    10.2
    3,10       3,9    
    10.2
    3,10       3,10   
    10.2
    4,1        4,1    
    10.2
    4,2        4,1    
    10.2
    4,3        4,1    
    10.2
    4,2        4,2    
    10.2
    4,3        4,2    
    10.2
    4,3        4,3    
    10.2
    7,1        7,1    
    10.2
    7,2        7,1    
    10.2
    7,3        7,1    
    10.2
    7,4        7,1    
    10.2
    7,5        7,1    
    10.2
    7,6        7,1    
    10.2
    7,2        7,2    
    10.2
    7,3        7,2    
    10.2
    7,4        7,2    
    10.2
    7,5        7,2    
    10.2
    7,6        7,2    
    10.2
    7,3        7,3    
    10.2
    7,4        7,3    
    10.2
    7,5        7,3    
    10.2
    7,6        7,3    
    10.2
    7,4        7,4    
    10.2
    7,5        7,4    
    10.2
    7,6        7,4    
    10.2
    7,5        7,5    
    10.2
    7,6        7,5    
    10.2
    7,6        7,6    
    10.2
    1,8        1,8        1,8               # 4th-order benzene angles
    10000.0
    1,8        1,8        1,8        1,8    
    10000.0
    1,9        1,9        1,9    
    10000.0
    1,9        1,9        1,9        1,9    
    10000.0
    3,4        3,4        3,4        3,4    
    10000.0
    4,1        4,1        4,1        4,1    
    10000.0
    7,1        7,1        7,1        7,1    
    10000.0
    7,2        7,2        7,2        7,2    
    10000.0
    7,6        7,6        7,6        7,6    # 4th-order N out of benzene
    10000.0
    1,15                                    # no-HN redundancy
    10000.0
    1,15       1,15   
    10000.0
    1,15       1,15       1,15   
    10000.0
    1,15       1,15       1,15       1,15   
    10000.0
    1,16   
    10000.0
    1,16       1,16   
    10000.0
    3,11       3,11   
    10000.0
    1,16       1,16       1,16   
    10000.0
    3,11       3,11       1,16   
    10000.0
    1,16       1,16       1,16       1,16   
    10000.0
    3,11       3,11       3,11       3,11   
    10000.0
    1,17   
    10000.0
    1,17       1,17   
    10000.0
    3,12       3,12   
    10000.0
    1,17       1,17       1,17   
    10000.0
    3,12       3,12       1,17   
    10000.0
    1,17       1,17       1,17       1,17   
    10000.0
    3,12       3,12       3,12       3,12   
    10000.0
    3,7        3,7        3,7        3,7    # no-HN corresponding independency
    10000.0
    7,3        7,3        7,3        7,3    
    10000.0
    1,12       1,12       1,12   
    10000.0
    3,8        3,8        1,12   
    10000.0
    4,2        4,2        1,12   
    10000.0
    7,4        7,4        1,12   
    10000.0
    1,12       1,12       1,12       1,12   
    10000.0
    4,2        4,2        1,12       1,12   
    10000.0
    7,4        7,4        1,12       1,12   
    10000.0
    3,8        3,8        3,8        3,8    
    10000.0
    4,2        4,2        4,2        4,2    
    10000.0
    7,4        7,4        7,4        7,4    
    10000.0
    1,13       1,13       1,13   
    10000.0
    3,9        3,9        1,13   
    10000.0
    4,3        4,3        1,13   
    10000.0
    7,5        7,5        1,13   
    10000.0
    1,13       1,13       1,13       1,13   
    10000.0
    4,3        4,3        1,13       1,13   
    10000.0
    7,5        7,5        1,13       1,13   
    10000.0
    3,9        3,9        3,9        3,9    
    10000.0
    4,3        4,3        4,3        4,3    
    10000.0
    7,5        7,5        7,5        7,5    
    10000.0
    3,7        3,7        1,15              # no-HN redundancy coupled with corresponding independency
    10000.0
    7,3        7,3        1,15   
    10000.0
    3,7        3,7        1,15       1,15   
    10000.0
    7,3        7,3        1,15       1,15   
    10000.0
    1,16       1,12   
    10000.0
    3,11       3,8    
    10000.0
    1,16       1,12       1,12   
    10000.0
    1,16       1,16       1,12   
    10000.0
    3,11       3,8        1,12   
    10000.0
    3,11       3,11       1,12   
    10000.0
    3,8        3,8        1,16   
    10000.0
    3,11       3,8        1,16   
    10000.0
    4,2        4,2        1,16   
    10000.0
    7,4        7,4        1,16   
    10000.0
    1,16       1,12       1,12       1,12   
    10000.0
    1,16       1,16       1,12       1,12   
    10000.0
    1,16       1,16       1,16       1,12   
    10000.0
    3,8        3,8        1,16       1,12   
    10000.0
    4,2        4,2        1,16       1,12   
    10000.0
    7,4        7,4        1,16       1,12   
    10000.0
    3,8        3,8        1,16       1,16   
    10000.0
    4,2        4,2        1,16       1,16   
    10000.0
    7,4        7,4        1,16       1,16   
    10000.0
    3,11       3,8        3,8        3,8    
    10000.0
    3,11       3,11       3,8        3,8    
    10000.0
    3,11       3,11       3,11       3,8    
    10000.0
    1,17       1,13   
    10000.0
    3,12       3,9    
    10000.0
    1,17       1,13       1,13   
    10000.0
    1,17       1,17       1,13   
    10000.0
    3,12       3,9        1,13   
    10000.0
    3,12       3,12       1,13   
    10000.0
    3,9        3,9        1,17   
    10000.0
    3,12       3,9        1,17   
    10000.0
    4,3        4,3        1,17   
    10000.0
    7,5        7,5        1,17   
    10000.0
    1,17       1,13       1,13       1,13   
    10000.0
    1,17       1,17       1,13       1,13   
    10000.0
    1,17       1,17       1,17       1,13   
    10000.0
    3,9        3,9        1,17       1,13   
    10000.0
    4,3        4,3        1,17       1,13   
    10000.0
    7,5        7,5        1,17       1,13   
    10000.0
    3,9        3,9        1,17       1,17   
    10000.0
    4,3        4,3        1,17       1,17   
    10000.0
    7,5        7,5        1,17       1,17   
    10000.0
    3,12       3,9        3,9        3,9    
    10000.0
    3,12       3,12       3,9        3,9    
    10000.0
    3,12       3,12       3,12       3,9    
    10000.0
    1,3                                     # harmonic with-HN
    1.1
    1,14   
    10.2
    1,3        1,1    
    10.2
    1,3        1,2    
    10.2
    1,3        1,3    
    1.1
    1,3        1,5    
    10.2
    1,3        1,6    
    10.2
    1,3        1,7    
    10.2
    1,3        1,8    
    10.2
    1,3        1,9    
    10.2
    1,3        1,10   
    10.2
    1,3        1,11   
    10.2
    1,3        1,12   
    10.2
    1,3        1,13   
    10.2
    1,3        1,14   
    10.2
    1,14       1,1    
    10.2
    1,14       1,2    
    10.2
    1,14       1,5    
    10.2
    1,14       1,6    
    10.2
    1,14       1,7    
    10.2
    1,14       1,8    
    10.2
    1,14       1,9    
    10.2
    1,14       1,10   
    10.2
    1,14       1,11   
    10.2
    1,14       1,12   
    10.2
    1,14       1,13   
    10.2
    1,14       1,14   
    10.2
    2,1        2,1    
    1.1
    2,2        2,1    
    10.2
    2,2        2,2    
    10.2
    6,1        6,1    
    10.2
    5,1        2,1        3,1               # C2v-planar B2 x B2 <- G8 irred-5 x irred-2 x irred-3
    10.2
    5,1        2,1        3,2    
    10.2
    5,1        2,1        3,3    
    10.2
    5,1        2,1        3,4    
    10.2
    5,1        2,1        3,5    
    10.2
    5,1        2,1        3,6    
    10.2
    5,1        2,1        3,7    
    10.2
    5,1        2,1        3,8    
    10.2
    5,1        2,1        3,9    
    10.2
    5,1        2,1        3,10   
    10.2
    5,1        2,2        3,1    
    10.2
    5,1        2,2        3,2    
    10.2
    5,1        2,2        3,3    
    10.2
    5,1        2,2        3,4    
    10.2
    5,1        2,2        3,5    
    10.2
    5,1        2,2        3,6    
    10.2
    5,1        2,2        3,7    
    10.2
    5,1        2,2        3,8    
    10.2
    5,1        2,2        3,9    
    10.2
    5,1        2,2        3,10   
    10.2
    5,1        6,1        7,1               # C2v-planar B1 x B1 <- G8 irred-5 x irred-6 x irred-7
    10.2
    5,1        6,1        7,2    
    10.2
    5,1        6,1        7,3    
    10.2
    5,1        6,1        7,4    
    10.2
    5,1        6,1        7,5    
    10.2
    5,1        6,1        7,6    
    10.2
    8,1        2,1        7,1               # C2v-perpendicular B1 x B1 <- G8 irred-8 x irred-2 x irred-7
    10.2
    8,1        2,1        7,2    
    10.2
    8,1        2,1        7,3    
    10.2
    8,1        2,1        7,4    
    10.2
    8,1        2,1        7,5    
    10.2
    8,1        2,1        7,6    
    10.2
    8,1        2,2        7,1    
    10.2
    8,1        2,2        7,2    
    10.2
    8,1        2,2        7,3    
    10.2
    8,1        2,2        7,4    
    10.2
    8,1        2,2        7,5    
    10.2
    8,1        2,2        7,6    
    10.2
    8,1        6,1        3,1               # C2v-perpendicular B2 x B2 <- G8 irred-8 x irred-6 x irred-3
    10.2
    8,1        6,1        3,2    
    10.2
    8,1        6,1        3,3    
    10.2
    8,1        6,1        3,4    
    10.2
    8,1        6,1        3,5    
    10.2
    8,1        6,1        3,6    
    10.2
    8,1        6,1        3,7    
    10.2
    8,1        6,1        3,8    
    10.2
    8,1        6,1        3,9    
    10.2
    8,1        6,1        3,10   
    10.2
    5,1        8,1        4,1               # C2v-planar / C2v-perpendicular A2 x A2 <- G8 irred-4 x irred-5 x irred-8
    10.2
    5,1        8,1        4,2    
    10.2
    5,1        8,1        4,3    
    10.2
    1,4                                     # HN spherical coordinate angles
    10.2
    1,4        1,4    
    10.2
    3,13       3,13   
    10.2
    5,1        5,1    
    10.2
    7,7        7,7    
    10.2
    8,1        8,1    
    10.2
    1,4        1,1                          # 1st-order terms coupled with NH2 rotation
    10.2
    1,4        1,2    
    10.2
    1,4        1,3    
    10.2
    1,4        1,5    
    10.2
    1,4        1,6    
    10.2
    1,4        1,7    
    10.2
    1,4        1,8    
    10.2
    1,4        1,9    
    10.2
    1,4        1,10   
    10.2
    1,4        1,11   
    10.2
    1,4        1,12   
    10.2
    1,4        1,13   
    10.2
    1,4        1,14   
    10.2
    3,13       3,1    
    10.2
    3,13       3,2    
    10.2
    3,13       3,3    
    10.2
    3,13       3,4    
    10.2
    3,13       3,5    
    10.2
    3,13       3,6    
    10.2
    3,13       3,7    
    10.2
    3,13       3,8    
    10.2
    3,13       3,9    
    10.2
    3,13       3,10   
    10.2
    7,7        7,1    
    10.2
    7,7        7,2    
    10.2
    7,7        7,3    
    10.2
    7,7        7,4    
    10.2
    7,7        7,5    
    10.2
    7,7        7,6    
    10.2
    1,14       1,14       1,14              # with-HN corresponding independency
    10000.0
    1,14       1,14       1,14       1,14   
    10000.0
    6,1        6,1        1,14       1,14   
    10000.0
    6,1        6,1        6,1        6,1    
    10000.0
    1,14       1,14       1,4               # with-HN redundancy coupled with corresponding independency
    10000.0
    6,1        6,1        1,4    
    10000.0
    1,14       1,4        1,4        1,4    
    10000.0
    1,14       1,14       1,4        1,4    
    10000.0
    6,1        6,1        1,4        1,4    
    10000.0
    1,14       1,14       1,14       1,4    
    10000.0
    2,2        2,2        1,14       1,4    
    10000.0
    6,1        6,1        1,14       1,4    
    10000.0
    1,21                                    # 4th-order Morse
    1.1
    1,21       1,21
    1.1
    2,5        2,5
    1.1
    1,21       1,21       1,21
    1.1
    2,5        2,5        1,21
    1.1
    1,21       1,21       1,21       1,21
    1.1
    2,5        2,5        1,21       1,21
    1.1
    2,5        2,5        2,5        2,5
    1.1
    1,22                                    # 1st-scaling bias
    1.1
    1,22       1,22   
    1.1
    2,6        2,6    
    1.1
    1,22       1,22       1,22   
    1.1
    2,6        2,6        1,22   
    1.1
    1,22       1,22       1,22       1,22   
    1.1
    2,6        2,6        1,22       1,22   
    1.1
    2,6        2,6        2,6        2,6    
    1.1
    1,22       1,1                          # 1st-scaling bias replacing an irred-1 HN coord
    100.3
    1,22       1,2    
    100.3
    1,22       1,3    
    100.3
    1,22       1,4    
    100.3
    1,22       1,5    
    100.3
    1,22       1,6    
    100.3
    1,22       1,7    
    100.3
    1,22       1,8    
    100.3
    1,22       1,9    
    100.3
    1,22       1,10   
    100.3
    1,22       1,11   
    100.3
    1,22       1,12   
    100.3
    1,22       1,13   
    100.3
    1,22       1,4        1,1    
    100.3
    1,22       1,4        1,2    
    100.3
    1,22       1,4        1,3    
    100.3
    1,22       1,4        1,4    
    100.3
    1,22       1,4        1,5    
    100.3
    1,22       1,4        1,6    
    100.3
    1,22       1,4        1,7    
    100.3
    1,22       1,4        1,8    
    100.3
    1,22       1,4        1,9    
    100.3
    1,22       1,4        1,10   
    100.3
    1,22       1,4        1,11   
    100.3
    1,22       1,4        1,12   
    100.3
    1,22       1,4        1,13   
    100.3
    1,22       2,2        2,2    
    100.3
    1,22       3,13       3,13   
    100.3
    1,22       5,1        5,1    
    100.3
    1,22       7,7        7,7    
    100.3
    1,22       8,1        8,1    
    100.3
    2,6        2,1                          # 1st-scaling bias replacing an irred-2 HN coord
    100.3
    2,6        2,2    
    100.3
    2,6        2,2        1,2    
    100.3
    2,6        2,2        1,3    
    100.3
    2,6        2,2        1,4    
    100.3
    2,6        2,2        1,8    
    100.3
    2,6        2,2        1,9    
    100.3
    2,6        2,2        1,10   
    100.3
    2,6        2,2        1,11   
    100.3
    2,6        2,2        1,12   
    100.3
    2,6        2,2        1,13   
    100.3
    2,6        5,1        3,1    
    100.3
    2,6        5,1        3,2    
    100.3
    2,6        5,1        3,3    
    100.3
    2,6        5,1        3,4    
    100.3
    2,6        5,1        3,5    
    100.3
    2,6        5,1        3,6    
    100.3
    2,6        5,1        3,7    
    100.3
    2,6        5,1        3,8    
    100.3
    2,6        5,1        3,9    
    100.3
    2,6        5,1        3,10   
    100.3
    2,6        5,1        3,13   
    100.3
    2,6        8,1        7,1    
    100.3
    2,6        8,1        7,2    
    100.3
    2,6        8,1        7,3    
    100.3
    2,6        8,1        7,4    
    100.3
    2,6        8,1        7,5    
    100.3
    2,6        8,1        7,6    
    100.3
    2,6        8,1        7,7    
    100.3
    1,22       1,22       1,1               # 1st-scaling bias replacing a sqaure of HN coords
    100.3
    1,22       1,22       1,2    
    100.3
    1,22       1,22       1,3    
    100.3
    1,22       1,22       1,4    
    100.3
    1,22       1,22       1,5    
    100.3
    1,22       1,22       1,6    
    100.3
    1,22       1,22       1,7    
    100.3
    1,22       1,22       1,8    
    100.3
    1,22       1,22       1,9    
    100.3
    1,22       1,22       1,10   
    100.3
    1,22       1,22       1,11   
    100.3
    1,22       1,22       1,12   
    100.3
    1,22       1,22       1,13   
    100.3
    2,6        2,6        1,1    
    100.3
    2,6        2,6        1,2    
    100.3
    2,6        2,6        1,3    
    100.3
    2,6        2,6        1,4    
    100.3
    2,6        2,6        1,5    
    100.3
    2,6        2,6        1,6    
    100.3
    2,6        2,6        1,7    
    100.3
    2,6        2,6        1,8    
    100.3
    2,6        2,6        1,9    
    100.3
    2,6        2,6        1,10   
    100.3
    2,6        2,6        1,11   
    100.3
    2,6        2,6        1,12   
    100.3
    2,6        2,6        1,13   
    100.3
    1,22       1,22       1,4        1,4    
    100.3
    1,22       1,22       2,2        2,2    
    100.3
    1,22       1,22       3,13       3,13   
    100.3
    1,22       1,22       5,1        5,1    
    100.3
    1,22       1,22       7,7        7,7    
    100.3
    1,22       1,22       8,1        8,1    
    100.3
    2,6        2,6        1,4        1,4    
    100.3
    2,6        2,6        2,2        2,2    
    100.3
    2,6        2,6        3,13       3,13   
    100.3
    2,6        2,6        5,1        5,1    
    100.3
    1,23                                    # 1st-scaling redundancy bias
    1.1
    1,23       1,23    
    1.1
    1,23       1,23       1,23   
    1.1
    1,23       1,23       1,23       1,23   
    1.1
    1,23       1,3                          # 1st-scaling redundancy bias replacing an irred-1 HN coord
    100.3
    1,23       1,1    
    100.3
    1,23       1,2    
    100.3
    1,23       1,5    
    100.3
    1,23       1,6    
    100.3
    1,23       1,7    
    100.3
    1,23       1,8    
    100.3
    1,23       1,9    
    100.3
    1,23       1,10   
    100.3
    1,23       1,11   
    100.3
    1,23       1,12   
    100.3
    1,23       1,13   
    100.3
    1,23       1,14   
    100.3
    1,23       6,1        6,1    
    100.3
    1,23       1,4    
    100.3
    1,23       1,4        1,4    
    100.3
    1,23       1,14       1,4    
    100.3
    1,23       1,14       1,14   
    100.3
    1,23       2,2        2,2    
    100.3
    1,23       3,13       3,13   
    100.3
    1,23       5,1        5,1    
    100.3
    1,23       7,7        7,7    
    100.3
    1,23       8,1        8,1    
    100.3
    1,23       1,23       1,1               # 1st-scaling redundancy bias replacing a square of HN coords
    100.3
    1,23       1,23       1,2    
    100.3
    1,23       1,23       1,3    
    100.3
    1,23       1,23       1,4    
    100.3
    1,23       1,23       1,5    
    100.3
    1,23       1,23       1,6    
    100.3
    1,23       1,23       1,7    
    100.3
    1,23       1,23       1,8    
    100.3
    1,23       1,23       1,9    
    100.3
    1,23       1,23       1,10   
    100.3
    1,23       1,23       1,11   
    100.3
    1,23       1,23       1,12   
    100.3
    1,23       1,23       1,13   
    100.3
    1,23       1,23       1,14   
    100.3
    1,23       1,23       1,4        1,4    
    100.3
    1,23       1,23       1,14       1,4    
    100.3
    1,23       1,23       1,14       1,14   
    100.3
    1,23       1,23       6,1        6,1    
    100.3
    1,18                                    # 2nd-scaling
    1.1
    1,18       1,1    
    100.3
    1,18       1,2    
    100.3
    1,18       1,18   
    1.1
    1,18       1,5    
    100.3
    1,18       1,6    
    100.3
    1,18       1,7    
    100.3
    1,18       1,8    
    100.3
    1,18       1,9    
    100.3
    1,18       1,10   
    100.3
    1,18       1,11   
    100.3
    1,18       1,12   
    100.3
    1,18       1,13   
    100.3
    2,3        2,3    
    1.1
    2,4        2,3    
    100.3
    2,4        2,4    
    100.3
    5,2        2,3        3,1    
    100.3
    5,2        2,3        3,2    
    100.3
    5,2        2,3        3,3    
    100.3
    5,2        2,3        3,4    
    100.3
    5,2        2,3        3,5    
    100.3
    5,2        2,3        3,6    
    100.3
    5,2        2,3        3,7    
    100.3
    5,2        2,3        3,8    
    100.3
    5,2        2,3        3,9    
    100.3
    5,2        2,3        3,10   
    100.3
    8,2        2,3        7,1    
    100.3
    8,2        2,3        7,2    
    100.3
    8,2        2,3        7,3    
    100.3
    8,2        2,3        7,4    
    100.3
    8,2        2,3        7,5    
    100.3
    8,2        2,3        7,6    
    100.3
    8,2        2,4        7,1    
    100.3
    8,2        2,4        7,2    
    100.3
    8,2        2,4        7,3    
    100.3
    8,2        2,4        7,4    
    100.3
    8,2        2,4        7,5    
    100.3
    8,2        2,4        7,6    
    100.3
    5,2        8,2        4,1    
    100.3
    5,2        8,2        4,2    
    100.3
    5,2        8,2        4,3    
    100.3
    1,19   
    100.3
    1,19       1,19   
    100.3
    3,14       3,14   
    100.3
    5,2        5,2    
    100.3
    7,8        7,8    
    100.3
    8,2        8,2    
    100.3
    1,19       1,1    
    100.3
    1,19       1,2    
    100.3
    1,19       1,18   
    100.3
    1,19       1,5    
    100.3
    1,19       1,6    
    100.3
    1,19       1,7    
    100.3
    1,19       1,8    
    100.3
    1,19       1,9    
    100.3
    1,19       1,10   
    100.3
    1,19       1,11   
    100.3
    1,19       1,12   
    100.3
    1,19       1,13   
    100.3
    3,14       3,1    
    100.3
    3,14       3,2    
    100.3
    3,14       3,3    
    100.3
    3,14       3,4    
    100.3
    3,14       3,5    
    100.3
    3,14       3,6    
    100.3
    3,14       3,7    
    100.3
    3,14       3,8    
    100.3
    3,14       3,9    
    100.3
    3,14       3,10   
    100.3
    7,8        7,1    
    100.3
    7,8        7,2    
    100.3
    7,8        7,3    
    100.3
    7,8        7,4    
    100.3
    7,8        7,5    
    100.3
    7,8        7,6    
    100.3
    1,24   
    1.1
    1,24       1,24   
    1.1
    2,7        2,7    
    1.1
    1,24       1,24       1,24   
    1.1
    2,7        2,7        1,24   
    1.1
    1,24       1,24       1,24       1,24   
    1.1
    2,7        2,7        1,24       1,24   
    1.1
    2,7        2,7        2,7        2,7    
    1.1
    1,24       1,1    
    100.3
    1,24       1,2    
    100.3
    1,24       1,18   
    100.3
    1,24       1,19   
    100.3
    1,24       1,5    
    100.3
    1,24       1,6    
    100.3
    1,24       1,7    
    100.3
    1,24       1,8    
    100.3
    1,24       1,9    
    100.3
    1,24       1,10   
    100.3
    1,24       1,11   
    100.3
    1,24       1,12   
    100.3
    1,24       1,13   
    100.3
    1,24       1,19       1,1    
    100.3
    1,24       1,19       1,2    
    100.3
    1,24       1,19       1,18   
    100.3
    1,24       1,19       1,19   
    100.3
    1,24       1,19       1,5    
    100.3
    1,24       1,19       1,6    
    100.3
    1,24       1,19       1,7    
    100.3
    1,24       1,19       1,8    
    100.3
    1,24       1,19       1,9    
    100.3
    1,24       1,19       1,10   
    100.3
    1,24       1,19       1,11   
    100.3
    1,24       1,19       1,12   
    100.3
    1,24       1,19       1,13   
    100.3
    1,24       2,4        2,4    
    100.3
    1,24       3,14       3,14   
    100.3
    1,24       5,2        5,2    
    100.3
    1,24       7,8        7,8    
    100.3
    1,24       8,2        8,2    
    100.3
    2,7        2,3    
    100.3
    2,7        2,4    
    100.3
    2,7        2,4        1,18   
    100.3
    2,7        2,4        1,19   
    100.3
    2,7        2,4        1,8    
    100.3
    2,7        2,4        1,9    
    100.3
    2,7        2,4        1,12   
    100.3
    2,7        2,4        1,13   
    100.3
    2,7        5,2        3,1    
    100.3
    2,7        5,2        3,2    
    100.3
    2,7        5,2        3,3    
    100.3
    2,7        5,2        3,4    
    100.3
    2,7        5,2        3,5    
    100.3
    2,7        5,2        3,6    
    100.3
    2,7        5,2        3,7    
    100.3
    2,7        5,2        3,8    
    100.3
    2,7        5,2        3,9    
    100.3
    2,7        5,2        3,10   
    100.3
    2,7        5,2        3,14   
    100.3
    2,7        8,2        7,1    
    100.3
    2,7        8,2        7,2    
    100.3
    2,7        8,2        7,3    
    100.3
    2,7        8,2        7,4    
    100.3
    2,7        8,2        7,5    
    100.3
    2,7        8,2        7,6    
    100.3
    2,7        8,2        7,8    
    100.3
    1,24       1,24       1,1    
    100.3
    1,24       1,24       1,2    
    100.3
    1,24       1,24       1,18   
    100.3
    1,24       1,24       1,19   
    100.3
    1,24       1,24       1,5    
    100.3
    1,24       1,24       1,6    
    100.3
    1,24       1,24       1,7    
    100.3
    1,24       1,24       1,8    
    100.3
    1,24       1,24       1,9    
    100.3
    1,24       1,24       1,10   
    100.3
    1,24       1,24       1,11   
    100.3
    1,24       1,24       1,12   
    100.3
    1,24       1,24       1,13   
    100.3
    2,7        2,7        1,1    
    100.3
    2,7        2,7        1,2    
    100.3
    2,7        2,7        1,18   
    100.3
    2,7        2,7        1,19   
    100.3
    2,7        2,7        1,5    
    100.3
    2,7        2,7        1,6    
    100.3
    2,7        2,7        1,7    
    100.3
    2,7        2,7        1,8    
    100.3
    2,7        2,7        1,9    
    100.3
    2,7        2,7        1,10   
    100.3
    2,7        2,7        1,11   
    100.3
    2,7        2,7        1,12   
    100.3
    2,7        2,7        1,13   
    100.3
    1,24       1,24       1,19       1,19   
    100.3
    1,24       1,24       2,4        2,4    
    100.3
    1,24       1,24       3,14       3,14   
    100.3
    1,24       1,24       5,2        5,2    
    100.3
    1,24       1,24       7,8        7,8    
    100.3
    1,24       1,24       8,2        8,2    
    100.3
    2,7        2,7        1,19       1,19   
    100.3
    2,7        2,7        3,14       3,14   
    100.3
    2,7        2,7        5,2        5,2    
    100.3
    2,7        2,7        7,8        7,8    
    100.3
    2,7        2,7        8,2        8,2    
    100.3
bias
    0.0
