    1.98115568246238    1.92750941682679    2.02666935030473
    1.07240706944844    1.51555899946653    1.51177021112237
    1.33103108662345    1.45359798235391    2.10525060935435
    2.97557482794323    2.95342299503194    3.00262672199003
    3.00268052464786    0.00000005813026    0.00000059034770
   -0.00000007698027   -0.00000032487092    0.00000032872622
    0.00000075394003   -0.00000174395219    0.00000018063977
    0.00000016386535    0.00000063781667   -0.00000012669979
    0.00000013123324    0.00000079546203   -0.00000014231422
   -0.00000084786403    0.00000042649896    0.00000032936630
   -0.00000012778967   -0.00000040653549   -0.00556159350693
   -0.00131771188459   -0.00403136483215    0.20194922688186
