  -0.560831e-01   0.234196e-01  -0.187855e-06
   0.375250e-01  -0.111059e-01   0.471833e-07
  -0.526924e-01  -0.103698e-02  -0.145385e-02
  -0.526923e-01  -0.103698e-02   0.145409e-02
   0.450977e-01   0.717445e-03  -0.139414e-01
   0.450977e-01   0.717473e-03   0.139412e-01
   0.106650e-01  -0.884578e-04   0.388931e-08
   0.108362e-01  -0.597240e-02   0.132141e-01
   0.108359e-01  -0.597250e-02  -0.132140e-01
  -0.581395e-03   0.153717e-03  -0.183776e-02
  -0.581369e-03   0.153696e-03   0.183763e-02
   0.107398e-02   0.233053e-04   0.250583e-03
   0.107395e-02   0.233042e-04  -0.250586e-03
   0.425154e-03   0.459667e-05  -0.564667e-08
  -0.571111e-01   0.232325e-01  -0.186352e-06
   0.324592e-01  -0.111348e-01   0.517015e-07
  -0.490620e-01  -0.101481e-02   0.119366e-02
  -0.490620e-01  -0.101481e-02  -0.119342e-02
   0.474470e-01   0.739349e-03  -0.956013e-02
   0.474470e-01   0.739366e-03   0.955999e-02
   0.539080e-02  -0.891179e-04   0.438812e-10
   0.108123e-01  -0.589198e-02   0.133433e-01
   0.108120e-01  -0.589207e-02  -0.133431e-01
  -0.114553e-02   0.144762e-03  -0.120477e-02
  -0.114550e-02   0.144742e-03   0.120464e-02
   0.142968e-02   0.187462e-04   0.465202e-03
   0.142965e-02   0.187443e-04  -0.465200e-03
   0.298510e-03  -0.587517e-06  -0.694130e-08
  -0.550187e-01   0.236081e-01  -0.186221e-06
   0.427218e-01  -0.110756e-01   0.636042e-07
  -0.563911e-01  -0.105896e-02  -0.405126e-02
  -0.563910e-01  -0.105897e-02   0.405148e-02
   0.428469e-01   0.695253e-03  -0.180763e-01
   0.428469e-01   0.695282e-03   0.180761e-01
   0.157037e-01  -0.897729e-04  -0.531732e-09
   0.108640e-01  -0.605316e-02   0.130801e-01
   0.108637e-01  -0.605325e-02  -0.130799e-01
  -0.142072e-04   0.162299e-03  -0.246686e-02
  -0.141881e-04   0.162280e-03   0.246673e-02
   0.716094e-03   0.283533e-04   0.389230e-04
   0.716059e-03   0.283512e-04  -0.389299e-04
   0.550154e-03   0.982418e-05  -0.436790e-08
  -0.561397e-01   0.233150e-01  -0.203878e-06
   0.384433e-01  -0.110463e-01   0.660061e-07
  -0.476396e-01  -0.102073e-02  -0.135212e-02
  -0.476396e-01  -0.102073e-02   0.135235e-02
   0.402915e-01   0.690464e-03  -0.134915e-01
   0.402915e-01   0.690477e-03   0.134914e-01
   0.944939e-02  -0.880000e-04  -0.780726e-08
   0.107783e-01  -0.594657e-02   0.130964e-01
   0.107780e-01  -0.594666e-02  -0.130962e-01
  -0.396627e-03   0.161851e-03  -0.190960e-02
  -0.396603e-03   0.161828e-03   0.190947e-02
   0.868693e-03   0.201491e-04   0.171599e-03
   0.868659e-03   0.201485e-04  -0.171601e-03
   0.442714e-03   0.905268e-05  -0.427683e-08
  -0.560289e-01   0.235248e-01  -0.178661e-06
   0.366178e-01  -0.111672e-01   0.440912e-07
  -0.575347e-01  -0.105183e-02  -0.154699e-02
  -0.575347e-01  -0.105185e-02   0.154722e-02
   0.496928e-01   0.743662e-03  -0.143979e-01
   0.496928e-01   0.743695e-03   0.143978e-01
   0.118710e-01  -0.889679e-04   0.505200e-10
   0.108950e-01  -0.599798e-02   0.133341e-01
   0.108948e-01  -0.599807e-02  -0.133340e-01
  -0.763842e-03   0.145421e-03  -0.176624e-02
  -0.763816e-03   0.145409e-03   0.176612e-02
   0.127719e-02   0.263795e-04   0.329806e-03
   0.127716e-02   0.263775e-04  -0.329809e-03
   0.407422e-03   0.134958e-06  -0.475362e-08
  -0.537861e-01   0.235900e-01  -0.190926e-06
   0.464718e-01  -0.109665e-01   0.694131e-07
  -0.579198e-01  -0.110358e-02   0.943673e-03
  -0.579198e-01  -0.110359e-02  -0.943445e-03
   0.443717e-01   0.703914e-03  -0.128607e-01
   0.443718e-01   0.703937e-03   0.128605e-01
   0.107475e-01  -0.964418e-04   0.145143e-07
   0.109193e-01  -0.605097e-02   0.130399e-01
   0.109191e-01  -0.605107e-02  -0.130398e-01
  -0.200942e-03   0.151666e-03  -0.234779e-02
  -0.200923e-03   0.151645e-03   0.234766e-02
   0.890174e-03   0.340719e-04   0.172250e-03
   0.890139e-03   0.340711e-04  -0.172257e-03
   0.446166e-03   0.281512e-05  -0.329732e-08
  -0.582606e-01   0.232330e-01  -0.163522e-06
   0.288193e-01  -0.112385e-01   0.450282e-07
  -0.476047e-01  -0.971898e-03  -0.365420e-02
  -0.476046e-01  -0.971896e-03   0.365444e-02
   0.457749e-01   0.730368e-03  -0.149882e-01
   0.457749e-01   0.730385e-03   0.149881e-01
   0.105802e-01  -0.805083e-04  -0.110148e-07
   0.107618e-01  -0.588707e-02   0.133806e-01
   0.107615e-01  -0.588715e-02  -0.133805e-01
  -0.955274e-03   0.155332e-03  -0.133960e-02
  -0.955243e-03   0.155317e-03   0.133947e-02
   0.125231e-02   0.131670e-04   0.326354e-03
   0.125228e-02   0.131660e-04  -0.326354e-03
   0.403252e-03   0.623062e-05  -0.227012e-08
  -0.560916e-01   0.234237e-01  -0.191887e-06
   0.375232e-01  -0.111053e-01   0.643468e-07
  -0.527116e-01  -0.103762e-02  -0.140961e-02
  -0.527115e-01  -0.103762e-02   0.140984e-02
   0.453171e-01   0.718712e-03  -0.140407e-01
   0.453171e-01   0.718732e-03   0.140405e-01
   0.178140e-01  -0.496128e-04   0.251386e-08
   0.108343e-01  -0.597429e-02   0.132113e-01
   0.108340e-01  -0.597438e-02  -0.132111e-01
  -0.568516e-03   0.154070e-03  -0.182955e-02
  -0.568491e-03   0.154049e-03   0.182942e-02
   0.104152e-02   0.229308e-04   0.288511e-03
   0.104148e-02   0.229295e-04  -0.288513e-03
  -0.707100e-02  -0.362502e-04  -0.560397e-08
  -0.560752e-01   0.234158e-01  -0.185521e-06
   0.375274e-01  -0.111065e-01   0.488924e-07
  -0.526740e-01  -0.103630e-02  -0.149966e-02
  -0.526740e-01  -0.103630e-02   0.149990e-02
   0.448767e-01   0.716213e-03  -0.138448e-01
   0.448768e-01   0.716244e-03   0.138447e-01
   0.392282e-02  -0.124730e-03  -0.328476e-08
   0.108380e-01  -0.597057e-02   0.132172e-01
   0.108377e-01  -0.597066e-02  -0.132170e-01
  -0.593935e-03   0.153353e-03  -0.184468e-02
  -0.593911e-03   0.153332e-03   0.184455e-02
   0.110556e-02   0.236627e-04   0.213894e-03
   0.110552e-02   0.236618e-04  -0.213895e-03
   0.752050e-02   0.428352e-04  -0.426600e-08
  -0.560749e-01   0.234257e-01  -0.188287e-06
   0.375498e-01  -0.111062e-01   0.514915e-07
  -0.526839e-01  -0.103660e-02  -0.160979e-02
  -0.526838e-01  -0.103660e-02   0.161002e-02
   0.476945e-01   0.737744e-03  -0.183462e-01
   0.476946e-01   0.737761e-03   0.183461e-01
   0.109445e-01  -0.876405e-04  -0.356435e-08
   0.108322e-01  -0.597500e-02   0.132052e-01
   0.108319e-01  -0.597509e-02  -0.132051e-01
  -0.564993e-03   0.152810e-03  -0.179676e-02
  -0.564969e-03   0.152789e-03   0.179664e-02
  -0.166565e-02   0.307251e-05   0.485010e-02
  -0.166568e-02   0.307090e-05  -0.485011e-02
   0.356425e-03   0.419085e-05  -0.455285e-08
  -0.560917e-01   0.234138e-01  -0.195927e-06
   0.374999e-01  -0.111057e-01   0.652555e-07
  -0.527026e-01  -0.103735e-02  -0.129832e-02
  -0.527026e-01  -0.103735e-02   0.129855e-02
   0.426080e-01   0.697989e-03  -0.971531e-02
   0.426080e-01   0.698015e-03   0.971516e-02
   0.103862e-01  -0.893355e-04   0.731561e-08
   0.108402e-01  -0.596985e-02   0.132232e-01
   0.108399e-01  -0.596994e-02  -0.132230e-01
  -0.597396e-03   0.154614e-03  -0.187769e-02
  -0.597371e-03   0.154594e-03   0.187756e-02
   0.370807e-02   0.427502e-04  -0.417292e-02
   0.370805e-02   0.427494e-04   0.417292e-02
   0.493444e-03   0.501579e-05  -0.594017e-08
  -0.560970e-01   0.234058e-01  -0.193767e-06
   0.372874e-01  -0.111025e-01   0.593102e-07
  -0.552751e-01  -0.990851e-03  -0.589950e-02
  -0.552751e-01  -0.990857e-03   0.589974e-02
   0.451100e-01   0.719749e-03  -0.140861e-01
   0.451100e-01   0.719770e-03   0.140860e-01
   0.106328e-01  -0.858406e-04   0.406128e-09
   0.108452e-01  -0.596616e-02   0.132189e-01
   0.108449e-01  -0.596625e-02  -0.132187e-01
   0.214649e-02   0.104416e-03   0.277504e-02
   0.214652e-02   0.104395e-03  -0.277517e-02
   0.105866e-02   0.223054e-04   0.291772e-03
   0.105863e-02   0.223049e-04  -0.291773e-03
   0.406571e-03   0.377166e-05  -0.466213e-08
  -0.560697e-01   0.234339e-01  -0.186352e-06
   0.377632e-01  -0.111094e-01   0.487160e-07
  -0.502174e-01  -0.108069e-02   0.281182e-02
  -0.502173e-01  -0.108069e-02  -0.281158e-02
   0.450866e-01   0.715173e-03  -0.137968e-01
   0.450866e-01   0.715201e-03   0.137967e-01
   0.106981e-01  -0.910513e-04  -0.122788e-08
   0.108267e-01  -0.597883e-02   0.132096e-01
   0.108264e-01  -0.597892e-02  -0.132094e-01
  -0.320256e-02   0.200652e-03  -0.627229e-02
  -0.320253e-02   0.200631e-03   0.627217e-02
   0.108924e-02   0.242893e-04   0.209745e-03
   0.108920e-02   0.242870e-04  -0.209749e-03
   0.443320e-03   0.542198e-05  -0.551065e-08
  -0.484721e-01   0.238302e-01  -0.199690e-06
   0.310394e-01  -0.112107e-01   0.567297e-07
  -0.536563e-01  -0.955346e-03  -0.110101e-02
  -0.536563e-01  -0.955334e-03   0.110125e-02
   0.453258e-01   0.703015e-03  -0.137315e-01
   0.453259e-01   0.703039e-03   0.137314e-01
   0.104214e-01  -0.903633e-04   0.180350e-08
   0.111065e-01  -0.618747e-02   0.128786e-01
   0.111062e-01  -0.618756e-02  -0.128785e-01
  -0.550215e-03   0.154044e-03  -0.185210e-02
  -0.550188e-03   0.154019e-03   0.185196e-02
   0.106140e-02   0.163002e-04   0.243837e-03
   0.106137e-02   0.162982e-04  -0.243845e-03
   0.437108e-03   0.988120e-05  -0.601463e-08
  -0.631569e-01   0.229889e-01  -0.182066e-06
   0.435016e-01  -0.109820e-01   0.576277e-07
  -0.517350e-01  -0.111748e-02  -0.178445e-02
  -0.517350e-01  -0.111749e-02   0.178467e-02
   0.448567e-01   0.732013e-03  -0.141498e-01
   0.448567e-01   0.732039e-03   0.141496e-01
   0.109027e-01  -0.867543e-04  -0.117811e-07
   0.105754e-01  -0.575733e-02   0.135389e-01
   0.105752e-01  -0.575742e-02  -0.135387e-01
  -0.612952e-03   0.152802e-03  -0.182336e-02
  -0.612929e-03   0.152787e-03   0.182324e-02
   0.108606e-02   0.303974e-04   0.257121e-03
   0.108603e-02   0.303972e-04  -0.257119e-03
   0.412365e-03  -0.794197e-06  -0.307832e-08
  -0.616037e-01   0.201321e-01  -0.199351e-06
   0.376700e-01  -0.111699e-01   0.654340e-07
  -0.527334e-01  -0.106102e-02  -0.144067e-02
  -0.527334e-01  -0.106102e-02   0.144089e-02
   0.451947e-01   0.702177e-03  -0.139194e-01
   0.451947e-01   0.702201e-03   0.139193e-01
   0.106818e-01  -0.571499e-04  -0.688836e-08
   0.134425e-01  -0.428473e-02   0.182665e-01
   0.134422e-01  -0.428483e-02  -0.182663e-01
  -0.575986e-03   0.165690e-03  -0.182961e-02
  -0.575961e-03   0.165671e-03   0.182949e-02
   0.108302e-02   0.202854e-04   0.244419e-03
   0.108299e-02   0.202841e-04  -0.244423e-03
   0.430520e-03   0.102730e-04  -0.546838e-08
  -0.508016e-01   0.265391e-01  -0.181965e-06
   0.373827e-01  -0.110480e-01   0.595520e-07
  -0.526527e-01  -0.101116e-02  -0.146499e-02
  -0.526527e-01  -0.101116e-02   0.146522e-02
   0.450004e-01   0.733708e-03  -0.139642e-01
   0.450004e-01   0.733726e-03   0.139641e-01
   0.106466e-01  -0.120252e-03  -0.219557e-08
   0.835110e-02  -0.757438e-02   0.841033e-02
   0.835081e-02  -0.757447e-02  -0.841016e-02
  -0.586859e-03   0.140837e-03  -0.184661e-02
  -0.586834e-03   0.140816e-03   0.184648e-02
   0.106458e-02   0.263370e-04   0.256960e-03
   0.106455e-02   0.263351e-04  -0.256962e-03
   0.419539e-03  -0.134947e-05  -0.504131e-08
  -0.583092e-01   0.230540e-01  -0.177657e-06
   0.283956e-01  -0.111309e-01   0.486813e-07
  -0.470273e-01  -0.999001e-03   0.351455e-02
  -0.470273e-01  -0.998993e-03  -0.351431e-02
   0.450486e-01   0.740971e-03  -0.151119e-01
   0.450486e-01   0.740982e-03   0.151118e-01
   0.126749e-01  -0.713128e-04  -0.209376e-07
   0.107638e-01  -0.581782e-02   0.134453e-01
   0.107635e-01  -0.581790e-02  -0.134451e-01
  -0.190526e-02   0.133910e-03  -0.439358e-03
  -0.190523e-02   0.133896e-03   0.439227e-03
   0.146788e-02   0.147725e-04   0.459511e-03
   0.146784e-02   0.147717e-04  -0.459500e-03
   0.543472e-03   0.257848e-05  -0.201585e-08
  -0.537173e-01   0.237871e-01  -0.179787e-06
   0.470435e-01  -0.110750e-01   0.717382e-07
  -0.585272e-01  -0.107607e-02  -0.630966e-02
  -0.585271e-01  -0.107607e-02   0.630988e-02
   0.450605e-01   0.691161e-03  -0.126593e-01
   0.450606e-01   0.691184e-03   0.126592e-01
   0.861037e-02  -0.104849e-03   0.665691e-08
   0.109220e-01  -0.612720e-02   0.129720e-01
   0.109218e-01  -0.612729e-02  -0.129719e-01
   0.751587e-03   0.172190e-03  -0.318816e-02
   0.751602e-03   0.172170e-03   0.318803e-02
   0.670510e-03   0.328144e-04   0.366478e-04
   0.670473e-03   0.328116e-04  -0.366596e-04
   0.308596e-03   0.705950e-05  -0.291124e-08
  -0.581958e-01   0.230222e-01  -0.177104e-06
   0.280264e-01  -0.110953e-01   0.540403e-07
  -0.468191e-01  -0.100619e-02   0.464605e-02
  -0.468190e-01  -0.100618e-02  -0.464581e-02
   0.461849e-01   0.745339e-03  -0.173777e-01
   0.461849e-01   0.745345e-03   0.173775e-01
   0.963369e-02  -0.819195e-04  -0.248373e-07
   0.107483e-01  -0.581325e-02   0.134238e-01
   0.107481e-01  -0.581333e-02  -0.134236e-01
  -0.183378e-02   0.132858e-03  -0.407339e-03
  -0.183374e-02   0.132844e-03   0.407210e-03
   0.183602e-02   0.178376e-04   0.490107e-03
   0.183599e-02   0.178374e-04  -0.490095e-03
   0.303118e-03   0.184640e-05  -0.263492e-08
  -0.538287e-01   0.238198e-01  -0.184869e-06
   0.474040e-01  -0.111122e-01   0.748005e-07
  -0.587109e-01  -0.106859e-02  -0.747247e-02
  -0.587109e-01  -0.106859e-02   0.747269e-02
   0.439072e-01   0.688127e-03  -0.104102e-01
   0.439073e-01   0.688153e-03   0.104101e-01
   0.116618e-01  -0.959100e-04   0.873594e-08
   0.109370e-01  -0.613188e-02   0.129938e-01
   0.109368e-01  -0.613197e-02  -0.129937e-01
   0.684704e-03   0.173055e-03  -0.321166e-02
   0.684719e-03   0.173035e-03   0.321154e-02
   0.290321e-03   0.298642e-04   0.815117e-05
   0.290284e-03   0.298620e-04  -0.816352e-05
   0.546369e-03   0.733257e-05  -0.295486e-08
  -0.561002e-01   0.234074e-01  -0.188867e-06
   0.373438e-01  -0.111017e-01   0.569585e-07
  -0.528459e-01  -0.103638e-02  -0.103140e-02
  -0.528458e-01  -0.103639e-02   0.103163e-02
   0.441966e-01   0.711878e-03  -0.143640e-01
   0.441967e-01   0.711902e-03   0.143639e-01
   0.112979e-01  -0.843790e-04   0.253129e-08
   0.108339e-01  -0.596868e-02   0.132199e-01
   0.108336e-01  -0.596877e-02  -0.132197e-01
  -0.561628e-03   0.153288e-03  -0.183967e-02
  -0.561603e-03   0.153269e-03   0.183954e-02
   0.188739e-02   0.266822e-04   0.760627e-03
   0.188735e-02   0.266798e-04  -0.760628e-03
   0.437828e-03   0.519597e-05  -0.534632e-08
  -0.560660e-01   0.234320e-01  -0.189327e-06
   0.377072e-01  -0.111102e-01   0.563525e-07
  -0.525364e-01  -0.103752e-02  -0.187941e-02
  -0.525363e-01  -0.103752e-02   0.187965e-02
   0.460014e-01   0.723036e-03  -0.135238e-01
   0.460014e-01   0.723064e-03   0.135237e-01
   0.100358e-01  -0.924999e-04  -0.446773e-08
   0.108384e-01  -0.597613e-02   0.132084e-01
   0.108381e-01  -0.597622e-02  -0.132082e-01
  -0.600996e-03   0.154153e-03  -0.183597e-02
  -0.600971e-03   0.154132e-03   0.183585e-02
   0.252850e-03   0.198683e-04  -0.245874e-03
   0.252818e-03   0.198663e-04   0.245870e-03
   0.412644e-03   0.399275e-05  -0.512464e-08
  -0.560098e-01   0.234324e-01  -0.188070e-06
   0.380756e-01  -0.111082e-01   0.538315e-07
  -0.536039e-01  -0.104914e-02  -0.101773e-02
  -0.536038e-01  -0.104915e-02   0.101797e-02
   0.449683e-01   0.722971e-03  -0.143718e-01
   0.449683e-01   0.723001e-03   0.143716e-01
   0.104661e-01  -0.896663e-04   0.574909e-08
   0.108257e-01  -0.598075e-02   0.132236e-01
   0.108254e-01  -0.598084e-02  -0.132235e-01
   0.243910e-03   0.164390e-03  -0.234799e-02
   0.243932e-03   0.164370e-03   0.234787e-02
   0.109296e-02   0.236462e-04   0.253429e-03
   0.109292e-02   0.236433e-04  -0.253434e-03
   0.414401e-03   0.336120e-05  -0.590337e-08
  -0.561567e-01   0.234067e-01  -0.190561e-06
   0.369704e-01  -0.111036e-01   0.566713e-07
  -0.517830e-01  -0.102457e-02  -0.189600e-02
  -0.517830e-01  -0.102458e-02   0.189623e-02
   0.452247e-01   0.711906e-03  -0.135141e-01
   0.452248e-01   0.711931e-03   0.135139e-01
   0.108633e-01  -0.872726e-04  -0.241023e-08
   0.108470e-01  -0.596386e-02   0.132049e-01
   0.108467e-01  -0.596395e-02  -0.132047e-01
  -0.139973e-02   0.142775e-03  -0.131354e-02
  -0.139970e-02   0.142754e-03   0.131341e-02
   0.105483e-02   0.229708e-04   0.247643e-03
   0.105480e-02   0.229684e-04  -0.247644e-03
   0.435715e-03   0.583428e-05  -0.433160e-08
  -0.572264e-01   0.232923e-01  -0.188801e-06
   0.371292e-01  -0.113683e-01   0.548738e-07
  -0.527982e-01  -0.102539e-02  -0.148804e-02
  -0.527982e-01  -0.102539e-02   0.148827e-02
   0.451170e-01   0.718349e-03  -0.138957e-01
   0.451170e-01   0.718372e-03   0.138956e-01
   0.106541e-01  -0.898564e-04  -0.243591e-08
   0.117087e-01  -0.578261e-02   0.126849e-01
   0.117084e-01  -0.578271e-02  -0.126848e-01
  -0.588056e-03   0.148007e-03  -0.182769e-02
  -0.588031e-03   0.147986e-03   0.182757e-02
   0.106960e-02   0.224647e-04   0.248553e-03
   0.106957e-02   0.224636e-04  -0.248554e-03
   0.425284e-03   0.433485e-05  -0.368312e-08
  -0.549381e-01   0.235355e-01  -0.188055e-06
   0.379137e-01  -0.108479e-01   0.608847e-07
  -0.525875e-01  -0.104805e-02  -0.141986e-02
  -0.525875e-01  -0.104805e-02   0.142009e-02
   0.450782e-01   0.716644e-03  -0.139869e-01
   0.450782e-01   0.716676e-03   0.139868e-01
   0.106759e-01  -0.870956e-04  -0.338501e-09
   0.996756e-02  -0.615466e-02   0.137638e-01
   0.996726e-02  -0.615475e-02  -0.137636e-01
  -0.574713e-03   0.159322e-03  -0.184772e-02
  -0.574688e-03   0.159301e-03   0.184759e-02
   0.107834e-02   0.240828e-04   0.252632e-03
   0.107831e-02   0.240804e-04  -0.252634e-03
   0.424989e-03   0.485334e-05  -0.494439e-08
  -0.561222e-01   0.230730e-01  -0.191522e-06
   0.375717e-01  -0.110362e-01   0.580606e-07
  -0.527067e-01  -0.969110e-03  -0.148050e-02
  -0.527067e-01  -0.969109e-03   0.148074e-02
   0.450909e-01   0.700976e-03  -0.139343e-01
   0.450909e-01   0.700998e-03   0.139342e-01
   0.106539e-01  -0.232198e-03   0.997019e-09
   0.108484e-01  -0.593071e-02   0.132063e-01
   0.108481e-01  -0.593081e-02  -0.132061e-01
  -0.569271e-03   0.259970e-03  -0.184528e-02
  -0.569246e-03   0.259947e-03   0.184516e-02
   0.107302e-02   0.153514e-03   0.250287e-03
   0.107299e-02   0.153513e-03  -0.250289e-03
   0.424355e-03  -0.233715e-03  -0.470965e-08
  -0.560374e-01   0.237672e-01  -0.185300e-06
   0.375179e-01  -0.111756e-01   0.509982e-07
  -0.527026e-01  -0.110482e-02  -0.144349e-02
  -0.527025e-01  -0.110484e-02   0.144372e-02
   0.451068e-01   0.733828e-03  -0.139383e-01
   0.451068e-01   0.733858e-03   0.139382e-01
   0.106690e-01   0.552149e-04  -0.622274e-09
   0.108237e-01  -0.601456e-02   0.132213e-01
   0.108234e-01  -0.601465e-02  -0.132211e-01
  -0.587568e-03   0.476316e-04  -0.183485e-02
  -0.587544e-03   0.476119e-04   0.183473e-02
   0.107401e-02  -0.106875e-03   0.251409e-03
   0.107398e-02  -0.106878e-03  -0.251412e-03
   0.421850e-03   0.242848e-03  -0.512966e-08
  -0.560752e-01   0.234142e-01  -0.189137e-06
   0.375116e-01  -0.111564e-01   0.591520e-07
  -0.526880e-01  -0.741447e-03  -0.145544e-02
  -0.526879e-01  -0.741451e-03   0.145567e-02
   0.451044e-01   0.995485e-03  -0.139376e-01
   0.451044e-01   0.995511e-03   0.139374e-01
   0.106814e-01  -0.195511e-02  -0.245972e-08
   0.108378e-01  -0.596996e-02   0.132206e-01
   0.108375e-01  -0.597005e-02  -0.132204e-01
  -0.583070e-03   0.118772e-03  -0.183789e-02
  -0.583045e-03   0.118751e-03   0.183776e-02
   0.107482e-02  -0.116969e-03   0.250804e-03
   0.107478e-02  -0.116971e-03  -0.250807e-03
   0.390500e-03   0.112564e-02  -0.536417e-08
  -0.560975e-01   0.234254e-01  -0.188437e-06
   0.375459e-01  -0.110559e-01   0.565562e-07
  -0.527051e-01  -0.133243e-02  -0.144536e-02
  -0.527051e-01  -0.133243e-02   0.144560e-02
   0.451189e-01   0.439528e-03  -0.139312e-01
   0.451189e-01   0.439552e-03   0.139310e-01
   0.106634e-01   0.177838e-02  -0.143828e-08
   0.108343e-01  -0.597483e-02   0.132082e-01
   0.108340e-01  -0.597492e-02  -0.132081e-01
  -0.579147e-03   0.188644e-03  -0.183742e-02
  -0.579122e-03   0.188623e-03   0.183730e-02
   0.107234e-02   0.163549e-03   0.250638e-03
   0.107231e-02   0.163548e-03  -0.250640e-03
   0.405750e-03  -0.111674e-02  -0.472371e-08
  -0.560880e-01   0.234143e-01  -0.190317e-06
   0.375630e-01  -0.104971e-01   0.606825e-07
  -0.527013e-01  -0.960857e-03  -0.145257e-02
  -0.527012e-01  -0.960853e-03   0.145280e-02
   0.451156e-01  -0.360916e-03  -0.139476e-01
   0.451156e-01  -0.360906e-03   0.139475e-01
   0.106595e-01   0.959317e-04  -0.644154e-08
   0.108297e-01  -0.599033e-02   0.132148e-01
   0.108294e-01  -0.599042e-02  -0.132146e-01
  -0.582261e-03   0.508640e-05  -0.184006e-02
  -0.582236e-03   0.506589e-05   0.183993e-02
   0.105808e-02   0.897608e-03   0.261802e-03
   0.105805e-02   0.897612e-03  -0.261804e-03
   0.426066e-03  -0.194159e-03  -0.376687e-08
  -0.560782e-01   0.234262e-01  -0.187517e-06
   0.374944e-01  -0.117152e-01   0.537181e-07
  -0.526725e-01  -0.111313e-02  -0.146831e-02
  -0.526725e-01  -0.111314e-02   0.146854e-02
   0.450979e-01   0.179617e-02  -0.139397e-01
   0.450979e-01   0.179621e-02   0.139395e-01
   0.106643e-01  -0.272965e-03   0.272481e-08
   0.108430e-01  -0.595480e-02   0.132141e-01
   0.108427e-01  -0.595489e-02  -0.132139e-01
  -0.581221e-03   0.302328e-03  -0.183512e-02
  -0.581197e-03   0.302309e-03   0.183499e-02
   0.106071e-02  -0.851227e-03   0.257059e-03
   0.106068e-02  -0.851232e-03  -0.257062e-03
   0.424018e-03   0.203342e-03  -0.604297e-08
  -0.560948e-01   0.232897e-01  -0.189041e-06
   0.374979e-01  -0.110421e-01   0.549397e-07
  -0.526588e-01  -0.204725e-02  -0.148366e-02
  -0.526588e-01  -0.204725e-02   0.148389e-02
   0.450757e-01   0.859776e-03  -0.139429e-01
   0.450758e-01   0.859799e-03   0.139427e-01
   0.106644e-01   0.431855e-03   0.335658e-09
   0.108388e-01  -0.595417e-02   0.132400e-01
   0.108385e-01  -0.595426e-02  -0.132398e-01
  -0.575549e-03   0.951693e-03  -0.180849e-02
  -0.575524e-03   0.951669e-03   0.180836e-02
   0.107417e-02  -0.126926e-03   0.248918e-03
   0.107413e-02  -0.126928e-03  -0.248921e-03
   0.424036e-03  -0.456849e-04  -0.566318e-08
  -0.560798e-01   0.235526e-01  -0.187639e-06
   0.375461e-01  -0.111719e-01   0.576893e-07
  -0.527105e-01  -0.253105e-04  -0.143712e-02
  -0.527105e-01  -0.253220e-04   0.143736e-02
   0.451115e-01   0.575063e-03  -0.139391e-01
   0.451116e-01   0.575084e-03   0.139389e-01
   0.106654e-01  -0.609033e-03   0.392694e-08
   0.108337e-01  -0.599152e-02   0.131899e-01
   0.108334e-01  -0.599161e-02  -0.131897e-01
  -0.587522e-03  -0.645027e-03  -0.183356e-02
  -0.587497e-03  -0.645043e-03   0.183343e-02
   0.107395e-02   0.173521e-03   0.252117e-03
   0.107392e-02   0.173520e-03  -0.252119e-03
   0.426319e-03   0.549583e-04  -0.400950e-08
  -0.561554e-01   0.228049e-01  -0.192200e-06
   0.375275e-01  -0.115210e-01   0.372058e-07
  -0.526734e-01  -0.747393e-04  -0.147146e-02
  -0.526733e-01  -0.747345e-04   0.147172e-02
   0.450730e-01   0.207971e-03  -0.139461e-01
   0.450730e-01   0.207996e-03   0.139460e-01
   0.106600e-01  -0.560908e-05   0.120673e-07
   0.108663e-01  -0.588517e-02   0.132102e-01
   0.108660e-01  -0.588527e-02  -0.132100e-01
  -0.569496e-03   0.211360e-03  -0.184655e-02
  -0.569469e-03   0.211336e-03   0.184643e-02
   0.107511e-02  -0.113712e-03   0.249621e-03
   0.107508e-02  -0.113712e-03  -0.249624e-03
   0.425155e-03   0.303677e-04  -0.717644e-08
  -0.560107e-01   0.240331e-01  -0.185667e-06
   0.375524e-01  -0.106906e-01   0.499764e-07
  -0.527171e-01  -0.199917e-02  -0.143232e-02
  -0.527171e-01  -0.199918e-02   0.143256e-02
   0.451153e-01   0.122704e-02  -0.139305e-01
   0.451154e-01   0.122706e-02   0.139304e-01
   0.106664e-01  -0.171549e-03  -0.153365e-08
   0.108047e-01  -0.605930e-02   0.132181e-01
   0.108044e-01  -0.605940e-02  -0.132179e-01
  -0.590309e-03   0.963495e-04  -0.183077e-02
  -0.590284e-03   0.963306e-04   0.183064e-02
   0.107062e-02   0.160195e-03   0.251431e-03
   0.107059e-02   0.160194e-03  -0.251433e-03
   0.425796e-03  -0.210975e-04  -0.523771e-08
  -0.565314e-01   0.240923e-01  -0.191794e-06
   0.375847e-01  -0.134353e-01   0.553611e-07
  -0.527187e-01  -0.743495e-03  -0.142559e-02
  -0.527187e-01  -0.743501e-03   0.142582e-02
   0.450404e-01   0.110341e-02  -0.139282e-01
   0.450404e-01   0.110343e-02   0.139281e-01
   0.106595e-01   0.936192e-05  -0.388395e-08
   0.111316e-01  -0.575853e-02   0.124876e-01
   0.111313e-01  -0.575862e-02  -0.124874e-01
  -0.594431e-03   0.920651e-04  -0.182645e-02
  -0.594409e-03   0.920479e-04   0.182632e-02
   0.107074e-02  -0.261253e-04   0.251986e-03
   0.107071e-02  -0.261271e-04  -0.251989e-03
   0.428102e-03  -0.973129e-06  -0.438574e-08
  -0.555982e-01   0.227643e-01  -0.188025e-06
   0.374333e-01  -0.876523e-02   0.584959e-07
  -0.526726e-01  -0.133163e-02  -0.147285e-02
  -0.526726e-01  -0.133161e-02   0.147308e-02
   0.451452e-01   0.330946e-03  -0.139635e-01
   0.451453e-01   0.330960e-03   0.139633e-01
   0.106751e-01  -0.187241e-03  -0.350855e-08
   0.105503e-01  -0.619914e-02   0.139745e-01
   0.105500e-01  -0.619923e-02  -0.139743e-01
  -0.566958e-03   0.215903e-03  -0.184875e-02
  -0.566931e-03   0.215878e-03   0.184863e-02
   0.107791e-02   0.730388e-04   0.249828e-03
   0.107788e-02   0.730382e-04  -0.249830e-03
   0.422347e-03   0.100581e-04  -0.545869e-08
  -0.566795e-01   0.229059e-01  -0.191455e-06
   0.376581e-01  -0.111222e-01   0.555081e-07
  -0.526464e-01  -0.996414e-03  -0.144388e-02
  -0.526464e-01  -0.996417e-03   0.144411e-02
   0.450413e-01   0.724441e-03  -0.139534e-01
   0.450413e-01   0.724464e-03   0.139532e-01
   0.106541e-01  -0.826816e-04  -0.219946e-08
   0.110896e-01  -0.575553e-02   0.127188e-01
   0.110894e-01  -0.575562e-02  -0.127187e-01
  -0.588049e-03   0.156222e-03  -0.182902e-02
  -0.588025e-03   0.156202e-03   0.182889e-02
   0.107438e-02   0.174999e-04   0.251768e-03
   0.107434e-02   0.174982e-04  -0.251770e-03
   0.425995e-03   0.667910e-05  -0.434026e-08
  -0.554830e-01   0.239354e-01  -0.185690e-06
   0.373905e-01  -0.110864e-01   0.537826e-07
  -0.527393e-01  -0.107767e-02  -0.146317e-02
  -0.527392e-01  -0.107767e-02   0.146340e-02
   0.451542e-01   0.710543e-03  -0.139292e-01
   0.451542e-01   0.710570e-03   0.139290e-01
   0.106760e-01  -0.943001e-04  -0.491958e-08
   0.105825e-01  -0.619183e-02   0.137234e-01
   0.105822e-01  -0.619193e-02  -0.137233e-01
  -0.574700e-03   0.151300e-03  -0.184657e-02
  -0.574676e-03   0.151279e-03   0.184644e-02
   0.107351e-02   0.290848e-04   0.249406e-03
   0.107347e-02   0.290837e-04  -0.249408e-03
   0.424274e-03   0.250312e-05  -0.469662e-08
  -0.560835e-01   0.234161e-01   0.149001e-03
   0.375351e-01  -0.111059e-01   0.566615e-04
  -0.507260e-01  -0.107236e-02  -0.126027e-02
  -0.546128e-01  -0.998693e-03   0.165398e-02
   0.456810e-01   0.752352e-03  -0.108962e-01
   0.445646e-01   0.682424e-03   0.168328e-01
   0.105605e-01  -0.903333e-04  -0.660286e-02
   0.108369e-01  -0.598592e-02   0.132124e-01
   0.108320e-01  -0.595664e-02  -0.132100e-01
  -0.657948e-03   0.163292e-03  -0.173025e-02
  -0.502605e-03   0.143757e-03   0.194696e-02
   0.123157e-02   0.159255e-04   0.374058e-03
   0.917202e-03   0.305333e-04  -0.129041e-03
   0.423861e-03   0.552903e-05  -0.397216e-03
  -0.560826e-01   0.234199e-01  -0.112006e-03
   0.375535e-01  -0.111055e-01  -0.144352e-02
  -0.480573e-01  -0.100773e-02  -0.160959e-03
  -0.571433e-01  -0.106574e-02   0.276873e-02
   0.418638e-01   0.694922e-03  -0.135439e-01
   0.481292e-01   0.739713e-03   0.143110e-01
   0.106523e-01  -0.888354e-04  -0.206782e-02
   0.108096e-01  -0.595790e-02   0.132573e-01
   0.108621e-01  -0.598726e-02  -0.131676e-01
  -0.682165e-03   0.143392e-03  -0.165794e-02
  -0.474939e-03   0.163997e-03   0.201892e-02
   0.947445e-03   0.194708e-04   0.214527e-03
   0.119783e-02   0.269740e-04  -0.286811e-03
   0.424594e-03   0.454871e-05  -0.129943e-03
  -0.560663e-01   0.234096e-01  -0.599193e-03
   0.376118e-01  -0.110798e-01  -0.830695e-02
  -0.543649e-01  -0.109039e-02   0.290496e-02
  -0.511106e-01  -0.991169e-03   0.565174e-02
   0.444021e-01   0.718233e-03  -0.142735e-01
   0.457880e-01   0.709188e-03   0.136083e-01
   0.106674e-01  -0.894199e-04   0.498594e-03
   0.108257e-01  -0.596582e-02   0.132506e-01
   0.108395e-01  -0.598103e-02  -0.131885e-01
  -0.884386e-03   0.156441e-03  -0.160282e-02
  -0.281008e-03   0.151844e-03   0.206696e-02
   0.106919e-02   0.275767e-04   0.235756e-03
   0.107843e-02   0.201972e-04  -0.265471e-03
   0.425106e-03   0.458772e-05   0.195119e-04
  -0.560833e-01   0.234198e-01  -0.740293e-05
   0.375247e-01  -0.111059e-01   0.364645e-04
  -0.526689e-01  -0.103550e-02  -0.159566e-02
  -0.527178e-01  -0.103843e-02   0.131313e-02
   0.477319e-01   0.737302e-03  -0.183533e-01
   0.425698e-01   0.698413e-03   0.970741e-02
   0.106659e-01  -0.884779e-04  -0.149153e-03
   0.108320e-01  -0.597273e-02   0.132100e-01
   0.108399e-01  -0.597224e-02  -0.132181e-01
  -0.570295e-03   0.152388e-03  -0.180314e-02
  -0.591699e-03   0.155008e-03   0.187057e-02
  -0.166486e-02   0.337280e-05   0.482522e-02
   0.370843e-02   0.424623e-04   0.414961e-02
   0.424202e-03   0.458900e-05   0.143265e-04
  -0.560830e-01   0.234198e-01   0.411135e-04
   0.375252e-01  -0.111059e-01  -0.145888e-03
  -0.553202e-01  -0.980181e-03  -0.589381e-02
  -0.501709e-01  -0.109114e-02  -0.280784e-02
   0.451170e-01   0.711837e-03  -0.140668e-01
   0.450799e-01   0.723065e-03   0.138168e-01
   0.106658e-01  -0.885191e-04   0.905358e-05
   0.108424e-01  -0.597174e-02   0.132169e-01
   0.108292e-01  -0.597336e-02  -0.132111e-01
   0.214307e-02   0.100441e-03   0.274216e-02
  -0.320053e-02   0.204492e-03   0.624201e-02
   0.106284e-02   0.240505e-04   0.284902e-03
   0.108457e-02   0.225779e-04  -0.217533e-03
   0.424653e-03   0.459087e-05  -0.999045e-05
  -0.562194e-01   0.233293e-01  -0.935246e-02
   0.375249e-01  -0.111119e-01  -0.217034e-03
  -0.526757e-01  -0.125062e-02  -0.145790e-02
  -0.526833e-01  -0.817223e-03   0.145300e-02
   0.450729e-01   0.822456e-03  -0.139427e-01
   0.451034e-01   0.613649e-03   0.139399e-01
   0.106647e-01  -0.883788e-04   0.236084e-04
   0.136415e-01  -0.419727e-02   0.181074e-01
   0.816108e-02  -0.765502e-02  -0.856326e-02
  -0.586955e-03   0.254764e-03  -0.182728e-02
  -0.575246e-03   0.504617e-04   0.184789e-02
   0.107291e-02   0.324447e-05   0.244038e-03
   0.107434e-02   0.421502e-04  -0.257219e-03
   0.424941e-03   0.437547e-05   0.203088e-05
  -0.560813e-01   0.234188e-01   0.229746e-03
   0.375321e-01  -0.111055e-01  -0.102988e-02
  -0.515271e-01  -0.103599e-02   0.493785e-03
  -0.538375e-01  -0.103781e-02   0.340142e-02
   0.452166e-01   0.726562e-03  -0.161900e-01
   0.449660e-01   0.708445e-03   0.116833e-01
   0.106561e-01  -0.886442e-04   0.618945e-03
   0.108553e-01  -0.598020e-02   0.132275e-01
   0.108161e-01  -0.596410e-02  -0.131991e-01
  -0.814205e-03   0.144561e-03  -0.153702e-02
  -0.348453e-03   0.162658e-03   0.213275e-02
   0.161002e-02   0.219191e-04   0.423685e-03
   0.531446e-03   0.247279e-04  -0.786536e-04
   0.425067e-03   0.458910e-05  -0.176446e-03
  -0.560830e-01   0.234196e-01  -0.769324e-05
   0.375249e-01  -0.111059e-01   0.275048e-04
  -0.526419e-01  -0.103842e-02  -0.137619e-02
  -0.527425e-01  -0.103518e-02   0.153148e-02
   0.455393e-01   0.721445e-03  -0.140394e-01
   0.446602e-01   0.713776e-03   0.138425e-01
   0.106679e-01  -0.894493e-04   0.103872e-02
   0.108340e-01  -0.597301e-02   0.132146e-01
   0.108381e-01  -0.597189e-02  -0.132136e-01
  -0.558902e-03   0.154285e-03  -0.184483e-02
  -0.603748e-03   0.153087e-03   0.183048e-02
   0.106374e-02   0.233412e-04   0.235581e-03
   0.108446e-02   0.231226e-04  -0.265735e-03
   0.417509e-03   0.515324e-05  -0.973358e-03
  -0.560831e-01   0.234197e-01   0.707424e-04
   0.375255e-01  -0.111059e-01  -0.544248e-04
  -0.528210e-01  -0.104075e-02  -0.102635e-02
  -0.525610e-01  -0.103314e-02   0.188480e-02
   0.442984e-01   0.714740e-03  -0.145172e-01
   0.458996e-01   0.720191e-03   0.133693e-01
   0.106662e-01  -0.884584e-04  -0.686374e-03
   0.108426e-01  -0.597589e-02   0.132063e-01
   0.108295e-01  -0.596902e-02  -0.132218e-01
  -0.566716e-03   0.153990e-03  -0.183662e-02
  -0.595852e-03   0.153432e-03   0.183882e-02
   0.185742e-02   0.266662e-04   0.726624e-03
   0.283289e-03   0.198834e-04   0.212907e-03
   0.425232e-03   0.458935e-05   0.331879e-04
  -0.560830e-01   0.234195e-01  -0.130345e-04
   0.375234e-01  -0.111058e-01   0.717328e-03
  -0.534834e-01  -0.106061e-02  -0.889583e-03
  -0.519035e-01  -0.101319e-02   0.202308e-02
   0.449893e-01   0.729712e-03  -0.143652e-01
   0.452035e-01   0.705156e-03   0.135207e-01
   0.106647e-01  -0.884746e-04   0.234619e-04
   0.108194e-01  -0.597874e-02   0.132118e-01
   0.108529e-01  -0.596598e-02  -0.132163e-01
   0.213700e-03   0.169361e-03  -0.231336e-02
  -0.136977e-02   0.137802e-03   0.134910e-02
   0.108881e-02   0.222652e-04   0.249281e-03
   0.105891e-02   0.243471e-04  -0.251884e-03
   0.425048e-03   0.459739e-05  -0.454224e-04
  -0.560612e-01   0.234130e-01  -0.170429e-02
   0.375173e-01  -0.110861e-01   0.148412e-02
  -0.534229e-01  -0.947453e-03  -0.147287e-02
  -0.519663e-01  -0.113074e-02   0.143280e-02
   0.450026e-01   0.667143e-03  -0.139159e-01
   0.451892e-01   0.761309e-03   0.139664e-01
   0.106651e-01  -0.892265e-04   0.843684e-04
   0.107075e-01  -0.590340e-02   0.133136e-01
   0.109601e-01  -0.604449e-02  -0.131224e-01
  -0.599147e-03   0.120709e-03  -0.186135e-02
  -0.565223e-03   0.187343e-03   0.181406e-02
   0.104690e-02   0.296870e-04   0.243588e-03
   0.110086e-02   0.175807e-04  -0.257775e-03
   0.425156e-03   0.463990e-05  -0.435686e-05
  -0.560823e-01   0.234181e-01   0.839624e-03
   0.375202e-01  -0.111070e-01  -0.901883e-03
  -0.526274e-01  -0.914650e-03  -0.141716e-02
  -0.527535e-01  -0.115899e-02   0.149074e-02
   0.451230e-01   0.670110e-03  -0.139559e-01
   0.450683e-01   0.764849e-03   0.139256e-01
   0.106646e-01  -0.884278e-04  -0.299972e-04
   0.113229e-01  -0.598465e-02   0.132275e-01
   0.103540e-01  -0.595772e-02  -0.132043e-01
  -0.591471e-03   0.116520e-03  -0.182689e-02
  -0.571267e-03   0.190683e-03   0.184828e-02
   0.108103e-02   0.275975e-04   0.252053e-03
   0.106681e-02   0.189735e-04  -0.249124e-03
   0.425147e-03   0.459491e-05   0.140545e-05
  -0.559736e-01   0.233805e-01  -0.323110e-03
   0.375025e-01  -0.110860e-01  -0.645121e-04
  -0.526144e-01  -0.199013e-02  -0.142116e-02
  -0.526122e-01  -0.798002e-04   0.153115e-02
   0.450473e-01   0.883737e-03  -0.138748e-01
   0.449780e-01   0.547918e-03   0.139344e-01
   0.106443e-01  -0.881582e-04  -0.630274e-04
   0.108208e-01  -0.574717e-02   0.133321e-01
   0.108069e-01  -0.617917e-02  -0.130383e-01
  -0.576453e-03   0.168430e-03  -0.184652e-02
  -0.581286e-03   0.138522e-03   0.183291e-02
   0.106814e-02   0.435911e-03   0.255725e-03
   0.106703e-02  -0.389348e-03  -0.251416e-03
   0.423067e-03   0.480922e-05  -0.346949e-05
  -0.560745e-01   0.234166e-01   0.605081e-04
   0.375227e-01  -0.111046e-01   0.900038e-05
  -0.526981e-01  -0.107992e-02  -0.146647e-02
  -0.526616e-01  -0.993744e-03   0.145347e-02
   0.450960e-01  -0.663369e-03  -0.139475e-01
   0.451046e-01   0.209840e-02   0.139306e-01
   0.106600e-01  -0.884700e-04   0.246725e-04
   0.108246e-01  -0.597227e-02   0.131754e-01
   0.108448e-01  -0.597102e-02  -0.132495e-01
  -0.582809e-03   0.107707e-03  -0.183505e-02
  -0.580794e-03   0.199631e-03   0.183976e-02
   0.105854e-02   0.873949e-03   0.261490e-03
   0.106138e-02  -0.827508e-03  -0.255903e-03
   0.425244e-03   0.455031e-05  -0.476621e-06
  -0.559501e-01   0.233578e-01  -0.360928e-03
   0.374339e-01  -0.110772e-01  -0.958231e-04
  -0.525459e-01  -0.165300e-02  -0.140017e-02
  -0.525596e-01  -0.415100e-03   0.149770e-02
   0.450079e-01   0.516067e-03  -0.138769e-01
   0.449662e-01   0.915993e-03   0.139232e-01
   0.106342e-01  -0.883384e-04  -0.542378e-04
   0.108484e-01  -0.576785e-02   0.133690e-01
   0.107768e-01  -0.614369e-02  -0.129953e-01
  -0.580254e-03   0.629930e-03  -0.182951e-02
  -0.599341e-03  -0.325035e-03   0.182446e-02
   0.107401e-02  -0.216989e-04   0.248182e-03
   0.106845e-02   0.678460e-04  -0.250268e-03
   0.425432e-03   0.427736e-05   0.579444e-06
  -0.560808e-01   0.234185e-01   0.219310e-03
   0.375207e-01  -0.111064e-01   0.395258e-04
  -0.527025e-01  -0.125025e-02  -0.147908e-02
  -0.526720e-01  -0.823202e-03   0.143033e-02
   0.450804e-01   0.757578e-03  -0.139442e-01
   0.451071e-01   0.677314e-03   0.139403e-01
   0.106668e-01  -0.885748e-04   0.810351e-05
   0.107972e-01  -0.594710e-02   0.131050e-01
   0.108729e-01  -0.599688e-02  -0.133263e-01
  -0.586024e-03   0.194194e-03  -0.183498e-02
  -0.576452e-03   0.113473e-03   0.184048e-02
   0.107288e-02   0.260597e-04   0.251196e-03
   0.107492e-02   0.206543e-04  -0.250260e-03
   0.424952e-03   0.463921e-05   0.579847e-06
