   0.396081e-03   0.114499e-06  -0.752808e-04
   0.359124e-02   0.176820e-05   0.405064e-04
  -0.410505e-02   0.782389e-04   0.962944e-04
  -0.410495e-02  -0.817099e-04   0.966704e-04
   0.179592e-02   0.552631e-04   0.120237e-04
   0.179587e-02  -0.536407e-04   0.117928e-04
  -0.146713e-02  -0.749978e-06  -0.552166e-04
  -0.386563e-04   0.171069e-05  -0.370644e-05
  -0.386319e-04  -0.181725e-05  -0.370034e-05
   0.223851e-03   0.353833e-04  -0.241581e-04
   0.223889e-03  -0.353512e-04  -0.241357e-04
   0.157029e-02   0.420692e-04  -0.237719e-04
   0.157033e-02  -0.406136e-04  -0.237802e-04
  -0.141305e-02  -0.665316e-06  -0.235376e-04
   0.798275e-03  -0.230494e-05  -0.292223e-03
   0.716748e-02  -0.202790e-04   0.179530e-03
  -0.818976e-02   0.343842e-03   0.361442e-03
  -0.819156e-02  -0.296981e-03   0.361739e-03
   0.358306e-02   0.208755e-03   0.577881e-04
   0.358171e-02  -0.229172e-03   0.575256e-04
  -0.293188e-02   0.826888e-05  -0.232368e-03
  -0.772632e-04   0.673563e-05  -0.155485e-04
  -0.772805e-04  -0.637298e-05  -0.155398e-04
   0.444463e-03   0.140102e-03  -0.949693e-04
   0.443664e-03  -0.142795e-03  -0.949610e-04
   0.313305e-02   0.156414e-03  -0.848331e-04
   0.313210e-02  -0.174216e-03  -0.848674e-04
  -0.281607e-02   0.800369e-05  -0.102715e-03
   0.121090e-02  -0.627621e-05  -0.652348e-03
   0.107155e-01  -0.557503e-04   0.388998e-03
  -0.122333e-01   0.785924e-03   0.825114e-03
  -0.122408e-01  -0.658333e-03   0.825307e-03
   0.535358e-02   0.464311e-03   0.123257e-03
   0.534836e-02  -0.520106e-03   0.122895e-03
  -0.439352e-02   0.228507e-04  -0.519784e-03
  -0.115722e-03   0.148977e-04  -0.354071e-04
  -0.115854e-03  -0.137587e-04  -0.354063e-04
   0.658338e-03   0.314758e-03  -0.214189e-03
   0.655027e-03  -0.321727e-03  -0.214233e-03
   0.468041e-02   0.347179e-03  -0.194203e-03
   0.467653e-02  -0.395849e-03  -0.194298e-03
  -0.419946e-02   0.218797e-04  -0.225703e-03
   0.163770e-02  -0.103571e-04  -0.114945e-02
   0.142238e-01  -0.920098e-04   0.669397e-03
  -0.162178e-01   0.139118e-02   0.148172e-02
  -0.162343e-01  -0.118181e-02   0.148146e-02
   0.709982e-02   0.827305e-03   0.208898e-03
   0.708843e-02  -0.919134e-03   0.208286e-03
  -0.585204e-02   0.379691e-04  -0.919944e-03
  -0.153718e-03   0.255157e-04  -0.639171e-04
  -0.154015e-03  -0.235848e-04  -0.639193e-04
   0.861713e-03   0.560249e-03  -0.381413e-03
   0.854392e-03  -0.571336e-03  -0.381655e-03
   0.620412e-02   0.619311e-03  -0.348326e-03
   0.619558e-02  -0.699285e-03  -0.348654e-03
  -0.555362e-02   0.359797e-04  -0.392486e-03
   0.208079e-02  -0.130701e-04  -0.177670e-02
   0.176828e-01  -0.115483e-03   0.100989e-02
  -0.201273e-01   0.214594e-02   0.233584e-02
  -0.201535e-01  -0.188438e-02   0.233494e-02
   0.881444e-02   0.130301e-02   0.309516e-03
   0.879659e-02  -0.141802e-02   0.308488e-03
  -0.730882e-02   0.479555e-04  -0.143138e-02
  -0.190704e-03   0.379604e-04  -0.101528e-03
  -0.191165e-03  -0.355105e-04  -0.101533e-03
   0.105030e-02   0.877483e-03  -0.596768e-03
   0.103876e-02  -0.890920e-03  -0.597264e-03
   0.769528e-02   0.977734e-03  -0.546829e-03
   0.768187e-02  -0.107765e-02  -0.547453e-03
  -0.686932e-02   0.449518e-04  -0.599219e-03
   0.254273e-02  -0.176792e-04  -0.252447e-02
   0.210839e-01  -0.155832e-03   0.141202e-02
  -0.239441e-01   0.308520e-02   0.337725e-02
  -0.239869e-01  -0.273467e-02   0.337512e-02
   0.104937e-01   0.187528e-02   0.425910e-03
   0.104648e-01  -0.203000e-02   0.424040e-03
  -0.876489e-02   0.653235e-04  -0.205983e-02
  -0.225791e-03   0.518484e-04  -0.148920e-03
  -0.226508e-03  -0.484988e-04  -0.148946e-03
   0.122246e-02   0.126516e-02  -0.859256e-03
   0.120367e-02  -0.128247e-02  -0.860307e-03
   0.914782e-02   0.140869e-02  -0.782476e-03
   0.912607e-02  -0.154263e-02  -0.783739e-03
  -0.813690e-02   0.602859e-04  -0.846390e-03
   0.302415e-02  -0.229434e-04  -0.338213e-02
   0.244203e-01  -0.202363e-03   0.186032e-02
  -0.276537e-01   0.419840e-02   0.461192e-02
  -0.277192e-01  -0.374699e-02   0.460754e-02
   0.121318e-01   0.254754e-02   0.550090e-03
   0.120881e-01  -0.274783e-02   0.546752e-03
  -0.102224e-01   0.857963e-04  -0.280445e-02
  -0.258002e-03   0.664263e-04  -0.206435e-03
  -0.259042e-03  -0.620294e-04  -0.206497e-03
   0.137478e-02   0.172455e-02  -0.116860e-02
   0.134615e-02  -0.174578e-02  -0.117061e-02
   0.105538e-01   0.191545e-02  -0.105307e-02
   0.105208e-01  -0.208794e-02  -0.105544e-02
  -0.934754e-02   0.777175e-04  -0.112939e-02
   0.352788e-02  -0.212493e-04  -0.433458e-02
   0.276861e-01  -0.186209e-03   0.235459e-02
  -0.312590e-01   0.541116e-02   0.602524e-02
  -0.313285e-01  -0.499910e-02   0.601995e-02
   0.137157e-01   0.335154e-02   0.679837e-03
   0.136696e-01  -0.353521e-02   0.675906e-03
  -0.116819e-01   0.798891e-04  -0.367231e-02
  -0.286314e-03   0.801342e-04  -0.274607e-03
  -0.287339e-03  -0.761168e-04  -0.274675e-03
   0.149988e-02   0.225993e-02  -0.152376e-02
   0.146953e-02  -0.227829e-02  -0.152616e-02
   0.119007e-01   0.252550e-02  -0.134833e-02
   0.118658e-01  -0.268286e-02  -0.135114e-02
  -0.104921e-01   0.708781e-04  -0.144995e-02
   0.404384e-02  -0.216944e-04  -0.537448e-02
   0.308819e-01  -0.187795e-03   0.281505e-02
  -0.347203e-01   0.681466e-02   0.769312e-02
  -0.348000e-01  -0.640246e-02   0.768675e-02
   0.152498e-01   0.424442e-02   0.773336e-03
   0.151973e-01  -0.442894e-02   0.768736e-03
  -0.131534e-01   0.816108e-04  -0.463766e-02
  -0.309975e-03   0.931094e-04  -0.353039e-03
  -0.311056e-03  -0.891266e-04  -0.353111e-03
   0.159688e-02   0.286821e-02  -0.192677e-02
   0.156211e-02  -0.288548e-02  -0.192964e-02
   0.131844e-01   0.320257e-02  -0.168925e-02
   0.131447e-01  -0.335980e-02  -0.169258e-02
  -0.115660e-01   0.707105e-04  -0.178045e-02
   0.457094e-02  -0.241634e-04  -0.648224e-02
   0.340050e-01  -0.212394e-03   0.322927e-02
  -0.380217e-01   0.841361e-02   0.961226e-02
  -0.381229e-01  -0.795441e-02   0.960217e-02
   0.167301e-01   0.522001e-02   0.821631e-03
   0.166641e-01  -0.542759e-02   0.814648e-03
  -0.146396e-01   0.940525e-04  -0.570401e-02
  -0.327802e-03   0.104802e-03  -0.441943e-03
  -0.329051e-03  -0.100297e-03  -0.442054e-03
   0.166405e-02   0.355126e-02  -0.237502e-02
   0.161996e-02  -0.356869e-02  -0.237951e-02
   0.143995e-01   0.394300e-02  -0.206475e-02
   0.143496e-01  -0.411823e-02  -0.206988e-02
  -0.125622e-01   0.790556e-04  -0.212057e-02
