    22.319706     3.828496    -1.609827     0.115643    -0.043785     0.526306    -2.072373    17.281735
    16.595523     0.629001    -1.196946     0.299347     0.184474    -0.747509     0.020318    -0.058912
     0.214292     0.005718    -0.026113     0.023822     0.492231     3.706877    -1.691442     0.004361
     1.167311     0.565269     0.189766     0.031170     0.678743     1.127669    -1.826171     0.456011
     0.176666     0.235507     0.776091    -0.037853
     3.828496    13.892736     6.028324    -0.009559     0.033954     0.184289    -2.577967    -0.658467
    -0.743590    -0.184681     0.132679    -0.512779     0.284507     0.170417     0.022986    -0.070001
     0.101403     0.005153    -0.039031     0.036256     0.510652     5.306316    -1.742088     0.241758
     1.542642     0.492228     0.136732    -0.042952     0.545979     0.873371    -1.092283     0.268945
     0.250803     0.289189     0.534856    -0.007380
    -1.609827     6.028324    22.994518    -0.030107     0.024519    -0.245269    -1.606324   -14.082529
   -14.652578    -0.126317     0.593603     0.014705     0.227438    -0.646619     0.024021    -0.055594
     0.212292     0.006055    -0.014717     0.110497     0.156898     5.634562    -2.173184    -0.006779
     1.419050     0.547555     0.138043     0.130053     0.523012     0.856952    -0.536771     0.188728
     0.230260     0.230442     1.081468    -0.202622
     0.115643    -0.009559    -0.030107     5.980515     0.058083     0.020968     0.015196    -0.115020
     0.106518    -0.010673     0.008437     0.007009     0.000648    -0.003809    -0.000356    -0.000425
     0.001492    -0.000104    -0.000034    -0.000035     0.002769    -0.010945     0.003281     0.000755
     0.001245     0.001299     0.001834    -0.000009     0.000611     0.002686    -0.006637    -0.002621
    -0.002724     0.000512    -0.000697     0.000366
    -0.043785     0.033954     0.024519     0.058083     5.985806     0.054259     0.004092    -0.087807
    -0.325472     0.002056    -0.010542     0.001638    -0.003482     0.000389     0.006055    -0.000662
    -0.002612     0.000078    -0.000731     0.002196    -0.002190    -0.017183     0.010877     0.001566
    -0.004647    -0.003939    -0.002430     0.009061    -0.006199    -0.007311     0.011922    -0.006460
     0.002658     0.001005    -0.003130    -0.000770
     0.526306     0.184289    -0.245269     0.020968     0.054259     6.052123    -0.050664     0.834028
     0.895387     0.015527    -0.021834     0.014292     0.003710    -0.013455     0.001830     0.031917
     0.015237    -0.000430    -0.000847    -0.020170     0.018204     0.118389    -0.030921     0.008651
     0.058243     0.022634     0.003012     0.005784     0.024577     0.037579    -0.061038     0.019257
    -0.004712     0.033650     0.017248     0.001547
    -2.072373    -2.577967    -1.606324     0.015196     0.004092    -0.050664     5.133783    -0.533064
    -0.623319    -0.060107     0.119584     0.082164    -0.065096     0.134194    -0.004254    -0.000918
    -0.005375    -0.002040     0.000506    -0.024171    -0.066805    -2.737593     0.896615     0.224485
    -0.336628    -0.308103    -0.089961    -0.069680    -0.369514    -0.539834     0.645008    -0.228074
    -0.141215    -0.278270    -0.575567     0.067899
    17.281735    -0.658467   -14.082529    -0.115020    -0.087807     0.834028    -0.533064    31.838855
    30.314778     0.578406    -2.348743     0.416839    -0.027988    -0.484861    -0.001391    -0.001408
     0.056840     0.005854    -0.013521    -0.030565     0.323801    -0.168023    -0.105329     0.006851
     0.195995     0.144816     0.109024    -0.007542     0.281520     0.527119    -1.345196     0.402446
     0.002256     0.122110     0.135212     0.097149
    16.595523    -0.743590   -14.652578     0.106518    -0.325472     0.895387    -0.623319    30.314778
    31.989738     1.013122    -2.250704     0.351766    -0.054474    -0.398554    -0.003310     0.006436
     0.042022     0.004545    -0.010684    -0.025105     0.253260    -0.263604     0.030868     0.024902
     0.086518     0.109560     0.080305    -0.005166     0.200755     0.418916    -1.103536     0.405395
     0.000628     0.115875     0.097125     0.098037
     0.629001    -0.184681    -0.126317    -0.010673     0.002056     0.015527    -0.060107     0.578406
     1.013122     1.252274     0.019234     0.009819    -0.002732    -0.019799    -0.000113    -0.001360
     0.002801     0.000067    -0.000518     0.002412     0.010117     0.105017    -0.036815     0.004487
     0.029092     0.012466     0.004890    -0.005916     0.012735     0.025779    -0.036506     0.014207
    -0.009613     0.004264     0.019552     0.001561
    -1.196946     0.132679     0.593603     0.008437    -0.010542    -0.021834     0.119584    -2.348743
    -2.250704     0.019234     1.223337    -0.002364     0.008665     0.047945     0.002485    -0.018008
     0.012245    -0.000898     0.003340    -0.025291     0.002088    -0.172682     0.053114    -0.009699
    -0.074258    -0.007422    -0.006270     0.000118    -0.011790    -0.027624     0.049565    -0.057875
    -0.010686    -0.025606    -0.026045    -0.003864
     0.299347    -0.512779     0.014705     0.007009     0.001638     0.014292     0.082164     0.416839
     0.351766     0.009819    -0.002364     7.843726     0.270105    -0.163062     0.045442     0.079676
     0.731202     0.292434     0.276248    -0.168697     0.022699     0.441106    -0.126649     0.037315
     0.176381    -0.121643    -0.015328    -0.107496    -0.038235    -0.174269     0.363838     0.014722
     0.000375    -0.000450     0.079654     0.082318
     0.184474     0.284507     0.227438     0.000648    -0.003482     0.003710    -0.065096    -0.027988
    -0.054474    -0.002732     0.008665     0.270105     8.098221     0.616555     0.026975     0.187862
     0.859657     0.068711    -0.198430    -0.158704     0.017425     0.077239    -0.057450    -0.018087
     0.018722     0.074303     0.001500     0.005616     0.042935     0.139309    -0.249756    -0.093805
    -0.025400    -0.147719    -0.046101     0.009316
    -0.747509     0.170417    -0.646619    -0.003809     0.000389    -0.013455     0.134194    -0.484861
    -0.398554    -0.019799     0.047945    -0.163062     0.616555     7.788979    -0.017230     0.110588
     0.448807     0.001160    -0.009431    -0.451228     0.396831    -0.651437     0.305003     0.008082
    -0.203123     0.026621    -0.012977     0.085494    -0.041037    -0.008113     0.084315    -0.076521
    -0.004290    -0.000168     0.033650    -0.081594
     0.020318     0.022986     0.024021    -0.000356     0.006055     0.001830    -0.004254    -0.001391
    -0.003310    -0.000113     0.002485     0.045442     0.026975    -0.017230     5.955539     0.045808
    -0.215201    -0.009546    -0.015594    -0.011142     0.020146     0.028484    -0.007645     0.000932
     0.014624     0.005893    -0.003537     0.006803     0.003440     0.006246    -0.003531     0.003594
     0.012174     0.002378     0.007035     0.001000
    -0.058912    -0.070001    -0.055594    -0.000425    -0.000662     0.031917    -0.000918    -0.001408
     0.006436    -0.001360    -0.018008     0.079676     0.187862     0.110588     0.045808     5.993690
     0.221585     0.007601     0.012009    -0.003990    -0.061822    -0.054169     0.001171    -0.002523
    -0.028891    -0.012509    -0.002314    -0.008661     0.005241    -0.023183     0.014763     0.003140
     0.001214    -0.008176    -0.015376     0.000718
     0.214292     0.101403     0.212292     0.001492    -0.002612     0.015237    -0.005375     0.056840
     0.042022     0.002801     0.012245     0.731202     0.859657     0.448807    -0.215201     0.221585
     2.712679     0.118452     0.736591    -0.407385    -0.100437     0.268957    -0.141607     0.008722
     0.053999    -0.010918    -0.007563    -0.012814     0.016563    -0.042850     0.067814    -0.004615
     0.013840     0.011052     0.077512     0.013328
     0.005718     0.005153     0.006055    -0.000104     0.000078    -0.000430    -0.002040     0.005854
     0.004545     0.000067    -0.000898     0.292434     0.068711     0.001160    -0.009546     0.007601
     0.118452     0.607028    -0.021383     0.025759     0.002825     0.008008    -0.000335     0.000606
     0.003132    -0.001008     0.002831    -0.002310     0.000259     0.000406     0.002553    -0.000409
    -0.001801     0.000018     0.001798     0.000272
    -0.026113    -0.039031    -0.014717    -0.000034    -0.000731    -0.000847     0.000506    -0.013521
    -0.010684    -0.000518     0.003340     0.276248    -0.198430    -0.009431    -0.015594     0.012009
     0.736591    -0.021383     1.198901     0.016674    -0.030619    -0.021681     0.003640    -0.000193
    -0.015041    -0.007871    -0.001447    -0.013669    -0.008197    -0.014627     0.014824     0.001613
    -0.006330    -0.004007    -0.004991    -0.000079
     0.023822     0.036256     0.110497    -0.000035     0.002196    -0.020170    -0.024171    -0.030565
    -0.025105     0.002412    -0.025291    -0.168697    -0.158704    -0.451228    -0.011142    -0.003990
    -0.407385     0.025759     0.016674     1.156922     0.016360     0.043154    -0.008335    -0.003598
     0.020470     0.007154     0.001346    -0.002557    -0.005637     0.026316    -0.024555     0.002908
     0.000761     0.008267     0.002024    -0.001777
     0.492231     0.510652     0.156898     0.002769    -0.002190     0.018204    -0.066805     0.323801
     0.253260     0.010117     0.002088     0.022699     0.017425     0.396831     0.020146    -0.061822
    -0.100437     0.002825    -0.030619     0.016360     1.013762     0.419956     0.046045     0.025673
     0.250720     0.048843     0.017248    -0.013317     0.027319     0.104319    -0.048619     0.018864
     0.034824     0.044775     0.083661     0.004210
     3.706877     5.306316     5.634562    -0.010945    -0.017183     0.118389    -2.737593    -0.168023
    -0.263604     0.105017    -0.172682     0.441106     0.077239    -0.651437     0.028484    -0.054169
     0.268957     0.008008    -0.021681     0.043154     0.419956     5.509639    -1.695556     0.126079
     1.532988     0.585172     0.172532     0.098930     0.614556     1.027023    -1.625329     0.336500
     0.218742     0.382241     0.575439     0.095051
    -1.691442    -1.742088    -2.173184     0.003281     0.010877    -0.030921     0.896615    -0.105329
     0.030868    -0.036815     0.053114    -0.126649    -0.057450     0.305003    -0.007645     0.001171
    -0.141607    -0.000335     0.003640    -0.008335     0.046045    -1.695556     6.296622     0.026541
    -0.156139    -0.226660    -0.057142    -0.025995    -0.249111    -0.390953     0.471159    -0.099923
    -0.082012    -0.074479    -0.334637     0.038005
     0.004361     0.241758    -0.006779     0.000755     0.001566     0.008651     0.224485     0.006851
     0.024902     0.004487    -0.009699     0.037315    -0.018087     0.008082     0.000932    -0.002523
     0.008722     0.000606    -0.000193    -0.003598     0.025673     0.126079     0.026541     0.286510
     0.124628     0.011363     0.008533    -0.018153     0.019266     0.037317     0.140458     0.024071
     0.021605     0.085544     0.115372    -0.076991
     1.167311     1.542642     1.419050     0.001245    -0.004647     0.058243    -0.336628     0.195995
     0.086518     0.029092    -0.074258     0.176381     0.018722    -0.203123     0.014624    -0.028891
     0.053999     0.003132    -0.015041     0.020470     0.250720     1.532988    -0.156139     0.124628
     1.365592     0.226150     0.052049     0.031594     0.237497     0.381083    -0.405021     0.089877
     0.069509     0.105489     0.270269    -0.048039
     0.565269     0.492228     0.547555     0.001299    -0.003939     0.022634    -0.308103     0.144816
     0.109560     0.012466    -0.007422    -0.121643     0.074303     0.026621     0.005893    -0.012509
    -0.010918    -0.001008    -0.007871     0.007154     0.048843     0.585172    -0.226660     0.011363
     0.226150     0.607665    -0.364163     0.309243     0.335122     0.451336    -0.389376     0.047533
     0.017902     0.003624     0.058805     0.034125
     0.189766     0.136732     0.138043     0.001834    -0.002430     0.003012    -0.089961     0.109024
     0.080305     0.004890    -0.006270    -0.015328     0.001500    -0.012977    -0.003537    -0.002314
    -0.007563     0.002831    -0.001447     0.001346     0.017248     0.172532    -0.057142     0.008533
     0.052049    -0.364163     1.846905    -0.342813    -0.042388     0.073194    -0.051457     0.002986
    -0.001561    -0.000581     0.026518    -0.001214
     0.031170    -0.042952     0.130053    -0.000009     0.009061     0.005784    -0.069680    -0.007542
    -0.005166    -0.005916     0.000118    -0.107496     0.005616     0.085494     0.006803    -0.008661
    -0.012814    -0.002310    -0.013669    -0.002557    -0.013317     0.098930    -0.025995    -0.018153
     0.031594     0.309243    -0.342813     1.580358    -0.069541    -0.070095    -0.041105     0.017080
     0.022953    -0.022172     0.002703     0.019535
     0.678743     0.545979     0.523012     0.000611    -0.006199     0.024577    -0.369514     0.281520
     0.200755     0.012735    -0.011790    -0.038235     0.042935    -0.041037     0.003440     0.005241
     0.016563     0.000259    -0.008197    -0.005637     0.027319     0.614556    -0.249111     0.019266
     0.237497     0.335122    -0.042388    -0.069541     1.504173     0.131396    -0.399932     0.052614
     0.014382     0.057480     0.069281     0.017286
     1.127669     0.873371     0.856952     0.002686    -0.007311     0.037579    -0.539834     0.527119
     0.418916     0.025779    -0.027624    -0.174269     0.139309    -0.008113     0.006246    -0.023183
    -0.042850     0.000406    -0.014627     0.026316     0.104319     1.027023    -0.390953     0.037317
     0.381083     0.451336     0.073194    -0.070095     0.131396     0.972076    -0.660334     0.055210
     0.016870    -0.009671     0.110537     0.051830
    -1.826171    -1.092283    -0.536771    -0.006637     0.011922    -0.061038     0.645008    -1.345196
    -1.103536    -0.036506     0.049565     0.363838    -0.249756     0.084315    -0.003531     0.014763
     0.067814     0.002553     0.014824    -0.024555    -0.048619    -1.625329     0.471159     0.140458
    -0.405021    -0.389376    -0.051457    -0.041105    -0.399932    -0.660334     2.937194    -0.113311
    -0.036904    -0.035882     0.377931    -0.688874
     0.456011     0.268945     0.188728    -0.002621    -0.006460     0.019257    -0.228074     0.402446
     0.405395     0.014207    -0.057875     0.014722    -0.093805    -0.076521     0.003594     0.003140
    -0.004615    -0.000409     0.001613     0.002908     0.018864     0.336500    -0.099923     0.024071
     0.089877     0.047533     0.002986     0.017080     0.052614     0.055210    -0.113311     1.197693
     0.464220     0.725619     0.035099     0.020539
     0.176666     0.250803     0.230260    -0.002724     0.002658    -0.004712    -0.141215     0.002256
     0.000628    -0.009613    -0.010686     0.000375    -0.025400    -0.004290     0.012174     0.001214
     0.013840    -0.001801    -0.006330     0.000761     0.034824     0.218742    -0.082012     0.021605
     0.069509     0.017902    -0.001561     0.022953     0.014382     0.016870    -0.036904     0.464220
     1.601187    -0.063338     0.018461     0.004495
     0.235507     0.289189     0.230442     0.000512     0.001005     0.033650    -0.278270     0.122110
     0.115875     0.004264    -0.025606    -0.000450    -0.147719    -0.000168     0.002378    -0.008176
     0.011052     0.000018    -0.004007     0.008267     0.044775     0.382241    -0.074479     0.085544
     0.105489     0.003624    -0.000581    -0.022172     0.057480    -0.009671    -0.035882     0.725619
    -0.063338     1.357588     0.043657     0.076054
     0.776091     0.534856     1.081468    -0.000697    -0.003130     0.017248    -0.575567     0.135212
     0.097125     0.019552    -0.026045     0.079654    -0.046101     0.033650     0.007035    -0.015376
     0.077512     0.001798    -0.004991     0.002024     0.083661     0.575439    -0.334637     0.115372
     0.270269     0.058805     0.026518     0.002703     0.069281     0.110537     0.377931     0.035099
     0.018461     0.043657     0.349437    -0.310074
    -0.037853    -0.007380    -0.202622     0.000366    -0.000770     0.001547     0.067899     0.097149
     0.098037     0.001561    -0.003864     0.082318     0.009316    -0.081594     0.001000     0.000718
     0.013328     0.000272    -0.000079    -0.001777     0.004210     0.095051     0.038005    -0.076991
    -0.048039     0.034125    -0.001214     0.019535     0.017286     0.051830    -0.688874     0.020539
     0.004495     0.076054    -0.310074     0.269622
