0.0108566
0.0162568
0.0285778
0.0410465
0.034142
0.0433115
0.0394984
0.0453278
0.0442061
0.0482398
0.0472965
0.0493327
0.0502669
0.0513483
0.052506
0.0535698
0.0536038
0.0545339
0.0554029
0.0557583
0.0563614
0.0570633
0.0590676
0.0593488
0.0595813
0.060725
0.0601289
0.0600411
0.0609517
0.0603756
0.0612537
0.060854
0.0617124
0.0610718
0.0613928
0.0614009
0.0594044
0.0624933
0.0612828
0.0607462
0.0627522
0.0616785
0.0593907
0.0607089
0.0622291
0.062007
0.0612714
0.0604358
0.0609194
0.0615084
0.0613631
0.0610351
0.0615293
0.0613564
0.06085
0.0603459
0.0599995
0.0601423
0.0600218
0.0614138
0.0617498
0.0623804
0.0622729
0.0624211
0.0617974
0.060853
0.0614703
0.0601336
0.0608904
0.0610364
0.0610198
0.0601958
0.0602892
0.0616016
0.0607907
0.0607839
0.060821
0.0610749
0.0610235
0.0584736
0.0602894
0.0608194
0.0605172
0.0616338
0.0614291
0.0629976
0.0601695
0.061444
0.0604237
0.0608543
0.0601954
0.0607744
0.0595263
0.0598882
0.0598543
0.0596288
0.0587619
0.059879
0.0577743
0.0591558
0.058862
0.0598823
0.059928
0.060195
0.0592189
0.0593
0.0596665
0.0599679
0.0599181
0.0598408
0.0606671
0.0607001
0.0605051
0.0595548
0.0591016
0.0592747
0.0599697
0.0594941
0.0587945
0.0592309
0.0597387
0.0600051
0.0599452
0.0601285
0.0599513
0.0601848
0.0593374
0.0593246
0.0601269
0.0597774
0.05869
0.0592158
0.0596012
0.0596506
0.0597887
0.0592834
0.0601783
0.0597751
0.0589989
0.0585149
0.0593814
0.059901
0.0598722
0.0596053
0.0590175
0.0596091
0.0595992
0.0600411
0.0591356
0.0591766
0.0601508
0.0607788
0.0601963
0.0595525
0.059847
0.0601039
0.0595429
0.0597535
0.0582492
0.0586527
0.0590317
0.0590434
0.059024
0.0598743
0.060396
0.05983
0.0589611
0.0588774
0.0591663
0.0596605
0.0587327
0.059871
0.0593768
0.0598457
0.0590727
0.0599416
0.058401
0.0600967
0.0596313
0.0601641
0.0600684
0.0597276
0.0593393
0.0587278
0.059414
0.0589221
0.0594114
0.0599718
0.0595559
0.0593373
0.0594399
0.0590738
0.0592372
0.0598304
0.0604458
0.0603391
0.0596024
0.059247
0.0596502
0.0594195
0.0591238
0.0593693
0.0599675
0.0592213
0.058337
0.0595836
0.0592026
0.0598085
0.0608058
0.0599263
0.0593331
0.0584989
0.0595589
0.0585213
0.0582439
0.0596776
0.0584741
0.0601386
0.0600424
0.0601607
0.0594525
0.059708
0.0589859
0.0583788
0.0593633
0.0581549
0.0592097
0.0595392
0.0587117
0.0590936
0.0593191
0.0589231
0.0593821
0.0590754
0.0585828
0.0583197
0.058314
0.0580547
0.0590525
0.0593538
0.0593872
0.0591794
0.0591029
0.0595716
0.0589614
0.0586361
0.0584653
0.0584798
0.0584168
0.0591772
0.0588405
0.0591053
0.0589094
0.0585559
0.0589787
0.059971
0.0600129
0.0595695
0.0587309
0.0595599
0.0592496
0.059382
0.059131
0.0585821
0.059981
0.0587914
0.0580523
0.0584172
0.05925
0.0589616
0.0591717
0.0591152
0.0600962
0.0592632
0.059108
0.0594004
0.0587556
0.057818
0.0585625
0.0585814
0.0586313
0.0581492
0.0579697
0.0595221
0.0592682
0.0590338
0.0597987
0.0603291
0.0595782
0.0584829
0.0583449
0.0582506
0.0583854
0.0597321
0.0599106
0.0590844
0.0594475
0.0593778
0.05957
0.0595543
0.0590944
0.0588545
0.0586166
0.0596348
0.0588417
0.058556
0.0598137
0.0579834
0.0592756
0.0584532
0.0592511
0.0581641
0.0603829
0.0584285
0.0590619
0.0596029
0.0588128
0.0589492
0.0589752
0.0585345
0.0587303
0.0584342
0.0583065
0.0592476
0.059057
0.0589221
0.0584096
0.0581441
0.0575307
0.0577354
0.0587738
0.0584511
0.0593227
0.0587241
0.0594453
0.059209
0.0591259
0.0589623
0.0591918
0.0586456
0.0586397
0.0595848
0.0591276
0.0591915
0.0597519
0.0591295
0.0588707
0.0583327
0.0586646
0.0587099
0.0581205
0.0588257
0.0580705
0.0591349
0.0580033
0.0577531
0.0590314
0.0583513
0.058717
0.0590186
0.0590162
0.0581474
0.0579129
0.0585103
0.058478
0.0592322
0.0583989
0.0587594
0.0594724
0.0585506
0.0594827
0.0586328
0.0581879
0.0589287
0.05969
0.0582506
0.0588791
0.0602313
0.0588632
0.0600888
0.0582146
0.058899
0.0581793
0.0583278
0.0592706
0.0579243
0.0579336
0.0587175
0.0583061
0.0598749
0.0579752
0.058631
0.0597656
0.0584371
0.0590231
0.0586467
0.0594238
0.0578151
0.0587923
0.059098
0.0582375
0.0590167
0.0584196
0.059062
0.0589072
0.0582614
0.0584247
0.0591412
0.0582902
0.0581524
0.058201
0.0583808
0.0586005
0.0585227
0.0595475
0.0589955
0.0593621
0.0586296
0.0579742
0.0577018
0.058477
0.0575825
0.0578323
0.0590137
0.0587743
0.0581667
0.0585016
0.0587074
0.058312
0.0583096
0.058875
0.058677
0.0585752
0.0590936
0.0591863
0.0582326
0.0591225
0.059595
0.0579361
0.0583281
0.0584675
0.0580675
0.0590204
0.0580515
0.0583929
0.058676
0.0595663
0.0586046
0.0592002
0.058132
0.058741
0.0579959
0.0586757
0.0592297
0.0596218
0.0594633
0.0585734
0.0580036
0.0582288
0.0585929
0.0589411
0.0583576
0.0590368
0.0584622
0.0582176
0.0582286
0.058374
0.0590867
0.0580203
0.0582818
0.0576561
0.058228
0.0586422
0.0582174
0.058408
0.058589
0.0589229
0.059268
0.0587815
0.0586415
0.0585257
0.0582963
0.0585348
0.0587755
0.0582858
0.0583792
0.0585853
0.0583332
0.0584214
0.0581447
0.0583635
0.0587545
0.0582096
0.0582553
0.0585991
0.0588411
0.0587373
0.0581627
0.0582763
0.058824
0.0584474
0.058173
0.0587132
0.0580889
0.058684
0.0589091
0.0580339
0.0587078
0.0582188
0.059263
0.0581559
0.0585456
0.0583159
0.0577148
0.0575528
0.0578379
0.0583678
0.0578206
0.058662
0.0591946
0.0584334
0.0586638
0.058578
0.058169
0.058446
0.0578149
0.0582864
0.0582934
0.0584238
0.0583971
0.0583122
0.0586854
0.0585082
0.0585525
0.058731
0.0585829
0.0589413
0.0586171
0.0584667
0.0580395
0.057645
0.0579138
0.0587291
0.0588686
0.058247
0.0578491
0.0587757
0.0575134
0.0582933
0.0588137
0.058456
0.0580179
0.0580424
0.0590316
0.0579718
0.0588296
0.057648
0.0582733
0.0575467
0.0585618
0.0580432
0.0580068
0.0583001
0.0588506
0.0587574
0.0579575
0.0584267
0.0581517
0.058412
0.0585408
0.0583839
0.0586901
0.0591782
0.0581893
0.0586204
0.0577278
0.0581684
0.0585416
0.0591112
0.0578946
0.0586126
0.0579617
0.0578047
0.0576083
0.0585869
0.0575837
0.0579893
0.0574217
0.0575068
0.0582765
0.0582623
0.0588922
0.0585408
0.0579567
0.0584268
0.0594819
0.0589658
0.0576282
0.0581876
0.0580402
0.0584588
0.0578585
0.0580924
0.0581462
0.0573882
0.058365
0.0580587
0.0583786
0.0575367
0.057561
0.0582342
0.0580775
0.0576688
0.0576438
0.058399
0.0581539
0.0576662
0.0577595
0.0581313
0.0583461
0.0581229
0.0582475
0.0584631
0.0586292
0.0586999
0.0584556
0.0588439
0.0589206
0.0582416
0.0578891
0.058298
0.0580118
0.0585832
0.0584116
0.0577271
0.0576142
0.0577808
0.0582721
0.058231
0.0579885
0.0583145
0.0581152
0.0586454
0.058614
0.0583842
0.0576991
0.0580443
0.0578355
0.0584945
0.0574321
0.0575474
0.0580112
0.0581316
0.0579839
0.0576816
0.0574661
0.0579734
0.0585919
0.0587824
0.058286
0.0583473
0.0587081
0.0583315
0.0578357
0.0583136
0.0586142
0.0581175
0.057115
0.0581785
0.0577205
0.0577184
0.0579023
0.0583622
0.0580186
0.0575886
0.0581196
0.058611
0.0584123
0.0587039
0.0582456
0.0586436
0.0580488
0.0579984
0.0578076
0.0575844
0.058297
0.0580991
0.0585697
0.05802
0.0586103
0.058434
0.0580402
0.0576175
0.0583424
0.0583382
0.0578521
0.0569966
0.0576982
0.0577384
0.0577988
0.0580633
0.0581317
0.0583603
0.0582631
0.0581755
0.0579852
0.0582973
0.0581254
0.0584492
0.0577746
0.0577122
0.0577777
0.0582023
0.0592324
0.0585554
0.0584822
0.0582202
0.0580863
0.0577297
0.0582398
0.0581714
0.0581943
0.0576312
0.0577944
0.0586212
0.0579334
0.0576745
0.0578306
0.0581198
0.0582363
0.0580705
0.0579227
0.0584106
0.058155
0.058203
0.058137
0.0572539
0.0574095
0.057635
0.0578628
0.0575559
0.0578952
0.0581776
0.0575928
0.0572876
0.0570612
0.0573819
0.0572745
0.0581819
0.0583681
0.05827
0.0588454
0.0575788
0.0583049
0.0578939
0.0580351
0.0576139
0.0577479
0.0584533
0.0575196
0.0584214
0.0570646
0.0590307
0.0580518
0.0583659
0.0574857
0.0585128
0.0581857
0.0578141
0.0578899
0.0584909
0.0585899
0.0578364
0.0571918
0.0578031
0.0578496
0.0574757
0.0574954
0.0570991
0.057574
0.0580835
0.0579443
0.0576926
0.057776
0.0579509
0.0583746
0.0578359
0.0577267
0.0572194
0.0579155
0.057292
0.0583615
0.0571883
0.0580849
0.0576165
0.05783
0.058015
0.0583769
0.0579548
0.0575647
0.0574637
0.0578757
0.057904
0.0576674
0.0575908
0.0572877
0.0578014
0.0585233
0.0582335
0.0583104
0.0580453
0.0582206
0.0578949
0.0578205
0.0575152
0.0575215
0.0578562
0.0575014
0.0579309
0.0574714
0.057585
0.0573632
0.0582824
0.0580067
0.058063
0.0576259
0.0582358
0.0580331
0.0581429
0.0578212
0.057684
0.0577575
0.0579959
0.0575778
0.0578754
0.0580722
0.0581666
0.0581919
0.0579674
0.0574075
0.0572393
0.0574074
0.0570378
0.0572362
0.0575853
0.0576551
0.057597
0.0578131
0.0574891
0.0572106
0.0584239
0.0581589
0.0577308
0.0575628
0.0572683
0.0573956
0.0571676
0.0572683
0.0569628
0.0569857
0.0577242
0.0569954
0.0579404
0.0570946
0.058135
0.0564481
0.0576187
0.056653
0.0579066
0.0571811
0.0582024
0.0572936
0.0570755
0.056283
0.0575011
0.0567689
0.0573699
0.0572912
0.0568522
0.0573447
0.0569236
0.0574292
0.0574613
0.0577561
0.0572268
0.0573783
0.0581929
0.0564301
0.0575976
0.057248
0.0575837
0.056757
0.0570368
0.0574747
0.0577305
0.0569969
0.0570866
0.057436
0.0571733
0.05743
0.0577345
0.0575259
0.0573008
0.0570199
0.057023
0.0569892
0.0574051
0.057131
0.0573286
0.0575954
0.0574873
0.0571423
0.0569151
0.0571862
0.0569436
0.0572816
0.0571959
0.0578093
0.0578077
0.057845
0.0575892
0.0573368
0.0576283
0.0575797
0.0569444
0.057557
0.057525
0.0570068
0.0565985
0.0572954
0.0575967
0.0575836
0.058028
0.0567965
0.0569256
0.0565301
0.0570449
0.0564943
0.0575297
0.0575928
0.0574641
0.0575211
0.0575477
0.0571743
0.0566295
0.0573136
0.0569686
0.057126
0.0572013
0.0575509
0.0571391
0.057764
0.057766
0.057877
0.0572401
0.0575159
0.0573634
0.057679
0.0564105
0.0570741
0.0571582
0.0571688
0.0573667
0.0570431
0.0570784
0.0567311
0.0565251
0.0578399
0.0575603
0.0573134
0.0567387
0.0576086
0.0574404
0.0570293
0.0573506
0.0569621
0.0573104
0.0570898
0.0566906
0.0566295
0.0572421
0.057229
0.0575613
0.0575912
0.0574744
0.0574634
0.0570365
0.057235
0.0567424
0.0571882
0.0575899
0.0576156
0.0574584
0.056456
0.0570572
0.0574134
0.0572946
0.056981
0.0572106
0.0570821
0.0570311
0.0574145
0.0578878
0.0572978
0.0570521
0.0572479
0.0580204
0.0571296
0.0568935
0.0572956
0.0570477
0.0572359
0.0568388
0.0570719
0.0568892
0.0572904
0.0571074
0.0570062
0.0569444
0.0568268
0.0576841
0.0577453
0.0572328
0.0571575
0.0576619
0.0572324
0.0571757
0.0567661
0.0570062
0.0571042
0.0578758
0.056934
0.0569653
0.0569698
0.0570114
0.056799
0.0571429
0.0569757
0.0573223
0.05689
0.0567346
0.0566395
0.0572927
0.0575115
0.0575943
0.0574664
0.0573979
0.057315
0.05777
0.0570873
0.0570941
0.0576204
0.0573917
0.0571074
0.0574515
0.057099
0.0566897
0.0572814
0.0572572
0.0576238
0.0575898
0.0576603
0.0574094
0.0572735
0.0568858
0.057034
0.0563521
0.0570533
0.0573452
0.0571837
0.0568438
0.0564081
0.0569856
0.0570906
0.0571279
0.0566141
0.0575238
0.0567758
0.056635
0.057079
0.0573207
0.0571701
0.0573311
0.0575284
0.05735
0.0569328
0.0565575
0.057749
0.0580112
0.0568085
0.057527
0.0567249
0.0571197
0.057111
0.0577269
0.0573383
0.0567203
0.0569244
0.056603
0.0568473
0.0574074
0.0571513
0.0572571
0.0573165
0.0578623
0.0566847
0.05704
0.0568319
0.0569114
0.0570285
0.0571469
0.0570319
0.0572939
0.05792
0.0570987
0.056943
0.0571101
0.0569058
0.0566971
0.0565679
0.0569721
0.0569698
0.0576988
0.0567552
0.0565982
0.0560616
0.0568822
0.056998
0.0571941
0.0567347
0.0574113
0.0563529
0.0568846
0.0569114
0.0575239
0.0571917
0.057186
0.0569561
0.0570252
0.0567553
0.0567972
0.0570117
0.0568485
0.0568063
0.0566132
0.0569021
0.0570703
0.0570945
0.0569332
0.0567571
0.0573883
0.0568284
0.056866
0.0569225
0.0570535
0.0567472
0.0566727
0.0568238
0.0565973
0.0565197
0.0562861
0.0566802
0.0568095
0.0570891
0.0574049
0.0570509
0.0576578
0.0572129
0.0570068
0.0573044
0.0571528
0.0574261
0.0567163
0.057504
0.0569678
0.0567043
0.0568608
0.0566928
0.0573858
0.0571213
0.0568847
0.0571773
0.0568905
0.0574127
0.0566891
0.0576962
0.0568969
0.0569118
0.0565123
0.0564468
0.057721
0.0563145
0.0570564
0.0567195
0.0567723
0.0563833
0.0573216
0.0568033
0.0570275
0.0564893
0.0574674
0.0568826
0.0564223
0.0568061
0.0561166
0.0566342
0.0568634
0.05695
0.0567053
0.056807
0.0572302
0.0568006
0.0564931
0.0571558
0.0567315
0.0567956
0.0573952
0.0570571
0.0567465
0.0569549
0.0567668
0.056652
0.0571731
0.0565411
0.0569618
0.0571117
0.0574111
0.0570099
0.0570262
0.0574404
0.0564698
0.0566088
0.0567951
0.0572412
0.0566093
0.0565456
0.0571109
0.0559691
0.056987
0.0572097
0.0571639
0.0566577
0.0570415
0.0569091
0.056891
0.0568875
0.056489
0.0562452
0.0562746
0.0564257
0.0566063
0.0562571
0.0562438
0.0559789
0.056437
0.0565048
0.0569496
0.0565465
0.0568515
0.0569732
0.0569614
0.0571168
0.0569022
0.0566779
0.0563544
0.0574337
0.0569427
0.0570335
0.0571276
0.0566403
0.0569958
0.0567307
0.0565322
0.0565752
0.0567268
0.0566946
0.0565496
0.0571477
0.0566644
0.0570134
0.0562414
0.057081
0.0565449
0.0571914
0.0566928
0.0572228
0.0565759
0.0568219
0.0567943
0.0568216
0.0568661
0.0567397
0.0566938
0.0566893
0.0567933
0.0573341
0.0567864
0.0568491
0.0563341
0.0567068
0.0566904
0.0568775
0.0559101
0.0565463
0.0566738
0.0566103
0.0564562
0.0565232
0.056724
0.057387
0.0564115
0.0566741
0.0564505
0.0570504
0.0569047
0.0567948
0.057116
0.0570099
0.0574279
0.0567262
0.0571794
0.0562408
0.0563682
0.0562916
0.0565786
0.0569713
0.057463
0.056568
0.0569707
0.0564549
0.0570786
0.0565147
0.0569009
0.0565061
0.0564953
0.0567634
0.0563071
0.0568338
0.056855
0.0569319
0.0574618
0.0569544
0.0571797
0.0562497
0.0563497
0.0570457
0.0566329
0.0569317
0.0564159
0.0565254
0.0560231
0.0562231
0.0565026
0.0560582
0.0566821
0.0569346
0.0568915
0.0574866
0.0569718
0.057442
0.0562642
0.0568888
0.0563853
0.057279
0.0563341
0.0567754
0.0567458
0.0570922
0.0561552
0.0563814
0.0574148
0.0563065
0.0565656
0.0565946
0.0568034
0.0561876
0.0569204
0.0565639
0.0569909
0.0564705
0.0564125
0.0567818
0.0565195
0.0567665
0.0563583
0.0563697
0.056669
0.056549
0.0564256
0.0568826
0.0567536
0.0569229
0.0570304
0.0566891
0.0568964
0.0563766
0.0565036
0.0565279
0.0567692
0.0567856
0.0565675
0.0568156
0.0566746
0.0571114
0.0564834
0.0564138
0.0568689
0.0568128
0.0567647
0.0568075
0.0571626
0.0564657
0.0567385
0.0565271
0.0569563
0.0572265
0.0569165
0.0567856
0.0566054
0.0566949
0.0570444
0.0562565
0.0571531
0.0559932
0.0563031
0.056672
0.0564299
0.0562188
0.0567504
0.0574919
0.0562432
0.056874
0.0564682
0.0566623
0.0562216
0.0562558
0.0561668
0.0563961
0.0569379
0.0565067
0.0560687
0.0566283
0.0571283
0.0568886
0.0562186
0.0570443
0.0566302
0.0569219
0.0566266
0.0563777
0.0558641
0.0564566
0.0568777
0.0565727
0.0565464
0.0571011
0.0569026
0.0560223
0.0569953
0.0568772
0.0566606
0.0566514
0.0570647
0.0568402
0.0568049
0.0561947
0.0565235
0.0565808
0.0566836
0.056546
0.0562042
0.0569065
0.0566703
0.05697
0.0574184
0.0569987
0.0568022
0.0574929
0.0564712
0.0566866
0.0565281
0.0567042
0.0566485
0.0568071
0.0567757
0.0562847
0.0568195
0.0563987
0.0564591
0.0565459
0.0564418
0.056219
0.0563403
0.056106
0.0563683
0.0563707
0.0563539
0.0563999
0.0564611
0.0565135
0.0569575
0.0566753
0.0567541
0.0565459
0.0564079
0.0563959
0.0563169
0.0569191
0.0569197
0.0566178
0.0566468
0.0566392
0.0564777
0.0561289
0.0566622
0.0564269
0.0570428
0.0561388
0.0560898
0.0563035
0.0566682
0.056556
0.0566974
0.0569594
0.0563467
0.0568201
0.0570803
0.0568856
0.0568767
0.0564304
0.056619
0.0563751
0.0557512
0.0563881
0.0566653
0.0570679
0.0559435
0.056816
0.0567485
0.0564135
0.0575069
0.0566766
0.0563298
0.0566172
0.0567764
0.0565454
0.0566052
0.0561859
0.0561817
0.056465
0.0568348
0.0564097
0.0566066
0.0560247
0.0567283
0.0561128
0.05682
0.0566343
0.0563065
0.0560608
0.05639
0.0561512
0.0564886
0.0562743
0.0562009
0.0558698
0.0569054
0.0568594
0.056729
0.0567106
0.0565354
0.0569521
0.0566628
0.0564768
0.056382
0.0564989
0.056617
0.0570589
0.056868
0.0561861
0.0566328
0.0560921
0.057325
0.0575193
0.0565257
0.0565658
0.0565976
0.0564923
0.0568924
0.0566056
0.0567234
0.0564806
0.0557771
0.0564731
0.0568812
0.0565713
0.0558977
0.0566106
0.056183
0.057053
0.0561574
0.0564184
0.0566601
0.0565338
0.0564569
0.0561614
0.0565452
0.0560695
0.056574
0.0562731
0.0563105
0.0563508
0.0559049
0.0562829
0.0569024
0.0562311
0.0560521
0.0562105
0.0561394
0.0568962
0.056345
0.0566511
0.0559655
0.0570635
0.0560657
0.0564829
0.0563764
0.0560703
0.0558924
0.0567359
0.0566744
0.0562506
0.0567324
0.0568883
0.0566343
0.0566108
0.0565048
0.0564575
0.0561431
0.0559345
0.0562255
0.0562798
0.0565099
0.0566549
0.0561999
0.0563909
0.0559544
0.0559326
0.0562666
0.0560565
0.0565136
0.0563809
0.0563657
0.0563561
0.0564919
0.0565568
0.0564423
0.0567534
0.0567183
0.0561963
0.0558702
0.05632
0.0558059
0.0559095
0.056487
0.0567103
0.0557927
0.0564611
0.0559837
0.0559486
0.056608
0.0568252
0.0568737
0.0560957
0.0571549
0.0567948
0.0563327
0.0560863
0.0560239
0.0565489
0.0565813
0.056357
0.0561461
0.0564309
0.0563713
0.056515
0.0560922
0.0565957
0.0565373
0.0565527
0.0562373
0.0563558
0.0565586
0.0564499
0.0563647
0.0563223
0.0568371
0.0565801
0.0560832
0.0566688
0.0565882
0.0565556
0.0563632
0.0561401
0.056915
0.056067
0.0566433
0.0566093
0.0563436
0.0562784
0.0559943
0.0571259
0.0560987
0.0565785
0.0565391
0.0566691
0.0563331
0.0560696
0.0563544
0.0563226
0.0571136
0.0562262
0.0562171
0.0568831
0.0567692
0.0569094
0.0561576
0.0566012
0.0561411
0.056571
0.0556817
0.0566614
0.0559091
0.0564268
0.0565488
0.0561235
0.0564869
0.0557565
0.0570105
0.0552867
0.0569569
0.0560394
0.057151
0.0557835
0.0564533
0.0559714
0.0561971
0.0567553
0.0560193
0.0557557
0.0563506
0.0566291
0.0565425
0.0565411
0.0564482
0.0565779
0.0561415
0.0566896
0.0551108
0.0558656
0.0564862
0.0567268
0.0560152
0.0565304
0.0565249
0.0563396
0.0567672
0.0564194
0.0561874
0.0565024
0.057013
0.0564671
0.0562725
0.0560893
0.0562181
0.0567867
0.0566572
0.0563629
0.0568205
0.0563189
0.0561749
0.056414
0.0561363
0.0569178
0.0565913
0.0562959
0.0564056
0.0564297
0.0563198
0.0558637
0.0560181
0.055593
0.0563787
0.056093
0.0566629
0.0566059
0.056455
0.0567786
0.0569124
0.0556777
0.0561071
0.0563234
0.0564073
0.0563731
0.0563939
0.0567461
0.0566748
0.0565134
0.0558365
0.0565794
0.0564617
0.0564605
0.0569916
0.0567448
0.0572042
0.0562871
0.0558891
0.0561088
0.0563001
0.0561737
0.0567843
0.0562263
0.0559432
0.056481
0.0567291
0.0562218
0.0563791
0.0564908
0.0564254
0.0558123
0.0566681
0.0562802
0.0567375
0.0564973
0.0561908
0.0572239
0.0565142
0.0561621
0.0561181
0.0562998
0.0562226
0.0558313
0.0561358
0.0563124
0.0567046
0.0560758
0.0562454
0.0563703
0.0561447
0.0560934
0.0565931
0.0567591
0.0567129
0.0565492
0.0572576
0.0561962
0.056851
0.056063
0.0564391
0.0562292
0.0562853
0.056675
0.0562792
0.0566863
0.0562657
0.0562979
0.056193
0.0568445
0.0558068
0.0565565
0.0562321
0.0568412
0.0561501
0.0562385
0.0559505
0.0565583
0.0560847
0.0561687
0.05596
0.0561888
0.0562288
0.0564402
0.0566812
0.0565304
0.0559404
0.0562433
0.056314
0.0562531
0.0559388
0.0557269
0.0558907
0.0556182
0.0563744
0.0562337
0.056103
0.0566627
0.0564607
0.0559557
0.0559509
0.0563885
0.0559594
0.0560409
0.0557776
0.0561357
0.0566687
0.0563574
0.0561948
0.056668
0.0561428
0.056802
0.0561023
0.0561446
0.0562334
0.0561312
0.0559615
0.0562721
0.056626
0.0561187
0.0565635
0.0562738
0.0565817
0.05587
0.0557866
0.0560676
0.0560299
0.0563935
0.0561114
0.0563443
0.0562631
0.056586
0.0558918
0.0562743
0.0557654
0.055794
0.0561364
0.0560638
0.0560557
0.0564341
0.0561923
0.0562212
0.0566961
0.0562122
0.0558306
0.056621
0.056513
0.0558608
0.0569784
0.056228
0.0566777
0.0560852
0.0560243
0.0562194
0.0555697
0.0559109
0.0556806
0.0554702
0.0566032
0.0559683
0.0561232
0.0567353
0.0563444
0.0567799
0.0560875
0.0562069
0.0560835
0.0562532
0.0560392
0.0568506
0.0564622
0.056081
0.0562904
0.0560513
0.0560932
0.0557875
0.0556076
0.0564378
0.0557779
0.0567388
0.0559279
0.0566562
0.0568809
0.0561163
0.056777
0.0561709
0.0559252
0.0563113
0.0559729
0.056231
0.0567207
0.0562802
0.056424
0.0563253
0.0562854
0.0562466
0.0558206
0.0559455
0.0557855
0.0560216
0.0565985
0.0562565
0.0562695
0.0560408
0.0566004
0.0568325
0.0556864
0.0564314
0.0563036
0.0561393
0.0557842
0.05612
0.0559991
0.0560334
0.0559611
0.056086
0.056704
0.0559819
0.0567262
0.0560804
0.0567327
0.0556449
0.0561817
0.0557771
0.0563891
0.0557398
0.056209
0.0562547
0.0559075
0.0561798
0.0565052
0.0561631
0.055454
0.056152
0.0556095
0.0558413
0.0560846
0.0563421
0.0565917
0.0559867
0.0565755
0.0565412
0.056064
0.0559349
0.0562384
0.0562337
0.0564985
0.055902
0.0560217
0.0558552
0.0559554
0.0560815
0.0557706
0.0562429
0.056091
0.0563558
0.0563292
0.0558053
0.0560977
0.0561519
0.0561623
0.0557624
0.0561303
0.0560578
0.0563162
0.0565839
0.0560316
0.0561591
0.0554726
0.0560582
0.0558624
0.0559716
0.0560678
0.0562861
0.0561253
0.056434
0.0558227
0.0560594
0.0559009
0.056491
0.0557544
0.0562913
0.0558639
0.0560928
0.056296
0.0554771
0.0563762
0.055031
0.0559568
0.0561297
0.0556207
0.0558179
0.0561998
0.0564203
0.0562766
0.0556155
0.056054
0.056234
0.0562364
0.0561229
0.0559539
0.0562711
0.0561118
0.0565025
0.0560825
0.0560054
0.0559145
0.055935
0.0560438
0.0555368
0.0561228
0.0559937
0.056332
0.0560616
0.0562644
0.0557959
0.0561431
0.0555239
0.0565369
0.0550084
0.0571521
0.0553526
0.0569193
0.0555543
0.057062
0.0555124
0.0563778
0.0558484
0.0564138
0.0556167
0.0563322
0.0556238
0.0560761
0.0558139
0.0562985
0.0562226
0.0564264
0.0559535
0.05673
0.0556618
0.0562132
0.0559838
0.0558543
0.0556682
0.0556949
0.0555836
0.055369
0.055962
0.0559135
0.0559678
0.0557788
0.056169
0.056393
0.0563789
0.0564346
0.0561951
0.0562497
0.0558095
0.0560142
0.0562553
0.0561823
0.0560149
0.0561375
0.0563488
0.0561504
0.056138
0.05627
0.0561295
0.0562617
0.0563031
0.0557451
0.0560359
0.055936
0.055893
0.0558097
0.0563648
0.056245
0.0563013
0.0562194
0.0563471
0.0561438
0.0558585
0.056013
0.0562784
0.0558094
0.0562319
0.0559099
0.0556529
0.0561364
0.0560853
0.056119
0.0557445
0.0564162
0.0558311
0.0558888
0.0566481
0.0557063
0.0560274
0.0557394
0.0569003
0.0562042
0.0562125
0.0563111
0.0564517
0.0560304
0.0559663
0.056468
0.0558078
0.0565816
0.0562409
0.0554772
0.0559258
0.0563757
0.0557327
0.0560651
0.0560361
0.0563346
0.056007
0.0563538
0.0554741
0.056011
0.0565902
0.0565304
0.0556667
0.0563757
0.0562517
0.0557827
0.0557827
0.0557255
0.0561683
0.0555885
0.0559562
0.0560873
0.055896
0.0562734
0.0561812
0.05651
0.0565221
0.0557614
0.0562463
0.0562778
0.056368
0.0555837
0.0559575
0.0556654
0.0562303
0.0558844
0.0567884
0.0557244
0.0565252
0.0560504
0.056226
0.0561113
0.0562285
0.0559289
0.0560469
0.0557174
0.0559414
0.0559443
0.0564017
0.0556075
0.0562904
0.0558116
0.0559334
0.0554055
0.0561292
0.0559585
0.0557336
0.0564616
0.0561405
0.0565296
0.055729
0.0555849
0.0553241
0.05619
0.0560504
0.0561334
0.0563839
0.0561594
0.0557901
0.0559979
0.0561952
0.0563076
0.0560733
0.0555479
0.0566099
0.0561689
0.0557287
0.0560541
0.0563072
0.0561912
0.0556529
0.055946
0.0558516
0.05575
0.0561532
0.0559881
0.0559667
0.055382
0.0562817
0.056039
0.0562513
0.0559541
0.0558405
0.0560567
0.0555741
0.0561258
0.0560364
0.0563759
0.0555818
0.0563261
0.056432
0.0556674
0.0559977
0.0563185
0.0558952
0.0557401
0.0556451
0.0559335
0.0557295
0.0557987
0.0559907
0.0557152
0.055623
0.0557069
0.0562365
0.0559423
0.0562932
0.0561605
0.0554531
0.0563254
0.055965
0.0555409
0.0559211
0.0559849
0.0558981
0.0562313
0.0559495
0.0556273
0.055877
0.0558899
0.0558358
0.055409
0.0558045
0.0558209
0.0559219
0.0557392
0.0554509
0.0558305
0.0563145
0.056182
0.0562147
0.0555116
0.056082
0.0560813
0.0561897
0.056169
0.0561825
0.0563023
0.0560301
0.0563008
0.0558247
0.0558009
0.0557553
0.0555913
0.0555855
0.055551
0.0558516
0.0560957
0.0560051
0.0556361
0.0556269
0.0556995
0.0555906
0.0553161
0.0559217
0.0557803
0.055785
0.0558434
0.0557849
0.0560925
0.0560496
0.0563518
0.0560105
0.0561882
0.0560779
0.0556624
0.0561217
0.0558863
0.0563623
0.0554624
0.0560073
0.0556978
0.0559808
0.0560328
0.0558929
0.0559232
0.0560333
0.0558647
0.0558415
0.0557138
0.055767
0.0556952
0.0558548
0.0564773
0.055772
0.0564888
0.0559479
0.0557828
0.0560587
0.0560863
0.0558191
0.0560757
0.0556898
0.0559428
0.0562863
0.0560433
0.0560533
0.0556774
0.0556059
0.0560026
0.0556018
0.055669
0.0563379
0.0559115
0.0563429
0.0558664
0.0564349
0.0559993
0.0560401
0.0553686
0.0559184
0.0557884
0.0559286
0.0562931
0.0555077
0.0559845
0.0563331
0.0561007
0.0559436
0.0555076
0.055609
0.0555729
0.0557822
0.0558766
0.0560294
0.0558735
0.055364
0.0555757
0.0551422
0.0557273
0.0555617
0.0561497
0.0559389
0.0559699
0.0556909
0.0566209
0.0554614
0.0561912
0.0559624
0.0556267
0.0554213
0.0556224
0.0558691
0.0551703
0.055785
0.0558408
0.0560166
0.055948
0.0558619
0.0560979
0.056282
0.0559931
0.0555758
0.0552817
0.0560432
0.0557918
0.0560341
0.0555782
0.0558204
0.0552782
0.0555495
0.055806
0.0561055
0.0558359
0.0557934
0.0555125
0.0560037
0.0562121
0.0562044
0.0553252
0.0559694
0.0558023
0.0558171
0.0557526
0.0559207
0.0560302
0.0555344
0.0561384
0.0557599
0.0557932
0.0557842
0.0566877
0.0559617
0.0559645
0.0557954
0.0562205
0.0556894
0.0556997
0.0557966
0.0557325
0.0556455
0.0555397
0.0559698
0.0554358
0.0561998
0.0552823
0.0565084
0.0553801
0.0558763
0.0561409
0.0560171
0.0554383
0.0555402
0.0555739
0.0560491
0.0554377
0.0557824
0.0557017
0.0558105
0.0558754
0.0558446
0.0562178
0.0552986
0.0560642
0.0558173
0.0554012
0.0554504
0.0553168
0.0560675
0.0555401
0.0561015
0.0554856
0.0554632
0.0559954
0.0558742
0.0556781
0.0556542
0.0561388
0.0557562
0.055618
0.0560409
0.0558057
0.0560332
0.0559048
0.0555033
0.0556027
0.0558653
0.0557644
0.055434
0.0563463
0.0558225
0.0561158
0.0557806
0.0563679
0.0559869
0.0553453
0.0560996
0.0564504
0.056126
0.0556919
0.055643
0.0558339
0.0555032
0.055456
0.0560493
0.0559063
0.0556531
0.056052
0.0559317
0.056086
0.0560828
0.0559032
0.0556382
0.0555444
0.055783
0.0554285
0.0559179
0.0555969
0.056236
0.0559874
0.0557723
0.0556628
0.0558555
0.0557065
0.0559094
0.0557273
0.0560182
0.0556722
0.0561659
0.0555535
0.0559626
0.0561369
0.0556816
0.0554974
0.0554891
0.0558042
0.0558278
0.0558271
0.0562713
0.0558156
0.0562766
0.05542
0.0560068
0.0549175
0.0559485
0.055673
0.0561092
0.0557123
0.0556902
0.055741
0.0564342
0.055669
0.0557864
0.0560788
0.0554038
0.0551047
0.0552027
0.0559717
0.0557556
0.0559192
0.0559739
0.055692
0.055611
0.0553768
0.0556623
0.0557007
0.0558162
0.0558822
0.0554176
0.0561862
0.0560734
0.0557581
0.0556078
0.0561715
0.0559988
0.0554526
0.0557304
0.0556625
0.0553987
0.0556029
0.0557953
0.0554436
0.055439
0.0557647
0.0558027
0.0563155
0.0557751
0.0557632
0.05526
0.0560322
0.056009
0.055654
0.0559043
0.0555787
0.055126
0.0558383
0.0554611
0.0561194
0.0561185
0.0561286
0.0557565
0.0557682
0.0560925
0.0557615
0.0556969
0.0553337
0.0557771
0.05564
0.0554139
0.0557063
0.0555593
0.0558064
0.0560449
0.0561529
0.055353
0.0555157
0.0557438
0.0558938
0.0555663
0.0553825
0.0557753
0.0554789
0.055925
0.056331
0.0561015
0.0555671
0.0554883
0.0560601
0.0554936
0.0557974
0.0555092
0.056228
0.0557176
0.0555247
0.0553931
0.0559524
0.0558935
0.0556344
0.0559419
0.0557001
0.0554624
0.0558526
0.0554263
0.0555669
0.0555327
0.0554653
0.0552942
0.0555159
0.0552898
0.055544
0.0555088
0.0556416
0.0558299
0.055712
0.0558551
0.0557438
0.0556304
0.0557281
0.056013
0.0559543
0.055522
0.055332
0.0555043
0.0556825
0.0556135
0.0555913
0.0555222
0.0560625
0.0554691
0.0560318
0.055731
0.0553347
0.0556552
0.0556548
0.0555294
0.0557583
0.0558784
0.0555001
0.055956
0.0557891
0.0556647
0.0558709
0.0558122
0.0553313
0.0555202
0.0554607
0.0552003
0.0558912
0.0557467
0.0557077
0.0554986
0.0561421
0.0556065
0.0555654
0.055379
0.0558774
0.0554629
0.0558961
0.0559847
0.0558867
0.0559294
0.0564383
0.0555194
0.0558948
0.0557179
0.0565437
0.0556341
0.0559224
0.0556924
0.0557598
0.0554194
0.0555172
0.0558965
0.0554283
0.0559195
0.055798
0.0555416
0.0554079
0.0556638
0.0557641
0.0551951
0.0554397
0.0554501
0.0555514
0.0557265
0.0561132
0.055904
0.0557156
0.0558906
0.0560483
0.0555194
0.0556498
0.0557691
0.0559179
0.055724
0.0557112
0.0555937
0.055421
0.0554442
0.0554237
0.0561162
0.0558358
0.055615
0.0555306
0.0560866
0.0557478
0.0555421
0.0552382
0.0555899
0.0556874
0.0555198
0.0555119
0.0556471
0.0555441
0.0558542
0.055701
0.0556511
0.0556309
0.0555552
0.0557276
0.0554732
0.0563686
0.0555443
0.0558056
0.0550758
0.0558788
0.0553935
0.0556665
0.0553982
0.0554042
0.0554067
0.0553741
0.0559468
0.0557772
0.0558582
0.0556947
0.055999
0.0556663
0.055673
0.055547
0.0557537
0.0552622
0.0556627
0.0556291
0.0552524
0.0555942
0.0559431
0.0551231
0.0556975
0.0556155
0.0557241
0.0558283
0.0555704
0.0555671
0.055618
0.0557202
0.0556961
0.0556639
0.0561193
0.0553861
0.0552329
0.055734
0.0554631
0.0561302
0.0554316
0.0552303
0.0554749
0.0551496
0.055524
0.0554142
0.0557414
0.055528
0.0558634
0.0562344
0.0555511
0.0558066
0.0555697
0.0556247
0.0554957
0.0556175
0.0558832
0.0557204
0.0556996
0.055704
0.0555676
0.0553991
0.0551449
0.0559259
0.0554966
0.0557765
0.0556158
0.0556128
0.0554187
0.0553189
0.0556739
0.0554038
0.0554715
0.0557045
0.0554002
0.0554046
0.0560361
0.0556767
0.0556685
0.0554257
0.0555824
0.0555911
0.0560005
0.0559639
0.0560638
0.0559359
0.0555568
0.0557305
0.0556651
0.0554054
0.0557045
0.0557899
0.0557545
0.0556691
0.0554552
0.0559721
0.0554548
0.0557871
0.055262
0.0556111
0.056005
0.0554311
0.055108
0.0556117
0.0554569
0.0558902
0.0555402
0.0558095
0.0559518
0.0552232
0.0561596
0.055367
0.0561303
0.0557413
0.0557586
0.0557151
0.0556188
0.0554095
0.0556946
0.0556673
0.0555258
0.0554685
0.0558504
0.0549791
0.0555239
0.05555
0.0554665
0.0557878
0.0557249
0.0560348
0.0554099
0.0555347
0.0555212
0.0554818
0.0556301
0.0550358
0.0559867
0.0556384
0.0559199
0.0559648
0.0553255
0.0559584
0.05519
0.0562655
0.0552582
0.0555132
0.0553369
0.0554689
0.0554275
0.0552926
0.0557873
0.0558208
0.0555949
0.0557419
0.0557406
0.0560337
0.0552849
0.0558372
0.0550297
0.055756
0.0552222
0.0556185
0.0557591
0.0548551
0.0563581
0.0557425
0.0558383
0.0548684
0.0553232
0.0555737
0.0552997
0.0558971
0.0554125
0.0559757
0.0549786
0.0555489
0.0552195
0.0553557
0.0555679
0.0558031
0.055516
0.0554896
0.055612
0.0559375
0.0557278
0.055665
0.055769
0.0559547
0.0555105
0.0551733
0.0552687
0.0555565
0.0555713
0.0560333
0.0561572
0.0558723
0.0552242
0.0555194
0.0552718
0.0559075
0.0554129
0.0559664
0.0556173
0.0561053
0.055083
0.0557527
0.0554592
0.0554461
0.0554551
0.0557333
0.055615
0.0556056
0.0552939
0.0559878
0.055327
0.0557199
0.0553812
0.0562423
0.0553407
0.0559673
0.0552465
0.0557705
0.0548505
0.0554989
0.0556307
0.0552573
0.0554327
0.0556947
0.055763
0.0555617
0.0556123
0.0559532
0.0556564
0.0554931
0.0559157
0.0550693
0.0550858
0.0557413
0.0551235
0.0553342
0.0556888
0.0550873
0.0555424
0.0552772
0.0552193
0.0553995
0.0550864
0.0557937
0.0553465
0.0558577
0.0551876
0.0552048
0.0558075
0.0558303
0.0557401
0.0556155
0.0557687
0.0556655
0.0557454
0.0551407
0.0558871
0.0552214
0.0553783
0.0555176
0.0553016
0.0555897
0.0553015
0.0555317
0.0557053
0.0550915
0.0552331
0.0553514
0.0554713
0.0555501
0.0559352
0.0555283
0.055699
0.0550704
0.0554212
0.0549966
0.0557831
0.0556387
0.0558484
0.0557219
0.0555331
0.0556505
0.0552742
0.0555452
0.0554036
0.0553825
0.0549707
0.0552385
0.0552685
0.0555067
0.0556097
0.0558297
0.0558774
0.0555598
0.0558054
0.0555425
0.0558368
0.0554711
0.0555739
0.0549109
0.0555424
0.0556175
0.0558233
0.0554952
0.0551698
0.0551173
0.0558191
0.0554844
0.055201
0.0556308
0.0559124
0.0558946
0.055481
0.0558997
0.0555305
0.0554895
0.0553519
0.0555954
0.0550842
0.0559985
0.0554966
0.055456
0.055654
0.0560897
0.0554851
0.0554188
0.0558054
0.0555568
0.0553534
0.0551203
0.0551722
0.0549297
0.0555954
0.0554521
0.0553716
0.0559743
0.0558775
0.0557918
0.0556651
0.0559112
0.0555769
0.0552422
0.0558615
0.0555695
0.0561177
0.055426
0.055598
0.0558453
0.0551355
0.0554814
0.0552002
0.055332
0.055383
0.0557704
0.0554176
0.0553205
0.0557012
0.0555825
0.0558919
0.0560778
0.055594
0.0557531
0.0556128
0.0557531
0.0556875
0.0552191
0.0553335
0.0556594
0.0555952
0.0555239
0.0552911
0.055444
0.0553598
0.0554422
0.0551823
0.0551318
0.0555266
0.0554061
0.0555786
0.0553475
0.0557287
0.0555935
0.0553231
0.0559186
0.0553753
0.055632
0.0555067
0.0551753
0.0550348
0.0555264
0.0551644
0.0552012
0.0551219
0.0556363
0.0553959
0.0558084
0.0551698
0.0559294
0.0558979
0.0559068
0.0554051
0.0556662
0.0558433
0.0555204
0.0553696
0.0555328
0.0555589
0.0560003
0.0554067
0.0555285
0.0553417
0.0555935
0.0556968
0.0550715
0.0559355
0.0549842
0.0554981
0.0555721
0.0553007
0.0554479
0.0554407
0.0555713
0.0550751
0.0549182
0.0555063
0.0550508
0.0553479
0.0552464
0.0553629
0.0549949
0.0555591
0.0553818
0.0555335
0.0556155
0.055245
0.0557055
0.0552685
0.0553897
0.0554325
0.0555816
0.0553011
0.0557684
0.0558169
0.0555609
0.0550397
0.0551539
0.0555905
0.0549616
0.0555489
0.0550769
0.0551442
0.0551082
0.0551377
0.0554584
0.055451
0.0555634
0.0555851
0.0557359
0.0552273
0.0557767
0.0550928
0.0552253
0.055124
0.0553994
0.0550081
0.0551459
0.0550326
0.0553593
0.0552677
0.0560354
0.0555625
0.0559711
0.0551793
0.0551913
0.0554239
0.0552268
0.0553485
0.0553591
0.0551428
0.0551107
0.0550803
0.0554723
0.0553046
0.0551433
0.0551543
0.0555682
0.0554457
0.0554261
0.055333
0.0550721
0.0554244
0.0549143
0.0552125
0.0549767
0.054989
0.0552497
0.0554234
0.0555406
0.0554738
0.0553297
0.0552973
0.054858
0.0550037
0.055443
0.055439
0.0558321
0.0553755
0.0552858
0.0547886
0.0553258
0.0555768
0.0554902
0.0556113
0.0552402
0.0548833
0.0551537
0.0552571
0.0551678
0.0554834
0.0558421
0.0553487
0.0552416
0.055367
0.0551024
0.0553531
0.0552515
0.0553747
0.0548949
0.0552953
0.0556708
0.0551053
0.0556436
0.055345
0.0554216
0.0549743
0.0553989
0.0551192
0.0554701
0.0550395
0.0550292
0.0557429
0.0557414
0.0550342
0.0553648
0.0551316
0.055004
0.0551399
0.0552634
0.0549926
0.055181
0.0551379
0.0554305
0.0548288
0.0556627
0.0549927
0.0556595
0.0552909
0.0553171
0.0554822
0.0554152
0.0553963
0.0551051
0.0553609
0.0549496
0.0549024
0.0554063
0.0553493
0.0549227
0.055247
0.0549711
0.0555798
0.0548333
0.0557799
0.0552213
0.0553481
0.0555346
0.0552594
0.0551485
0.055395
0.0550847
0.0556396
0.0553172
0.0549744
0.0550703
0.055307
0.0544356
0.0550503
0.0550391
0.05509
0.0549336
0.0555054
0.0551215
0.055454
0.0556262
0.0555176
0.0554603
0.0556566
0.0554536
0.0555034
0.0551142
0.0547663
0.0556768
0.0550088
0.0556829
0.0552644
0.0545547
0.0552734
0.0556402
0.0553505
0.0552559
0.0554648
0.0551003
0.0556324
0.055382
0.0553445
0.0549503
0.0544817
0.0555757
0.0552912
0.0552019
0.0553583
0.0555316
0.0554689
0.054787
0.0555015
0.0556148
0.0555396
0.0555297
0.0551996
0.0547935
0.0550426
0.0554267
0.0549351
0.0550925
0.055036
0.0551396
0.0553298
0.0554327
0.0551701
0.0550876
0.0555884
0.0548231
0.0551482
0.0549218
0.0548056
0.0550386
0.0552745
0.0553307
0.0553644
0.0553831
0.0547317
0.0554578
0.0547353
0.0556735
0.0554413
0.0555647
0.0554209
0.0552513
0.0551812
0.0553455
0.0554372
0.0545234
0.0551612
0.0551234
0.055446
0.0547681
0.0557552
0.0550267
0.0555959
0.0551381
0.0548686
0.0554004
0.0549713
0.0556769
0.0550425
0.0555798
0.0548422
0.0557644
0.0553235
0.0553896
0.0548365
0.0554057
0.0548718
0.0556625
0.0551908
0.0555308
0.0549966
0.0554496
0.0551783
0.0551297
0.0550212
0.055495
0.0551976
0.0548573
0.0554932
0.0554586
0.0549914
0.0555113
0.0554799
0.0554504
0.0549706
0.0550775
0.0552781
0.0551066
0.0551371
0.0551398
0.0554807
0.0550252
0.0557897
0.0552632
0.0555829
0.0551213
0.0552509
0.0552221
0.0549018
0.0549907
0.0548114
0.0550663
0.0549381
0.0545968
0.0553307
0.0550222
0.0552845
0.0551686
0.0555677
0.0549558
0.0549791
0.0553533
0.0548462
0.0551169
0.0551329
0.0558719
0.0553496
0.0558589
0.0553489
0.0551627
0.0551632
0.0551392
0.0551628
0.0550454
0.0550653
0.055054
0.0549661
0.0548449
0.0550389
0.055198
0.0550738
0.0555191
0.0550892
0.0555408
0.0550898
0.0554882
0.0552503
0.0554573
0.0551277
0.0550844
0.055256
0.0548143
0.0554921
0.0553174
0.0554089
0.0551765
0.0552467
0.0550699
0.0550877
0.0547668
0.055518
0.055237
0.0553075
0.0552909
0.0554692
0.0548806
0.0552234
0.0553793
0.055095
0.0550828
0.0553005
0.0552515
0.0552525
0.0549677
0.0551102
0.05516
0.0551593
0.0549716
0.0553249
0.0553011
0.0550427
0.0552646
0.055274
0.0550768
0.0549176
0.0548464
0.0546953
0.0552259
0.0549747
0.0552463
0.0551296
0.0550866
0.0554068
0.0553502
0.0556404
0.055217
0.0552484
0.0550445
0.0550979
0.0550142
0.0556687
0.0553843
0.0549776
0.0553254
0.0550213
0.0550554
0.0551982
0.0549
0.0549652
0.0551961
0.0550703
0.0550406
0.0553281
0.0550042
0.0550472
0.0550256
0.0547205
0.0547203
0.0551051
0.0552533
0.0552732
0.0552953
0.0546645
0.0548935
0.0551698
0.0553696
0.0553414
0.0550049
0.0555387
0.0553926
0.0554667
0.0552717
0.0549902
0.0553556
0.0553606
0.0550408
0.0547784
0.0553505
0.0551627
0.0552375
0.054971
0.0553104
0.0551933
0.0550473
0.0549282
0.0550839
0.054773
0.0546826
0.0548563
0.0551903
0.0551076
0.0556263
0.055524
0.0548391
0.0550979
0.0550447
0.0552249
0.055073
0.0552081
0.054882
0.0548005
0.0546621
0.0551135
0.0551597
0.0552214
0.0553246
0.0552728
0.0548087
0.0555585
0.0545747
0.05527
0.055572
0.0554801
0.0554408
0.0549773
0.0551657
0.0549662
0.0547136
0.0552546
0.0548227
0.0549888
0.0552284
0.0552103
0.0551827
0.0552209
0.0553241
0.0551259
0.0553243
0.0554376
0.0549548
0.0546387
0.0548478
0.0551743
0.054647
0.0551333
0.0549961
0.0552164
0.0548073
0.0550699
0.0552932
0.055084
0.0553534
0.0550574
0.0548767
0.0548218
0.0555611
0.055164
0.0554997
0.055193
0.0552228
0.0551365
0.0553035
0.0552907
0.0548245
0.0549864
0.0549862
0.0554386
0.0549118
0.0554578
0.055227
0.0552618
0.0550053
0.0552194
0.0554497
0.0550937
0.0552634
0.0549636
0.0548233
0.0548892
0.0550824
0.0549343
0.0551502
0.0547302
0.0547384
0.0551915
0.0553342
0.055033
0.0550782
0.0553744
0.0547568
0.0553398
0.0547673
0.0547882
0.0544997
0.0551513
0.0551463
0.0550948
0.0551314
0.0550859
0.0549031
0.0552291
0.0552941
0.0552644
0.0548358
0.0553825
0.0551562
0.0550184
0.0551481
0.0555473
0.0555075
0.0553969
0.0553109
0.0551499
0.0557339
0.0552572
0.0551733
0.0547848
0.0553851
0.0546881
0.0554096
0.0554728
0.0552091
0.0549344
0.054874
0.0553166
0.0544893
0.0552531
0.0547414
0.0549349
0.0546974
0.0550218
0.0552064
0.0548437
0.0554649
0.0554509
0.0553493
0.0552491
0.0551637
0.0559649
0.0549993
0.055304
0.0549551
0.05521
0.055011
0.0549007
0.0549033
0.0550439
0.0552073
0.0551294
0.0550604
0.054943
0.054939
0.0553437
0.0548004
0.0551216
0.0554369
0.0550786
0.055291
0.0548652
0.0555256
0.05433
0.0552719
0.0546735
0.0553933
0.0550246
0.0553397
0.0546832
0.0552564
0.0548803
0.0552802
0.0548017
0.0550316
0.0553864
0.0551051
0.0551234
0.0554123
0.0550242
0.0557524
0.0552611
0.0552822
0.054675
0.0553524
0.0551681
0.0550721
0.0557059
0.0547731
0.0553158
0.0547909
0.055611
0.0548061
0.0553316
0.0553862
0.054973
0.0550259
0.0551532
0.0548941
0.0547713
0.0552042
0.0553692
0.0554867
0.0554206
0.0551137
0.0552154
0.0552833
0.0552057
0.0551919
0.0549873
0.0553536
0.0548782
0.0551265
0.054768
0.0548542
0.0551634
0.0550955
0.0551201
0.0551661
0.0555657
0.0548789
0.0551714
0.0547864
0.0549087
0.0547918
0.0556444
0.0549828
0.0552977
0.055328
0.0549437
0.0550634
0.0553632
0.0548595
0.0551376
0.055363
0.0554235
0.055056
0.0548084
0.054746
0.0549364
0.0549905
0.0548601
0.055216
0.0553579
0.0552075
0.0550919
0.0556342
0.0549745
0.0556158
0.055029
0.0554468
0.0551708
0.0554466
0.0545054
0.0546267
0.0550724
0.0549371
0.0546933
0.0549852
0.0546163
0.0550481
0.0546623
0.0549524
0.0542593
0.054975
0.0544925
0.0552934
0.0549723
0.0551052
0.0550667
0.0549056
0.0550931
0.0549255
0.0550429
0.0552975
0.0554584
0.0553397
0.0549402
0.0553272
0.0556912
0.0554857
0.0554061
0.0554927
0.0553447
0.0551288
0.0552031
0.0547701
0.0549153
0.0551462
0.0550347
0.0552952
0.054699
0.0548685
0.0553639
0.0547721
0.0552637
0.0547184
0.0547862
0.0548255
0.0552056
0.0549692
0.0553039
0.0551238
0.0551246
0.054822
0.0549346
0.054876
0.054828
0.0548324
0.0550685
0.0554226
0.0550782
0.0551021
0.0555666
0.0553673
0.0551899
0.0546677
0.0550289
0.0549985
0.0551457
0.054637
0.0553264
0.0553772
0.0553789
0.0550515
0.0552144
0.0550416
0.0554163
0.055154
0.0552077
0.0549329
0.0553045
0.0547177
0.0549662
0.0553015
0.0551788
0.0550496
0.0547884
0.0554549
0.0548605
0.0551547
0.05526
0.0552439
0.0552706
0.0548763
0.0545242
0.0548332
0.0549233
0.0551609
0.0548914
0.0547837
0.0552368
0.0548607
0.0551453
0.0549577
0.0550081
0.055351
0.0549833
0.055105
0.0547685
0.0548413
0.0550717
0.0547673
0.0547469
0.0552734
0.0546288
0.0554225
0.0548616
0.0550246
0.054847
0.0549993
0.0549358
0.0552123
0.0550326
0.0552696
0.0552291
0.0548688
0.0549689
0.0547662
0.0552856
0.054696
0.0553891
0.0550275
0.0548228
0.0553333
0.0545126
0.0544875
0.0547813
0.0549093
0.0552008
0.0548263
0.0549315
0.054676
0.0549682
0.0549081
0.0553791
0.0546505
0.0552042
0.054862
0.0547845
0.0548579
0.054715
0.0549809
0.0549638
0.0554007
0.0548238
0.0548296
0.0549647
0.0548404
0.0549981
0.0544093
0.054945
0.0546838
0.0549154
0.0545623
0.0550473
0.0544481
0.0548669
0.0551725
0.0551073
0.0550791
0.0550388
0.0552912
0.0550196
0.0547995
0.0548622
0.0548294
0.0551344
0.0546968
0.0550508
0.0548981
0.0547746
0.0550287
0.054949
0.0550604
0.0550549
0.0550572
0.0548112
0.0549718
0.0546987
0.0548456
0.0551868
0.0550951
0.0550526
0.0555996
0.0546067
0.0550479
0.0546875
0.0547257
0.0545049
0.0548977
0.0550264
0.0547575
0.0548893
0.0547206
0.0553694
0.0544271
0.0551797
0.0544048
0.0551427
0.0545641
0.05517
0.0547702
0.0553184
0.0546202
0.0550628
0.054974
0.0549028
0.0552065
0.0548068
0.0550306
0.0548131
0.0552788
0.05511
0.0549138
0.0550158
0.0548583
0.0550029
0.0551869
0.0549013
0.0552798
0.0546635
0.054716
0.0547434
0.0549074
0.0548636
0.0547646
0.05492
0.055079
0.0548083
0.0547446
0.0550719
0.054493
0.0547693
0.0546793
0.0547905
0.054583
0.0551453
0.0545856
0.0549005
0.0551681
0.0550504
0.0548128
0.0549828
0.0548766
0.0552988
0.0550744
0.0547833
0.055338
0.0549565
0.0549254
0.0548133
0.0550586
0.0545852
0.0547577
0.0548799
0.0546924
0.0548669
0.0548562
0.0547597
0.0549462
0.0545871
0.0548471
0.0548246
0.0549212
0.0543587
0.0550047
0.054972
0.0551008
0.0554181
0.05495
0.0550363
0.0547298
0.0550543
0.055052
0.054862
0.0549026
0.0548894
0.0547518
0.0550941
0.0548091
0.0550618
0.0545813
0.054965
0.0551366
0.0547478
0.0549582
0.0547788
0.0547567
0.0550715
0.0549796
0.0547566
0.0553334
0.0548799
0.0547553
0.0549781
0.0551718
0.0553282
0.054751
0.0548112
0.0551986
0.0548235
0.0549024
0.0545194
0.0553531
0.0548083
0.055005
0.054617
0.0553559
0.0549914
0.0549451
0.0550393
0.0546332
0.0551131
0.0547821
0.0548686
0.0550703
0.0547035
0.0551098
0.0547394
0.0553485
0.0546813
0.0546538
0.0542487
0.0549248
0.0546804
0.0549868
0.0548064
0.0544552
0.0547094
0.0547633
0.0554101
0.0550526
0.0550849
0.0547745
0.0550508
0.0551558
0.0551301
0.0546859
0.0544971
0.0553735
0.0551856
0.0553467
0.0547856
0.0553209
0.0550767
0.054648
0.0547614
0.0548376
0.0547454
0.0551277
0.0549263
0.0545763
0.0547468
0.0548146
0.0546887
0.0549172
0.0550521
0.0551121
0.0547632
0.0549154
0.0548651
0.0548546
0.0549684
0.0546475
0.0552944
0.0550487
0.0546708
0.0548687
0.0549895
0.0547219
0.0552809
0.0550065
0.0551678
0.0547688
0.0552821
0.0548037
0.0547643
0.0545821
0.0552367
0.0548812
0.0545338
0.054667
0.0548475
0.0545106
0.0549603
0.0547353
0.0545812
0.054813
0.0548163
0.0548192
0.0550835
0.0547742
0.0547275
0.0550118
0.0549955
0.0544336
0.0552946
0.0555355
0.0552086
0.0555597
0.055044
0.0552967
0.0552541
0.0549247
0.0548387
0.0548413
0.0551578
0.0548695
0.0547879
0.0547746
0.054838
0.0546572
0.0550042
0.0548954
0.0549286
0.0545016
0.0546442
0.0550268
0.0545028
0.0547487
0.0543863
0.0551878
0.0547783
0.0544182
0.0548367
0.054887
0.0545323
0.0547647
0.0551421
0.0543268
0.0550631
0.0544901
0.0550946
0.0551738
0.0548499
0.0547403
0.0547748
0.0552599
0.0545415
0.0548759
0.0546353
0.0550466
0.0549089
0.0549008
0.0547212
0.0548042
0.055145
0.0547578
0.0546518
0.0544723
0.0545012
0.0544597
0.0545979
0.054588
0.0546535
0.0546981
0.0549048
0.0547501
0.0550621
0.0547446
0.054995
0.0546161
0.0551393
0.0549698
0.0554955
0.0555733
0.0551419
0.054995
0.0548525
0.0548395
0.0551356
0.0547287
0.0550381
0.0548569
0.0548881
0.0547479
0.0549574
0.0544506
0.0547411
0.0545321
0.0550044
0.0551212
0.0549271
0.0550539
0.0545992
0.0544868
0.054879
0.0548372
0.0546783
0.0546508
0.0544938
0.0543261
0.054437
0.0550854
0.0548898
0.0545339
0.0546835
0.0544738
0.0548064
0.0546258
0.054621
0.0546371
0.0545709
0.0549993
0.055027
0.0546616
0.0548252
0.0548681
0.0544308
0.0544417
0.0543228
0.0546661
0.0547069
0.0546747
0.0545186
0.0548639
0.0550339
0.0547698
0.0549478
0.0550082
0.0548598
0.0543318
0.0547544
0.0540945
0.0549607
0.0543916
0.0544349
0.0545257
0.0545667
0.0546055
0.0544611
0.054668
0.0544321
0.0546723
0.0544154
0.0551557
0.054374
0.0543543
0.0542683
0.0543665
0.0545671
0.0550324
0.054662
0.0551502
0.0547217
0.0547322
0.0547936
0.0548186
0.0545828
0.0547562
0.0546926
0.0540384
0.0544945
0.0544115
0.0546998
0.054466
0.0545226
0.0548068
0.0546481
0.0546308
0.0544146
0.0546715
0.0549067
0.0549052
0.0547989
0.0551261
0.0546165
0.0548928
0.054388
0.0546373
0.0543922
0.054742
0.0548326
0.0546929
0.054418
0.0544967
0.0546351
0.0545872
0.0545405
0.0550212
0.0546902
0.0546332
0.054464
0.0546896
0.0547481
0.0547569
0.0545267
0.0546874
0.054615
0.0549114
0.0544915
0.0546439
0.054376
0.0547009
0.054341
0.0543191
0.0544849
0.0549425
0.0542411
0.0547652
0.0545231
0.0544916
0.0542646
0.0546722
0.0549678
0.0547133
0.0547744
0.0544197
0.0548206
0.0546931
0.0550837
0.0545302
0.0546368
0.0548505
0.0546063
0.0546843
0.0543717
0.0544971
0.0545987
0.0548216
0.0545667
0.0543519
0.0542989
0.0547558
0.0543859
0.0542199
0.0544658
0.0545779
0.0543163
0.0547103
0.0546194
0.0546683
0.0542633
0.0549458
0.0546832
0.0548562
0.0544508
0.0546991
0.0543789
0.0547188
0.0545306
0.0544606
0.0549649
0.0547424
0.0546578
0.0552814
0.0543556
0.054997
0.0546431
0.054829
0.0542756
0.0547152
0.0543187
0.0544995
0.0541908
0.0548103
0.054988
0.0542915
0.0547224
0.0545808
0.0547275
0.0548867
0.0546963
0.054752
0.0545815
0.0544685
0.0542166
0.0547407
0.0546947
0.0547498
0.0547644
0.0542696
0.0547344
0.0544364
0.0548899
0.0547151
0.0542236
0.0547806
0.0543404
0.0545765
0.0541891
0.054743
0.0544517
0.0547445
0.0548557
0.0544766
0.0547273
0.0544071
0.0546255
0.055124
0.0545076
0.0544265
0.0542016
0.0542284
0.0546131
0.0545264
0.0547697
0.0550204
0.0549601
0.0543571
0.0546732
0.0545146
0.0543586
0.0545897
0.054412
0.0543513
0.055121
0.0544197
0.0541294
0.0546261
0.0547372
0.0545608
0.0546141
0.0550613
0.0546482
0.0548193
0.054456
0.0545554
0.0548772
0.0544972
0.0548158
0.054387
0.0547144
0.0547295
0.0547567
0.0549723
0.0548294
0.0544088
0.0542605
0.054648
0.0546952
0.0545945
0.0543782
0.05474
0.0547764
0.054585
0.0547288
0.0546632
0.0544975
0.054266
0.0545947
0.0545644
0.0542047
0.0547597
0.0545756
0.0541784
0.054671
0.0550775
0.0546896
0.0549397
0.0545556
0.0543576
0.0546154
0.0544972
0.0542195
0.0546914
0.0546812
0.0545336
0.0545364
0.0548759
0.0549765
0.0543425
0.0545791
0.0542323
0.0544911
0.0543079
0.0545553
0.0544047
0.0550741
0.0544853
0.0545411
0.0546403
0.0543385
0.0544752
0.0545985
0.055103
0.0547694
0.0549215
0.0544444
0.0544114
0.0546119
0.0544511
0.0543236
0.0541334
0.0546719
0.0544551
0.0546516
0.0543798
0.0545463
0.0547848
0.0548769
0.0547302
0.0541962
0.0545582
0.0546221
0.0543321
0.054513
0.0545231
0.0546545
0.0545357
0.0548159
0.0542007
0.0546932
0.0545054
0.0550564
0.0545325
0.0549684
0.0549961
0.0547461
0.0544668
0.0544437
0.0547158
0.0546713
0.0546854
0.05461
0.0547146
0.0546364
0.0544986
0.0545543
0.0545466
0.0545641
0.0546138
0.0546179
0.0547525
0.054067
0.0544602
0.0537925
0.0543283
0.0543158
0.0544975
0.0544384
0.0544749
0.0548053
0.054845
0.0549492
0.0544515
0.0546517
0.0547785
0.0544481
0.0547662
0.0550434
0.0544916
0.054801
0.0546381
0.054438
0.0545563
0.0541996
0.0544175
0.0542911
0.0545255
0.0546851
0.0542312
0.0548838
0.0542877
0.054386
0.0544047
0.0539526
0.0547005
0.0542181
0.0549367
0.0541021
0.0546505
0.0544768
0.0547353
0.0543838
0.0546155
0.0547642
0.0543908
0.0545614
0.0540297
0.0544379
0.0547431
0.0543719
0.0546795
0.0548816
0.0548988
0.0548099
0.0542925
0.054776
0.0547254
0.0546584
0.0544879
0.0543457
0.0547381
0.0543917
0.0542504
0.0546629
0.0547305
0.0546192
0.0542552
0.0547085
0.0545423
0.0542992
0.0548472
0.0546915
0.0545262
0.0544649
0.0546274
0.0546017
0.0539832
0.0546186
0.0540542
0.0546971
0.0545552
0.0545782
0.0545729
0.05448
0.0544216
0.0548919
0.0549313
0.0549072
0.0547368
0.0543313
0.0543694
0.0545866
0.0545765
0.0544382
0.0546387
0.0548949
0.0540902
0.054864
0.0546038
0.0548727
0.0545235
0.0543736
0.0539291
0.0546961
0.0542642
0.0544095
0.0545146
0.0545839
0.0543687
0.0546269
0.0544455
0.0542741
0.0548449
0.0542501
0.0550597
0.0547878
0.0549226
0.0549282
0.0544829
0.0547434
0.0548639
0.0547422
0.0544544
0.0540378
0.054466
0.0543141
0.0542409
0.0549948
0.0542665
0.0550742
0.0543113
0.0546346
0.0547734
0.0543824
0.0545274
0.0544598
0.0544941
0.0542588
0.0546803
0.0545037
0.0540369
0.0549079
0.0540806
0.0543583
0.0540867
0.0544943
0.0543361
0.0545057
0.0542958
0.0544675
0.0546631
0.0543806
0.0545517
0.0542129
0.0544763
0.0541405
0.0543074
0.0544448
0.0545474
0.0545144
0.0544575
0.0549631
0.0544309
0.0550151
0.0544295
0.0550822
0.0544613
0.0545726
0.0547451
0.0540349
0.0545164
0.0543237
0.0546001
0.054645
0.0545763
0.0543054
0.0544712
0.0541184
0.0547942
0.0546098
0.0544258
0.0544056
0.0541674
0.0545848
0.0540102
0.0545476
0.0544832
0.0548569
0.0543511
0.0546582
0.0544246
0.0548117
0.0541253
0.0544136
0.0544405
0.0546165
0.0548665
0.0551348
0.0544925
0.0546959
0.0544174
0.0544434
0.0542268
0.0546024
0.0541986
0.0542537
0.054062
0.0544216
0.0544038
0.0542757
0.0545232
0.0547437
0.0546496
0.0544213
0.0548307
0.054551
0.0544437
0.0541059
0.0545442
0.0539873
0.0547464
0.0544085
0.0545311
0.0544203
0.0545972
0.0543723
0.0544615
0.0542443
0.0543015
0.0544649
0.0549434
0.0543472
0.054217
0.0541484
0.05446
0.0538603
0.0542727
0.0545455
0.0549287
0.0542603
0.0542268
0.0541187
0.054652
0.0543987
0.0544076
0.0540883
0.0544152
0.0542682
0.0545033
0.0544792
0.0542541
0.0544353
0.0544455
0.0545318
0.0541796
0.0542972
0.0543744
0.0546908
0.0542757
0.0545182
0.054753
0.0546037
0.0544452
0.0543839
0.0546014
0.0539205
0.0543257
0.0545251
0.0544476
0.0545482
0.0539274
0.0544991
0.0547692
0.0546436
0.0541774
0.0545081
0.0544306
0.0543244
0.0543418
0.0544988
0.0545298
0.0540477
0.0542728
0.0540744
0.0547889
0.0542333
0.0546012
0.0542435
0.0545651
0.0549462
0.0545177
0.0546661
0.0539759
0.054535
0.0545143
0.0545284
0.0546388
0.0547048
0.0546184
0.0544702
0.0547801
0.0541554
0.054349
0.0540936
0.0548819
0.0541312
0.0547563
0.0545326
0.0545636
0.0546694
0.0546375
0.0542715
0.0546779
0.0542571
0.0546034
0.0539279
0.0544695
0.0543286
0.0543293
0.0544939
0.0542192
0.0544564
0.0544336
0.0542558
0.0542381
0.0542999
0.0541604
0.0540409
0.0545887
0.0541458
0.0544937
0.054464
0.0546954
0.0544109
0.0542637
0.054418
0.0542584
0.054588
0.0542942
0.0543387
0.0546395
0.0544531
0.0545278
0.0547669
0.0547286
0.054056
0.0543056
0.0546814
0.0545515
0.0542887
0.0545556
0.0546003
0.0542833
0.0540841
0.0540829
0.0542382
0.0541637
0.0541456
0.0542553
0.0547006
0.0543051
0.0549763
0.0542718
0.054159
0.0539527
0.0543817
0.05423
0.0543832
0.0540577
0.0544977
0.054642
0.0544554
0.0540868
0.0542693
0.0544278
0.0543312
0.0546839
0.0546764
0.0545193
0.0544372
0.0544485
0.0544214
0.0543504
0.054056
0.0546309
0.0540802
0.0543546
0.0540095
0.0543913
0.0544244
0.0543173
0.054299
0.0539736
0.0548164
0.0542537
0.0543418
0.0542678
0.054319
0.0542793
0.0541854
0.0542469
0.0540566
0.0540525
0.0546205
0.0541316
0.0541745
0.0541818
0.0544352
0.0541656
0.054685
0.0542433
0.0543888
0.0544476
0.0547926
0.0540965
0.0547381
0.0542528
0.0544751
0.0542709
0.0542243
0.054786
0.054283
0.0546701
0.0542727
0.0543691
0.0538955
0.0546416
0.054354
0.0544731
0.0543024
0.054751
0.0543565
0.0541252
0.0544721
0.0542891
0.0543307
0.0542774
0.0541577
0.0540813
0.0545337
0.0544869
0.0542373
0.0542797
0.054115
0.0540414
0.0539721
0.0543545
0.0544837
0.0543941
0.0544857
0.0543237
0.0545993
0.0541577
0.0545792
0.0544896
0.0542754
0.0541762
0.054304
0.0545327
0.054397
0.0547962
0.0546167
0.054168
0.0542004
0.0541479
0.0541819
0.0545316
0.0542883
0.0542732
0.0537889
0.0541817
0.0544993
0.0539433
0.0543325
0.0542287
0.0543418
0.0544283
0.0542284
0.0546535
0.0541015
0.054407
0.0543313
0.0543403
0.0545014
0.0546015
0.0545485
0.054714
0.0545843
0.0542111
0.0541586
0.0541637
0.0544809
0.0542749
0.0542169
0.0543978
0.0543051
0.0543412
0.0542547
0.054125
0.0544764
0.0543368
0.0543391
0.0540958
0.054444
0.0538469
0.0544842
0.0544415
0.0546823
0.0542529
0.0544345
0.054509
0.0541913
0.0545359
0.0543859
0.0541405
0.0544661
0.0541521
0.0543471
0.0545298
0.0539294
0.0544509
0.0543111
0.055003
0.0544422
0.054251
0.0542722
0.0542959
0.0542281
0.0544374
0.054094
0.0545439
0.0545239
0.054556
0.0544665
0.0543039
0.0545826
0.0541531
0.0544603
0.0541946
0.0541719
0.0544253
0.0538188
0.0543927
0.0539542
0.0543928
0.0545867
0.0541861
0.0543464
0.0543113
0.0543372
0.0543567
0.0542419
0.0542106
0.0540753
0.0543115
0.0539101
0.0541257
0.0545465
0.0544359
0.0547236
0.0543314
0.0545295
0.0543274
0.0544698
0.0537615
0.0544967
0.0543626
0.0541376
0.0542555
0.0546616
0.0541502
0.0541419
0.0545604
0.0543646
0.054136
0.0541536
0.0542031
0.0541817
0.0543337
0.0544569
0.0542128
0.0543983
0.0544082
0.0545453
0.0543651
0.0545599
0.0545944
0.0545584
0.0540459
0.0544214
0.0539314
0.0543264
0.0544549
0.054213
0.0542692
0.054267
0.0543721
0.0540274
0.054279
0.054849
0.0542053
0.0546004
0.0539665
0.0548406
0.0541875
0.0543277
0.0544665
0.0540107
0.0546065
0.0539843
0.0546793
0.0541516
0.0542981
0.0541657
0.0542126
0.0541517
0.0543944
0.0543319
0.0541938
0.0543515
0.0544663
0.0539506
0.0543069
0.0542694
0.0544343
0.0543612
0.0545989
0.0543513
0.054361
0.0546299
0.0543774
0.054621
0.0542399
0.0544313
0.054316
0.0543447
0.0540778
0.0545459
0.0542731
0.0541515
0.0546566
0.0543836
0.0543141
0.0542292
0.0541797
0.054094
0.0541315
0.0543683
0.0542992
0.0545283
0.0543809
0.0543238
0.0539945
0.0544116
0.0541013
0.0544526
0.0540802
0.0541462
0.0543135
0.0541182
0.0542886
0.0541642
0.0541737
0.0537169
0.0544712
0.0540315
0.0547039
0.0545378
0.0543885
0.0542082
0.0538067
0.054366
0.0545518
0.054026
0.0541215
0.0545068
0.0545381
0.0542069
0.0544609
0.054282
0.0546959
0.0545834
0.0541535
0.0545279
0.0539702
0.0545739
0.053801
0.0544574
0.054141
0.054379
0.0540409
0.0539964
0.0541201
0.0543052
0.0546595
0.0542305
0.0542561
0.0547652
0.0543307
0.0544842
0.0542427
0.0544278
0.0544869
0.0544597
0.0544058
0.0544142
0.0545084
0.054109
0.0538907
0.0541593
0.05428
0.0541111
0.0542128
0.0544267
0.0543203
0.0542421
0.0543443
0.0542748
0.0546699
0.0543253
0.0540475
0.0544687
0.0544128
0.054287
0.0543757
0.054091
0.0539796
0.0543408
0.0546634
0.0543742
0.0543579
0.0546839
0.0545895
0.0546324
0.0539755
0.0543274
0.054383
0.0544827
0.0543835
0.054514
0.0541595
0.0546095
0.0545312
0.0545939
0.0541595
0.0541041
0.0546808
0.0544402
0.0544143
0.0540626
0.0549371
0.0542472
0.0540708
0.0542812
0.0540915
0.0542869
0.053966
0.0541992
0.0539704
0.0542321
0.0541907
0.0540096
0.054369
0.0542759
0.0541768
0.054617
0.0542001
0.0547638
0.0539634
0.0542233
0.0539429
0.0541559
0.0542518
0.0537139
0.0545027
0.0541818
0.0545755
0.0539556
0.0538773
0.0541557
0.0543506
0.0539882
0.0543587
0.0542961
0.0543267
0.0540447
0.0543561
0.05428
0.0540954
0.0542455
0.0542144
0.0540973
0.0540229
0.0541007
0.0542382
0.0543775
0.0542036
0.054281
0.0541777
0.0536123
0.0540489
0.0544631
0.0542019
0.0544379
0.054073
0.0543182
0.0540984
0.0541327
0.0543307
0.0542737
0.0542641
0.054471
0.0544364
0.0545973
0.0542445
0.0540771
0.0545581
0.0543279
0.0540903
0.0543564
0.054243
0.0541952
0.0541522
0.0543814
0.0540662
0.0544677
0.0539761
0.054381
0.0544537
0.054097
0.0541869
0.0543682
0.054259
0.0542344
0.0542773
0.054131
0.0543133
0.0539909
0.0539833
0.0542199
0.0542224
0.054273
0.0543188
0.0540105
0.0540039
0.0542393
0.0539599
0.0542884
0.0540298
0.0538181
0.0543531
0.0543317
0.0546888
0.054494
0.054472
0.0542758
0.053999
0.0542069
0.0541921
0.0544323
0.0543732
0.0542844
0.054226
0.0542506
0.0540863
0.0544363
0.0545435
0.0545389
0.0545233
0.0540527
0.0540741
0.0541912
0.0542047
0.0542135
0.0541443
0.0542084
0.0538402
0.0543549
0.0541329
0.0540745
0.0541597
0.054229
0.0540685
0.0539438
0.0539833
0.0542952
0.053853
0.0543374
0.0539633
0.0540194
0.0543662
0.0537999
0.053971
0.0541688
0.0542187
0.0541265
0.0541084
0.0542921
0.0540305
0.0541281
0.0544936
0.0539644
0.0545045
0.0539455
0.0542314
0.0540432
0.054493
0.0545009
0.0546362
0.0541048
0.0540522
0.054296
0.0541518
0.0540218
0.0542568
0.0539025
0.0543379
0.0543389
0.0547246
0.0543523
0.0542899
0.0542371
0.0539574
0.0544257
0.0540816
0.0536932
0.054069
0.0539969
0.0540878
0.0540548
0.0541561
0.0539163
0.0542262
0.0542197
0.0542504
0.0542099
0.0539379
0.0539589
0.0542339
0.0543577
0.0540058
0.053941
0.0544195
0.0542147
0.0543748
0.0541674
0.0540894
0.05402
0.0542479
0.0540518
0.0542984
0.0545418
0.0539369
0.0540372
0.0540357
0.0542506
0.0539527
0.0547117
0.0538978
0.0543022
0.0541504
0.0537736
0.0543068
0.0537264
0.0540791
0.0538929
0.0542019
0.054303
0.0544178
0.0541926
0.0544756
0.0539444
0.0542617
0.0541053
0.054164
0.0544034
0.0544503
0.0544638
0.0540596
0.0542369
0.0544031
0.0542153
0.0543658
0.0540804
0.0542219
0.053977
0.0543361
0.0543662
0.0541649
0.0541406
0.0543842
0.0546529
0.0540144
0.0542633
0.0542256
0.0541704
0.0540741
0.0541582
0.0542825
0.0538821
0.053768
0.054268
0.0542549
0.053968
0.0538853
0.0543663
0.053905
0.0541878
0.054253
0.0543854
0.0539658
0.0546447
0.0540299
0.0543008
0.0542378
0.053949
0.0540242
0.0543363
0.0542682
0.0540911
0.0544275
0.0543459
0.0544945
0.0540688
0.054178
0.0546243
0.0539441
0.0541447
0.054563
0.0542192
0.0541292
0.0543605
0.0540785
0.0540053
0.0541701
0.0541857
0.0542989
0.0539112
0.0539534
0.0543502
0.0540299
0.0541182
0.0544863
0.0541394
0.0542896
0.0543383
0.054301
0.0539058
0.0539432
0.0539274
0.0542715
0.0539035
0.0540226
0.0540738
0.0539567
0.0543526
0.0538948
0.0542342
0.0539486
0.0541509
0.0538093
0.0544346
0.0541204
0.054335
0.0538065
0.0540873
0.0543931
0.0538288
0.0539548
0.054489
0.0540226
0.0542611
0.0538777
0.0542117
0.0539099
0.0542467
0.0541881
0.0542113
0.0543652
0.0543467
0.054411
0.0541501
0.0543946
0.0543809
0.05423
0.0541296
0.0542679
0.054081
0.0539364
0.0539898
0.0542244
0.0547649
0.0543711
0.0542789
0.0543238
0.053832
0.0541684
0.0538595
0.0540959
0.0542964
0.0543352
0.0541804
0.054259
0.0541296
0.0542165
0.0543741
0.0542863
0.0542686
0.0542857
0.0539132
0.0543035
0.0541832
0.0546913
0.0539079
0.0541741
0.0540812
0.0545512
0.0539482
0.0544695
0.0544254
0.0541743
0.0542956
0.0543023
0.0544793
0.0541073
0.054383
0.0544061
0.0541223
0.0539501
0.0544651
0.0540043
0.0543207
0.0541662
0.054202
0.0542244
0.0543984
0.0541571
0.0544142
0.0540562
0.0541138
0.0537757
0.0540712
0.0540915
0.0543052
0.0535579
0.0539639
0.0541179
0.0540779
0.0541214
0.0539387
0.0542133
0.0538843
0.0540332
0.054599
0.0539633
0.0540159
0.0544528
0.0541135
0.0543196
0.0543799
0.0539037
0.0542769
0.054197
0.0539251
0.0538965
0.0541879
0.0537524
0.054408
0.0542061
0.054455
0.0540034
0.053743
0.0541232
0.0539326
0.0539471
0.05412
0.0544259
0.0544719
0.0542673
0.0541989
0.0546262
0.0543659
0.0544522
0.0544932
0.0542858
0.0541616
0.0547028
0.0542637
0.0541422
0.0541646
0.0545094
0.0543327
0.0543095
0.0538943
0.0539621
0.054012
0.0542402
0.0539151
0.0543603
0.0539817
0.0545289
0.0540262
0.0542895
0.0539439
0.0541892
0.0544342
0.0543773
0.054095
0.0542567
0.0542563
0.0540075
0.0540533
0.0540498
0.0542939
0.0539986
0.0541447
0.0540625
0.0538877
0.05448
0.0538391
0.0542728
0.0542172
0.0543879
0.0540447
0.0539648
0.0541781
0.0542436
0.0542661
0.0542118
0.0540774
0.0542807
0.0542996
0.0544173
0.0542248
0.0539372
0.0542416
0.0541225
0.0540531
0.0537392
0.0538273
0.0539941
0.0540085
0.0539849
0.0538544
0.0539387
0.0538684
0.0538632
0.0539151
0.0544086
0.0539236
0.0541636
0.0540507
0.0541163
0.0541589
0.0536295
0.0541356
0.0537176
0.0541986
0.0536535
0.0540239
0.0540589
0.0539377
0.0538059
0.0540921
0.053861
0.0542356
0.0542343
0.0540834
0.0537746
0.0542147
0.0539265
0.0540495
0.053792
0.0541245
0.0536832
0.0539797
0.0542752
0.0541816
0.0541753
0.05394
0.0538653
0.0539648
0.0542237
0.0546419
0.0540491
0.0541736
0.0545254
0.0540859
0.0539052
0.054079
0.0541561
0.0541759
0.0542994
0.0541353
0.0543735
0.0541921
0.0539624
0.0540192
0.0541197
0.0541785
0.0539583
0.0544088
0.0542205
0.0540538
0.0543705
0.054153
0.0540905
0.0544723
0.0543079
0.0538764
0.0541273
0.0543092
0.0537923
0.0540411
0.0540462
0.0535813
0.0536045
0.0543792
0.0539588
0.054174
0.0542813
0.0539925
0.0536399
0.05396
0.054227
0.0544403
0.0540771
0.0543181
0.0536542
0.0541376
0.0544187
0.0538675
0.0544257
0.0539069
0.0541696
0.0542062
0.0545008
0.0539151
0.0542771
0.0543553
0.054067
0.0540651
0.0543012
0.0540213
0.0539644
0.0537258
0.053775
0.05407
0.0541946
0.0539134
0.0538699
0.05427
0.0543864
0.0536986
0.0537785
0.0537965
0.0538471
0.0539845
0.0539258
0.0543493
0.0537501
0.0541379
0.0540151
0.0542477
0.0542238
0.0539203
0.0539197
0.0539269
0.053899
0.0539216
0.0540415
0.0538198
0.0539857
0.0537599
0.0539706
0.0541013
0.0541175
0.053862
0.0543323
0.0542983
0.0537852
0.0540161
0.05395
0.0538686
0.0538192
0.0541938
0.053971
0.054003
0.053974
0.0539743
0.0539868
0.053981
0.0542065
0.053915
0.0540271
0.0538042
0.0539545
0.0542306
0.0540785
0.0539666
0.0540234
0.0542225
0.0540027
0.0543333
0.0539322
0.0541186
0.0540026
0.0540819
0.0537279
0.0538063
0.0541113
0.0542826
0.0538305
0.0541845
0.0538928
0.0542416
0.0537888
0.0539586
0.0539946
0.0537494
0.0537391
0.0537733
0.0541969
0.05426
0.0540704
0.0542426
0.0535942
0.0541859
0.0544165
0.0543725
0.0536592
0.0539824
0.0539305
0.0540337
0.053917
0.0539006
0.0537512
0.0538748
0.054021
0.0539585
0.053797
0.0538753
0.0538336
0.0539163
0.0541403
0.0542095
0.0542487
0.0539424
0.0540911
0.0536607
0.0541093
0.053659
0.0540619
0.0538664
0.0540492
0.0539074
0.0538849
0.0540507
0.0538823
0.0541693
0.0538361
0.0537665
0.0541896
0.0540468
0.053961
0.053932
0.0538906
0.0540863
0.0541027
0.0542168
0.0542268
0.0538075
0.0538557
0.0537332
0.0539584
0.0540334
0.0536003
0.0542515
0.054038
0.0538907
0.0538589
0.0539723
0.0534471
0.0542335
0.0537703
0.0544645
0.0537283
0.0543086
0.0540687
0.0540308
0.0538191
0.0537248
0.0538427
0.0544498
0.0539452
0.0541679
0.0539711
0.0541909
0.0541958
0.0540323
0.0539802
0.054236
0.0537787
0.0537568
0.05376
0.0538093
0.0539581
0.054131
0.0538041
0.0539164
0.0539011
0.0537789
0.0541467
0.0538072
0.0542792
0.0535466
0.0542513
0.0537055
0.0540236
0.0539633
0.0541715
0.0538669
0.0542661
0.0541208
0.053859
0.0539138
0.0539433
0.054245
0.0539092
0.0540653
0.0541176
0.054127
0.0538818
0.0542312
0.0536065
0.0538184
0.0537138
0.0543032
0.0538036
0.0543784
0.0536891
0.0537915
0.0536861
0.0541114
0.0535386
0.0540343
0.0537681
0.0535944
0.0539257
0.0544628
0.0536398
0.0536322
0.0537374
0.0542445
0.0540957
0.0541197
0.0539049
0.0538308
0.0540594
0.0537966
0.053789
0.0538402
0.0541223
0.0542689
0.054315
0.0539456
0.0540149
0.0537658
0.0540181
0.0540158
0.0539013
0.0540683
0.0539473
0.0539181
0.054176
0.0541582
0.0541016
0.0540346
0.0543505
0.0539074
0.0539742
0.0537205
0.0540438
0.0542752
0.0541411
0.0540195
0.0538738
0.0538858
0.0538209
0.0536872
0.0540235
0.0539747
0.0540071
0.0540764
0.0541331
0.0537965
0.0540773
0.0537893
0.0541183
0.05395
0.0536452
0.0540114
0.0537875
0.053871
0.0539771
0.0541885
0.0536661
0.0539157
0.0541295
0.0540327
0.0543706
0.053743
0.053614
0.0539549
0.0540104
0.0538184
0.0541683
0.0540093
0.0539806
0.0540015
0.05378
0.0538017
0.0538441
0.0540939
0.0538835
0.0540129
0.0539443
0.0538795
0.0535403
0.0542267
0.0535719
0.0542969
0.0538275
0.0541709
0.0540198
0.0538586
0.0542473
0.0538539
0.0541275
0.0539123
0.0540623
0.054156
0.0541958
0.0540378
0.0538361
0.0539795
0.0542576
0.0542229
0.0540355
0.0540992
0.0539541
0.0543109
0.0538523
0.0538858
0.0538673
0.0536503
0.0540402
0.054112
0.0537719
0.0539297
0.0536311
0.054098
0.0538869
0.0542008
0.0538699
0.0540859
0.0540706
0.053954
0.0538364
0.0540709
0.0540418
0.0539624
0.0536911
0.0539457
0.0538776
0.054094
0.0543424
0.0541853
0.0539365
0.0539966
0.0537753
0.0539371
0.0536577
0.0542577
0.0533429
0.0540656
0.0540191
0.0534645
0.0539189
0.0537222
0.0539805
0.0537173
0.0540114
0.0538931
0.0538775
0.0543155
0.0536926
0.0537831
0.0538949
0.0536756
0.0538946
0.054288
0.0539801
0.0540354
0.0538808
0.053745
0.0537767
0.0538571
0.0539369
0.053945
0.05417
0.0540491
0.0538534
0.0539773
0.0543009
0.0539284
0.0537129
0.0541395
0.0535559
0.0535218
0.0536985
0.0539464
0.0539043
0.0539047
0.0537193
0.054252
0.054091
0.0544761
0.0539586
0.0540317
0.0535397
0.0536661
0.0535834
0.0538283
0.0542219
0.0540677
0.0540094
0.0539688
0.0538531
0.0538736
0.053749
0.0537701
0.0537557
0.0538355
0.0539143
0.0538158
0.0537282
0.0540781
0.0538605
0.0540702
0.0534578
0.0540973
0.0537418
0.0542113
0.0538199
0.0537807
0.0540163
0.0537136
0.0539064
0.0540563
0.0538101
0.0540088
0.0538504
0.0538264
0.0537596
0.0537764
0.0539262
0.0540186
0.0539049
0.0540183
0.0539608
0.0539429
0.0535693
0.0539166
0.0538372
0.0540229
0.0537492
0.0539227
0.0539462
0.0538993
0.0540292
0.05378
0.0540133
0.0537303
0.0536963
0.0540555
0.0542726
0.0540572
0.0538504
0.0539645
0.05404
0.0541065
0.0538728
0.053769
0.0536755
0.0539021
0.0538412
0.0538364
0.0538804
0.0539174
0.0541152
0.0542669
0.0535346
0.0538556
0.0539603
0.0539936
0.0539622
0.0541025
0.0540031
0.0536979
0.0542955
0.0536673
0.0535231
0.05395
0.0540725
0.053813
0.0539975
0.0539337
0.0542721
0.0536455
0.0541191
0.0538081
0.0539248
0.0536956
0.0537782
0.0540927
0.0537344
0.0544861
0.053871
0.0536177
0.0536815
0.0540474
0.05384
0.0539472
0.0540737
0.0537974
0.053734
0.0538375
0.0536528
0.0537587
0.0536556
0.0536163
0.0538691
0.0538025
0.0543211
0.0538043
0.0541666
0.0537915
0.0541283
0.0537782
0.053849
0.0541582
0.0535101
0.0540926
0.0539114
0.0535844
0.0536447
0.0541624
0.0539623
0.0539329
0.0538038
0.053758
0.0539027
0.0539062
0.0536391
0.0540898
0.0540462
0.0538072
0.0538092
0.0541474
0.0538418
0.0538283
0.0538699
0.0538639
0.0537175
0.054156
0.0537108
0.0537503
0.0541646
0.0537974
0.0538968
0.0539761
0.0538202
0.0537358
0.0535424
0.0540376
0.0542061
0.0540185
0.0539063
0.0541167
0.0535965
0.05377
0.0537604
0.0539534
0.0536911
0.0540113
0.0539889
0.0542002
0.0539128
0.0536266
0.0538018
0.0537672
0.0537885
0.0539667
0.0535415
0.0538507
0.0542478
0.0541656
0.053632
0.0541311
0.0540559
0.0535449
0.0537225
0.0537421
0.0542271
0.0540524
0.0539415
0.053891
0.0539945
0.053842
0.0537927
0.0540644
0.0536473
0.053952
0.05377
0.0542398
0.0539328
0.0538716
0.053767
0.0537361
0.053827
0.0537489
0.0542269
0.0535926
0.0540521
0.0540349
0.05393
0.0534556
0.0538841
0.0539913
0.0538204
0.0539433
0.0537714
0.0537649
0.053724
0.0536955
0.0542275
0.0540281
0.0541583
0.0540519
0.0541948
0.0537538
0.0536544
0.0537093
0.0537602
0.0540495
0.0538565
0.0537706
0.0540003
0.0540665
0.0538973
0.0542357
0.0537149
0.0539098
0.0535553
0.0537338
0.0535312
0.0536883
0.0539708
0.0540371
0.0539313
0.0536698
0.0540943
0.0538405
0.0540681
0.053575
0.0539056
0.0537428
0.0537996
0.053879
0.0539857
0.0536463
0.0538951
0.0537279
0.0542271
0.053965
0.0541373
0.0540726
0.0539227
0.0537629
0.0539213
0.0537737
0.0541352
0.0543139
0.0538199
0.0541872
0.0538571
0.0538882
0.0539859
0.0538161
0.0536998
0.0539279
0.0537416
0.0541105
0.0538113
0.0538841
0.0537221
0.0538783
0.0540853
0.0534815
0.053751
0.053624
0.0536863
0.0538542
0.0540161
0.0541333
0.0538557
0.053797
0.0537412
0.0537397
0.0540869
0.0539691
0.0537502
0.0539713
0.0538555
0.054104
0.0542559
0.0539396
0.0541341
0.0540265
0.0537038
0.0538005
0.0540722
0.0536865
0.0537245
0.054036
0.0535632
0.0538802
0.05404
0.053872
0.0535258
0.0538958
0.0537428
0.05364
0.0540005
0.0540815
0.0538514
0.053612
0.0538461
0.0538256
0.0535479
0.0535793
0.053818
0.0538335
0.0538375
0.0539739
0.0540334
0.0541688
0.0540761
0.0539135
0.0540885
0.0537445
0.0536463
0.0540257
0.0539158
0.0539048
0.053698
0.0538252
0.0540271
0.05411
0.0537749
0.0540589
0.0538839
0.0538093
0.0536851
0.0535976
0.0536931
0.0539627
0.0536228
0.0537784
0.0538148
0.0536361
0.054129
0.0536924
0.0537523
0.0540078
0.053578
0.0535672
0.0538777
0.0537084
0.0535138
0.0540686
0.0536101
0.0541313
0.0538008
0.0540189
0.0538422
0.053999
0.0539099
0.0537744
0.0536215
0.0537812
0.0537626
0.0538703
0.0539256
0.0536564
0.0541164
0.0539753
0.0538884
0.0535838
0.0535496
0.0539075
0.0537013
0.0539241
0.0538542
0.0540365
0.0541121
0.0538846
0.053989
0.0538149
0.0538976
0.0541656
0.0535641
0.0536855
0.0539993
0.0537702
0.0538744
0.0538855
0.0538002
0.0539327
0.0538872
0.054365
0.053521
0.0538496
0.0537254
0.0535272
0.0538919
0.0536992
0.0538218
0.0538664
0.0539328
0.0539456
0.0537769
0.0541407
0.053888
0.0540716
0.0537544
0.0537646
0.0541735
0.0539184
0.0539863
0.0540719
0.0536387
0.0537529
0.0536776
0.0538881
0.0538576
0.0538309
0.0540238
0.0539044
0.0540643
0.0539706
0.054007
0.0536183
0.0538953
0.0537487
0.053729
0.0539035
0.0534995
0.0534056
0.0537558
0.0541069
0.0540028
0.0540893
0.0539847
0.0537627
0.0538322
0.0536727
0.0536515
0.0534409
0.0536209
0.0535307
0.0538858
0.0537676
0.0540879
0.0535923
0.0539187
0.0538624
0.0538967
0.0538778
0.0536034
0.0540301
0.0540499
0.0539547
0.0539235
0.0536186
0.0540057
0.053868
0.0538699
0.053981
0.0536052
0.0537208
0.0539923
0.0536053
0.0538295
0.0539702
0.0539201
0.0539278
0.0540575
0.0537762
0.0537999
0.0538076
0.0537593
0.0539628
0.0538978
0.0536871
0.053755
0.0538242
0.0537037
0.0537774
0.0538379
0.0537384
0.053648
0.0541116
0.0534993
0.0540333
0.0535998
0.0538203
0.0537726
0.0538728
0.0539648
0.0534221
0.0542896
0.0537568
0.0540631
0.0537925
0.0539885
0.0538214
0.0537989
0.053765
0.0539022
0.0536332
0.053746
0.0536456
0.0539219
0.05359
0.0538968
0.0538359
0.0538852
0.0538738
0.0535154
0.0538676
0.0538131
0.053574
0.0541069
0.0536873
0.0538677
0.0535459
0.0541089
0.0537815
0.0537088
0.0535706
0.0540691
0.053744
0.0539744
0.0536786
0.0539246
0.0537587
0.0540139
0.0537097
0.0539397
0.0537396
0.0539369
0.0538953
0.0537858
0.0539521
0.0540134
0.0539868
0.0537837
0.0539905
0.0535643
0.0540691
0.0536459
0.0541252
0.0536256
0.0538429
0.0536384
0.0539357
0.0538319
0.0538215
0.0538024
0.0542593
0.0539236
0.0540859
0.0538067
0.0538575
0.0539213
0.053698
0.0538676
0.0534623
0.0539471
0.0539529
0.0537914
0.0541098
0.0535714
0.0538044
0.0538429
0.0538279
0.0538078
0.0532191
0.0540578
0.0536758
0.0540504
0.0534952
0.0538779
0.0536529
0.0541294
0.0538425
0.0536987
0.053934
0.0534519
0.0537521
0.0536772
0.0538946
0.0534931
0.0537334
0.0538792
0.0537654
0.0537773
0.0537955
0.0539567
0.0537301
0.0535284
0.0538018
0.0538326
0.0535485
0.0538005
0.0539077
0.053967
0.0532129
0.0538824
0.053672
0.053872
0.0537786
0.0536893
0.0536039
0.0536123
0.0535972
0.0540546
0.0536283
0.053634
0.0534752
0.054015
0.0535422
0.0537966
0.053635
0.0537096
0.0538846
0.0536755
0.0536193
0.0537809
0.0538952
0.0537919
0.053787
0.0541289
0.0537025
0.0542531
0.0535217
0.0535913
0.0536676
0.0539096
0.0540872
0.0536679
0.0540698
0.0536782
0.0540008
0.0540058
0.0536701
0.0537069
0.0537902
0.0532682
0.0537093
0.0538877
0.0538076
0.0536529
0.0539193
0.0538536
0.0535274
0.0536046
0.0538616
0.0537226
0.053606
0.0536212
0.0538254
0.0537743
0.0539274
0.0536217
0.0539561
0.0540065
0.0535308
0.0536684
0.0540151
0.0537133
0.0539673
0.0535355
0.0540647
0.0537885
0.0537119
0.0538319
0.0539217
0.0537167
0.0537067
0.0536359
0.0539287
0.0532537
0.053638
0.0533657
0.0539802
0.0535371
0.0536009
0.0540576
0.0535015
0.0540365
0.0538636
0.0538214
0.0536995
0.0537582
0.0540109
0.0537229
0.0537083
0.0538493
0.053731
0.0541913
0.0538833
0.0538102
0.0537068
0.0539479
0.0534773
0.0535532
0.0537744
0.0538443
0.0540574
0.0539083
0.0536716
0.0538194
0.0537578
0.0537838
0.0537217
0.0539043
0.0531596
0.0537498
0.0535809
0.0537089
0.0536319
0.0538601
0.0535395
0.0535267
0.0539885
0.0538687
0.0537171
0.0535975
0.0537638
0.0537569
0.0536092
0.0540853
0.0537012
0.0536958
0.053695
0.0537324
0.0537589
0.0533884
0.053939
0.0536354
0.0538786
0.0534808
0.0540392
0.0538275
0.053815
0.0539552
0.0537368
0.0533259
0.0539073
0.0534459
0.0536032
0.0536831
0.0538206
0.053904
0.0539935
0.0539658
0.0539843
0.0534779
0.0535618
0.0539435
0.0540716
0.0536272
0.0538222
0.0533191
0.0537179
0.0534144
0.0538045
0.0537767
0.0543241
0.0535892
0.0539956
0.0535794
0.0540618
0.0540576
0.0537854
0.053606
0.054269
0.0535143
0.0535897
0.053706
0.0538107
0.0537253
0.0537556
0.0538366
0.0538476
0.0539617
0.0538276
0.0537452
0.0537683
0.0537921
0.0533336
0.053885
0.0537918
0.0537118
0.0540658
0.0538358
0.0537383
0.0536038
0.0535847
0.0537851
0.0535503
0.0536899
0.0539046
0.0539494
0.0537873
0.0533991
0.053792
0.0535701
0.0533929
0.0538852
0.0535624
0.0539565
0.0537234
0.0537002
0.0537129
0.0541334
0.053792
0.0534963
0.0539738
0.053435
0.0541497
0.0536728
0.0540971
0.0540683
0.0538962
0.0537517
0.0538726
0.0539009
0.0538397
0.0533436
0.0535299
0.0537128
0.0532834
0.0536891
0.0533966
0.0540061
0.0536884
0.0536322
0.0534214
0.0537147
0.0542236
0.0537505
0.0536634
0.0536858
0.0532922
0.0535572
0.0535332
0.0537421
0.0534907
0.0534746
0.0535689
0.0532874
0.053933
0.0537367
0.0538855
0.0535602
0.0538567
0.0539973
0.0534415
0.0542673
0.0535033
0.0545182
0.0535234
0.0535898
0.0535096
0.0538458
0.0538538
0.0537245
0.0537634
0.0539668
0.0538176
0.0537726
0.054113
0.0536209
0.0536683
0.0537543
0.0538415
0.053844
0.0537157
0.0537323
0.0535759
0.0539386
0.053438
0.0539767
0.0536316
0.0541183
0.0535319
0.0537548
0.0539922
0.0537955
0.0538325
0.0535417
0.0537024
0.0536971
0.0537814
0.0535123
0.053646
0.0533161
0.0538273
0.0537943
0.0535825
0.0536229
0.0540242
0.0536234
0.0537692
0.0537281
0.0537682
0.0536853
0.0534505
0.0535092
0.0537047
0.0538311
0.053754
0.0536828
0.0536018
0.0540604
0.0534857
0.0539133
0.0535433
0.0538278
0.0540928
0.0536484
0.0537422
0.0538759
0.053805
0.0535072
0.0536277
0.0535822
0.0535065
0.0539388
0.0534868
0.0535066
0.0539162
0.0534038
0.0539959
0.0535586
0.0536783
0.0533294
0.0538016
0.0536747
0.0536451
0.053691
0.0536515
0.0534759
0.0539191
0.0538245
0.0538097
0.0536146
0.0537716
0.0534146
0.0535491
0.0535626
0.0537662
0.0532045
0.0537798
0.0536333
0.0539325
0.0535794
0.053584
0.0533644
0.053721
0.0538261
0.053351
0.0536778
0.0536407
0.0539151
0.0539677
0.053905
0.0536677
0.0534886
0.054105
0.0533082
0.0538015
0.0536605
0.0537694
0.0537809
0.0537456
0.0535981
0.0537347
0.0535154
0.0536867
0.0533569
0.0539557
0.053434
0.0539153
0.053488
0.0537124
0.0536863
0.0534023
0.0538903
0.0537097
0.0537921
0.0539015
0.0536787
0.05365
0.0534604
0.0534366
0.0536676
0.0538018
0.053607
0.0535389
0.0537976
0.0536819
0.0535897
0.0540018
0.0534644
0.0537111
0.0534032
0.0536544
0.0538092
0.0541923
0.0536436
0.0537709
0.0535378
0.0536918
0.053355
0.0537879
0.0537137
0.0536615
0.0538626
0.053737
0.0536261
0.0537127
0.0534243
0.0533621
0.0539693
0.0532452
0.0535855
0.0530985
0.0533465
0.0534949
0.0533997
0.0534217
0.0537197
0.0536259
0.0536948
0.053495
0.053607
0.0538071
0.0537293
0.0533785
0.0539548
0.0533355
0.0536215
0.053193
0.0535003
0.0536597
0.0542918
0.0536951
0.0536111
0.053484
0.0536449
0.0533116
0.0535398
0.0534637
0.0536653
0.0533682
0.0539978
0.0534882
0.0537116
0.0532656
0.0538386
0.0532783
0.0536206
0.0536233
0.0536276
0.0535181
0.053729
0.0535662
0.0538776
0.0537686
0.0537418
0.0540101
0.0536591
0.0535319
0.0533717
0.0535544
0.0536185
0.0536393
0.0537654
0.0534306
0.0537923
0.0536901
0.0536102
0.0537961
0.0535659
0.053541
0.0532822
0.0538366
0.0535329
0.0537873
0.0537915
0.054045
0.0535101
0.053797
0.0533846
0.0537294
0.0535504
0.0535385
0.0535174
0.0538264
0.0534948
0.053373
0.0536804
0.0535267
0.0535821
0.0533213
0.0534783
0.0537325
0.0532555
0.054128
0.0535215
0.0539229
0.0530478
0.0539291
0.0533734
0.0537215
0.0536799
0.0534117
0.0536734
0.053475
0.053621
0.0537556
0.0537386
0.0534065
0.0537899
0.0532699
0.0540255
0.0534188
0.0538183
0.0537414
0.0536954
0.0537138
0.0535439
0.0535262
0.053761
0.0539707
0.0535789
0.0536335
0.0537965
0.0536492
0.0538574
0.0535658
0.0532433
0.0534323
0.0534507
0.0537084
0.0534805
0.0534589
0.0537547
0.0534634
0.0536581
0.0537503
0.0532666
0.0539334
0.0536544
0.0537274
0.0535573
0.0538221
0.0539704
0.0539236
0.0539243
0.0536185
0.0540718
0.0532374
0.0537323
0.0534076
0.0537277
0.0532927
0.053544
0.0536344
0.0536462
0.0536005
0.0538589
0.0535759
0.0537068
0.0534711
0.0535779
0.0536687
0.0538611
0.053417
0.0537235
0.0534997
0.0537304
0.0535942
0.0538421
0.0535687
0.0536555
0.0538251
0.053396
0.053733
0.0533672
0.053793
0.0532176
0.0535098
0.0534739
0.0532556
0.0539411
0.0532652
0.0537739
0.0534769
0.0537034
0.0535073
0.053676
0.0534359
0.053724
0.0534996
0.053425
0.0533368
0.0534387
0.0533835
0.0537788
0.0536887
0.0532762
0.0537578
0.0533475
0.0538495
0.0532527
0.053541
0.0535477
0.0535293
0.053443
0.0536524
0.0535918
0.0536115
0.0534722
0.0533849
0.0536406
0.0534409
0.0537021
0.0534945
0.0536949
0.0535446
0.0538185
0.0534256
0.0535792
0.0537985
0.0533288
0.0535321
0.0535823
0.0537341
0.0534895
0.0535901
0.0537872
0.0535004
0.0535647
0.0536618
0.0535209
0.0534973
0.0533903
0.0536122
0.0535466
0.0534259
0.0534683
0.0535956
0.053406
0.0537525
0.053532
0.0535086
0.0534069
0.0533835
0.0537701
0.0536296
0.0536161
0.0539083
0.0536699
0.0538409
0.053535
0.053681
0.0536496
0.0533426
0.0534305
0.0532352
0.0537881
0.0528584
0.0539486
0.0534944
0.054073
0.0531694
0.0535458
0.0534088
0.0534694
0.0535431
0.0531044
0.0537466
0.0534697
0.0536242
0.0534717
0.0535279
0.0536672
0.0534178
0.0538388
0.0536984
0.0536579
0.0535129
0.0534754
0.0538716
0.05347
0.0537904
0.0535204
0.0536245
0.0534781
0.0535286
0.0532865
0.053408
0.0537739
0.0533566
0.0537771
0.0533433
0.0535008
0.0534162
0.0535206
0.0537327
0.0532029
0.0540166
0.0533626
0.0535836
0.0531407
0.0536987
0.0532568
0.0536418
0.053719
0.0535934
0.0538915
0.0534157
0.0533279
0.0533224
0.0537098
0.0532616
0.053535
0.0534263
0.0536645
0.0537294
0.0534797
0.0537235
0.0535625
0.0536545
0.0534687
0.0533998
0.053497
0.0533553
0.0533035
0.0538226
0.0535168
0.0534446
0.0537273
0.0536436
0.0536276
0.0535764
0.053633
0.0533895
0.0538592
0.0533357
0.053756
0.0537313
0.0538368
0.0535575
0.0532371
0.0535465
0.0535151
0.053717
0.0533606
0.0537022
0.0532525
0.0536229
0.0530101
0.0532658
0.0536519
0.0533852
0.0534862
0.0529908
0.0537659
0.0532358
0.0534567
0.0535878
0.0534318
0.0535731
0.0535653
0.0534063
0.0534433
0.0535166
0.0536347
0.053653
0.0534297
0.0534962
0.0535248
0.0534128
0.0536234
0.0533041
0.0537462
0.0536473
0.0537892
0.0535354
0.0537039
0.0536173
0.0534352
0.053588
0.0535914
0.0535439
0.0534454
0.0534804
0.0532578
0.0535911
0.0536289
0.0534949
0.0534421
0.0534964
0.0534749
0.0536454
0.0535154
0.0531912
0.0535571
0.0534249
0.0534125
0.0533393
0.0536252
0.0535564
0.0536279
0.0539771
0.0537322
0.053539
0.0533848
0.0537127
0.0536689
0.0537662
0.0532145
0.0535153
0.0533985
0.0538976
0.0530329
0.0536143
0.0537037
0.0535212
0.053337
0.0531798
0.0532421
0.0537147
0.0535166
0.0537821
0.0534814
0.0535149
0.0533659
0.0536498
0.0532176
0.0538533
0.0533669
0.0536004
0.0533354
0.0535067
0.0535813
0.0536377
0.0536683
0.0535813
0.0536088
0.0531838
0.0535189
0.0535658
0.0535181
0.0536747
0.0532743
0.0533887
0.0532672
0.0539346
0.0534873
0.0538862
0.0535548
0.0534421
0.0535951
0.0534052
0.0533019
0.0536085
0.0533629
0.0533751
0.0535581
0.0534778
0.0532597
0.0533312
0.053858
0.053643
0.0532821
0.053459
0.0533891
0.0533497
0.0539314
0.0535631
0.0539447
0.053697
0.0535771
0.0534539
0.0536491
0.0533096
0.0533611
0.0534083
0.053616
0.0536935
0.053667
0.0533679
0.0536228
0.0533528
0.053544
0.0530156
0.0538227
0.0535024
0.0536123
0.0535378
0.0534558
0.0536428
0.0535183
0.0536527
0.0531132
0.0534962
0.053345
0.0534333
0.0535344
0.0534284
0.0537759
0.0531693
0.0536704
0.0532792
0.0539402
0.0535656
0.0536582
0.0535939
0.0535476
0.0535288
0.0536896
0.0533317
0.0539169
0.0534617
0.0536652
0.0532343
0.0533425
0.0534329
0.053502
0.0534177
0.0537805
0.053457
0.0534745
0.0535332
0.0530508
0.053295
0.053278
0.053602
0.0534785
0.0535745
0.0535221
0.0536247
0.0535198
0.0535677
0.0536546
0.0536267
0.0535788
0.0537436
0.0532718
0.0535566
0.0536248
0.053738
0.053573
0.0535064
0.0537991
0.0533943
0.0536325
0.0532389
0.0535471
0.0533208
0.0533451
0.0539747
0.0534382
0.0537403
0.0534443
0.05363
0.0536473
0.0535415
0.0532825
0.0534344
0.0535711
0.0536631
0.053454
0.0536686
0.0534134
0.0535836
0.0535342
0.0537309
0.0533863
0.0537108
0.0533934
0.0533618
0.0536483
0.0534388
0.0532221
0.053687
0.0533144
0.0534344
0.053537
0.0537631
0.0535914
0.0537238
0.0535142
0.0533638
0.0534182
0.0535231
0.0533346
0.0532362
0.0535715
0.0533571
0.0536348
0.0535113
0.0534487
0.0535861
0.0537162
0.0535433
0.05355
0.0535393
0.0536147
0.0533614
0.0535308
0.0535543
0.0531506
0.0535929
0.053006
0.0537736
0.0532265
0.0541076
0.0534982
0.0538678
0.0534823
0.0539471
0.053317
0.053545
0.053547
0.0535342
0.0534173
0.0534152
0.0533883
0.0531971
0.0536384
0.0531803
0.0537077
0.0534547
0.0535357
0.0531453
0.0533132
0.0533917
0.0531435
0.0537043
0.0532674
0.0540805
0.0536151
0.0536761
0.0536251
0.0534471
0.0534293
0.0533871
0.0534308
0.0535378
0.0534907
0.0537428
0.0536166
0.0533727
0.0536202
0.0534432
0.0534759
0.0534688
0.0536014
0.0534034
0.0537859
0.0533931
0.0536747
0.0534186
0.0533101
0.0535453
0.0538391
0.0531995
0.0535883
0.053491
0.0533543
0.053452
0.0535418
0.0535991
0.0535372
0.0533682
0.0534363
0.0535455
0.0536913
0.0530934
0.0537578
0.0536081
0.053654
0.0536217
0.0535067
0.0534993
0.0536629
0.0533807
0.0535252
0.05339
0.0534946
0.0532158
0.0537018
0.0536722
0.0534075
0.0532395
0.0535445
0.0536663
0.0537656
0.0532455
0.0535688
0.0536631
0.053527
0.0534934
0.0535587
0.053693
0.0536083
0.053507
0.0534017
0.0533697
0.0534734
0.0535908
0.0538053
0.0535427
0.0534469
0.0533815
0.053596
0.0533015
0.0535054
0.0536285
0.0531833
0.0536146
0.053087
0.0538276
0.0534178
0.0533708
0.0530712
0.0533823
0.0534944
0.0530484
0.0534849
0.0534705
0.0536852
0.0533782
0.0537806
0.0532069
0.0537786
0.0529317
0.0538564
0.0538394
0.0536522
0.053581
0.0536816
0.0535553
0.0534295
0.0535545
0.0534865
0.0536707
0.0532559
0.0533504
0.0533505
0.0533993
0.0534565
0.0535502
0.0531513
0.0535614
0.0534261
0.0536033
0.0536203
0.0536193
0.0532689
0.0537053
0.0533566
0.0535777
0.053432
0.0534502
0.0535846
0.0538049
0.0534523
0.0534773
0.0531139
0.0535204
0.0530667
0.0537504
0.0532668
0.0536858
0.05344
0.0539025
0.0536084
0.0536922
0.0533868
0.0535214
0.0533187
0.0533025
0.0534602
0.0534259
0.053323
0.053602
0.0534598
0.053454
0.0535143
0.0532238
0.0535115
0.0536189
0.05367
0.0533612
0.0536854
0.0536355
0.0537567
0.0535129
0.0532978
0.0534799
0.0532934
0.0534044
0.0536741
0.0534153
0.053277
0.053671
0.0534194
0.0531838
0.0536114
0.0536022
0.0533257
0.0534375
0.0538873
0.0535982
0.0536179
0.0537098
0.0539834
0.0533951
0.0532675
0.0534081
0.0539573
0.0533123
0.0535745
0.0533038
0.0534208
0.0535286
0.0536015
0.0535867
0.0535291
0.0532636
0.0535247
0.0534732
0.0536432
0.0536437
0.0537733
0.0533624
0.0534914
0.0533833
0.0531712
0.0536643
0.0534977
0.0536263
0.0534766
0.0535613
0.0538946
0.0534942
0.0535359
0.0533894
0.0531792
0.0532405
0.0536295
0.0535763
0.0535892
0.0535166
0.0533073
0.0535985
0.0532395
0.0535523
0.0533299
0.0537957
0.0535592
0.0539066
0.0534809
0.0534308
0.0535025
0.0536845
0.0536224
0.0536538
0.0534705
0.0533158
0.053824
0.0535072
0.0537109
0.0532997
0.0534417
0.0531996
0.0537967
0.0533236
0.0535443
0.0533385
0.0535072
0.0534325
0.0537664
0.0530337
0.0534599
0.053079
0.0536977
0.0535193
0.0536919
0.0534815
0.053665
0.053409
0.0536102
0.0534797
0.0529745
0.0533895
0.0535196
0.0534898
0.0533888
0.0531466
0.0535184
0.053575
0.0534831
0.0532552
0.0534815
0.0533395
0.0535625
0.0534871
0.0537409
0.0529869
0.0532638
0.0532511
0.0536248
0.0532831
0.0539353
0.0531458
0.0533708
0.0534442
0.0533604
0.0534716
0.0534648
0.053495
0.0531816
0.0534095
0.0534428
0.0534965
0.0532208
0.0534388
0.0536404
0.0532894
0.0536452
0.0533777
0.0534148
0.0534207
0.0533207
0.0537007
0.0532868
0.0534899
0.0534332
0.0536664
0.0533809
0.0535311
0.0534141
0.0535259
0.053327
0.0537222
0.0536185
0.0536138
0.0535829
0.0535376
0.0536823
0.0536188
0.0536343
0.0535445
0.05348
0.0531475
0.0535315
0.0533096
0.0538347
0.0534674
0.0536137
0.0535383
0.05351
0.0534567
0.0536233
0.0534319
0.0533402
0.0535219
0.0531677
0.0532165
0.0534915
0.0535219
0.0532302
0.0534345
0.0535373
0.053479
0.0534755
0.0535059
0.0535406
0.0538924
0.0536654
0.0534985
0.0534271
0.0531292
0.0533458
0.0531038
0.0535518
0.0532648
0.0537148
0.0532752
0.0537318
0.0533673
0.0533669
0.0531396
0.0533245
0.0535475
0.0534777
0.0538033
0.0536734
0.0535804
0.0534181
0.0533555
0.0535784
0.05354
0.0537118
0.0535497
0.0536417
0.0534782
0.0535875
0.0534747
0.0533842
0.0535983
0.0535044
0.0535617
0.053186
0.0533889
0.0535149
0.0533557
0.0532526
0.053535
0.0536143
0.0533329
0.0537283
0.0534574
0.0534909
0.0532063
0.0532099
0.0533816
0.0536139
0.0531749
0.0534497
0.0536555
0.0534508
0.0535751
0.0537308
0.0534872
0.053483
0.0534467
0.0535191
0.0533355
0.0536238
0.0534922
0.0533404
0.0537339
0.0532728
0.0535538
0.05353
0.0533614
0.0533684
0.0536373
0.0534415
0.05324
0.0536707
0.0535312
0.0535585
0.0534462
0.0532893
0.0533265
0.0535658
0.0537609
0.0533805
0.0534144
0.0535349
0.0534621
0.0535874
0.053316
0.0537516
0.0532789
0.0533341
0.0532333
0.0533956
0.0536407
0.0532984
0.0534984
0.0532894
0.0537788
0.0533322
0.0538431
0.0533391
0.0532371
0.0532691
0.0533388
0.0532166
0.0535531
0.0532486
0.0536086
0.0537886
0.053226
0.0534627
0.0534369
0.0535964
0.0535838
0.0533015
0.0536608
0.0535399
0.0536854
0.0533975
0.0535532
0.0535229
0.0536047
0.0535456
0.0531637
0.0534973
0.0530777
0.0533903
0.0533919
0.0535288
0.0532936
0.0537756
0.0534434
0.0533407
0.0535573
0.0534249
0.0536231
0.0534329
0.0535811
0.0533453
0.0534824
0.0531917
0.0535526
0.0531318
0.0538397
0.053506
0.0530494
0.0532262
0.0533866
0.0531902
0.0532933
0.0533133
0.053433
0.0536498
0.0537231
0.0535416
0.0536919
0.0536111
0.0535156
0.0533895
0.0534521
0.053616
0.0537435
0.0535413
0.0535222
0.0534339
0.0535006
0.053603
0.0533532
0.0533662
0.0532909
0.0533344
0.0530115
0.05331
0.0534125
0.0533231
0.053431
0.0535775
0.0534796
0.0531737
0.053292
0.0534011
0.0533009
0.0535566
0.0532831
0.053528
0.0534324
0.0534901
0.053795
0.0534521
0.0532151
0.0532949
0.0533783
0.0533584
0.0532481
0.0532853
0.0534354
0.0534864
0.0534754
0.0532176
0.0532267
0.0532472
0.0534448
0.05306
0.0536636
0.0536083
0.0533124
0.0533104
0.0536606
0.0533645
0.0534081
0.05346
0.0533148
0.0531162
0.0535946
0.0535164
0.0535757
0.0533906
0.0533141
0.0534423
0.0531492
0.0537155
0.0532511
0.0536555
0.0532004
0.0537935
0.0531285
0.0534621
0.0531339
0.0536359
0.053127
0.0533485
0.0530982
0.053388
0.0530216
0.0534971
0.05384
0.0532934
0.0534881
0.0532627
0.0536543
0.0532885
0.0534793
0.0534422
0.0534314
0.0532174
0.0535743
0.0533487
0.0534877
0.0530175
0.0533247
0.0535854
0.0533134
0.0534338
0.0536939
0.0534526
0.0534711
0.0534997
0.0535034
0.0535844
0.0535651
0.0534109
0.053228
0.0534668
0.0535015
0.0535432
0.0534741
0.0534115
0.0534691
0.0535084
0.0534386
0.0532354
0.0535196
0.0531321
0.0534548
0.0532808
0.05321
0.0533805
0.0534995
0.0536565
0.0537822
0.0533528
0.053453
0.0537929
0.0535063
0.0534429
0.0533265
0.0534437
0.0532896
0.0536598
0.0534934
0.0533076
0.0532987
0.0534427
0.0534213
0.0535814
0.0533569
0.0534634
0.0536684
0.0533709
0.0534035
0.0535819
0.0534164
0.0534258
0.0537866
0.0535516
0.0534537
0.0535118
0.0534864
0.0532495
0.0534185
0.0533844
0.0533182
0.0533769
0.0535081
0.0537356
0.0534245
0.0534493
0.053454
0.0533793
0.0534835
0.0534771
0.0531905
0.0537325
0.0533042
0.0535481
0.053164
0.0532921
0.0532894
0.0534622
0.0535464
0.0533318
0.0535626
0.0532917
0.0537604
0.0536092
0.0535708
0.053334
0.0532238
0.0535249
0.053263
0.0533954
0.0532988
0.0533119
0.0530904
0.0533695
0.0534043
0.0536312
0.0533887
0.0535702
0.0533419
0.0533115
0.0534557
0.0534868
0.0531846
0.0529821
0.0533618
0.0534799
0.053254
0.0533918
0.0535167
0.0531976
0.0534854
0.0531813
0.0532756
0.0533401
0.0534863
0.0533999
0.053249
0.0532091
0.0534622
0.0534108
0.0533512
0.0536524
0.0534681
0.0536637
0.0536977
0.0534603
0.0532005
0.0535119
0.0530621
0.053231
0.0531751
0.0534862
0.0534593
0.0534578
0.0535091
0.0533445
0.0534182
0.0534172
0.053204
0.0536733
0.0535064
0.053703
0.0534635
0.0533477
0.0532066
0.0534962
0.0532818
0.0533714
0.0534459
0.0532232
0.0534297
0.0538735
0.0535954
0.0533685
0.053461
0.053476
0.0537186
0.0532778
0.0536649
0.0534176
0.0536843
0.0533595
0.0535916
0.0534416
0.0534105
0.0536611
0.0530721
0.0534183
0.0531961
0.0535338
0.0532155
0.0533944
0.0529614
0.0533519
0.0531353
0.053193
0.0534685
0.0534892
0.0534721
0.0533181
0.0534722
0.0534764
0.0533076
0.0534201
0.0533963
0.0531663
0.0532513
0.0533472
0.0531486
0.0535739
0.0530347
0.0533773
0.0534123
0.0534825
0.0531486
0.0533346
0.0535864
0.0531307
0.0534283
0.0533521
0.0533714
0.0532556
0.0535043
0.053374
0.0532365
0.053477
0.0531976
0.0531451
0.053157
0.0535743
0.0534903
0.0532003
0.0533816
0.0536147
0.0532495
0.0535574
0.0529063
0.0534644
0.0533648
0.0534285
0.0532408
0.0531261
0.0534236
0.0533076
0.0535105
0.0531875
0.053249
0.0536417
0.0531334
0.0534388
0.0533687
0.0533218
0.0533147
0.0532543
0.0532963
0.0535672
0.0534961
0.0533154
0.0533384
0.0536102
0.0531215
0.0531374
0.0534925
0.0530588
0.0531991
0.0535978
0.0532317
0.0533074
0.0533415
0.0532357
0.0534075
0.0533651
0.053419
0.0533437
0.0538262
0.0533553
0.0536774
0.0536431
0.0531535
0.053429
0.0535071
0.0532038
0.0535042
0.0531792
0.0534413
0.0534543
0.053371
0.0536245
0.053543
0.053329
0.0533533
0.0532742
0.0535517
0.0531048
0.0532654
0.0532335
0.0533647
0.0534339
0.0533866
0.0532632
0.0530564
0.0532133
0.0534951
0.0530617
0.0533077
0.0535312
0.053351
0.0535941
0.053487
0.0532656
0.0531681
0.0533117
0.0535577
0.0536254
0.0532355
0.0533959
0.0534116
0.0532897
0.0531585
0.053334
0.053569
0.053188
0.0532227
0.0533388
0.0536311
0.0531462
0.0535233
0.0531893
0.0534235
0.0531294
0.0532495
0.0531077
0.0536049
0.0534835
0.0534502
0.0533785
0.0533002
0.0532771
0.0533014
0.0532013
0.0534683
0.0530899
0.0533123
0.0533322
0.05323
0.0533435
0.0533556
0.0531541
0.0533675
0.0533833
0.0533022
0.053473
0.0533515
0.0533357
0.0536082
0.0534017
0.0532657
0.0532278
0.0533336
0.0536951
0.0534897
0.0532506
0.0533885
0.0531885
0.0535422
0.053189
0.0531387
0.0533921
0.0532925
0.053098
0.0532391
0.0533106
0.0534633
0.053286
0.0532425
0.0535564
0.053629
0.0536115
0.0531057
0.0532944
0.0534504
0.053331
0.0531375
0.0533869
0.0533324
0.0535385
0.0534771
0.0532219
0.0534989
0.0534486
0.0533768
0.0533412
0.0530361
0.0533903
0.0532534
0.0533345
0.0531409
0.0535893
0.0531779
0.0531691
0.0531164
0.0531851
0.0532963
0.0535298
0.05332
0.0532519
0.0531197
0.0533727
0.0535252
0.0533279
0.0532265
0.0532591
0.0534374
0.053309
0.0531866
0.0534942
0.0533763
0.0537442
0.0531459
0.0533624
0.0535276
0.0532254
0.0533165
0.053133
0.053306
0.0534179
0.0537047
0.0532375
0.053312
0.0533731
0.0533344
0.0530866
0.0537214
0.0529494
0.0532062
0.0533889
0.0535774
0.0531254
0.053197
0.0532288
0.0531705
0.0535328
0.0533752
0.0533475
0.0536022
0.053392
0.0530991
0.0531587
0.0534697
0.0531414
0.0531578
0.0533435
0.0532614
0.0530826
0.0529771
0.0533134
0.053585
0.0532037
0.0531485
0.052988
0.053092
0.0535337
0.0534065
0.0535114
0.0532313
0.0531273
0.0532196
0.053338
0.052917
0.0530655
0.0532598
0.052935
0.0533211
0.0529049
0.0536267
0.0533232
0.0529871
0.0531825
0.0533241
0.0535834
0.0531616
0.0535263
0.0535001
0.0534204
0.0531898
0.053255
0.0532963
0.0532954
0.0534901
0.0532611
0.0535121
0.0531491
0.0532451
0.0533199
0.053164
0.053408
0.0536465
0.0533163
0.0532253
0.0533777
0.0530665
0.0532332
0.0532174
0.0532472
0.0529222
0.0535521
0.0532563
0.0531693
0.0531959
0.05328
0.0537356
0.0532196
0.053311
0.053167
0.0534549
0.0533729
0.0533757
0.053165
0.0533845
0.0530477
0.0534357
0.0529449
0.0529838
0.0534151
0.0534064
0.0536927
0.0533444
0.0533815
0.0529682
0.0533239
0.0528911
0.0532207
0.0532023
0.05366
0.0531918
0.053181
0.0534217
0.0532518
0.0530314
0.0531472
0.0533275
0.0530058
0.053472
0.053171
0.053416
0.0531822
0.0532616
0.0531381
0.0534467
0.0535703
0.0535101
0.0531769
0.0529779
0.0531396
0.0532482
0.0530663
0.0529178
0.0531596
0.0536166
0.053332
0.0535232
0.0532454
0.0530807
0.0536129
0.0532429
0.0531701
0.0534527
0.0535719
0.0533541
0.0529357
0.0535789
0.0530585
0.0534846
0.0529656
0.0532246
0.0531249
0.0531422
0.0534145
0.0530139
0.0535397
0.0532424
0.053016
0.0530716
0.053506
0.0531979
0.0535778
0.0534339
0.0533925
0.0533347
0.0532058
0.0533319
0.053059
0.0534207
0.0533623
0.0532326
0.0534538
0.0529936
0.0531462
0.0526506
0.0532585
0.0533086
0.0534762
0.0531078
0.0532546
0.0534702
0.0534978
0.0532369
0.0531621
0.053415
0.0530088
0.0532371
0.0532834
0.053283
0.053039
0.0528382
0.0531855
0.0532099
0.0532264
0.0531041
0.0529624
0.053015
0.0529081
0.0533422
0.0531567
0.0533658
0.0531551
0.0534564
0.0530145
0.0532847
0.0532761
0.0533429
0.0533662
0.0531541
0.0532671
0.0530029
0.0533497
0.0534625
0.0531824
0.0529283
0.0534091
0.0535328
0.0529873
0.0532003
0.0527817
0.05295
0.0533449
0.0532024
0.053177
0.0531871
0.0532767
0.053279
0.0531753
0.0532859
0.0534484
0.0528123
0.0533297
0.053153
0.053476
0.0530426
0.0533661
0.0529342
0.0529663
0.0534667
0.0531589
0.0533066
0.053449
0.0529049
0.0534614
0.0533199
0.0531657
0.0532588
0.0533497
0.0530223
0.0535882
0.0532378
0.0532447
0.0534203
0.0530868
0.0533386
0.0530599
0.0531333
0.0531377
0.0532701
0.053137
0.0531803
0.0530611
0.0531475
0.0528786
0.0533861
0.0533214
0.053265
0.0533904
0.053079
0.0533169
0.0531472
0.0532298
0.0533694
0.0527393
0.0534818
0.0529487
0.0534654
0.0530036
0.0532319
0.053237
0.0530703
0.05322
0.0528764
0.0532506
0.0531203
0.0532998
0.053198
0.0530715
0.0528151
0.0533061
0.0528034
0.0532016
0.0532827
0.0532723
0.0534261
0.0530327
0.0532917
0.0530135
0.0535419
0.0530618
0.053325
0.0531279
0.0532285
0.053295
0.0532018
0.0534206
0.0530246
0.0532416
0.0532202
0.0532947
0.0532087
0.0532712
0.0531232
0.053176
0.0530547
0.0530682
0.0535348
0.0529257
0.0533217
0.0531155
0.0531007
0.0530991
0.0531714
0.0533772
0.0534051
0.0531568
0.0531691
0.0532807
0.0530996
0.053046
0.0534775
0.0530705
0.0533663
0.0531589
0.0531367
0.0530834
0.0528816
0.0531235
0.0530015
0.0531589
0.053288
0.0534045
0.0530955
0.0534712
0.0531995
0.0532243
0.0530706
0.0534759
0.0527124
0.0530665
0.0529155
0.0533242
0.0533
0.0534449
0.0534517
0.0531265
0.0533012
0.0533135
0.0535136
0.0529461
0.0534004
0.0533048
0.0533049
0.0531212
0.0532344
0.0530348
0.0532664
0.052816
0.0533336
0.0530224
0.0534135
0.0527342
0.0535148
0.0531944
0.0533687
0.0528427
0.053077
0.0531709
0.0531454
0.0533218
0.0534162
0.0530347
0.0532232
0.053117
0.0530409
0.0535619
0.0530645
0.0531678
0.053038
0.0534041
0.0529982
0.0530918
0.0531482
0.0530919
0.0533875
0.0530608
0.0529765
0.0533769
0.0531785
0.052778
0.0531063
0.0531971
0.0530777
0.0528568
0.0532931
0.0530187
0.0534907
0.0530221
0.0530455
0.0531069
0.0531291
0.0532543
0.053241
0.0530713
0.0534947
0.0529995
0.0534032
0.0528893
0.0530977
0.0530657
0.0529884
0.0532907
0.0531993
0.0530426
0.0532652
0.0529649
0.0530682
0.0531018
0.0530322
0.0529929
0.0530861
0.0533899
0.0532382
0.0532581
0.0532421
0.0534819
0.0532382
0.053171
0.0530009
0.0533374
0.0532437
0.0534537
0.0531179
0.0531606
0.0533866
0.0528441
0.0533439
0.0530765
0.0529657
0.0529462
0.0529742
0.0533153
0.053369
0.0531848
0.0535427
0.0532944
0.0530915
0.0530079
0.0531672
0.0532151
0.0534282
0.0528714
0.0531774
0.0532034
0.0532085
0.0529879
0.0533643
0.053363
0.0531248
0.0529395
0.0533943
0.0532161
0.0533195
0.0529764
0.0532492
0.0529346
0.0530542
0.0531233
0.053032
0.0530525
0.0528016
0.0532064
0.0531076
0.0531932
0.0530651
0.0534256
0.0532076
0.0531155
0.0528544
0.0530634
0.0531962
0.0534392
0.0530158
0.0532457
0.0531165
0.0531312
0.0531818
0.0528815
0.0535567
0.0527732
0.053149
0.0532275
0.0533003
0.053091
0.0529294
0.0531331
0.0533109
0.0531219
0.0531543
0.0532037
0.0530174
0.0531737
0.0531019
0.0533043
0.0531537
0.0531395
0.0531262
0.0528895
0.0531219
0.0528934
0.0532481
0.0530418
0.0533608
0.053263
0.0531179
0.0529443
0.0529308
0.0532087
0.0525822
0.0531933
0.053209
0.0531475
0.0529877
0.0531949
0.0530379
0.0532355
0.0533065
0.053174
0.0532381
0.053286
0.053004
0.0529145
0.0530221
0.0528852
0.0533616
0.0530814
0.0534689
0.052834
0.0531775
0.0531577
0.0533521
0.0529227
0.0531266
0.0529477
0.0532649
0.053165
0.0531187
0.0532993
0.0532179
0.0531366
0.0529337
0.0531739
0.0532433
0.0530858
0.0530516
0.0532045
0.0532487
0.0531031
0.0533019
0.0531754
0.0533082
0.0530768
0.0531013
0.0531064
0.0533316
0.0529715
0.0532712
0.0527841
0.0530193
0.0529596
0.0532002
0.0531821
0.0528277
0.0533356
0.0530251
0.0532888
0.0528733
0.0533488
0.0531314
0.0528575
0.0533951
0.0532672
0.0531787
0.0532069
0.0530919
0.053293
0.0531906
0.0533896
0.0531931
0.0531968
0.0530614
0.0530712
0.0534685
0.0529794
0.0534201
0.0530229
0.053075
0.0528535
0.0534957
0.0528391
0.0534518
0.0529584
0.0531288
0.0529636
0.0529103
0.0531753
0.0532289
0.0529132
0.053039
0.0529605
0.053304
0.0532392
0.0533013
0.0533225
0.0532759
0.0532301
0.0530247
0.0532172
0.0532575
0.0534253
0.0530902
0.0532511
0.05302
0.0529038
0.0530212
0.0529191
0.0531523
0.0529633
0.0532982
0.0529787
0.0530459
0.0530698
0.0531701
0.0528137
0.0532085
0.0529669
0.0532404
0.0531691
0.0531594
0.0531032
0.0529926
0.0531022
0.0531016
0.0530499
0.0531499
0.0529882
0.0530926
0.0529051
0.0531959
0.0533686
0.0530324
0.0530533
0.0533003
0.0530501
0.0533102
0.0533323
0.0533745
0.0530266
0.0533807
0.0529775
0.0529102
0.0530286
0.0531185
0.0530088
0.052992
0.0530563
0.053221
0.0532407
0.0529697
0.0528871
0.053119
0.0534106
0.0531698
0.0529269
0.0530527
0.0532619
0.0530753
0.0533221
0.0530918
0.0528772
0.053265
0.0529645
0.052917
0.0530288
0.0532814
0.0530179
0.0530092
0.052758
0.0529779
0.0532998
0.0533474
0.05314
0.0529495
0.0532992
0.0531972
0.0530181
0.0535649
0.0532278
0.053166
0.053006
0.0531417
0.0532546
0.0532098
0.0530765
0.0531927
0.0530786
0.0532786
0.0529885
0.0529255
0.0533542
0.0532156
0.0531403
0.0532919
0.0531773
0.0530653
0.0533769
0.052923
0.0532428
0.0530282
0.0536037
0.0526286
0.0532233
0.0529249
0.0534045
0.052909
0.0530378
0.052901
0.052875
0.0532445
0.0531977
0.0531791
0.0530907
0.0529714
0.0530794
0.0529307
0.0530903
0.0532164
0.0531252
0.0532102
0.0532635
0.0530939
0.0529932
0.0529023
0.0529494
0.0531415
0.0532336
0.0528777
0.0529006
0.053139
0.0530435
0.0529599
0.0531887
0.0528888
0.0530004
0.0529047
0.0532238
0.0528475
0.0531181
0.0530338
0.0533487
0.0530281
0.0529442
0.0527711
0.0531277
0.0530204
0.0531562
0.0533759
0.0535792
0.0533395
0.0529331
0.0530937
0.0532778
0.0533677
0.0528948
0.0530601
0.0530059
0.0530109
0.0533257
0.0531205
0.0531343
0.053209
0.053306
0.0529704
0.0530671
0.0529467
0.0530702
0.053105
0.0530482
0.0527281
0.0531219
0.0531547
0.0534183
0.0530478
0.0530379
0.0530165
0.0529553
0.0530562
0.0530878
0.0532607
0.0533142
0.0529933
0.0533043
0.0532737
0.0528814
0.0528939
0.0531582
0.0532801
0.0530307
0.0532076
0.0533288
0.0528807
0.0533058
0.0532413
0.053026
0.0531303
0.0530124
0.0531051
0.0531631
0.0533341
0.0530616
0.0530882
0.0529688
0.0529915
0.0529534
0.0530099
0.0532351
0.0530528
0.0529509
0.0528783
0.0529462
0.0531577
0.0530998
0.0532606
0.0530799
0.0532382
0.0533146
0.0532243
0.0530048
0.0532517
0.0531315
0.0531472
0.0531746
