    1,3                                     # harmonic with-HN
    2.189454697426220e-01
    1,14   
    4.856290725984931e-01
    1,3        1,1    
   -4.748764238966739e-02
    1,3        1,2    
   -3.525521691939638e-03
    1,3        1,3    
    5.788370133932043e-02
    1,3        1,5    
    9.037375887514992e-03
    1,3        1,6    
   -2.345029109735014e-02
    1,3        1,7    
   -2.488067981623288e-02
    1,3        1,8    
   -1.309850414676721e-02
    1,3        1,9    
   -1.243668382772413e-03
    1,3        1,10   
   -5.335619917655708e-04
    1,3        1,11   
    3.255257350625533e-03
    1,3        1,12   
    8.512424831575447e-04
    1,3        1,13   
    1.901331359659785e-03
    1,3        1,14   
   -5.309298719993023e-02
    2,1        2,1    
    9.498221563239820e-02
    2,2        2,1    
   -3.285228443775452e-02
    2,2        2,2    
    8.616533370783148e-02
    5,1        2,1        3,1               # C2v-planar B2 x B2 <- G8 irred-5 x irred-2 x irred-3
   -2.159496813468590e-03
    5,1        2,1        3,2    
   -5.167712599587142e-03
    5,1        2,1        3,3    
   -1.154413521900965e-02
    5,1        2,1        3,4    
   -3.088285723846379e-03
    5,1        2,1        3,5    
   -4.939208946058959e-04
    5,1        2,1        3,6    
   -3.213338575773453e-03
    5,1        2,1        3,7    
    9.625823702240985e-04
    5,1        2,1        3,8    
   -1.850195405330063e-03
    5,1        2,1        3,9    
   -2.143218876365629e-03
    5,1        2,1        3,10   
    1.734148622515674e-02
    1,4                                     # HN spherical coordinate angles
    8.949740788071958e-02
    1,4        1,4    
    8.079372082971586e-02
    1,4        1,1                          # 1st-order terms coupled with NH2 rotation
    2.864848209533390e-02
    1,4        1,2    
   -9.514159326605268e-03
    1,4        1,3    
   -7.715617380789758e-02
    1,4        1,5    
    3.980618752202697e-02
    1,4        1,6    
    2.273636349356947e-02
    1,4        1,7    
    8.999165965121335e-02
    1,4        1,8    
   -1.373387803112610e-02
    1,4        1,9    
    2.719523359067261e-02
    1,4        1,10   
    3.069124047503037e-02
    1,4        1,11   
    2.566630856885175e-02
    1,4        1,12   
    1.138766693752131e-02
    1,4        1,13   
    1.928153602919031e-02
    1,4        1,14   
    2.232372394661905e-03
