    4,1        1,3               # harmonic with-HN
   -2.669691415768841e-02
    4,2        1,3    
   -2.899138229336577e-03
    4,3        1,3    
    1.949090711828577e-02
    4,1        1,14   
    4.002812425879909e-03
    4,2        1,14   
    3.599962321481476e-03
    4,3        1,14   
   -7.302679320865989e-03
    2,1        6,1    
   -3.796345714591880e-03
    2,2        6,1    
    1.308512212450279e-03
    5,1        2,1        7,1    # C2v-planar B2 x B1 -> G8 irred-5 x irred-7 x irred-2
    3.179982792520384e-03
    5,1        2,1        7,2    
   -1.612828381344502e-03
    5,1        2,1        7,3    
   -1.444520519243698e-03
    5,1        2,1        7,4    
   -2.092617681071451e-03
    5,1        2,1        7,5    
    1.268780351719133e-03
    5,1        2,1        7,6    
    1.290898393522487e-02
    5,1        2,2        7,1    
   -1.564372802814967e-02
    5,1        2,2        7,2    
    1.145062802068655e-02
    5,1        2,2        7,3    
    1.026349949438722e-03
    5,1        2,2        7,4    
    1.062267456349532e-04
    5,1        2,2        7,5    
   -8.676203383058106e-03
    5,1        2,2        7,6    
   -4.220256654520917e-02
    5,1        6,1        3,1    # C2v-planar B1 x B2 -> G8 irred-5 x irred-6 x irred-3
   -3.346709149737687e-03
    5,1        6,1        3,2    
   -1.861155917546772e-02
    5,1        6,1        3,3    
   -3.325691473133993e-02
    5,1        6,1        3,4    
   -3.831541271137487e-03
    5,1        6,1        3,5    
   -2.780575171175344e-03
    5,1        6,1        3,6    
   -3.595332608354936e-03
    5,1        6,1        3,7    
    1.388022520428789e-03
    5,1        6,1        3,8    
   -2.633922899487724e-03
    5,1        6,1        3,9    
   -6.742904417470059e-03
    5,1        6,1        3,10   
    2.644482006620854e-02
    5,1        8,1        1,1    # C2v-planar / C2v-perpendicular A2 x A1 -> G8 irred-5 x irred-8 x irred-1
    3.849740401300053e-03
    5,1        8,1        1,2    
    7.140497778983227e-03
    5,1        8,1        1,3    
   -4.044606728667377e-03
    5,1        8,1        1,5    
   -1.469000480601839e-02
    5,1        8,1        1,6    
   -1.250828470241584e-02
    5,1        8,1        1,7    
    8.231502499704423e-02
    5,1        8,1        1,8    
    1.263276550172040e-02
    5,1        8,1        1,9    
    1.030061448108085e-02
    5,1        8,1        1,10   
    1.449622304266671e-02
    5,1        8,1        1,11   
    2.069287742055235e-02
    5,1        8,1        1,12   
    1.749061795921817e-02
    5,1        8,1        1,13   
    3.190412324789818e-02
    5,1        8,1        1,14   
    1.374169156152661e-03
    1,22       4,1               # 1st-scaling bias replacing an irred-1 HN coord
   -2.314309086026474e-02
    1,22       4,2    
   -8.847194240023630e-02
    1,22       4,3    
    2.445346817525559e-01
    1,22       5,1        8,1    
   -7.349488099955784e-02
    2,6        6,1               # 1st-scaling bias replacing an irred-2 HN coord
    6.862248736313430e-02
    2,6        5,1        7,1    
    4.491088254410179e-02
    2,6        5,1        7,2    
   -1.381144736268240e-02
    2,6        5,1        7,3    
   -1.055407418649712e-02
    2,6        5,1        7,4    
    1.509688689148207e-02
    2,6        5,1        7,5    
   -2.852007124220542e-02
    2,6        5,1        7,6    
    5.503613262131492e-02
    1,23       4,1               # 1st-scaling redundancy bias replacing an irred-1 HN coord
    2.529835862390034e-03
    1,23       4,2    
    1.280172157687896e-01
    1,23       4,3    
   -3.296502134817611e-01
    1,23       5,1        8,1    
    1.061708804036085e-01
    4,1        1,18              # 2nd-scaling harmonic with-HN
   -1.947428055785657e-02
    4,2        1,18   
   -2.596563469527122e-03
    4,3        1,18   
    1.760192646826000e-02
    4,1        1,19   
    1.531846473879864e-02
    4,2        1,19   
   -4.844798773711699e-02
    4,3        1,19   
    1.305105331803768e-02
    7,8        3,1    
   -4.903198197210838e-02
    7,8        3,2    
   -1.216196731934859e-01
    7,8        3,3    
   -3.039048879260290e-01
    7,8        3,4    
   -3.671271604711898e-02
    7,8        3,5    
   -1.929594727071412e-02
    7,8        3,6    
   -3.259406515071556e-02
    7,8        3,7    
    9.673242051032073e-03
    7,8        3,8    
   -1.877166731291997e-02
    7,8        3,9    
   -6.208963220784242e-02
    7,8        3,10   
    2.153070873154114e-01
    5,2        2,3        7,1    # 2nd-scaling C2v-planar B2 x B1 -> G8 irred-5 x irred-7 x irred-2
    5.695441734230870e-02
    5,2        2,3        7,2    
   -4.168366842256948e-03
    5,2        2,3        7,3    
   -3.730496746413276e-03
    5,2        2,3        7,4    
   -3.833108281247675e-02
    5,2        2,3        7,5    
   -1.005290486969983e-02
    5,2        2,3        7,6    
    1.326740959630786e-01
    5,2        2,3        7,8    
   -6.202618033228902e-02
    5,2        2,4        7,1    
    6.144473990138334e-01
    5,2        2,4        7,2    
   -3.225494186423484e-01
    5,2        2,4        7,3    
   -2.562553929786689e-02
    5,2        2,4        7,4    
   -1.201070837521556e-01
    5,2        2,4        7,5    
    1.438492457989289e-01
    5,2        2,4        7,6    
    1.768315679376024e+00
    5,2        2,4        7,8    
    9.272286698888079e-01
    5,2        8,2        1,1    # 2nd-scaling C2v-planar / C2v-perpendicular A2 x A1 -> G8 irred-5 x irred-8 x irred-1
   -4.682298399996953e-01
    5,2        8,2        1,2    
   -3.016082733702084e-01
    5,2        8,2        1,18   
    1.353093639646279e-01
    5,2        8,2        1,19   
   -4.877613336166767e-01
    5,2        8,2        1,5    
    7.525408125243745e-01
    5,2        8,2        1,6    
    6.802163455529605e-01
    5,2        8,2        1,7    
   -4.494944120499018e+00
    5,2        8,2        1,8    
   -5.975462317484984e-01
    5,2        8,2        1,9    
   -5.796408758633541e-01
    5,2        8,2        1,10   
   -7.838926653805711e-01
    5,2        8,2        1,11   
   -1.048535050549598e+00
    5,2        8,2        1,12   
   -8.680530951728580e-01
    5,2        8,2        1,13   
   -1.718089915334842e+00
    1,24       4,1               # 2nd-scaling bias replacing an irred-1 HN coord
    6.618492830414554e-03
    1,24       4,2    
   -2.969187103434638e-02
    1,24       4,3    
    5.016317331330932e-02
    1,24       5,2        8,2    
    4.847316351408771e-01
    2,7        5,2        7,1    # 2nd-scaling C2v-planar B2 x B1 -> G8 irred-5 x irred-7 x irred-2
   -3.241207022952806e-02
    2,7        5,2        7,2    
   -2.660266357847853e-02
    2,7        5,2        7,3    
    2.544822314458310e-03
    2,7        5,2        7,4    
    6.389666136334572e-02
    2,7        5,2        7,5    
    2.126861985835259e-02
    2,7        5,2        7,6    
   -6.677119057709019e-02
    2,7        5,2        7,8    
   -2.608938883209017e-01
