    1,21                                    # 4th-order Morse
    1.145541729156268e+00
    1,21       1,21   
    1.312436003369406e-01
    2,5        2,5    
    2.863232910092600e-01
    1,21       1,21       1,21   
   -7.335198310209139e-01
    2,5        2,5        1,21   
   -7.898283888255105e-01
    1,21       1,21       1,21       1,21   
   -2.080323161558711e-01
    2,5        2,5        1,21       1,21   
   -3.292499945972838e-01
    2,5        2,5        2,5        2,5    
    6.708744960306343e-02
    1,22                                    # 1st-scaling bias
   -1.820076476047707e-01
    1,22       1,22   
   -3.136864109768653e-01
    2,6        2,6    
    1.195937996429676e-01
    1,22       1,1                          # 1st-scaling bias replacing an irred-1 HN coord
    7.593546791505935e-02
    1,22       1,2    
    1.689074038377796e-02
    1,22       1,3    
   -2.974748905702777e-01
    1,22       1,4    
    7.089567124254390e-02
    1,22       1,5    
   -7.489084125866495e-02
    1,22       1,6    
   -4.812733005842038e-02
    1,22       1,7    
    9.357316639689721e-02
    1,22       1,8    
    1.940869385371101e-02
    1,22       1,9    
    1.189183497003908e-02
    1,22       1,10   
    2.127592471195881e-02
    1,22       1,11   
    3.338211175134845e-02
    1,22       1,12   
    3.369486681585836e-03
    1,22       1,13   
    2.784683924776080e-03
    1,22       1,14   
    4.366004897007650e-02
    2,6        2,1                          # 1st-scaling bias replacing an irred-2 HN coord
    2.560765052897486e-01
    2,6        2,2    
   -1.679801086299056e-01
    2,6        5,1        3,1    
    1.078762671726645e-02
    2,6        5,1        3,2    
    3.941523810854713e-02
    2,6        5,1        3,3    
    6.480272981113176e-02
    2,6        5,1        3,4    
    9.103122776745846e-03
    2,6        5,1        3,5    
    9.200501069883166e-04
    2,6        5,1        3,6    
   -2.963859447019250e-04
    2,6        5,1        3,7    
   -2.173949845082608e-03
    2,6        5,1        3,8    
    4.802207977753228e-03
    2,6        5,1        3,9    
    9.002902284754099e-03
    2,6        5,1        3,10   
   -1.655105583792285e-01
    1,23                                    # 1st-scaling redundancy bias
   -2.166401052648200e-01
    1,23       1,23   
   -9.162730662266218e-02
    1,23       1,1                          # 1st-scaling redundancy bias replacing an irred-1 HN coord
   -4.336472945941847e-02
    1,23       1,2    
   -2.437535541153879e-02
    1,23       1,3    
    1.452567947327689e-02
    1,23       1,4    
   -9.794502347819221e-02
    1,23       1,5    
    7.061961037877915e-02
    1,23       1,6    
    7.459052332646712e-02
    1,23       1,7    
   -1.079754813631889e-01
    1,23       1,8    
   -1.345169045236710e-02
    1,23       1,9    
   -7.470873237304835e-03
    1,23       1,10   
   -3.371884488788931e-02
    1,23       1,11   
   -5.717631760899324e-02
    1,23       1,12   
   -1.933415047554731e-03
    1,23       1,13   
   -6.727500095678770e-05
    1,23       1,14   
   -6.297512364760616e-02
    1,24                                    # 2nd-scaling bias
   -2.865431032450676e-01
    1,24       1,24   
    1.755103343546328e-01
    2,7        2,7    
   -2.005224450378001e-01
    1,18                                    # 2nd-scaling harmonic with-HN
   -1.394836041941865e-01
    1,19   
    7.078818838446192e-02
    1,18       1,1    
    4.777494674153936e-02
    1,18       1,2    
   -1.632848849270432e-03
    1,18       1,18   
    1.871343168211030e-01
    1,18       1,19   
    7.070854388465002e-02
    1,18       1,5    
   -1.542104837682226e-02
    1,18       1,6    
    6.438314610054215e-03
    1,18       1,7    
    1.299641371404277e-02
    1,18       1,8    
    9.360250149391002e-03
    1,18       1,9    
    6.067663790881043e-03
    1,18       1,10   
   -4.157422583034096e-03
    1,18       1,11   
   -9.907564956808395e-03
    1,18       1,12   
    2.053045619245077e-03
    1,18       1,13   
    2.454820187742577e-03
    1,19       1,1    
   -5.653201897410408e-02
    1,19       1,2    
   -1.361155990760095e-03
    1,19       1,19   
    1.599631539609241e-01
    1,19       1,5    
   -4.527925375717443e-02
    1,19       1,6    
   -1.026489713449807e-01
    1,19       1,7    
   -9.261764091555715e-03
    1,19       1,8    
   -8.098710933220628e-03
    1,19       1,9    
   -2.025853650993809e-03
    1,19       1,10   
    6.573696396410178e-03
    1,19       1,11   
    5.206178048993830e-04
    1,19       1,12   
    5.121636827555825e-03
    1,19       1,13   
   -2.541585674931454e-03
    2,3        2,3    
   -1.782816870799544e-01
    2,4        2,3    
   -1.456628623323518e-01
    2,4        2,4    
    3.098645563097252e-02
    3,14       3,1    
   -1.574808106941394e-02
    3,14       3,2    
    1.499679878919810e-02
    3,14       3,3    
    4.514994922090100e-02
    3,14       3,4    
   -3.886929231881990e-03
    3,14       3,5    
   -1.539902470786856e-02
    3,14       3,6    
    9.442069995244397e-04
    3,14       3,7    
    4.234906613529781e-04
    3,14       3,8    
   -2.242089760637889e-03
    3,14       3,9    
   -2.595779639279249e-03
    3,14       3,10   
   -4.857600940233684e-02
    3,14       3,14   
    1.557155426597555e-01
    7,8        7,1    
    2.249748391895331e-03
    7,8        7,2    
    1.197837655599178e-03
    7,8        7,3    
   -1.815611878939125e-03
    7,8        7,4    
   -1.194467699950970e-03
    7,8        7,5    
   -6.251188754453360e-04
    7,8        7,6    
    1.877689748462005e-03
    7,8        7,8    
    5.830495917658230e-02
    5,2        2,3        3,1               # 2nd-scaling C2v-planar B2 x B2 <- G8 irred-5 x irred-2 x irred-3
   -2.847709568730413e-03
    5,2        2,3        3,2    
   -1.367315602599249e-02
    5,2        2,3        3,3    
   -3.043432028388048e-03
    5,2        2,3        3,4    
   -1.227760820265437e-02
    5,2        2,3        3,5    
    1.342555103606959e-02
    5,2        2,3        3,6    
    5.570170028773163e-03
    5,2        2,3        3,7    
    2.257814309090805e-03
    5,2        2,3        3,8    
   -3.133320573845196e-03
    5,2        2,3        3,9    
   -1.689544488648909e-03
    5,2        2,3        3,10   
    3.053163617493279e-02
    5,2        2,4        3,1    
    3.214772163367670e-03
    5,2        2,4        3,2    
   -3.447231908053418e-02
    5,2        2,4        3,3    
    4.634452053223624e-03
    5,2        2,4        3,4    
   -4.829371161128247e-02
    5,2        2,4        3,5    
    1.912163159020957e-02
    5,2        2,4        3,6    
    1.957825702914347e-02
    5,2        2,4        3,7    
    1.865269726004869e-02
    5,2        2,4        3,8    
   -3.028291554705959e-02
    5,2        2,4        3,9    
   -1.573751328593195e-02
    5,2        2,4        3,10   
    8.646865466428680e-02
    5,2        8,2        4,1               # 2nd-scaling C2v-planar / C2v-perpendicular A2 x A2 <- G8 irred-4 x irred-5 x irred-8
    7.956712952447318e-03
    5,2        8,2        4,2    
   -1.969864379267342e-02
    5,2        8,2        4,3    
    2.197748242587145e-02
    8,2        8,2                          # 2nd-scaling NH2 rotation
   -5.666642244350145e-03
    1,24       1,1                          # 2nd-scaling bias replacing an irred-1 HN coord
    2.646324166453440e-02
    1,24       1,2    
   -9.325769606309325e-03
    1,24       1,18   
    3.821544748282100e-01
    1,24       1,19   
   -2.526570998684359e-02
    1,24       1,5    
    8.266097811587265e-02
    1,24       1,6    
    3.576251774262425e-02
    1,24       1,7    
   -2.607685402816973e-02
    1,24       1,8    
   -6.036303515674973e-03
    1,24       1,9    
   -4.299360105520835e-03
    1,24       1,10   
   -1.101175691866634e-02
    1,24       1,11   
   -1.777603805497105e-02
    1,24       1,12   
   -9.513990055511289e-04
    1,24       1,13   
   -3.133338514411848e-04
    2,7        2,3                          # 2nd-scaling bias replacing an irred-2 HN coord
    2.446318874537286e-01
    2,7        2,4    
   -1.454495593576094e-02
    2,7        5,2        3,1    
    7.666513219981081e-03
    2,7        5,2        3,2    
    3.310311956050047e-02
    2,7        5,2        3,3    
    5.068249316703863e-02
    2,7        5,2        3,4    
    1.930798460641824e-02
    2,7        5,2        3,5    
   -1.268669364762172e-02
    2,7        5,2        3,6    
   -6.776564580369675e-03
    2,7        5,2        3,7    
   -2.873500162640998e-03
    2,7        5,2        3,8    
    7.561283805064481e-03
    2,7        5,2        3,9    
    1.094689472042669e-02
    2,7        5,2        3,10   
   -1.737282620742749e-01
bias
    7.832004964672518e-01
