    3,1                                     # harmonic no-HN
   -3.510412715161293e-01
    3,2    
    2.227592451017401e-01
    3,3    
    1.579796036458482e-01
    3,4    
   -7.276801063813219e-02
    3,5    
   -6.858091228931404e-03
    3,6    
   -6.805814278512658e-03
    3,7    
   -7.886818415668908e-03
    3,8    
    7.763117874194733e-03
    3,9    
    1.140828334173327e-02
    3,10   
    3.099488795969747e-02
    3,1        1,1    
    7.392669669686661e-02
    3,2        1,1    
   -7.747603878112107e-01
    3,3        1,1    
    7.811021655842111e-01
    3,4        1,1    
    5.436360364679620e-02
    3,5        1,1    
   -2.719024879227724e-02
    3,6        1,1    
    1.940787418301543e-02
    3,7        1,1    
   -8.361918164112622e-03
    3,8        1,1    
   -6.892874443845617e-03
    3,9        1,1    
    1.976914292151433e-04
    3,10       1,1    
    1.376304595890702e-01
    3,1        1,2    
    6.003655712205697e-01
    3,2        1,2    
    2.617550974629456e-01
    3,3        1,2    
   -6.482359786793732e-01
    3,4        1,2    
   -5.576467515933282e-03
    3,5        1,2    
    9.178485501183391e-02
    3,6        1,2    
   -8.959584743151372e-02
    3,7        1,2    
   -5.731719276199353e-03
    3,8        1,2    
   -2.249516845196582e-03
    3,9        1,2    
   -1.963858465999930e-03
    3,10       1,2    
    1.273566170325358e-02
    3,1        1,5    
    2.387592663089927e+00
    3,2        1,5    
    2.416985169871339e-01
    3,3        1,5    
   -1.938336254535071e+00
    3,4        1,5    
    2.687697037377210e-02
    3,5        1,5    
    1.664946709486658e-01
    3,6        1,5    
   -2.920114788381245e-01
    3,7        1,5    
   -2.078608226595225e-02
    3,8        1,5    
   -6.061651735776149e-03
    3,9        1,5    
   -7.131379472867248e-03
    3,10       1,5    
   -7.116197695025921e-02
    3,1        1,6    
    5.236635441012848e-01
    3,2        1,6    
   -2.418227496207754e-01
    3,3        1,6    
   -4.572154543947708e-01
    3,4        1,6    
    1.595494792461438e-02
    3,5        1,6    
    2.724273328456147e-02
    3,6        1,6    
   -3.050888243136417e-02
    3,7        1,6    
   -7.109788487049916e-03
    3,8        1,6    
    2.168792850619301e-02
    3,9        1,6    
    4.013815413877206e-03
    3,10       1,6    
    1.350058649903993e-01
    3,1        1,7    
   -2.825344225658527e+00
    3,2        1,7    
   -3.051377927581997e-01
    3,3        1,7    
    2.914947243948068e+00
    3,4        1,7    
   -3.268950173452714e-02
    3,5        1,7    
   -1.451412036029952e-01
    3,6        1,7    
    1.747638147891097e-01
    3,7        1,7    
    1.725761626808966e-02
    3,8        1,7    
    8.952282627114144e-03
    3,9        1,7    
    1.671180959627305e-02
    3,10       1,7    
    3.092401639285867e-02
    3,1        1,8    
    5.738990204706079e-02
    3,2        1,8    
   -1.052146777966292e-01
    3,3        1,8    
    1.711769545393534e-01
    3,4        1,8    
   -2.883043902092982e-02
    3,5        1,8    
    1.910219918390052e-02
    3,6        1,8    
   -3.198827548584052e-02
    3,7        1,8    
   -9.146123441939026e-03
    3,8        1,8    
    8.574973892705853e-03
    3,9        1,8    
    6.207424255153452e-03
    3,10       1,8    
    2.893824799918795e-02
    3,1        1,9    
    8.835794520240366e-02
    3,2        1,9    
   -8.441472639019416e-02
    3,3        1,9    
    4.127928974740440e-02
    3,4        1,9    
    1.469787792178209e-02
    3,5        1,9    
   -8.775468315497110e-04
    3,6        1,9    
   -3.480202747896256e-02
    3,7        1,9    
    1.698844799403041e-03
    3,8        1,9    
   -3.584334951264176e-03
    3,9        1,9    
    3.313241662565946e-04
    3,10       1,9    
    6.519160045040212e-03
    3,1        1,10   
    1.973218276357972e-01
    3,2        1,10   
   -1.256648051593667e-02
    3,3        1,10   
   -8.960148311526868e-02
    3,4        1,10   
   -6.803142437515086e-03
    3,5        1,10   
    4.217762139522240e-02
    3,6        1,10   
   -3.919651303000915e-02
    3,7        1,10   
   -7.747039699078809e-04
    3,8        1,10   
   -1.437113836742421e-02
    3,9        1,10   
    1.128250504893940e-03
    3,10       1,10   
    3.506137848583406e-02
    3,1        1,11   
   -1.319153803839894e-01
    3,2        1,11   
   -1.871061807719054e-02
    3,3        1,11   
    1.413621986391183e-01
    3,4        1,11   
   -2.442196454777652e-03
    3,5        1,11   
   -4.511492120793899e-02
    3,6        1,11   
    1.639925396542141e-02
    3,7        1,11   
    1.082653016338099e-03
    3,8        1,11   
    3.235795721736054e-04
    3,9        1,11   
   -7.323426362444716e-03
    3,10       1,11   
   -4.864991516372065e-02
    3,1        1,12   
   -3.660996286153514e-02
    3,2        1,12   
   -3.625379394354977e-03
    3,3        1,12   
    4.390058800088172e-02
    3,4        1,12   
   -7.406110636712712e-03
    3,5        1,12   
   -8.247745286704238e-03
    3,6        1,12   
   -1.641731607652245e-03
    3,7        1,12   
   -2.727904277455591e-03
    3,8        1,12   
   -1.151939973118989e-02
    3,9        1,12   
   -1.722000458166163e-03
    3,10       1,12   
   -4.217732686934293e-03
    3,1        1,13   
    7.186089635488739e-02
    3,2        1,13   
   -5.258973192007258e-02
    3,3        1,13   
    5.709640497838984e-02
    3,4        1,13   
    6.137481138598498e-03
    3,5        1,13   
    8.727889693381476e-03
    3,6        1,13   
   -7.592685391343797e-02
    3,7        1,13   
    2.869252042749896e-03
    3,8        1,13   
    3.822251919700203e-04
    3,9        1,13   
    3.573880815637021e-03
    3,10       1,13   
    7.927315900521341e-02
    7,1        4,1    
   -2.168094930853376e-02
    7,2        4,1    
    2.244083908858604e-02
    7,3        4,1    
    4.066723125956290e-02
    7,4        4,1    
   -2.795839784749655e-02
    7,5        4,1    
   -6.940017960170664e-02
    7,6        4,1    
    2.016334870070874e-02
    7,1        4,2    
    3.022831829908952e-02
    7,2        4,2    
    5.236329474854958e-02
    7,3        4,2    
   -5.828659620523826e-02
    7,4        4,2    
    5.632517463885193e-03
    7,5        4,2    
   -1.562371051715352e-02
    7,6        4,2    
   -6.568775685123221e-02
    7,1        4,3    
    4.847053198202189e-04
    7,2        4,3    
   -8.627784325876400e-02
    7,3        4,3    
    1.268113255496726e-02
    7,4        4,3    
    4.625173642324086e-02
    7,5        4,3    
    6.396702817629331e-02
    7,6        4,3    
    4.042340447567556e-02
    3,1        1,3                           # harmonic with-HN
    5.058570036736005e-01
    3,2        1,3    
    1.551669337751848e-01
    3,3        1,3    
   -7.651839533722193e-01
    3,4        1,3    
    1.719829795376602e-02
    3,5        1,3    
    3.416789130568430e-02
    3,6        1,3    
   -1.985814784572738e-02
    3,7        1,3    
    1.521272919239869e-03
    3,8        1,3    
   -1.328171665292580e-03
    3,9        1,3    
   -3.009095153527961e-03
    3,10       1,3    
   -7.608568054436100e-03
    3,1        1,14   
   -1.313186092164833e-01
    3,2        1,14   
    7.790597886721923e-02
    3,3        1,14   
    8.284927073569559e-02
    3,4        1,14   
   -1.788924201092995e-02
    3,5        1,14   
   -1.565565479012642e-03
    3,6        1,14   
    2.867099553395991e-03
    3,7        1,14   
   -2.590006159553204e-03
    3,8        1,14   
   -6.088311093511873e-03
    3,9        1,14   
   -2.557589401718853e-02
    3,10       1,14   
   -1.672419937798969e-02
    5,1        2,1    
    7.785984115999508e-03
    5,1        2,2    
   -7.819685185268212e-03
    8,1        6,1    
   -1.962792151706407e-02
    5,1        2,1        1,1               # C2v-planar B2 x A1 <- G8 irred-5 x irred-2 x irred-1
    9.139809472335173e-03
    5,1        2,1        1,2    
   -3.466471286472426e-03
    5,1        2,1        1,3    
   -5.436951887389969e-03
    5,1        2,1        1,5    
    1.367682395721315e-02
    5,1        2,1        1,6    
   -4.375768008599804e-03
    5,1        2,1        1,7    
    9.172979444799851e-03
    5,1        2,1        1,8    
    3.315595446663272e-03
    5,1        2,1        1,9    
    1.946763887563489e-03
    5,1        2,1        1,10   
   -3.623747358338937e-03
    5,1        2,1        1,11   
    7.277930391173755e-03
    5,1        2,1        1,12   
    8.413173419300669e-04
    5,1        2,1        1,13   
   -2.470447932085409e-05
    5,1        2,1        1,14   
   -1.393439249920315e-02
    5,1        2,2        1,1    
    7.586600059789053e-03
    5,1        2,2        1,2    
    1.080526038097147e-02
    5,1        2,2        1,3    
    2.570505352347462e-02
    5,1        2,2        1,5    
    1.426188851140264e-02
    5,1        2,2        1,6    
   -2.293153975305897e-02
    5,1        2,2        1,7    
   -7.283522281818806e-02
    5,1        2,2        1,8    
   -7.061218777344824e-03
    5,1        2,2        1,9    
   -7.369513597610999e-03
    5,1        2,2        1,10   
   -5.189064706929901e-03
    5,1        2,2        1,11   
   -1.238973413846455e-02
    5,1        2,2        1,12   
    4.577325895981892e-03
    5,1        2,2        1,13   
   -2.993926981574975e-02
    5,1        2,2        1,14   
    7.875869878475944e-03
    5,1        6,1        4,1               # C2v-planar B1 x A2 <- G8 irred-5 x irred-6 x irred-4
    7.453515859884199e-04
    5,1        6,1        4,2    
    7.103534909957554e-04
    5,1        6,1        4,3    
   -6.771302564779595e-04
    8,1        2,1        4,1               # C2v-perpendicular B1 x A2 <- G8 irred-8 x irred-2 x irred-4
    2.039498085679750e-01
    8,1        2,1        4,2    
   -8.503083917439383e-02
    8,1        2,1        4,3    
   -1.805169023989772e-01
    8,1        2,2        4,1    
   -5.580670690497324e-01
    8,1        2,2        4,2    
    2.208183101089054e-01
    8,1        2,2        4,3    
    3.298520246280982e-01
    8,1        6,1        1,1               # C2v-perpendicular B2 x A1 <- G8 irred-8 x irred-6 x irred-1
    4.481882449488312e-02
    8,1        6,1        1,2    
    1.018754298107322e-02
    8,1        6,1        1,3    
    2.463632181305176e-02
    8,1        6,1        1,5    
    5.914603299379943e-03
    8,1        6,1        1,6    
    4.145281062956055e-03
    8,1        6,1        1,7    
   -1.036766546685158e-01
    8,1        6,1        1,8    
    1.092540293825050e-04
    8,1        6,1        1,9    
   -3.811059573297687e-03
    8,1        6,1        1,10   
   -8.751426670931390e-03
    8,1        6,1        1,11   
   -1.127650772994421e-02
    8,1        6,1        1,12   
    5.041044797759076e-03
    8,1        6,1        1,13   
   -3.392972011269670e-02
    8,1        6,1        1,14   
   -2.810098324203161e-02
    5,1        8,1        7,1               # C2v-planar / C2v-perpendicular A2 x B1 <- G8 irred-5 x irred-8 x irred-7
   -2.118036575543343e-02
    5,1        8,1        7,2    
    9.316868159860955e-03
    5,1        8,1        7,3    
   -5.740248342002980e-03
    5,1        8,1        7,4    
    2.423245384955250e-02
    5,1        8,1        7,5    
   -2.147874884394706e-02
    5,1        8,1        7,6    
   -4.394579379005276e-02
    3,13                                     # HN spherical coordinate angles
    1.679559361670518e-02
    3,13       1,4    
   -2.002689089811473e-03
    3,13       1,4        1,4    
   -1.608466410430803e-04
    5,1        2,2        1,4    
    1.189206667203688e-02
    3,13       2,2        2,2    
    1.999352296082968e-02
    3,13       3,13       3,13   
   -2.520140168746413e-02
    5,1        5,1        3,13   
   -1.150128862511223e-02
    7,7        7,7        3,13   
   -3.446677614933973e-02
    8,1        8,1        3,13   
    3.381496630524511e-02
    8,1        7,7        5,1    
   -2.419798198608569e-02
    3,13       1,4        1,4        1,4    
    1.108016214137191e-01
    5,1        2,2        1,4        1,4    
   -4.668688975661434e-02
    3,13       2,2        2,2        1,4    
   -1.413042844536462e-02
    3,13       3,13       3,13       1,4    
    4.913571023210983e-03
    5,1        5,1        3,13       1,4    
   -1.339799987317124e-03
    7,7        7,7        3,13       1,4    
    4.635144716376124e-02
    8,1        8,1        3,13       1,4    
   -3.550893136034788e-02
    8,1        7,7        5,1        1,4    
    6.209900473533894e-02
    5,1        2,2        2,2        2,2    
    1.218256905391320e-02
    5,1        3,13       3,13       2,2    
   -2.751576704577163e-02
    8,1        7,7        3,13       2,2    
    3.882681853123145e-02
    5,1        5,1        5,1        2,2    
    1.457299871671518e-02
    7,7        7,7        5,1        2,2    
    3.218897428568362e-03
    8,1        8,1        5,1        2,2    
    9.172790076977726e-03
    3,13       1,1                           # 1st-order term coupled with NH2 rotation
   -5.438563186293045e-02
    3,13       1,2    
   -1.505727212689675e-02
    3,13       1,3    
   -3.312621831172326e-02
    3,13       1,5    
   -2.388970405084738e-02
    3,13       1,6    
    1.259283785336945e-02
    3,13       1,7    
    1.129972345681421e-01
    3,13       1,8    
    3.125676437159108e-03
    3,13       1,9    
    3.816707710708201e-03
    3,13       1,10   
    7.731186228921236e-03
    3,13       1,11   
    1.797709745101145e-02
    3,13       1,12   
   -5.728884963534236e-03
    3,13       1,13   
    3.344476141154824e-02
    3,13       1,14   
    1.985328309277215e-02
    7,7        4,1    
   -2.949140546257810e-03
    7,7        4,2    
    1.229233276560519e-02
    7,7        4,3    
   -7.432597526531351e-03
    1,4        3,1    
    1.150582679960085e-02
    1,4        3,2    
   -8.854021087819861e-02
    1,4        3,3    
    1.295666230800761e-01
    1,4        3,4    
   -2.060414559228723e-02
    1,4        3,5    
   -8.805083275090289e-03
    1,4        3,6    
   -1.234103928304083e-02
    1,4        3,7    
   -2.574239078115222e-02
    1,4        3,8    
    5.057256443535132e-03
    1,4        3,9    
   -1.892839283142343e-02
    1,4        3,10   
   -3.683978008024292e-03
    1,4        5,1        2,1    
   -1.184480803113386e-02
    1,4        8,1        6,1    
    5.492223994637454e-03
    1,4        1,4        3,1    
   -3.746801879788278e-02
    1,4        1,4        3,2    
    7.642781866240571e-02
    1,4        1,4        3,3    
   -5.171175746867850e-02
    1,4        1,4        3,4    
    7.587484362470060e-03
    1,4        1,4        3,5    
    1.290883419032079e-02
    1,4        1,4        3,6    
   -6.299159006811302e-03
    1,4        1,4        3,7    
    1.912615690034514e-02
    1,4        1,4        3,8    
   -5.986360633439321e-03
    1,4        1,4        3,9    
    1.105248211150234e-02
    1,4        1,4        3,10   
    8.051685432204364e-03
    1,4        1,4        5,1        2,1    
    5.947564219856731e-03
    1,4        1,4        8,1        6,1    
   -1.037116057566898e-02
    2,2        2,2        3,1    
   -8.077113710033564e-02
    2,2        2,2        3,2    
    1.389671383243284e-01
    2,2        2,2        3,3    
   -6.936460224801205e-02
    2,2        2,2        3,4    
   -1.055576312476359e-03
    2,2        2,2        3,5    
    6.743285937287403e-03
    2,2        2,2        3,6    
    4.243831434091762e-03
    2,2        2,2        3,7    
    1.804904482426030e-02
    2,2        2,2        3,8    
   -1.466728064959877e-02
    2,2        2,2        3,9    
   -1.620189943560677e-02
    2,2        2,2        3,10   
    4.741858465954422e-03
    2,2        2,2        5,1        2,1    
    2.176590525571577e-03
    2,2        2,2        8,1        6,1    
   -3.766460325958618e-02
    3,13       3,13       3,1    
   -2.004134995662663e-01
    3,13       3,13       3,2    
    2.580221033179710e-02
    3,13       3,13       3,3    
    1.149003225015001e-01
    3,13       3,13       3,4    
   -2.695919820198792e-03
    3,13       3,13       3,5    
   -2.093254246895239e-03
    3,13       3,13       3,6    
    1.703435594659922e-02
    3,13       3,13       3,7    
    1.382645095466707e-02
    3,13       3,13       3,8    
    7.711156429893889e-04
    3,13       3,13       3,9    
    1.628785595585779e-02
    3,13       3,13       3,10   
   -1.340929689883394e-02
    3,13       3,13       5,1        2,1    
    8.173985742103930e-03
    3,13       3,13       8,1        6,1    
    1.370358866799990e-02
    5,1        5,1        3,1    
   -1.466400351003582e-01
    5,1        5,1        3,2    
    1.327683128334757e-01
    5,1        5,1        3,3    
    1.471835121935161e-02
    5,1        5,1        3,4    
   -3.657719333448201e-03
    5,1        5,1        3,5    
    2.238249961722813e-03
    5,1        5,1        3,6    
    1.334479938901871e-02
    5,1        5,1        3,7    
    1.473569653590997e-02
    5,1        5,1        3,8    
   -9.674604005029426e-03
    5,1        5,1        3,9    
   -1.251010926807689e-02
    5,1        5,1        3,10   
   -1.944225231662193e-02
    5,1        5,1        5,1        2,1    
   -4.964182136314672e-03
    5,1        5,1        8,1        6,1    
    3.879834774725774e-03
    7,7        7,7        3,1    
   -8.571390881091056e-03
    7,7        7,7        3,2    
   -7.743728896825862e-02
    7,7        7,7        3,3    
    1.033220020571586e-01
    7,7        7,7        3,4    
   -6.985587661799404e-04
    7,7        7,7        3,5    
    1.572499410899903e-03
    7,7        7,7        3,6    
    9.722391382808188e-03
    7,7        7,7        3,7    
    1.251713042431988e-02
    7,7        7,7        3,8    
   -3.386701800200337e-03
    7,7        7,7        3,9    
    1.415212427479942e-02
    7,7        7,7        3,10   
    9.254641053472545e-03
    7,7        7,7        5,1        2,1    
    5.889618935444745e-03
    7,7        7,7        8,1        6,1    
    3.676042917809903e-02
    8,1        8,1        3,1    
   -7.323808194986030e-02
    8,1        8,1        3,2    
   -3.408697566976403e-02
    8,1        8,1        3,3    
    1.435064384366461e-01
    8,1        8,1        3,4    
   -1.519479339064987e-02
    8,1        8,1        3,5    
    1.754151251133386e-03
    8,1        8,1        3,6    
    1.019996516680656e-02
    8,1        8,1        3,7    
    9.693941260005385e-03
    8,1        8,1        3,8    
   -7.653692402882614e-03
    8,1        8,1        3,9    
   -1.050915515507267e-02
    8,1        8,1        3,10   
   -1.565142032264204e-02
    8,1        8,1        5,1        2,1    
    5.924117305790803e-03
    8,1        8,1        8,1        6,1    
   -1.119876356622020e-02
