      0.00     0.000007
     29.02     0.014782
    159.29     0.000151
    530.16     0.000004
    559.20     0.010123
    689.47     0.000109
    898.78     0.000001
    927.78     0.010036
   1058.07     0.000119
   1089.40     0.003237
   1219.68     0.000037
   1269.39     0.002808
   1399.69     0.000030
   1417.28     0.000982
   1437.72     0.000332
   1457.95     0.006834
   1524.55     0.041378
   1547.58     0.000010
   1588.24     0.000084
   1607.11     0.004043
   1624.91     0.000593
   1647.02     0.000002
   1676.07     0.004037
   1755.19     0.000007
   1799.59     0.001921
   1806.30     0.000042
   1826.47     0.002504
   1929.87     0.000021
   1947.46     0.000819
   1956.75     0.000034
   1967.89     0.000204
   1988.15     0.002175
   2054.72     0.029376
   2077.74     0.000009
   2118.42     0.000028
   2137.29     0.002975
   2168.17     0.001991
   2206.23     0.002757
   2298.44     0.000024
   2316.05     0.000649
   2329.79     0.000613
   2336.42     0.000193
   2336.49     0.000031
   2356.63     0.001697
   2423.23     0.042427
   2446.33     0.000008
   2460.07     0.000007
   2477.66     0.000317
   2486.91     0.000024
   2498.09     0.000057
   2505.81     0.004575
   2523.63     0.000397
   2574.71     0.002860
   2584.93     0.009753
   2607.94     0.000004
   2653.92     0.000005
   2657.67     0.000193
   2667.49     0.001024
   2678.08     0.000059
   2698.32     0.001354
   2705.00     0.000034
   2725.08     0.000254
   2736.42     0.000879
   2764.90     0.008965
   2787.95     0.000002
   2825.97     0.000020
   2828.62     0.000017
   2846.23     0.000543
   2847.48     0.000894
   2855.39     0.000004
   2865.29     0.000113
   2866.58     0.000117
   2866.69     0.000008
   2886.81     0.000537
   2912.79     0.002726
   2916.35     0.000666
   2953.39     0.029869
   2966.73     0.000461
   2976.51     0.000007
   2995.37     0.000266
   2995.57     0.000001
   3013.17     0.000069
   3017.09     0.000008
   3033.59     0.000009
   3035.98     0.003319
   3040.81     0.000096
   3046.63     0.000007
   3064.32     0.000334
   3066.83     0.000522
   3084.66     0.000091
   3103.66     0.014128
   3104.86     0.001907
   3120.43     0.001858
   3170.93     0.012170
   3171.53     0.007948
   3187.85     0.000161
   3194.58     0.000003
   3197.12     0.000007
   3202.99     0.000203
   3208.26     0.000036
   3214.74     0.000157
   3228.52     0.000430
   3235.01     0.000030
   3235.13     0.000029
   3254.05     0.001163
   3255.22     0.000172
   3271.91     0.000161
   3295.09     0.006361
   3318.13     0.000002
   3321.76     0.016990
   3323.31     0.000435
   3345.02     0.000002
   3356.15     0.000015
   3358.80     0.000006
   3376.41     0.000207
   3377.66     0.000660
   3385.52     0.000003
   3396.77     0.000031
   3402.15     0.000002
   3404.39     0.002007
   3422.26     0.000098
   3429.46     0.001122
   3442.98     0.002356
   3446.48     0.000457
   3453.70     0.000005
   3473.21     0.000758
   3483.57     0.009818
   3496.91     0.000305
   3506.69     0.000003
   3525.55     0.000237
   3552.53     0.000002
   3556.42     0.000133
   3559.90     0.000010
   3566.15     0.001126
   3570.98     0.000066
   3576.75     0.000036
   3576.80     0.000004
   3594.48     0.000278
   3596.97     0.000353
   3603.53     0.000010
   3614.81     0.000055
   3625.53     0.000007
   3633.84     0.010551
   3635.01     0.000571
   3663.28     0.009367
   3686.71     0.000002
   3700.90     0.013009
   3701.46     0.000855
   3714.92     0.000855
   3718.06     0.000043
   3724.67     0.000012
   3724.76     0.000003
   3727.27     0.000005
   3738.46     0.000010
   3744.90     0.000134
   3746.19     0.001053
   3763.99     0.000078
   3765.15     0.000019
   3765.30     0.000009
   3784.21     0.000855
   3785.36     0.000055
   3811.47     0.002759
   3814.92     0.000469
   3825.29     0.002107
   3851.89     0.011834
   3853.55     0.000284
   3865.22     0.000480
   3875.18     0.000002
   3886.35     0.000005
   3894.06     0.000295
   3907.86     0.000226
   3911.89     0.000046
   3932.23     0.000005
   3934.52     0.001434
   3939.35     0.000114
   3945.24     0.000005
   3959.65     0.000760
   3962.95     0.000240
   3965.38     0.000057
   3973.18     0.000949
   3976.63     0.000154
   3983.03     0.000054
   3983.83     0.000003
   4002.17     0.023127
   4003.27     0.000239
   4019.04     0.001844
   4027.11     0.000093
   4055.75     0.000097
   4066.29     0.000002
   4069.30     0.022177
   4070.02     0.005111
   4086.59     0.000116
   4090.08     0.000007
   4093.25     0.000003
   4095.72     0.000001
   4101.17     0.000020
   4101.62     0.000220
   4103.34     0.000006
   4106.95     0.000001
   4107.32     0.000015
   4113.34     0.000018
   4124.66     0.000111
   4127.11     0.000116
   4133.62     0.000008
   4145.00     0.000014
   4152.32     0.001403
   4153.16     0.000553
   4155.65     0.000007
   4164.03     0.003703
   4170.39     0.000129
   4191.88     0.005998
   4193.00     0.000038
   4202.28     0.000530
   4207.06     0.000097
   4216.87     0.000001
   4220.08     0.003328
   4221.94     0.000139
   4227.41     0.000017
   4231.38     0.002235
   4232.21     0.002927
   4235.96     0.000038
   4253.55     0.000013
   4254.84     0.000008
   4254.94     0.000002
   4257.44     0.000002
   4273.93     0.000001
   4275.07     0.000052
   4276.34     0.000743
   4281.13     0.000021
   4295.30     0.000005
   4300.74     0.000001
   4302.86     0.000413
   4304.58     0.000048
   4314.39     0.000291
   4320.78     0.000010
   4325.02     0.000024
   4327.16     0.000756
   4341.57     0.002288
   4343.80     0.002634
   4344.50     0.001382
   4352.16     0.000003
   4354.96     0.000028
   4359.55     0.000007
   4360.80     0.000421
   4372.36     0.000050
   4382.08     0.003885
   4383.80     0.000059
   4395.35     0.000306
   4411.30     0.003057
   4411.89     0.001587
   4421.84     0.000001
   4424.23     0.000263
   4429.04     0.000006
   4443.34     0.000045
   4455.09     0.000033
   4458.70     0.000006
   4464.67     0.000482
   4469.49     0.000075
   4472.89     0.000008
   4475.23     0.000007
   4475.34     0.000004
   4489.86     0.000225
   4491.43     0.001147
   4493.10     0.000180
   4494.04     0.000141
   4495.48     0.000026
   4501.92     0.000001
   4503.86     0.000032
   4508.68     0.000221
   4512.08     0.000029
   4512.99     0.000029
   4532.56     0.016625
   4533.35     0.000028
   4534.80     0.000021
   4559.17     0.000899
   4559.93     0.000517
   4562.23     0.003853
   4562.60     0.000014
   4564.56     0.000106
   4576.77     0.000229
   4590.86     0.000022
   4591.24     0.000023
   4596.81     0.000025
   4599.42     0.017066
   4600.19     0.002814
   4610.49     0.000095
   4616.77     0.000048
   4620.27     0.000002
   4622.87     0.000013
   4623.38     0.000003
   4624.10     0.000005
   4625.82     0.000001
   4636.66     0.000004
   4637.16     0.000005
   4642.26     0.000104
   4642.39     0.000004
   4643.47     0.000016
   4644.59     0.000468
   4649.18     0.000289
   4660.11     0.000029
   4662.50     0.000025
   4663.69     0.000004
   4670.01     0.000220
   4681.94     0.001012
   4683.33     0.000455
   4685.68     0.000010
   4687.46     0.000030
   4693.79     0.000005
   4698.16     0.000879
   4699.95     0.000200
   4709.99     0.001055
   4711.65     0.000045
   4713.11     0.000079
   4722.61     0.000003
   4724.64     0.001987
   4732.10     0.000018
   4737.24     0.000073
   4742.67     0.000667
   4747.05     0.000018
   4747.07     0.000020
   4750.05     0.002483
   4751.95     0.000130
   4752.68     0.003420
   4765.59     0.000154
   4765.97     0.000067
   4766.84     0.000562
   4767.53     0.000445
   4785.02     0.000003
   4790.34     0.000010
   4792.65     0.000133
   4800.35     0.000003
   4806.51     0.000261
   4810.53     0.000011
   4811.28     0.000013
   4817.74     0.000078
   4818.13     0.002635
   4819.29     0.001355
   4832.92     0.000285
   4834.62     0.000047
   4837.81     0.000049
   4838.57     0.000020
   4841.91     0.000001
   4843.29     0.000002
   4849.37     0.000015
   4849.85     0.000064
   4855.17     0.000005
   4860.19     0.000637
   4861.95     0.000023
   4865.95     0.000005
   4869.77     0.000066
   4871.88     0.000919
   4872.74     0.000002
   4874.20     0.002785
   4876.11     0.000002
   4881.69     0.000011
   4883.40     0.000054
   4885.13     0.000024
   4900.57     0.014292
   4901.96     0.000132
   4902.62     0.000253
   4917.50     0.000738
   4919.27     0.000009
   4925.21     0.002358
   4925.49     0.000126
   4941.47     0.003268
   4941.51     0.000098
   4954.41     0.000106
   4959.23     0.000005
   4965.02     0.000006
   4965.09     0.000001
   4966.16     0.001466
   4967.28     0.013653
   4985.20     0.000054
   4988.88     0.000004
   4991.59     0.000382
   4999.65     0.000030
   5000.10     0.000093
   5003.03     0.000005
   5005.30     0.000003
   5007.91     0.000163
   5012.81     0.000080
   5018.30     0.000252
   5022.21     0.000699
   5023.29     0.000083
   5024.59     0.000183
   5025.38     0.000046
   5025.72     0.000002
   5031.97     0.000002
   5042.78     0.000008
   5051.06     0.000753
   5051.75     0.000490
   5062.67     0.005700
   5064.68     0.000011
   5068.72     0.000022
   5076.72     0.000308
   5089.31     0.000881
   5089.99     0.000387
   5091.97     0.000051
   5092.31     0.002539
   5094.43     0.000202
   5095.37     0.001167
   5104.54     0.000242
   5105.66     0.000013
   5110.22     0.000008
   5111.01     0.000037
   5120.44     0.000152
   5122.41     0.000171
   5126.77     0.000003
   5129.48     0.005970
   5130.34     0.000723
   5134.33     0.000055
   5144.66     0.000023
   5144.72     0.000072
   5148.06     0.000183
   5152.23     0.000012
   5153.41     0.000001
   5153.54     0.000001
   5156.83     0.000010
   5172.38     0.000099
   5173.61     0.000006
   5174.59     0.000342
   5178.09     0.000215
   5179.68     0.000032
   5198.75     0.000004
   5200.19     0.000153
   5203.25     0.000033
   5203.35     0.000051
   5207.94     0.000202
   5213.53     0.000170
   5217.53     0.000008
   5217.91     0.000142
   5221.06     0.000004
   5221.60     0.000009
   5222.59     0.000008
   5227.41     0.000200
   5234.70     0.000066
   5238.67     0.000017
   5239.95     0.001182
   5241.72     0.000032
   5242.03     0.000179
   5242.64     0.005548
   5244.57     0.000003
   5246.79     0.000009
   5250.34     0.000002
   5252.86     0.000039
   5260.70     0.000294
   5260.73     0.000021
   5262.98     0.000001
   5267.39     0.000010
   5268.08     0.000017
   5272.03     0.000002
   5280.00     0.000707
   5281.19     0.003249
   5283.42     0.000053
   5294.94     0.000096
   5296.13     0.000026
   5309.62     0.004926
   5310.96     0.001333
   5319.60     0.000001
   5322.76     0.000113
   5327.59     0.000007
   5330.53     0.000001
   5341.40     0.000004
   5341.97     0.000052
   5347.94     0.000060
   5348.06     0.002321
   5349.30     0.000631
   5351.41     0.000006
   5353.66     0.000004
   5356.33     0.000011
   5362.39     0.000103
   5364.30     0.000012
   5364.48     0.000027
   5365.88     0.000001
   5367.82     0.000032
   5368.82     0.000017
   5371.29     0.000002
   5381.46     0.000042
   5385.32     0.000003
   5389.08     0.000231
   5390.62     0.001609
   5391.68     0.000011
   5400.51     0.000060
   5402.16     0.000004
   5404.37     0.001002
   5406.81     0.000006
   5407.32     0.000189
   5411.11     0.000012
   5412.55     0.000004
   5413.07     0.000006
   5415.36     0.000009
   5430.27     0.010511
   5431.96     0.000005
   5432.40     0.000049
   5455.26     0.001800
   5457.75     0.001394
   5458.42     0.000440
   5460.41     0.000727
   5460.90     0.000018
   5462.74     0.000079
   5470.38     0.000345
   5471.68     0.000784
   5473.83     0.000512
   5476.20     0.000002
   5487.99     0.000105
   5489.88     0.000026
   5495.14     0.000007
   5496.53     0.007772
   5500.59     0.003386
   5509.84     0.000086
   5515.35     0.000020
   5518.63     0.000003
   5518.95     0.000010
   5519.06     0.000071
   5525.10     0.000001
   5529.40     0.000036
   5532.04     0.000019
   5532.42     0.000273
   5535.39     0.000004
   5538.06     0.000134
   5540.89     0.000020
   5540.98     0.000043
   5544.28     0.000005
   5546.13     0.000090
   5546.31     0.000003
   5548.77     0.000286
   5549.91     0.000464
   5552.34     0.000291
   5554.68     0.000067
   5558.71     0.000015
   5568.46     0.000165
   5581.16     0.000504
   5581.38     0.000001
   5581.77     0.000474
   5589.01     0.000032
   5593.52     0.000001
   5594.09     0.000003
   5595.36     0.000007
   5598.12     0.001116
   5606.87     0.000214
   5608.26     0.000179
   5608.40     0.000008
   5609.63     0.000051
   5611.11     0.000007
   5619.36     0.000464
   5619.98     0.000046
   5620.92     0.000003
   5622.19     0.000743
   5624.43     0.000028
   5625.71     0.001105
   5631.13     0.000007
   5635.60     0.000071
   5637.11     0.000074
   5638.55     0.000435
   5640.82     0.000218
   5643.36     0.000228
   5644.94     0.000032
   5650.30     0.006088
   5651.60     0.000054
   5652.67     0.000299
   5661.20     0.000039
   5664.38     0.000027
   5665.03     0.001176
   5665.80     0.000141
   5674.50     0.000032
   5689.33     0.000004
   5691.22     0.000027
   5694.66     0.000042
   5699.07     0.000002
   5702.46     0.000046
   5704.55     0.000103
   5707.89     0.000076
   5709.04     0.000001
   5709.91     0.000030
   5713.43     0.000001
   5716.36     0.000062
   5716.66     0.003089
   5717.44     0.003006
   5730.39     0.000045
   5732.27     0.000241
   5733.34     0.000037
   5733.69     0.000023
   5735.26     0.000005
   5737.07     0.000013
   5737.26     0.000002
   5746.94     0.000074
   5749.03     0.000042
   5757.32     0.000093
   5759.04     0.000003
   5759.22     0.000015
   5762.98     0.000008
   5765.16     0.000024
   5770.23     0.000383
   5772.13     0.000017
   5772.78     0.004261
   5773.31     0.000023
   5773.79     0.000012
   5779.86     0.000019
   5780.88     0.000009
   5784.04     0.000082
   5785.59     0.003713
   5793.45     0.000004
   5798.19     0.000113
   5799.57     0.000177
   5800.30     0.000073
   5801.42     0.000009
   5802.93     0.000003
   5809.49     0.000053
   5811.25     0.001374
   5815.06     0.000316
   5816.06     0.000463
   5816.45     0.000021
   5817.49     0.000081
   5823.60     0.002478
   5824.65     0.000035
   5831.61     0.000007
   5839.35     0.000001
   5839.58     0.004183
   5840.97     0.000764
   5849.22     0.000001
   5852.88     0.000049
   5854.32     0.000024
   5857.67     0.000006
   5860.70     0.000003
   5863.46     0.000003
   5863.51     0.000105
   5865.53     0.003357
   5868.19     0.000391
   5873.46     0.000182
   5876.64     0.000007
   5877.01     0.000432
   5877.83     0.000139
   5878.18     0.000038
   5879.85     0.000005
   5880.80     0.000700
   5882.68     0.000011
   5884.51     0.000394
   5886.55     0.000002
   5887.72     0.000087
   5889.00     0.000085
   5890.10     0.000001
   5890.23     0.000002
   5897.85     0.000017
   5898.48     0.000009
   5898.85     0.000004
   5900.47     0.000005
   5901.12     0.000002
   5905.30     0.000003
   5906.61     0.000208
   5920.43     0.001362
   5921.69     0.000008
   5923.21     0.000002
   5924.52     0.000034
   5924.88     0.000073
   5925.37     0.000003
   5926.28     0.000002
   5928.53     0.000005
   5939.88     0.000207
   5942.24     0.000002
   5943.47     0.000007
   5948.36     0.000072
   5948.57     0.000126
   5950.70     0.000223
   5950.84     0.000002
   5955.32     0.000009
   5960.29     0.003584
   5962.40     0.000023
   5965.28     0.000013
   5967.16     0.000001
   5975.43     0.000217
   5985.51     0.000528
   5987.87     0.001477
   5988.64     0.000317
   5990.52     0.000731
   5991.18     0.001653
   5992.73     0.002128
   5992.90     0.001654
   5997.27     0.000328
   6001.44     0.000005
   6004.44     0.000086
   6006.62     0.000024
   6007.15     0.000144
   6012.60     0.000129
   6020.39     0.000008
   6022.97     0.000005
   6024.90     0.000001
   6025.00     0.000001
   6027.08     0.003292
   6027.54     0.000006
   6027.94     0.000016
   6029.12     0.000006
   6032.57     0.000014
   6033.41     0.000007
   6035.06     0.000007
   6038.13     0.000575
   6041.54     0.000207
   6041.84     0.000102
   6043.34     0.000056
   6047.08     0.000028
   6049.77     0.000051
   6050.65     0.000009
   6052.29     0.000003
   6054.70     0.000004
   6056.36     0.000094
   6057.11     0.000002
   6057.92     0.000036
   6058.27     0.000017
   6058.56     0.000577
   6059.68     0.000175
   6065.34     0.000002
   6068.27     0.000040
   6070.82     0.000001
   6070.91     0.000070
   6074.82     0.000065
   6075.96     0.000011
   6076.94     0.000542
   6077.96     0.000011
   6079.42     0.000002
   6079.99     0.000001
   6087.82     0.000074
   6090.18     0.000013
   6098.45     0.000110
   6101.56     0.000013
   6105.63     0.000002
   6111.24     0.000191
   6111.39     0.000003
   6111.67     0.000172
   6117.24     0.000023
   6122.29     0.000002
   6123.48     0.000002
   6125.37     0.000005
   6125.57     0.000004
   6126.38     0.000043
   6136.60     0.000024
   6137.17     0.000112
   6138.36     0.000228
   6138.64     0.000377
   6140.41     0.000915
   6141.18     0.001671
   6141.69     0.001051
   6148.62     0.000013
   6151.11     0.000002
   6151.32     0.000011
   6153.09     0.000046
   6153.25     0.000085
   6154.12     0.000003
   6155.35     0.000115
   6156.24     0.000031
   6156.90     0.000383
   6157.81     0.000051
   6158.67     0.000001
   6159.07     0.000057
   6162.30     0.000057
   6163.56     0.000017
   6165.81     0.000437
   6166.33     0.000007
   6173.13     0.000010
   6173.35     0.000004
   6178.18     0.000036
   6179.21     0.002277
   6180.11     0.002796
   6181.20     0.000046
   6182.32     0.000103
   6191.26     0.000031
   6191.44     0.000019
   6192.71     0.000240
   6194.87     0.000027
   6199.67     0.000002
   6206.94     0.000197
   6207.01     0.000042
   6207.99     0.000262
   6208.08     0.000234
   6209.52     0.002953
   6210.04     0.000007
   6219.45     0.000004
   6221.22     0.000022
   6224.22     0.000079
   6226.34     0.000002
   6226.96     0.000001
   6229.04     0.000002
   6229.25     0.000001
   6237.99     0.000009
   6240.05     0.000023
   6240.09     0.000001
   6242.88     0.000019
   6243.56     0.000002
   6246.58     0.000104
   6246.62     0.002325
   6247.58     0.002160
   6248.39     0.000024
   6261.44     0.000017
   6262.43     0.000208
   6263.06     0.000006
   6263.22     0.000019
   6265.28     0.000004
   6265.87     0.000007
   6267.33     0.000001
   6267.50     0.000009
   6277.60     0.000027
   6284.33     0.000099
   6287.33     0.000155
   6287.58     0.000496
   6287.98     0.000002
   6288.28     0.000003
   6288.36     0.000018
   6288.49     0.000131
   6290.67     0.000047
   6291.36     0.000023
   6293.25     0.000138
   6294.88     0.000030
   6302.27     0.000003
   6303.09     0.001570
   6303.68     0.000001
   6306.39     0.000016
   6308.07     0.000040
   6308.55     0.000536
   6309.57     0.000451
   6310.37     0.000028
   6310.68     0.000678
   6313.60     0.000165
   6313.98     0.000010
   6317.06     0.000046
   6320.78     0.000072
   6329.42     0.000026
   6329.52     0.000006
   6329.75     0.000152
   6330.55     0.000006
   6330.71     0.000189
   6332.61     0.000040
   6332.70     0.000330
   6337.87     0.000510
   6337.98     0.001219
   6346.71     0.000253
   6347.39     0.000046
   6347.65     0.000051
   6351.63     0.000164
   6353.26     0.001107
   6356.09     0.000001
   6356.94     0.000057
   6357.26     0.001395
   6360.03     0.000003
   6361.25     0.000105
   6361.90     0.000031
   6367.32     0.000015
   6369.67     0.001385
   6371.48     0.000321
   6374.62     0.000003
   6377.52     0.000060
   6378.18     0.000438
   6381.18     0.000002
   6381.70     0.000001
   6382.90     0.000045
   6384.41     0.000016
   6387.78     0.000059
   6390.40     0.000206
   6392.94     0.001322
   6393.56     0.000002
   6393.99     0.000421
   6396.22     0.000038
   6396.23     0.000008
   6398.30     0.000535
   6401.17     0.000291
   6406.37     0.001153
   6410.97     0.000058
   6412.75     0.000031
   6413.66     0.000005
   6414.10     0.000098
   6415.19     0.000037
   6417.84     0.000063
   6418.35     0.000008
   6428.86     0.000001
   6431.48     0.000050
   6432.09     0.000002
   6432.74     0.000039
   6433.43     0.000003
   6436.53     0.000019
   6436.76     0.000140
   6439.48     0.000034
   6440.80     0.000016
   6441.38     0.000002
   6444.00     0.000011
   6446.76     0.000661
   6447.03     0.000002
   6451.47     0.000525
   6453.30     0.000002
   6453.99     0.000025
   6456.23     0.000001
   6456.96     0.000003
   6458.81     0.000003
   6464.96     0.000029
   6465.48     0.000354
   6467.60     0.000041
   6471.42     0.000017
   6478.69     0.000123
   6480.77     0.000179
   6482.94     0.000035
   6484.13     0.000055
   6485.24     0.000017
   6491.78     0.000001
   6493.87     0.000007
   6495.33     0.000011
   6496.25     0.000741
   6497.89     0.000006
   6500.71     0.000003
   6503.99     0.000527
   6504.44     0.000028
   6507.20     0.000042
   6508.83     0.000002
   6510.87     0.000076
   6513.17     0.000009
   6516.74     0.000017
   6517.90     0.001569
   6518.53     0.000977
   6519.08     0.000804
   6519.99     0.000007
   6520.81     0.000003
   6521.18     0.000798
   6521.41     0.000264
   6522.93     0.000043
   6530.46     0.000006
   6532.72     0.000002
   6534.44     0.000024
   6537.23     0.000058
   6540.90     0.001326
   6541.68     0.000002
   6546.66     0.000147
   6547.27     0.004162
   6547.51     0.000040
   6550.13     0.000101
   6558.79     0.000016
   6559.45     0.000063
   6560.34     0.000373
   6561.69     0.000007
   6562.67     0.000184
   6565.90     0.000183
   6568.12     0.000019
   6571.01     0.000507
   6572.27     0.000324
   6575.24     0.000024
   6587.17     0.000003
   6587.37     0.000059
   6587.49     0.000013
   6588.41     0.000002
   6588.59     0.000513
   6588.81     0.000001
   6589.69     0.000134
   6591.82     0.000001
   6595.71     0.000014
   6597.55     0.000002
   6600.74     0.000027
   6603.78     0.000009
   6604.59     0.000021
   6605.94     0.000048
   6606.23     0.000149
   6607.99     0.000007
   6609.13     0.000002
   6611.23     0.000051
   6611.51     0.000531
   6615.43     0.002950
   6616.09     0.000005
   6625.33     0.000003
   6626.89     0.000022
   6627.77     0.000996
   6630.83     0.000047
   6631.23     0.000189
   6631.80     0.000006
   6635.49     0.000004
   6636.05     0.000008
   6646.79     0.000015
   6647.14     0.000072
   6647.46     0.000002
   6650.13     0.000002
   6653.66     0.000007
   6653.86     0.000030
   6655.67     0.000003
   6656.06     0.000019
   6657.84     0.000038
   6658.05     0.000001
   6661.12     0.000003
   6666.66     0.000026
   6667.18     0.000231
   6668.44     0.000126
   6668.83     0.000023
   6670.07     0.000002
   6670.61     0.002550
   6672.25     0.000032
   6673.54     0.000029
   6676.38     0.000041
   6678.76     0.000003
   6678.91     0.000002
   6679.78     0.000007
   6685.76     0.000066
   6693.23     0.000044
   6694.70     0.000029
   6695.79     0.000375
   6697.99     0.000187
   6698.35     0.000147
   6699.42     0.000147
   6701.21     0.000004
   6702.70     0.000622
   6709.87     0.001720
   6715.25     0.000011
   6715.58     0.000138
   6716.11     0.000002
   6716.30     0.000002
   6717.93     0.000008
   6718.78     0.000001
   6719.74     0.000004
   6722.61     0.001107
   6724.22     0.000036
   6730.29     0.000007
   6736.23     0.000007
   6736.63     0.000226
   6737.69     0.000372
   6737.83     0.000278
   6738.95     0.002037
   6739.74     0.000002
   6743.99     0.000445
   6745.94     0.000013
   6746.96     0.000007
   6751.27     0.000009
   6751.91     0.000026
   6754.43     0.000045
   6756.34     0.000002
   6764.88     0.000002
   6765.84     0.000764
   6769.74     0.000006
   6776.19     0.000003
   6776.42     0.000915
   6777.35     0.000009
   6777.56     0.000558
   6779.88     0.000018
   6781.99     0.000102
   6782.80     0.000015
   6785.23     0.000169
   6785.98     0.000080
   6786.77     0.000027
   6791.64     0.000009
   6792.65     0.000095
   6797.33     0.000004
   6798.20     0.000005
   6798.48     0.000003
   6804.99     0.000001
   6805.37     0.000104
   6813.31     0.000209
   6819.10     0.000283
   6819.33     0.000147
   6821.41     0.000047
   6821.72     0.000024
   6822.21     0.000001
   6822.96     0.000022
   6823.25     0.000062
   6824.05     0.000104
   6825.79     0.000013
   6831.21     0.000018
   6836.16     0.000613
   6837.76     0.000003
   6837.96     0.000024
   6838.44     0.000120
   6839.09     0.000026
   6840.52     0.000015
   6843.69     0.000157
   6845.00     0.000021
   6847.10     0.000032
   6848.35     0.000126
   6849.45     0.000002
   6850.94     0.000018
   6851.35     0.000145
   6858.36     0.000005
   6859.21     0.000032
   6860.04     0.000115
   6861.62     0.000245
   6862.11     0.000026
   6863.19     0.000098
   6864.78     0.000570
   6865.98     0.000005
   6869.80     0.000005
   6870.13     0.000003
   6870.86     0.000007
   6873.80     0.000051
   6874.32     0.000008
   6877.84     0.000018
   6884.36     0.000556
   6885.86     0.000007
   6886.80     0.000707
   6889.48     0.001038
   6891.05     0.000120
   6891.67     0.000062
   6893.93     0.007093
   6897.29     0.000014
   6900.14     0.000199
   6901.09     0.000647
   6902.25     0.000013
   6903.00     0.000024
   6904.54     0.000005
   6905.74     0.000008
   6906.44     0.000364
   6907.33     0.000010
   6914.53     0.000003
   6920.06     0.000011
   6920.38     0.000177
   6925.75     0.000007
   6926.41     0.000020
   6928.50     0.000420
   6929.05     0.000206
   6929.99     0.000547
   6931.08     0.000031
   6931.57     0.000287
   6932.57     0.000013
   6941.01     0.000032
   6943.29     0.000007
   6946.45     0.000008
   6946.78     0.000006
   6947.96     0.000030
   6948.66     0.000163
   6956.85     0.000006
   6958.89     0.000978
   6959.57     0.000021
   6959.76     0.000123
   6965.12     0.000010
   6966.89     0.000055
   6967.47     0.000005
   6969.24     0.000042
   6971.54     0.000025
   6972.21     0.000041
   6973.74     0.000022
   6975.76     0.000038
   6976.07     0.000410
   6978.04     0.000008
   6979.57     0.000002
   6985.03     0.000028
   6987.90     0.000119
   6989.46     0.000002
   6991.24     0.000011
   6994.93     0.000006
   6995.53     0.000229
   6996.44     0.000051
   6997.87     0.000020
   7003.83     0.000001
   7008.96     0.000038
   7010.88     0.000069
   7012.92     0.000008
   7014.30     0.000007
   7014.93     0.000071
   7016.26     0.000001
   7019.89     0.000004
   7023.66     0.000004
   7024.33     0.000004
   7025.56     0.000005
   7033.93     0.000015
   7034.30     0.000380
   7036.17     0.000085
   7037.72     0.000509
   7039.10     0.000109
   7040.31     0.000962
   7042.04     0.000036
   7043.49     0.000009
   7045.10     0.000053
   7048.29     0.000037
   7050.49     0.000047
   7051.13     0.001496
   7052.03     0.000085
   7053.51     0.000059
   7056.07     0.000002
   7058.50     0.000006
   7061.48     0.000367
   7064.43     0.000005
   7064.78     0.000002
   7068.79     0.000003
   7073.25     0.000013
   7074.53     0.002165
   7077.85     0.000071
   7078.29     0.001091
   7080.13     0.000098
   7081.07     0.000002
   7083.91     0.000001
   7086.46     0.000075
   7086.51     0.000278
   7089.55     0.000005
   7090.67     0.000052
   7093.60     0.000020
   7096.39     0.000049
   7096.85     0.000005
   7099.97     0.000018
   7100.94     0.000392
   7102.44     0.000315
   7103.01     0.000186
   7105.99     0.000197
   7106.50     0.000259
   7109.04     0.000752
   7111.33     0.000009
   7117.21     0.000041
   7118.74     0.000181
   7119.52     0.000038
   7121.92     0.000003
   7123.20     0.000147
   7123.93     0.000029
   7127.29     0.000004
   7130.94     0.000021
   7134.87     0.000002
   7136.14     0.000004
   7139.02     0.000021
   7139.67     0.000061
   7141.15     0.000120
   7142.91     0.000184
   7145.10     0.001790
   7146.16     0.000046
   7146.96     0.000807
   7149.89     0.000132
   7151.49     0.000108
   7159.19     0.000014
   7159.82     0.000023
   7161.16     0.000307
   7164.09     0.000049
   7165.17     0.000009
   7166.28     0.000004
   7173.23     0.000002
   7174.04     0.000003
   7182.68     0.000003
   7183.40     0.000029
   7185.14     0.000363
   7186.47     0.000025
   7188.79     0.000009
   7190.41     0.000123
   7190.90     0.000024
   7195.14     0.000124
   7199.17     0.000598
   7200.35     0.000132
   7202.51     0.000023
   7204.66     0.000004
   7206.12     0.000163
   7207.31     0.000041
   7207.93     0.000042
   7210.45     0.000004
   7212.11     0.000165
   7215.74     0.000043
   7217.21     0.000001
   7225.92     0.000114
   7228.07     0.000200
   7228.53     0.000113
   7229.45     0.000110
   7231.74     0.000462
   7234.88     0.001671
   7242.67     0.000002
   7245.05     0.000359
   7246.02     0.000105
   7247.47     0.000002
   7252.34     0.000066
   7252.79     0.000951
   7254.40     0.000017
   7259.59     0.000002
   7261.15     0.000026
   7261.64     0.000003
   7266.49     0.000156
   7268.05     0.000464
   7269.13     0.000261
   7270.44     0.000283
   7273.64     0.000441
   7274.20     0.000053
   7276.50     0.000018
   7282.67     0.000006
   7284.41     0.000016
   7284.98     0.000006
   7286.77     0.000002
   7291.15     0.000197
   7293.23     0.000032
   7295.13     0.000242
   7295.87     0.000094
   7297.02     0.000691
   7299.11     0.000041
   7302.43     0.000219
   7304.25     0.000017
   7309.18     0.000021
   7311.58     0.000023
   7312.72     0.000264
   7314.15     0.000078
   7315.28     0.000067
   7316.51     0.000034
   7321.51     0.000001
   7327.62     0.000009
   7328.96     0.000014
   7330.78     0.000029
   7332.43     0.000016
   7334.98     0.000066
   7336.21     0.000054
   7337.99     0.000025
   7339.83     0.000023
   7342.55     0.000019
   7344.16     0.000090
   7345.00     0.000023
   7347.26     0.000156
   7350.22     0.000272
   7351.68     0.000026
   7355.72     0.000002
   7356.23     0.000033
   7357.38     0.000002
   7363.12     0.000676
   7363.82     0.000024
   7365.42     0.000035
   7366.53     0.000065
   7368.36     0.000008
   7373.90     0.000061
   7377.42     0.000010
   7379.46     0.000124
   7381.44     0.000044
   7382.21     0.000241
   7384.21     0.000004
   7387.46     0.000019
   7389.67     0.000125
   7392.00     0.000002
   7393.14     0.000031
   7395.62     0.000024
   7396.88     0.000010
   7402.32     0.000011
   7403.04     0.000317
   7403.50     0.000548
   7405.11     0.000003
   7409.53     0.000002
   7413.32     0.000003
   7416.87     0.000239
   7417.48     0.000186
   7418.70     0.000108
   7420.06     0.001427
   7422.17     0.002155
   7422.49     0.000754
   7425.13     0.002154
   7427.96     0.000016
   7430.62     0.000320
   7432.85     0.000009
   7435.60     0.000016
   7435.94     0.000095
   7438.79     0.000051
   7444.63     0.000001
   7446.65     0.001448
   7447.68     0.000055
   7450.40     0.000017
   7453.35     0.000001
   7454.47     0.000020
   7457.20     0.000008
   7458.74     0.000170
   7461.26     0.000078
   7462.16     0.000181
   7464.73     0.000026
   7468.12     0.000019
   7469.31     0.000032
   7470.52     0.001271
   7472.05     0.000001
   7476.09     0.000008
   7478.11     0.000001
   7480.03     0.000032
   7483.31     0.000005
   7486.23     0.000009
   7487.67     0.000027
   7488.16     0.000942
   7494.32     0.000006
   7495.72     0.000010
   7497.38     0.000008
   7499.08     0.000042
   7502.30     0.000023
   7503.59     0.000011
   7505.92     0.000149
   7508.06     0.000017
   7510.48     0.000014
   7512.07     0.001077
   7513.49     0.000136
   7514.85     0.000022
   7519.44     0.000013
   7519.52     0.000100
   7525.47     0.000016
   7525.99     0.000093
   7528.76     0.000020
   7529.64     0.000193
   7535.20     0.000026
   7537.74     0.000002
   7539.08     0.000009
   7541.41     0.000005
   7544.18     0.000039
   7546.01     0.000024
   7546.99     0.000009
   7553.30     0.000038
   7554.65     0.000073
   7556.52     0.000001
   7560.75     0.000001
   7563.90     0.000071
   7564.33     0.000154
   7565.78     0.000128
   7569.20     0.000380
   7570.00     0.000475
   7571.15     0.000185
   7574.86     0.000024
   7575.44     0.000050
   7586.89     0.000092
   7589.65     0.000056
   7590.18     0.000290
   7592.06     0.000011
   7594.94     0.000080
   7595.71     0.000300
   7596.96     0.000256
   7599.90     0.000002
   7605.59     0.000155
   7605.86     0.000389
   7607.65     0.000548
   7609.43     0.000007
   7612.28     0.000103
   7615.17     0.000014
   7617.30     0.000028
   7618.66     0.000015
   7620.80     0.000221
   7622.98     0.000036
   7626.24     0.000028
   7629.67     0.000012
   7630.61     0.000094
   7632.63     0.000059
   7635.26     0.000342
   7637.11     0.000695
   7639.27     0.000722
   7639.90     0.001202
   7643.13     0.000005
   7647.48     0.000009
   7648.43     0.000011
   7652.35     0.000020
   7653.25     0.000164
   7654.03     0.000040
   7657.73     0.000026
   7671.90     0.000003
   7673.31     0.000006
   7674.38     0.000855
   7676.72     0.000024
   7677.82     0.000038
   7680.35     0.000015
   7682.28     0.000215
   7683.40     0.000069
   7687.98     0.000005
   7689.02     0.000080
   7691.27     0.000132
   7692.34     0.000023
   7696.43     0.000003
   7702.73     0.000001
   7703.92     0.000107
   7706.59     0.000003
   7708.40     0.000009
   7711.76     0.000068
   7713.00     0.000032
   7715.07     0.000235
   7716.13     0.000018
   7720.43     0.000017
   7722.30     0.000057
   7723.54     0.000168
   7726.99     0.000011
   7728.61     0.000002
   7733.05     0.000017
   7733.79     0.000038
   7736.42     0.000060
   7737.91     0.000144
   7742.21     0.000082
   7742.60     0.000061
   7745.05     0.000105
   7746.14     0.000024
   7749.88     0.000009
   7756.21     0.000002
   7758.44     0.000148
   7759.74     0.000032
   7761.43     0.000173
   7765.33     0.001506
   7768.48     0.000039
   7769.80     0.000062
   7772.90     0.000004
   7775.94     0.000043
   7777.38     0.000006
   7781.35     0.000029
   7782.84     0.000486
   7785.17     0.000277
   7787.07     0.001471
   7788.97     0.000392
   7790.99     0.001577
   7794.20     0.000302
   7795.74     0.000355
   7798.70     0.001316
   7799.85     0.000260
   7802.62     0.000160
   7804.03     0.000121
   7806.51     0.000026
   7810.26     0.000027
   7811.98     0.000143
   7813.22     0.000025
   7817.08     0.000005
   7819.63     0.000003
   7825.34     0.000201
   7826.71     0.000082
   7828.08     0.000613
   7828.93     0.000037
   7836.33     0.000035
   7838.26     0.000007
   7844.97     0.000010
   7846.26     0.000024
   7853.73     0.000018
   7855.40     0.000546
   7855.82     0.000371
   7858.13     0.000008
   7859.06     0.000018
   7864.81     0.000005
   7865.58     0.000028
   7868.80     0.000011
   7871.33     0.000031
   7872.87     0.000002
   7875.68     0.000186
   7877.38     0.000006
   7884.98     0.000065
   7887.05     0.000006
   7888.88     0.000003
   7891.58     0.000181
   7893.41     0.000313
   7894.39     0.000007
   7896.35     0.000014
   7909.32     0.000026
   7909.65     0.000082
   7911.38     0.000268
   7912.80     0.000004
   7916.29     0.000003
   7920.16     0.000003
   7921.05     0.000041
   7922.78     0.000013
   7928.05     0.000027
   7933.09     0.000418
   7934.56     0.000161
   7934.77     0.000345
   7938.38     0.000010
   7940.70     0.000181
   7941.98     0.000024
   7949.19     0.000076
   7950.15     0.000443
   7951.30     0.000770
   7954.60     0.000170
   7955.46     0.001024
   7956.77     0.000157
   7959.99     0.000083
   7961.16     0.000049
   7964.36     0.000384
   7971.33     0.000020
   7972.73     0.000004
   7973.95     0.000565
   7977.11     0.000228
   7978.82     0.000090
   7980.49     0.000076
   7983.37     0.000207
   7984.58     0.000104
   7988.28     0.000001
   7991.31     0.000017
   7993.64     0.000016
   7995.27     0.000039
   7997.56     0.000002
   8000.86     0.000922
   8003.14     0.000241
   8005.86     0.000019
   8007.77     0.000186
   8010.88     0.000019
   8014.79     0.000012
   8016.59     0.000038
   8017.94     0.000369
   8019.24     0.000024
   8024.40     0.000006
   8025.23     0.000030
   8029.14     0.000002
   8031.93     0.000004
   8035.21     0.000044
   8037.43     0.000112
   8038.56     0.000020
   8042.30     0.000290
   8043.28     0.000561
   8044.93     0.000010
   8048.58     0.000003
   8053.32     0.000045
   8055.68     0.000006
   8058.14     0.000104
   8058.75     0.000086
   8060.85     0.000037
   8064.40     0.000007
   8065.87     0.000010
   8069.62     0.000037
   8072.46     0.000049
   8074.59     0.000005
   8076.81     0.000002
   8080.28     0.000013
   8083.66     0.000077
   8084.77     0.000132
   8086.42     0.000021
   8090.01     0.000003
   8092.75     0.000005
   8095.74     0.000043
   8098.16     0.000196
   8100.05     0.000279
   8102.21     0.000088
   8104.59     0.000744
   8106.17     0.000039
   8110.70     0.000061
   8111.70     0.000015
   8113.76     0.000004
   8120.57     0.000003
   8124.81     0.000109
   8125.99     0.000220
   8126.72     0.000018
   8132.90     0.000002
   8134.62     0.000035
   8137.42     0.000018
   8139.96     0.000011
   8141.98     0.000105
   8143.61     0.000165
   8148.01     0.000003
   8149.55     0.001213
   8151.15     0.000227
   8153.33     0.000024
   8155.74     0.000043
   8160.77     0.000069
   8162.15     0.000027
   8165.84     0.000263
   8167.30     0.000444
   8169.40     0.001048
   8170.05     0.000158
   8174.60     0.000040
   8176.54     0.000007
   8179.41     0.000028
   8182.79     0.000011
   8185.23     0.000020
   8189.58     0.000115
   8190.62     0.000239
   8192.99     0.000020
   8194.92     0.000046
   8196.30     0.000147
   8200.54     0.000270
   8205.31     0.000006
   8207.86     0.000073
   8210.31     0.000075
   8211.14     0.000041
   8214.60     0.000005
   8217.51     0.000138
   8219.18     0.000163
   8220.77     0.000017
   8226.08     0.000025
   8228.35     0.000015
   8231.62     0.000019
   8233.27     0.000037
   8236.04     0.000055
   8237.19     0.000013
   8241.58     0.000005
   8244.49     0.000083
   8246.55     0.000106
   8248.04     0.000012
   8251.04     0.000025
   8252.62     0.000083
   8254.75     0.000003
   8260.49     0.000035
   8262.71     0.000206
   8263.81     0.000201
   8265.70     0.000006
   8272.41     0.000069
   8274.84     0.000065
   8276.36     0.000085
   8277.66     0.000311
   8280.34     0.000197
   8280.90     0.000055
   8285.19     0.000010
   8290.05     0.000124
   8291.67     0.000035
   8294.34     0.000020
   8295.67     0.000530
   8298.54     0.000044
   8302.16     0.000214
   8302.48     0.000412
   8308.11     0.000005
   8311.72     0.000104
   8313.92     0.000007
   8316.67     0.001544
   8318.05     0.000790
   8319.98     0.000658
   8321.15     0.000388
   8323.57     0.000017
   8328.16     0.000894
   8331.70     0.000013
   8333.91     0.000067
   8335.90     0.000017
   8338.15     0.000044
   8341.76     0.000304
   8343.36     0.000243
   8346.13     0.000055
   8348.41     0.000058
   8353.05     0.000001
   8354.55     0.000016
   8358.31     0.000321
   8360.55     0.000021
   8362.54     0.000032
   8364.98     0.000046
   8368.70     0.000374
   8369.14     0.000293
   8378.05     0.000001
   8380.00     0.000009
   8383.13     0.000076
   8385.37     0.000526
   8386.62     0.000097
   8390.75     0.000075
   8391.55     0.000008
   8399.05     0.000003
   8401.47     0.000021
   8404.76     0.000055
   8406.11     0.000089
   8408.56     0.000009
   8410.67     0.000001
   8413.24     0.000128
   8420.91     0.000006
   8422.99     0.000162
   8425.27     0.000011
   8428.76     0.000016
   8430.41     0.000067
   8433.49     0.000060
   8437.52     0.000009
   8439.44     0.000045
   8441.19     0.000122
   8444.37     0.000003
   8447.04     0.000002
   8451.66     0.000031
   8452.48     0.000070
   8454.53     0.000129
   8458.24     0.000041
   8462.76     0.000025
   8464.24     0.000159
   8466.69     0.000183
   8469.00     0.000021
   8471.44     0.000152
   8472.50     0.000039
   8479.94     0.000004
   8485.06     0.000007
   8486.38     0.000137
   8489.71     0.000511
   8491.86     0.000079
   8493.28     0.000156
   8495.14     0.000075
   8498.98     0.000002
   8503.36     0.000015
   8505.31     0.000031
   8508.45     0.000240
   8509.69     0.000059
   8511.89     0.000048
   8514.16     0.000137
   8521.14     0.000020
   8525.34     0.000014
   8528.37     0.000008
   8530.91     0.000242
   8533.02     0.000246
   8535.62     0.000077
   8537.73     0.000208
   8540.35     0.000242
   8543.49     0.001929
   8543.92     0.000238
   8548.26     0.000010
   8552.78     0.000051
   8554.56     0.000055
   8556.41     0.000046
   8558.36     0.000029
   8561.53     0.000002
   8566.10     0.000016
   8568.00     0.000147
   8572.50     0.000012
   8575.08     0.000087
   8576.49     0.000119
   8578.75     0.000025
   8581.59     0.000019
   8585.98     0.000001
   8587.92     0.000097
   8590.08     0.000070
   8593.60     0.000007
   8596.21     0.000025
   8598.83     0.000005
   8600.67     0.000029
   8604.50     0.000038
   8605.16     0.000095
   8611.17     0.000163
   8613.64     0.000042
   8616.53     0.000006
   8619.38     0.000004
   8622.43     0.000132
   8624.55     0.000172
   8626.11     0.000011
   8629.40     0.000119
   8634.09     0.000045
   8635.61     0.000047
   8637.95     0.000006
   8640.82     0.000056
   8643.68     0.000243
   8648.43     0.000002
   8650.70     0.000029
   8654.08     0.000002
   8657.26     0.000027
   8659.29     0.000071
   8661.27     0.000060
   8663.33     0.000024
   8667.37     0.000419
   8668.02     0.001083
   8672.32     0.000002
   8676.77     0.000013
   8678.52     0.000030
   8681.18     0.000193
   8684.18     0.000225
   8687.15     0.000270
   8689.52     0.000446
   8691.21     0.001008
   8692.95     0.000167
   8697.49     0.000020
   8700.12     0.000202
   8702.65     0.000071
   8705.10     0.000254
   8708.62     0.000045
   8710.12     0.000397
   8711.56     0.000083
   8717.33     0.000008
   8719.66     0.000009
   8723.04     0.000011
   8726.67     0.000045
   8727.59     0.000324
   8730.52     0.000007
   8732.44     0.000017
   8737.69     0.000005
   8741.42     0.000003
   8743.14     0.000011
   8745.46     0.000036
   8748.94     0.000098
   8752.07     0.000283
   8752.79     0.000056
   8756.09     0.000002
   8760.29     0.000005
   8763.62     0.000013
   8766.23     0.000027
   8769.19     0.000051
   8772.03     0.000034
   8774.07     0.000020
   8777.63     0.000027
   8780.03     0.000032
   8783.04     0.000059
   8784.53     0.000067
   8789.14     0.000026
   8791.65     0.000247
   8793.17     0.000029
   8797.48     0.000011
   8799.01     0.000021
   8804.11     0.000007
   8805.93     0.000517
   8808.15     0.000042
   8811.89     0.000126
   8812.76     0.000016
   8818.42     0.000007
   8821.29     0.000038
   8823.44     0.000043
   8825.12     0.000016
   8829.62     0.000024
   8831.62     0.000537
   8833.22     0.000023
   8838.11     0.000035
   8840.88     0.000161
   8842.56     0.000472
   8846.74     0.000028
   8849.39     0.000170
   8850.41     0.000083
   8854.30     0.000486
   8858.73     0.000234
   8860.65     0.000140
   8861.66     0.000050
   8867.26     0.000007
   8870.33     0.000016
   8872.78     0.000064
   8875.67     0.000170
   8876.89     0.000108
   8881.72     0.000423
   8882.60     0.000164
   8885.91     0.000018
   8889.29     0.000004
   8892.79     0.000067
   8894.37     0.000061
   8898.81     0.000320
   8899.79     0.000270
   8902.49     0.000006
   8904.78     0.000003
   8912.29     0.000018
   8913.94     0.000074
   8914.89     0.000156
   8917.92     0.000047
   8921.46     0.000070
   8923.81     0.000002
   8927.35     0.000002
   8929.89     0.000021
   8933.40     0.000038
   8936.15     0.000002
   8939.50     0.000017
   8941.31     0.000011
   8944.24     0.000091
   8948.24     0.000013
   8952.69     0.000014
   8955.85     0.000026
   8957.18     0.000021
   8959.39     0.000046
   8963.05     0.000079
   8964.66     0.000010
   8969.37     0.000038
   8971.24     0.000040
   8975.39     0.000009
   8977.54     0.000035
   8981.66     0.000045
   8982.83     0.000022
   8986.72     0.000013
   8989.33     0.000005
   8994.29     0.000004
   8996.13     0.000084
   8998.10     0.000217
   8999.99     0.000063
   9003.38     0.000011
   9008.48     0.000022
   9009.89     0.000012
   9012.68     0.000004
   9016.46     0.000017
   9019.98     0.000023
   9022.78     0.000031
   9025.06     0.000069
   9027.90     0.000036
   9029.99     0.000131
   9033.41     0.000671
   9036.46     0.000637
   9037.81     0.000034
   9042.12     0.000049
   9044.92     0.000011
   9049.73     0.000059
   9051.81     0.000243
   9052.80     0.000040
   9056.55     0.000001
   9062.92     0.000091
   9064.69     0.000076
   9066.23     0.000094
   9069.07     0.000028
   9072.43     0.000537
   9073.68     0.001281
   9077.22     0.000026
   9081.40     0.000043
   9084.04     0.000033
   9087.48     0.000032
   9089.70     0.000038
   9091.10     0.000082
   9094.76     0.000018
   9097.67     0.000125
   9102.54     0.000011
   9104.79     0.000006
   9108.77     0.000061
   9110.71     0.000023
   9112.78     0.000023
   9117.28     0.000211
   9119.18     0.000064
   9122.57     0.000002
   9125.30     0.000030
   9128.34     0.000002
   9132.15     0.000019
   9134.75     0.000107
   9137.81     0.000023
   9139.66     0.000003
   9143.82     0.000014
   9146.86     0.000003
   9150.64     0.000026
   9152.47     0.000118
   9153.85     0.000026
   9159.52     0.000118
   9160.65     0.000010
   9163.51     0.000144
   9166.28     0.000002
   9172.14     0.000121
   9176.02     0.000137
   9176.89     0.000086
   9178.99     0.000221
   9182.70     0.000005
   9187.11     0.000001
   9191.18     0.000038
   9193.05     0.000129
   9195.16     0.000587
   9196.95     0.000040
   9199.84     0.000182
   9203.10     0.000002
   9211.45     0.000036
   9213.91     0.000011
   9216.12     0.000527
   9219.02     0.000173
   9220.92     0.000888
   9224.71     0.000003
   9229.94     0.000002
   9231.66     0.000014
   9235.43     0.000097
   9238.08     0.000115
   9239.89     0.000015
   9243.45     0.000158
   9246.61     0.000034
   9247.60     0.000038
   9253.52     0.000005
   9256.45     0.000086
   9258.81     0.000022
   9261.31     0.000040
   9264.99     0.000040
   9266.28     0.000227
   9270.55     0.000040
   9274.27     0.000008
   9278.62     0.000021
   9280.57     0.000047
   9283.05     0.000176
   9285.12     0.000276
   9287.98     0.000012
   9292.15     0.000017
   9293.91     0.000007
   9299.44     0.000009
   9300.84     0.000044
   9305.18     0.000014
   9308.60     0.000044
   9309.57     0.000005
   9314.79     0.000032
   9318.00     0.000019
   9321.07     0.000052
   9323.58     0.000093
   9325.33     0.000078
   9329.83     0.000010
   9332.36     0.000057
   9334.76     0.000003
   9338.25     0.000029
   9341.75     0.000142
   9345.26     0.000006
   9348.11     0.000064
   9350.33     0.000019
   9353.87     0.000023
   9358.06     0.000013
   9359.73     0.000065
   9363.08     0.000042
   9365.55     0.000095
   9368.14     0.000039
   9371.97     0.000031
   9374.63     0.000029
   9379.21     0.000013
   9380.76     0.000010
   9384.40     0.000276
   9387.09     0.000113
   9389.33     0.000049
   9392.56     0.000059
   9396.61     0.000007
   9399.82     0.000006
   9402.79     0.000021
   9406.28     0.000082
   9408.59     0.000045
   9412.09     0.000382
   9413.89     0.000023
   9417.33     0.000075
   9421.22     0.000006
   9424.07     0.000011
   9429.43     0.000139
   9430.24     0.000062
   9433.98     0.000027
   9436.62     0.000110
   9440.91     0.000706
   9441.28     0.000946
   9445.93     0.000004
   9448.65     0.000029
   9451.12     0.000058
   9455.42     0.000011
   9457.70     0.000011
   9460.44     0.000018
   9461.64     0.000007
   9467.92     0.000021
   9471.19     0.000008
   9474.51     0.000027
   9476.48     0.000034
   9480.66     0.000011
   9482.13     0.000023
   9487.54     0.000014
   9488.85     0.000022
   9492.73     0.000012
   9494.10     0.000016
   9499.47     0.000021
   9502.51     0.000104
   9507.68     0.000005
   9510.64     0.000036
   9512.49     0.000075
   9514.60     0.000104
   9516.95     0.000073
   9520.91     0.000010
   9524.09     0.000007
   9525.53     0.000052
   9530.77     0.000020
   9532.56     0.000011
   9536.35     0.000093
   9539.54     0.000051
   9541.55     0.000172
   9544.52     0.000008
   9548.35     0.000002
   9554.78     0.000007
   9557.05     0.000125
   9558.77     0.000355
   9560.52     0.000294
   9565.68     0.000166
   9567.38     0.000105
   9571.17     0.000031
   9573.66     0.000015
   9576.50     0.000081
   9580.72     0.000190
   9584.46     0.000078
   9586.17     0.000030
   9588.06     0.000033
   9595.21     0.000030
   9597.07     0.000030
   9599.38     0.000051
   9602.54     0.000503
   9604.36     0.000052
   9609.11     0.000194
   9610.49     0.000114
   9612.24     0.000037
   9618.99     0.000011
   9621.85     0.000040
   9624.61     0.000020
   9626.09     0.000126
   9629.38     0.000026
   9633.82     0.000005
   9637.72     0.000001
   9641.98     0.000022
   9643.24     0.000034
   9647.03     0.000176
   9648.93     0.000036
   9652.65     0.000006
   9656.75     0.000022
   9659.98     0.000003
   9663.20     0.000017
   9665.31     0.000033
   9667.68     0.000020
   9671.33     0.000034
   9674.80     0.000013
   9677.75     0.000018
   9681.91     0.000035
   9685.18     0.000006
   9689.34     0.000028
   9691.44     0.000070
   9693.53     0.000078
   9698.42     0.000019
   9701.93     0.000036
   9703.74     0.000184
   9706.84     0.000037
   9708.79     0.000084
   9712.93     0.000114
   9717.52     0.000029
   9719.46     0.000012
   9722.46     0.000007
   9726.76     0.000024
   9730.05     0.000302
   9732.57     0.000021
   9735.63     0.000013
   9738.82     0.000018
   9741.48     0.000021
   9745.64     0.000204
   9747.98     0.000052
   9750.43     0.000257
   9753.90     0.000012
   9757.14     0.000071
   9760.51     0.000007
   9763.13     0.000009
   9770.03     0.000009
   9771.58     0.000088
   9773.90     0.000058
   9778.96     0.000303
   9779.91     0.000354
   9781.52     0.000092
   9787.81     0.000022
   9789.47     0.000026
   9792.29     0.000026
   9796.53     0.000127
   9798.77     0.000032
   9801.86     0.000041
   9804.20     0.000010
   9813.35     0.000087
   9815.26     0.000011
   9818.09     0.000158
   9822.71     0.000017
   9824.09     0.000096
   9827.14     0.000010
   9830.45     0.000007
   9836.02     0.000002
   9839.54     0.000005
   9841.83     0.000005
   9844.47     0.000017
   9848.91     0.000002
   9851.48     0.000023
   9854.57     0.000004
   9858.97     0.000036
   9861.61     0.000062
   9864.22     0.000027
   9866.51     0.000006
   9870.60     0.000021
   9875.10     0.000007
   9878.16     0.000011
   9881.32     0.000019
   9884.63     0.000031
   9886.91     0.000012
   9891.88     0.000029
   9893.82     0.000043
   9897.72     0.000022
   9899.81     0.000021
   9902.45     0.000030
   9906.81     0.000007
   9910.15     0.000048
   9913.01     0.000011
   9918.17     0.000021
   9921.13     0.000031
   9922.77     0.000020
   9925.90     0.000018
   9929.65     0.000015
   9933.48     0.000599
   9935.65     0.000082
   9937.17     0.000029
   9942.00     0.000087
   9944.08     0.000060
   9947.57     0.000070
   9951.02     0.000135
   9957.68     0.000006
   9959.28     0.000008
   9964.08     0.000034
   9966.09     0.000045
   9969.29     0.000034
   9971.05     0.001171
   9972.50     0.000104
   9978.32     0.000003
   9981.46     0.000006
   9984.75     0.000009
   9988.93     0.000020
   9991.24     0.000029
   9993.85     0.000027
   9999.38     0.000003
  10001.33     0.000006
  10005.01     0.000006
  10007.95     0.000016
  10011.85     0.000042
  10014.11     0.000033
  10017.22     0.000105
  10020.15     0.000015
  10023.96     0.000015
  10026.15     0.000042
  10031.52     0.000054
  10032.88     0.000045
  10036.24     0.000005
  10039.24     0.000028
  10041.87     0.000085
  10046.91     0.000006
  10052.27     0.000009
  10053.42     0.000018
  10057.50     0.000001
  10061.55     0.000095
  10064.34     0.000073
  10067.16     0.000025
  10070.79     0.000117
  10073.16     0.000035
  10076.91     0.000015
  10081.34     0.000101
  10082.99     0.000024
  10087.89     0.000248
  10090.36     0.000075
  10092.56     0.000058
  10097.90     0.000056
  10100.03     0.000059
  10102.31     0.000004
  10108.17     0.000012
  10110.20     0.000078
  10113.38     0.000053
  10115.58     0.000027
  10119.68     0.000006
  10123.81     0.000002
  10126.58     0.000033
  10129.75     0.000006
  10133.48     0.000009
  10137.19     0.000031
  10139.58     0.000235
  10142.29     0.000030
  10146.74     0.000016
  10150.20     0.000008
  10152.08     0.000032
  10156.58     0.000035
  10159.43     0.000039
  10162.71     0.000006
  10165.76     0.000049
  10169.38     0.000007
  10171.23     0.000008
  10177.48     0.000058
  10178.71     0.000014
  10183.56     0.000026
  10186.87     0.000105
  10187.27     0.000258
  10192.35     0.000016
  10195.08     0.000011
  10199.68     0.000020
  10201.03     0.000019
  10204.68     0.000002
  10214.84     0.000009
  10216.85     0.000014
  10220.39     0.000028
  10223.20     0.000041
  10225.83     0.000021
  10230.14     0.000019
  10233.01     0.000088
  10236.11     0.000039
  10238.99     0.000053
  10240.86     0.000027
  10250.47     0.000005
  10253.88     0.000003
  10257.57     0.000006
  10260.86     0.000041
  10262.49     0.000022
  10266.72     0.000009
  10270.31     0.000066
  10272.66     0.000008
  10278.22     0.000054
  10279.96     0.000094
  10282.79     0.000008
  10287.31     0.000051
  10289.83     0.000095
  10294.07     0.000161
  10296.83     0.000013
  10299.53     0.000007
  10303.71     0.000037
  10306.74     0.000052
  10308.99     0.000295
  10312.77     0.000060
  10315.69     0.000003
  10319.93     0.000014
  10323.63     0.000136
  10327.33     0.000040
  10329.02     0.000045
  10334.16     0.000035
  10335.60     0.000051
  10341.67     0.000015
  10343.34     0.000539
  10347.98     0.000016
  10350.64     0.000066
  10352.39     0.000036
  10357.03     0.000038
  10359.36     0.000009
  10363.30     0.000003
  10366.51     0.000002
  10370.84     0.000019
  10373.77     0.000006
  10377.68     0.000005
  10381.00     0.000002
  10384.02     0.000008
  10387.48     0.000013
  10391.14     0.000021
  10393.10     0.000025
  10396.79     0.000010
  10402.49     0.000036
  10404.65     0.000029
  10407.30     0.000006
  10410.11     0.000027
  10414.27     0.000002
  10417.51     0.000003
  10421.02     0.000022
  10423.91     0.000109
  10428.38     0.000011
  10431.40     0.000017
  10436.78     0.000010
  10439.25     0.000049
  10441.32     0.000044
  10443.16     0.000036
  10449.27     0.000040
  10452.24     0.000016
  10456.13     0.000042
  10458.82     0.000024
  10462.55     0.000205
  10465.35     0.000225
  10469.09     0.000044
  10472.31     0.000009
  10475.93     0.000005
  10479.79     0.000136
  10482.67     0.000022
  10485.42     0.000033
  10488.23     0.000005
  10492.69     0.000012
  10497.50     0.000025
  10499.68     0.000309
  10502.71     0.000120
  10504.99     0.000033
  10508.31     0.000049
  10512.76     0.000005
  10515.90     0.000008
  10520.76     0.000010
  10522.84     0.000023
  10525.50     0.000015
  10529.27     0.000073
  10541.62     0.000013
  10545.38     0.000060
  10546.57     0.000049
  10549.73     0.000050
  10554.41     0.000008
  10556.39     0.000010
  10561.83     0.000019
  10563.96     0.000034
  10566.20     0.000012
  10570.00     0.000026
  10575.63     0.000026
  10577.42     0.000007
  10582.37     0.000002
  10586.04     0.000002
  10589.15     0.000022
  10592.30     0.000038
  10594.63     0.000017
  10599.27     0.000028
  10601.68     0.000042
  10605.22     0.000068
  10607.41     0.000010
  10611.21     0.000098
  10614.82     0.000005
  10619.69     0.000014
  10622.09     0.000010
  10626.32     0.000083
  10629.74     0.000035
  10633.34     0.000046
  10634.99     0.000027
  10639.21     0.000010
  10643.97     0.000029
  10646.23     0.000024
  10649.52     0.000003
  10655.29     0.000017
  10657.32     0.000012
  10660.87     0.000020
  10664.01     0.000009
  10667.93     0.000015
  10670.58     0.000050
  10674.65     0.000005
  10677.08     0.000015
  10681.65     0.000406
  10684.51     0.000007
  10688.75     0.000017
  10690.87     0.000020
  10695.36     0.000027
  10697.40     0.000025
  10701.62     0.000006
  10705.81     0.000009
  10708.50     0.000006
  10712.43     0.000017
  10716.53     0.000283
  10718.22     0.000024
  10723.30     0.000008
  10725.20     0.000009
  10729.80     0.000009
  10732.46     0.000005
  10735.61     0.000002
  10740.70     0.000003
  10745.01     0.000002
  10748.44     0.000016
  10750.96     0.000012
  10754.31     0.000003
  10758.69     0.000006
  10761.53     0.000033
  10764.44     0.000029
  10766.88     0.000005
  10772.28     0.000051
  10773.97     0.000026
  10779.67     0.000010
  10781.81     0.000010
  10784.29     0.000002
  10789.35     0.000004
  10793.86     0.000005
  10796.54     0.000016
  10800.68     0.000038
  10803.14     0.000023
  10806.65     0.000031
  10808.80     0.000038
  10812.48     0.000003
  10817.39     0.000029
  10820.95     0.000023
  10823.71     0.000068
  10825.51     0.000080
  10831.46     0.000103
  10833.91     0.000018
  10836.63     0.000105
  10841.12     0.000021
  10845.17     0.000008
  10849.32     0.000040
  10850.66     0.000091
  10854.31     0.000002
  10859.36     0.000009
  10862.88     0.000025
  10865.84     0.000079
  10871.20     0.000043
  10872.83     0.000110
  10875.16     0.000184
  10879.57     0.000006
  10883.12     0.000045
  10887.00     0.000018
  10888.85     0.000031
  10892.82     0.000026
  10897.82     0.000002
  10900.83     0.000017
  10903.82     0.000005
  10908.16     0.000005
  10912.55     0.000016
  10915.56     0.000056
  10917.93     0.000004
  10922.32     0.000016
  10925.17     0.000008
  10929.38     0.000010
  10932.10     0.000028
  10935.81     0.000010
  10939.25     0.000003
  10943.22     0.000005
  10946.79     0.000004
  10951.61     0.000075
  10953.43     0.000018
  10958.03     0.000003
  10960.54     0.000018
  10964.76     0.000018
  10968.72     0.000043
  10971.35     0.000029
  10973.90     0.000023
  10978.18     0.000027
  10980.30     0.000016
  10985.39     0.000010
  10988.52     0.000004
  10992.92     0.000047
  10994.85     0.000128
  10997.97     0.000019
  11002.27     0.000003
  11006.74     0.000004
  11009.82     0.000052
  11014.02     0.000021
  11016.72     0.000014
  11020.36     0.000005
  11023.61     0.000007
  11029.02     0.000027
  11030.46     0.000012
  11034.89     0.000052
  11036.76     0.000072
  11041.54     0.000003
  11046.79     0.000009
  11048.68     0.000014
  11052.51     0.000020
  11054.49     0.000008
  11060.23     0.000067
  11061.65     0.000008
  11066.86     0.000005
  11070.79     0.000011
  11072.67     0.000007
  11077.93     0.000068
  11080.55     0.000031
  11083.96     0.000009
  11087.28     0.000156
  11091.45     0.000010
  11094.60     0.000004
  11097.78     0.000012
  11100.04     0.000004
  11105.58     0.000004
  11113.34     0.000036
  11117.12     0.000009
  11119.19     0.000006
  11123.45     0.000012
  11127.26     0.000023
  11131.72     0.000004
  11135.27     0.000004
  11136.91     0.000021
  11141.35     0.000035
  11145.18     0.000003
  11149.87     0.000008
  11157.94     0.000035
  11160.45     0.000016
  11163.31     0.000062
  11165.67     0.000012
  11170.43     0.000003
  11173.83     0.000009
  11178.12     0.000013
  11180.74     0.000037
  11184.90     0.000063
  11187.22     0.000017
  11190.14     0.000104
  11193.73     0.000009
  11199.75     0.000010
  11202.44     0.000007
  11205.50     0.000022
  11210.91     0.000251
  11211.93     0.000069
  11216.25     0.000015
  11219.41     0.000007
  11222.87     0.000016
  11227.08     0.000004
  11229.88     0.000007
  11234.14     0.000005
  11236.22     0.000012
  11240.78     0.000014
  11245.37     0.000014
  11246.60     0.000080
  11252.50     0.000004
  11255.26     0.000003
  11258.38     0.000012
  11261.82     0.000055
  11266.72     0.000004
  11270.44     0.000003
  11273.00     0.000002
  11277.50     0.000009
  11281.75     0.000002
  11284.66     0.000003
  11288.45     0.000004
  11291.79     0.000006
  11294.81     0.000012
  11298.61     0.000019
  11302.58     0.000005
  11305.06     0.000048
  11308.77     0.000005
  11311.61     0.000006
  11315.30     0.000008
  11321.65     0.000007
  11323.81     0.000030
  11330.19     0.000004
  11332.77     0.000006
  11336.46     0.000032
  11339.10     0.000013
  11342.81     0.000014
  11345.60     0.000006
  11350.74     0.000009
  11352.71     0.000022
  11355.90     0.000029
  11361.54     0.000080
  11363.41     0.000013
  11365.90     0.000009
  11370.61     0.000002
  11376.31     0.000038
  11378.51     0.000051
  11382.45     0.000020
  11384.00     0.000010
  11388.75     0.000004
  11394.03     0.000010
  11397.79     0.000009
  11400.13     0.000150
  11402.39     0.000007
  11406.15     0.000026
  11411.78     0.000003
  11419.01     0.000013
  11422.03     0.000026
  11424.70     0.000003
  11429.49     0.000005
  11432.08     0.000085
  11436.99     0.000002
  11439.80     0.000011
  11445.18     0.000037
  11447.36     0.000008
  11450.30     0.000006
  11455.07     0.000006
  11458.11     0.000008
  11461.05     0.000010
  11465.04     0.000008
  11469.26     0.000004
  11477.65     0.000007
  11480.90     0.000029
  11483.10     0.000006
  11487.71     0.000004
  11490.85     0.000006
  11496.38     0.000015
  11499.11     0.000013
  11501.77     0.000019
  11504.89     0.000015
  11509.17     0.000019
  11512.69     0.000005
  11516.55     0.000002
  11520.84     0.000003
  11524.78     0.000027
  11528.16     0.000019
  11531.03     0.000019
  11534.51     0.000015
  11539.05     0.000035
  11541.98     0.000007
  11544.79     0.000015
  11548.09     0.000007
  11551.64     0.000002
  11556.07     0.000008
  11565.12     0.000009
  11569.09     0.000009
  11571.21     0.000023
  11576.17     0.000023
  11577.73     0.000008
  11583.17     0.000153
  11584.78     0.000005
  11590.61     0.000015
  11592.31     0.000027
  11596.82     0.000038
  11600.95     0.000001
  11605.59     0.000003
  11608.70     0.000005
  11612.29     0.000012
  11615.52     0.000041
  11616.58     0.000115
  11627.42     0.000002
  11630.33     0.000016
  11637.59     0.000003
  11640.64     0.000003
  11643.74     0.000005
  11649.63     0.000002
  11653.16     0.000002
  11656.68     0.000006
  11659.75     0.000008
  11664.31     0.000029
  11667.06     0.000005
  11670.94     0.000006
  11674.77     0.000027
  11676.83     0.000006
  11680.89     0.000005
  11685.60     0.000006
  11688.33     0.000024
  11692.99     0.000008
  11696.57     0.000039
  11698.82     0.000010
  11703.99     0.000003
  11707.98     0.000021
  11711.63     0.000028
  11713.28     0.000027
  11719.02     0.000045
  11721.29     0.000029
  11725.19     0.000030
  11729.53     0.000045
  11731.90     0.000005
  11737.51     0.000007
  11741.45     0.000008
  11742.78     0.000102
  11746.73     0.000010
  11749.60     0.000017
  11757.94     0.000008
  11762.46     0.000005
  11765.39     0.000014
  11772.61     0.000002
  11779.06     0.000010
  11781.52     0.000006
  11784.97     0.000016
  11787.15     0.000007
  11793.09     0.000021
  11795.09     0.000006
  11798.98     0.000001
  11807.19     0.000003
  11809.61     0.000002
  11815.60     0.000021
  11817.86     0.000004
  11827.59     0.000007
  11829.38     0.000007
  11833.05     0.000017
  11835.55     0.000002
  11840.62     0.000004
  11849.98     0.000005
  11852.47     0.000007
  11855.82     0.000026
  11860.54     0.000005
  11863.82     0.000003
  11867.18     0.000010
  11871.05     0.000005
  11874.45     0.000026
  11877.30     0.000002
  11880.43     0.000006
  11886.98     0.000008
  11890.41     0.000028
  11892.11     0.000024
  11895.87     0.000004
  11900.24     0.000002
  11904.84     0.000007
  11909.22     0.000008
  11912.22     0.000008
  11914.77     0.000018
  11918.40     0.000009
  11921.80     0.000005
  11924.68     0.000012
  11935.25     0.000011
  11937.74     0.000027
  11940.31     0.000043
  11945.57     0.000033
  11948.08     0.000003
  11952.53     0.000009
  11955.59     0.000005
  11958.85     0.000059
  11966.93     0.000011
  11971.72     0.000002
  11975.17     0.000019
  11978.41     0.000007
  11981.91     0.000004
  11986.17     0.000069
  11990.43     0.000003
  11992.87     0.000002
  11998.40     0.000004
  12001.91     0.000006
  12004.81     0.000008
  12008.24     0.000005
  12011.14     0.000001
  12017.28     0.000010
  12019.37     0.000004
  12025.33     0.000004
  12027.98     0.000005
  12031.00     0.000005
  12034.25     0.000003
  12038.78     0.000002
  12043.46     0.000010
  12047.16     0.000007
  12050.71     0.000008
  12054.05     0.000005
  12057.22     0.000007
  12060.24     0.000002
  12066.01     0.000036
  12068.38     0.000002
  12072.25     0.000003
  12076.27     0.000024
  12078.68     0.000036
  12083.78     0.000006
  12088.50     0.000007
  12090.28     0.000022
  12094.50     0.000043
  12099.90     0.000003
  12102.78     0.000006
  12106.31     0.000025
  12107.70     0.000005
  12113.46     0.000114
  12117.26     0.000001
  12122.28     0.000001
  12125.44     0.000022
  12127.16     0.000013
  12133.09     0.000001
  12135.53     0.000002
  12141.94     0.000020
  12143.56     0.000023
  12147.35     0.000003
  12151.24     0.000023
  12154.98     0.000013
  12158.66     0.000004
  12161.71     0.000003
  12165.81     0.000002
  12169.27     0.000004
  12178.40     0.000002
  12181.91     0.000003
  12185.51     0.000002
  12189.11     0.000003
  12193.77     0.000020
  12196.97     0.000007
  12201.10     0.000001
  12203.40     0.000018
  12208.94     0.000005
  12212.04     0.000002
  12215.76     0.000006
  12224.40     0.000012
  12228.32     0.000007
  12229.89     0.000016
  12235.60     0.000004
  12237.68     0.000006
  12242.98     0.000020
  12246.69     0.000005
  12250.13     0.000018
  12252.83     0.000006
  12257.45     0.000023
  12260.67     0.000022
  12264.46     0.000009
  12267.55     0.000003
  12272.18     0.000005
  12276.66     0.000007
  12280.36     0.000014
  12282.13     0.000033
  12287.18     0.000002
  12291.82     0.000001
  12294.75     0.000005
  12299.65     0.000018
  12302.14     0.000002
  12307.91     0.000007
  12309.92     0.000003
  12314.49     0.000004
  12317.21     0.000004
  12321.97     0.000004
  12325.73     0.000006
  12328.89     0.000023
  12332.53     0.000026
  12334.97     0.000002
  12340.02     0.000004
  12344.44     0.000007
  12346.70     0.000008
  12352.15     0.000001
  12355.62     0.000001
  12359.95     0.000004
  12366.99     0.000003
  12370.31     0.000005
  12384.32     0.000011
  12388.24     0.000004
  12390.86     0.000002
  12393.60     0.000003
  12399.16     0.000001
  12402.14     0.000003
  12406.40     0.000014
  12409.62     0.000005
  12411.76     0.000002
  12420.77     0.000021
  12424.43     0.000015
  12426.60     0.000017
  12431.82     0.000001
  12438.74     0.000001
  12440.90     0.000002
  12444.17     0.000020
  12447.81     0.000007
  12452.59     0.000003
  12455.92     0.000006
  12459.87     0.000001
  12464.72     0.000005
  12467.63     0.000011
  12470.93     0.000039
  12472.44     0.000015
  12478.56     0.000002
  12482.00     0.000001
  12486.42     0.000002
  12489.76     0.000021
  12492.88     0.000014
  12495.21     0.000007
  12510.11     0.000003
  12514.07     0.000003
  12516.71     0.000058
  12518.57     0.000003
  12528.57     0.000003
  12533.41     0.000002
  12535.04     0.000004
  12539.19     0.000001
  12548.86     0.000002
  12553.00     0.000001
  12556.10     0.000003
  12559.50     0.000009
  12562.29     0.000007
  12567.48     0.000002
  12570.21     0.000008
  12574.30     0.000002
  12576.83     0.000004
  12582.34     0.000008
  12590.91     0.000001
  12595.04     0.000012
  12597.60     0.000004
  12603.28     0.000026
  12606.02     0.000002
  12609.97     0.000017
  12611.98     0.000012
  12617.68     0.000008
  12620.69     0.000016
  12623.55     0.000027
  12627.64     0.000002
  12633.38     0.000002
  12635.72     0.000021
  12638.52     0.000014
  12642.90     0.000023
  12650.44     0.000002
  12654.97     0.000005
  12659.60     0.000002
  12663.56     0.000003
  12668.44     0.000018
  12670.38     0.000002
  12674.17     0.000001
  12678.65     0.000002
  12682.97     0.000001
  12686.44     0.000012
  12690.49     0.000007
  12694.20     0.000004
  12696.64     0.000001
  12701.21     0.000001
  12708.06     0.000001
  12713.66     0.000001
  12721.90     0.000002
  12725.20     0.000004
  12729.65     0.000005
  12732.91     0.000009
  12736.32     0.000002
  12738.69     0.000001
  12745.21     0.000003
  12765.51     0.000003
  12768.21     0.000005
  12771.33     0.000008
  12776.98     0.000002
  12780.62     0.000002
  12783.89     0.000004
  12788.51     0.000004
  12790.47     0.000019
  12795.19     0.000002
  12797.72     0.000003
  12807.90     0.000004
  12812.01     0.000013
  12814.48     0.000013
  12817.20     0.000004
  12823.33     0.000003
  12826.82     0.000008
  12830.61     0.000020
  12833.04     0.000004
  12837.66     0.000006
  12839.35     0.000016
  12844.25     0.000001
  12849.52     0.000002
  12852.48     0.000005
  12856.28     0.000002
  12858.74     0.000041
  12865.15     0.000002
  12872.79     0.000002
  12875.80     0.000003
  12880.46     0.000001
  12884.03     0.000002
  12888.07     0.000002
  12892.25     0.000002
  12895.60     0.000002
  12904.32     0.000003
  12908.32     0.000002
  12918.41     0.000002
  12924.17     0.000005
  12928.98     0.000003
  12932.55     0.000002
  12934.95     0.000006
  12938.73     0.000003
  12942.10     0.000007
  12945.28     0.000002
  12958.74     0.000007
  12964.69     0.000019
  12967.31     0.000014
  12969.68     0.000001
  12974.38     0.000001
  12977.89     0.000001
  12985.49     0.000005
  12989.05     0.000005
  12995.21     0.000002
  12998.81     0.000012
  13001.15     0.000020
  13008.23     0.000003
  13016.18     0.000002
  13023.95     0.000005
  13025.72     0.000011
  13028.49     0.000002
  13037.07     0.000005
  13046.19     0.000002
  13048.70     0.000021
  13052.29     0.000001
  13055.98     0.000004
  13060.97     0.000002
  13064.31     0.000002
  13072.06     0.000002
  13085.39     0.000001
  13089.34     0.000003
  13091.57     0.000007
  13105.11     0.000007
  13108.25     0.000002
  13112.17     0.000002
  13114.72     0.000002
  13119.98     0.000001
  13128.82     0.000004
  13132.67     0.000011
  13135.49     0.000002
  13140.49     0.000008
  13143.63     0.000005
  13147.62     0.000005
  13150.75     0.000007
  13154.44     0.000004
  13157.12     0.000007
  13169.21     0.000003
  13171.61     0.000003
  13175.54     0.000004
  13178.53     0.000008
  13181.24     0.000014
  13186.18     0.000002
  13194.04     0.000002
  13203.07     0.000002
  13215.26     0.000003
  13218.93     0.000002
  13222.01     0.000003
  13227.14     0.000006
  13228.28     0.000015
  13233.09     0.000002
  13244.10     0.000001
  13259.55     0.000001
  13261.69     0.000002
  13265.49     0.000001
  13269.03     0.000002
  13273.88     0.000001
  13290.17     0.000001
  13295.50     0.000002
  13297.77     0.000001
  13302.15     0.000002
  13305.18     0.000001
  13310.21     0.000002
  13322.14     0.000010
  13326.67     0.000005
  13329.38     0.000003
  13332.66     0.000016
  13341.79     0.000008
  13345.05     0.000008
  13349.03     0.000002
  13351.03     0.000010
  13357.29     0.000002
  13359.89     0.000002
  13364.65     0.000003
  13369.18     0.000021
  13370.85     0.000003
  13374.76     0.000008
  13385.02     0.000001
  13387.76     0.000017
  13391.95     0.000001
  13396.39     0.000002
  13400.27     0.000001
  13411.27     0.000001
  13415.48     0.000002
  13422.92     0.000001
  13432.70     0.000002
  13442.56     0.000001
  13445.79     0.000001
  13449.17     0.000002
  13453.38     0.000002
  13456.52     0.000002
  13468.05     0.000003
  13471.31     0.000001
  13476.23     0.000002
  13481.32     0.000003
  13483.92     0.000003
  13489.01     0.000005
  13491.30     0.000003
  13496.76     0.000002
  13498.85     0.000010
  13503.07     0.000001
  13514.98     0.000002
  13518.93     0.000004
  13524.01     0.000006
  13527.72     0.000004
  13535.83     0.000008
  13546.96     0.000002
  13554.95     0.000003
  13560.31     0.000001
  13564.44     0.000003
  13582.20     0.000006
  13584.61     0.000003
  13587.12     0.000004
  13591.98     0.000002
  13600.84     0.000001
  13620.04     0.000002
  13624.69     0.000002
  13636.16     0.000003
  13639.33     0.000002
  13669.33     0.000002
  13672.72     0.000002
  13676.21     0.000003
  13680.26     0.000002
  13684.32     0.000003
  13693.09     0.000003
  13696.13     0.000002
  13705.54     0.000001
  13708.24     0.000005
  13712.30     0.000009
  13716.34     0.000001
  13721.09     0.000005
  13724.32     0.000002
  13727.27     0.000003
  13732.67     0.000002
  13736.23     0.000006
  13743.71     0.000008
  13751.53     0.000001
  13756.22     0.000005
  13757.40     0.000012
  13767.22     0.000002
  13803.04     0.000001
  13808.00     0.000001
  13813.49     0.000002
  13833.71     0.000002
  13841.37     0.000001
  13850.54     0.000004
  13853.53     0.000005
  13857.21     0.000001
  13862.24     0.000005
  13863.64     0.000009
  13874.73     0.000002
  13876.28     0.000003
  13880.67     0.000003
  13883.51     0.000002
  13900.41     0.000007
  13902.13     0.000004
  13904.66     0.000007
  13917.87     0.000003
  13923.29     0.000005
  13950.95     0.000001
  13983.08     0.000001
  13990.57     0.000001
  13995.12     0.000002
  14006.62     0.000002
  14007.77     0.000001
  14012.31     0.000001
  14028.41     0.000003
  14032.34     0.000003
  14044.28     0.000001
  14047.91     0.000001
  14050.64     0.000001
  14054.08     0.000005
  14064.90     0.000001
  14067.24     0.000003
  14072.03     0.000002
  14075.46     0.000001
  14078.19     0.000009
  14109.56     0.000002
  14111.25     0.000001
  14116.11     0.000002
  14120.67     0.000002
  14202.06     0.000002
  14223.11     0.000001
  14226.99     0.000003
  14230.40     0.000001
  14239.62     0.000002
  14242.66     0.000004
  14246.78     0.000004
  14256.47     0.000005
  14264.82     0.000005
  14272.06     0.000006
  14274.71     0.000002
  14290.60     0.000005
  14340.82     0.000001
  14357.79     0.000001
  14378.43     0.000001
  14386.56     0.000002
  14391.03     0.000001
  14394.20     0.000003
  14415.19     0.000001
  14438.75     0.000002
  14452.84     0.000004
  14468.63     0.000002
  14498.59     0.000001
  14501.02     0.000003
  14538.74     0.000002
  14584.47     0.000002
  14599.28     0.000001
  14604.60     0.000002
  14606.52     0.000004
  14609.70     0.000001
  14617.90     0.000001
  14619.81     0.000001
  14626.43     0.000001
  14647.25     0.000002
  14758.04     0.000002
  14778.35     0.000003
  14799.36     0.000004
  14801.89     0.000002
  14828.73     0.000003
  14966.09     0.000001
  14978.04     0.000004
  14992.90     0.000001
  15026.66     0.000003
  15123.61     0.000001
  15143.95     0.000003
  15171.53     0.000001
  15290.71     0.000001
  15388.32     0.000001
  15389.19     0.000001
  15499.57     0.000002
  15509.37     0.000003
  15918.74     0.000002
  19483.94     0.000001
  21533.56     0.000001