  -2.906491E-05   6.257392E-02   3.099461E-06
   1.192066E-04  -2.608760E-01  -1.913995E-05
  -5.463152E-03   3.691182E-02   2.365340E-01
   5.429753E-03   3.694885E-02  -2.365298E-01
  -1.096542E-02  -3.344215E-01  -6.759126E-01
   1.127068E-02  -3.345022E-01   6.758696E-01
  -3.457765E-04   7.566353E-01   5.132682E-05
  -1.192459E-03   1.375515E-03   8.139290E-03
   1.191634E-03   1.376271E-03  -8.138276E-03
   5.676313E-03   4.503654E-03   3.516523E-03
  -5.680395E-03   4.499185E-03  -3.515915E-03
   4.708212E-03  -6.266856E-03  -2.051024E-04
  -4.702374E-03  -6.271219E-03   2.043703E-04
  -5.456066E-06   1.209590E-02   9.056046E-07
   1.782143E-04   6.247370E-02   8.169115E-06
  -7.420688E-04  -2.606655E-01  -2.325900E-05
  -1.155812E-02   3.579846E-02   2.360629E-01
   1.176182E-02   3.577280E-02  -2.360578E-01
  -2.111981E-02  -3.337522E-01  -6.765004E-01
   1.921895E-02  -3.339890E-01   6.764439E-01
   2.154486E-03   7.569583E-01   6.402546E-05
  -2.400460E-03   1.248086E-03   7.993912E-03
   2.407478E-03   1.237394E-03  -7.994870E-03
   1.136837E-02   4.675539E-03   3.377512E-03
  -1.134155E-02   4.740952E-03  -3.376772E-03
   9.417533E-03  -5.953119E-03  -3.442332E-04
  -9.451169E-03  -5.899506E-03   3.433015E-04
   3.427927E-05   1.200518E-02   1.139859E-06
   3.247020E-04   6.230759E-02   9.983561E-06
  -1.355891E-03  -2.603055E-01  -3.277092E-05
  -1.713394E-02   3.393083E-02   2.352937E-01
   1.748687E-02   3.380827E-02  -2.352858E-01
  -3.281703E-02  -3.326066E-01  -6.773957E-01
   2.934910E-02  -3.331011E-01   6.773149E-01
   3.945292E-03   7.574466E-01   9.193468E-05
  -3.577824E-03   1.036406E-03   7.758746E-03
   3.588509E-03   1.002320E-03  -7.759465E-03
   1.708381E-02   4.963103E-03   3.113023E-03
  -1.703119E-02   5.141764E-03  -3.111795E-03
   1.418037E-02  -5.429780E-03  -5.996214E-04
  -1.423608E-02  -5.281942E-03   5.983826E-04
   6.186105E-05   1.185025E-02   1.574220E-06
  -4.013701E-04  -6.206951E-02  -1.568039E-05
   1.679670E-03   2.597709E-01   6.493052E-05
   2.273685E-02  -3.125595E-02  -2.341950E-01
  -2.313979E-02  -3.107460E-02   2.341805E-01
   4.458480E-02   3.309447E-01   6.785817E-01
  -4.029943E-02   3.318286E-01  -6.784197E-01
  -4.901040E-03  -7.580399E-01  -1.860470E-04
   4.736928E-03  -7.349139E-04  -7.432547E-03
  -4.746263E-03  -6.772989E-04   7.432257E-03
  -2.282085E-02  -5.384418E-03  -2.728738E-03
   2.274934E-02  -5.680562E-03   2.725995E-03
  -1.901838E-02   4.666657E-03   9.777061E-04
   1.907700E-02   4.420891E-03  -9.755299E-04
  -7.530911E-05  -1.163622E-02  -2.965195E-06
  -4.027299E-04  -6.174809E-02  -1.893756E-05
   1.689458E-03   2.590335E-01   7.909270E-05
   2.837275E-02  -2.776609E-02  -2.327369E-01
  -2.873377E-02  -2.753363E-02   2.327226E-01
   5.649589E-02   3.288630E-01   6.799328E-01
  -5.219936E-02   3.299839E-01  -6.797361E-01
  -4.946899E-03  -7.586530E-01  -2.286464E-04
   5.870956E-03  -3.413825E-04  -7.017569E-03
  -5.875097E-03  -2.686225E-04   7.017226E-03
  -2.858298E-02  -5.959790E-03  -2.214436E-03
   2.850294E-02  -6.333575E-03   2.210686E-03
  -2.394875E-02   3.637944E-03   1.488654E-03
   2.399409E-02   3.326276E-03  -1.486616E-03
  -7.419247E-05  -1.136263E-02  -3.523982E-06
  -4.521323E-04  -6.135292E-02  -2.697237E-05
   1.901306E-03   2.580439E-01   1.110974E-04
   3.415016E-02  -2.345075E-02  -2.308710E-01
  -3.449356E-02  -2.314186E-02   2.308527E-01
   6.883887E-02   3.261210E-01   6.814434E-01
  -6.402155E-02   3.276831E-01  -6.811653E-01
  -5.593157E-03  -7.591622E-01  -3.233924E-04
   6.975907E-03   1.468727E-04  -6.504619E-03
  -6.973170E-03   2.439966E-04   6.504932E-03
  -3.438310E-02  -6.638369E-03  -1.582746E-03
   3.428162E-02  -7.145764E-03   1.576846E-03
  -2.898009E-02   2.371250E-03   2.129341E-03
   2.901178E-02   1.945838E-03  -2.127579E-03
  -8.138606E-05  -1.103079E-02  -4.819387E-06
   5.019339E-04   6.086305E-02   3.689691E-05
  -2.117210E-03  -2.567669E-01  -1.525784E-04
  -4.005287E-02   1.827654E-02   2.285495E-01
   4.035110E-02   1.788371E-02  -2.285293E-01
  -8.158846E-02  -3.226935E-01  -6.829861E-01
   7.624917E-02  -3.248035E-01   6.826061E-01
   6.261728E-03   7.594128E-01   4.483491E-04
  -8.043327E-03  -7.257558E-04   5.899729E-03
   8.030448E-03  -8.509713E-04  -5.900985E-03
   4.021791E-02   7.432651E-03   8.253613E-04
  -4.008988E-02   8.095886E-03  -8.161245E-04
   3.412883E-02  -8.372882E-04  -2.914327E-03
  -3.413793E-02  -2.778460E-04   2.913755E-03
   8.788392E-05   1.064427E-02   6.399852E-06
  -4.026728E-04  -6.028222E-02  -3.433053E-05
   1.704805E-03   2.551255E-01   1.393625E-04
   4.625454E-02  -1.214634E-02  -2.256818E-01
  -4.641447E-02  -1.177012E-02   2.256705E-01
   9.363335E-02   3.189151E-01   6.843998E-01
  -8.935708E-02   3.208772E-01  -6.840572E-01
  -5.074376E-03  -7.592669E-01  -4.081446E-04
   9.065058E-03   1.424301E-03  -5.195459E-03
  -9.045378E-03   1.539876E-03   5.197134E-03
  -4.606325E-02  -8.450380E-03   3.851705E-05
   4.594618E-02  -9.065319E-03  -4.801374E-05
  -3.940335E-02  -1.075648E-03   3.834743E-03
   3.938530E-02  -1.598085E-03  -3.836267E-03
  -6.837141E-05  -1.020503E-02  -5.643748E-06
   3.597545E-04   5.960727E-02   3.091752E-05
  -1.527798E-03  -2.530678E-01  -1.294280E-04
  -5.221392E-02   5.114083E-03   2.223271E-01
   5.227345E-02   4.708597E-03  -2.223225E-01
  -1.075858E-01  -3.142541E-01  -6.854265E-01
   1.037783E-01  -3.162276E-01   6.851092E-01
   4.579716E-03   7.584864E-01   3.835551E-04
  -1.002176E-02  -2.223538E-03   4.410243E-03
   9.994332E-03  -2.340155E-03  -4.412598E-03
   5.193522E-02   9.552117E-03  -1.112876E-03
  -5.181611E-02   1.017750E-02   1.122977E-03
   4.479316E-02   3.275907E-03  -4.990823E-03
  -4.475016E-02   3.811568E-03   4.994497E-03
   5.887149E-05   9.721346E-03   5.053764E-06
  -3.640376E-04  -5.884537E-02  -3.817317E-05
   1.549999E-03   2.505115E-01   1.603395E-04
   5.814232E-02   2.871565E-03  -2.184053E-01
  -5.810429E-02   3.312754E-03   2.184114E-01
   1.229123E-01   3.085084E-01   6.859681E-01
  -1.190790E-01   3.108805E-01  -6.855753E-01
  -4.683433E-03  -7.568590E-01  -4.806216E-04
   1.091112E-02   3.131403E-03  -3.537436E-03
  -1.087167E-02   3.261885E-03   3.541539E-03
  -5.781743E-02  -1.071899E-02   2.384018E-03
   5.768041E-02  -1.143065E-02  -2.398213E-03
  -5.029740E-02  -5.774753E-03   6.383127E-03
   5.022202E-02  -6.388736E-03  -6.390950E-03
  -5.708944E-05  -9.200857E-03  -6.000531E-06
