    3.132479180067421e-01
    3.056293588879551e-01
    2.986326303444152e-01
    2.922362585032402e-01
    2.864183773967619e-01
    2.811573628680493e-01
    2.764314119964877e-01
    2.722173295941738e-01
    2.684889741525743e-01
    2.652159555079150e-01
    2.623631730836306e-01
    2.598916097111785e-01
    2.577604989350917e-01
    2.559306353322257e-01
    2.543682537694236e-01
    2.530486152602238e-01
    2.519582879563091e-01
    2.510952281010593e-01
    2.504662553129893e-01
    2.500823507719783e-01
    2.499531248203698e-01
    2.500823520150601e-01
    2.504662578047033e-01
    2.510952318538698e-01
    2.519582929917973e-01
    2.530486216108137e-01
    2.543682614790606e-01
    2.559306444555701e-01
    2.577605095346081e-01
    2.598916218529510e-01
    2.623631868317191e-01
    2.652159709172748e-01
    2.684889912623405e-01
    2.722173484185802e-01
    2.764314325178066e-01
    2.811573850282508e-01
    2.864184010894333e-01
    2.922362835649061e-01
    2.986326565450814e-01
    3.056293859225144e-01
    3.132479454879782e-01
    3.157696285043612e-01
    3.082586166698133e-01
    3.013365824292933e-01
    2.949855616903463e-01
    2.891873472508236e-01
    2.839239517885404e-01
    2.791772045286890e-01
    2.749275884325452e-01
    2.711526742384771e-01
    2.678257180501473e-01
    2.649150424057021e-01
    2.623846728433427e-01
    2.601963971430231e-01
    2.583130377242379e-01
    2.567023553446799e-01
    2.553406989819744e-01
    2.542153680407617e-01
    2.533247772904504e-01
    2.526760110320483e-01
    2.522801889963516e-01
    2.521469845740512e-01
    2.522801901551641e-01
    2.526760133573275e-01
    2.533247807988191e-01
    2.542153727598573e-01
    2.553407049520755e-01
    2.567023626188475e-01
    2.583130463671812e-01
    2.601964072275320e-01
    2.623846844453616e-01
    2.649150555983669e-01
    2.678257328968497e-01
    2.711526907859975e-01
    2.749276067039387e-01
    2.791772245184587e-01
    2.839239734561070e-01
    2.891873705161822e-01
    2.949855864293055e-01
    3.013366084656593e-01
    3.082586437670224e-01
    3.157696563546682e-01
    3.183151119441888e-01
    3.108859978585343e-01
    3.040175423278169e-01
    2.976947217338603e-01
    2.919021103636778e-01
    2.866244496572911e-01
    2.818463952070274e-01
    2.775514602098620e-01
    2.737204602906235e-01
    2.703300192759805e-01
    2.673517882042044e-01
    2.647529023314429e-01
    2.624978918741805e-01
    2.605518644082381e-01
    2.588843809109284e-01
    2.574731291678376e-01
    2.563063450772403e-01
    2.553830574532259e-01
    2.547107281528477e-01
    2.543006943955879e-01
    2.541627412358755e-01
    2.543006954515777e-01
    2.547107302745265e-01
    2.553830606612849e-01
    2.563063494049567e-01
    2.574731346624308e-01
    2.588843876331624e-01
    2.605518724304569e-01
    2.624979012761255e-01
    2.647529131945463e-01
    2.673518006050029e-01
    2.703300332791584e-01
    2.737204759429262e-01
    2.775514775340515e-01
    2.818464141983324e-01
    2.866244702802896e-01
    2.919021325512032e-01
    2.976947453833755e-01
    3.040175672993067e-01
    3.108860239673563e-01
    3.183151389532739e-01
    3.207796578903911e-01
    3.134163713127505e-01
    3.065894742841813e-01
    3.002858794919336e-01
    2.944919924619843e-01
    2.891944592840766e-01
    2.843800835995507e-01
    2.800348778523825e-01
    2.761425200276640e-01
    2.726827719659758e-01
    2.696305381919373e-01
    2.669561340814358e-01
    2.646270225115631e-01
    2.626108665581103e-01
    2.608793330544369e-01
    2.594117510087219e-01
    2.581975681158674e-01
    2.572366670857479e-01
    2.565370915316842e-01
    2.561105610598103e-01
    2.559670840928032e-01
    2.561105619994862e-01
    2.565370934227119e-01
    2.572366699524256e-01
    2.581975719965238e-01
    2.594117559561729e-01
    2.608793391353036e-01
    2.626108738496602e-01
    2.646270310968255e-01
    2.669561440427418e-01
    2.696305496038814e-01
    2.726827848883843e-01
    2.761425344998537e-01
    2.800348938882933e-01
    2.843801011860910e-01
    2.891944783801245e-01
    2.944920129985592e-01
    3.002859013727354e-01
    3.065894973849027e-01
    3.134163954784638e-01
    3.207796829303569e-01
    3.230706635009682e-01
    3.157670442834600e-01
    3.089782654618367e-01
    3.026922807021435e-01
    2.968965715997676e-01
    2.915790708311513e-01
    2.867282331803771e-01
    2.823321803933678e-01
    2.783771649932424e-01
    2.748459060167978e-01
    2.717164960674893e-01
    2.689624831048706e-01
    2.665544220245952e-01
    2.644627722516859e-01
    2.626615955413165e-01
    2.611321691773388e-01
    2.598654597020104e-01
    2.588625058773818e-01
    2.581322274346109e-01
    2.576869938045193e-01
    2.575372330966605e-01
    2.576869946194073e-01
    2.581322290778219e-01
    2.588625083764181e-01
    2.598654630992272e-01
    2.611321735297037e-01
    2.626616009189510e-01
    2.644627787339213e-01
    2.665544296941890e-01
    2.689624920409050e-01
    2.717165063378788e-01
    2.748459176712744e-01
    2.783771780580977e-01
    2.823321948676918e-01
    2.867282490353266e-01
    2.915790880111481e-01
    2.968965900239813e-01
    3.026923002671484e-01
    3.089782860427187e-01
    3.157670657339328e-01
    3.230706856505947e-01
    3.251164255046231e-01
    3.178741872614870e-01
    3.111266457337217e-01
    3.048621676629147e-01
    2.990688105503456e-01
    2.937353979670993e-01
    2.888517196621250e-01
    2.844077511256955e-01
    2.803921171548573e-01
    2.767903502748628e-01
    2.735836589360904e-01
    2.707488342185287e-01
    2.682596172216485e-01
    2.660894290951128e-01
    2.642149428511155e-01
    2.626196352875452e-01
    2.612962774544154e-01
    2.602473993645565e-01
    2.594831908074555e-01
    2.590170881701413e-01
    2.588602775823641e-01
    2.590170888563257e-01
    2.594831921949128e-01
    2.602474014835287e-01
    2.612962803502042e-01
    2.626196390196975e-01
    2.642149474907809e-01
    2.660894347207721e-01
    2.682596239125840e-01
    2.707488420469990e-01
    2.735836679599365e-01
    2.767903605300771e-01
    2.803921286509972e-01
    2.844077638431157e-01
    2.888517335522743e-01
    2.937354129544665e-01
    2.990688265359353e-01
    3.048621845278618e-01
    3.111266633413386e-01
    3.178742054593103e-01
    3.251164441229280e-01
    3.268705393679042e-01
    3.196962553501123e-01
    3.129969670796647e-01
    3.067610986575452e-01
    3.009770210506546e-01
    2.956342521327188e-01
    2.907237582555557e-01
    2.862372267940709e-01
    2.821655196780183e-01
    2.784968591872928e-01
    2.752154725476047e-01
    2.723013398611507e-01
    2.697313846615507e-01
    2.674820310362799e-01
    2.655326385014312e-01
    2.638689938987794e-01
    2.624858530074223e-01
    2.613875593324088e-01
    2.605861049855776e-01
    2.600966984617945e-01
    2.599319358923738e-01
    2.600966990193121e-01
    2.605861061175083e-01
    2.613875610715899e-01
    2.624858554013326e-01
    2.638689970076167e-01
    2.655326423950229e-01
    2.674820357894324e-01
    2.697313903473185e-01
    2.723013465423664e-01
    2.752154802696508e-01
    2.784968679705963e-01
    2.821655295139603e-01
    2.862372376430709e-01
    2.907237700477832e-01
    2.956342647718609e-01
    3.009770344170744e-01
    3.067611126133441e-01
    3.129969814713792e-01
    3.196962700108434e-01
    3.268705541174315e-01
    3.283124204145326e-01
    3.212144591761871e-01
    3.145716989569354e-01
    3.083724944233168e-01
    3.026054649887448e-01
    2.972607911375801e-01
    2.923305873999251e-01
    2.878082027021541e-01
    2.836866511510396e-01
    2.799567287616402e-01
    2.766055501769546e-01
    2.736161542867888e-01
    2.709685223850811e-01
    2.686419494526520e-01
    2.666183221910002e-01
    2.648855565658573e-01
    2.634402763469334e-01
    2.622888004003826e-01
    2.614456553645102e-01
    2.609292133864189e-01
    2.607550228163862e-01
    2.609292138185605e-01
    2.614456562487008e-01
    2.622888017729971e-01
    2.634402782569156e-01
    2.648855590719681e-01
    2.666183253588938e-01
    2.686419533506363e-01
    2.709685270772760e-01
    2.736161598252442e-01
    2.766055565934372e-01
    2.799567360607823e-01
    2.836866593067570e-01
    2.878082116556409e-01
    2.923305970621862e-01
    2.972608013922944e-01
    3.026054756977450e-01
    3.083725054304614e-01
    3.145717100917307e-01
    3.212144702554868e-01
    3.283124312436682e-01
    3.294447291608690e-01
    3.224307491997127e-01
    3.158519230396948e-01
    3.096965873422632e-01
    3.039537022509452e-01
    2.986142141788248e-01
    2.936714667600643e-01
    2.891205001923900e-01
    2.849564447238149e-01
    2.811725724430630e-01
    2.777587427343775e-01
    2.747008780603575e-01
    2.719817973952777e-01
    2.695833492306092e-01
    2.674894426732444e-01
    2.656893470441658e-01
    2.641805645235357e-01
    2.629706530904580e-01
    2.620773082835545e-01
    2.615252709594614e-01
    2.613379483245343e-01
    2.615252712727599e-01
    2.620773089381507e-01
    2.629706541294911e-01
    2.641805659956992e-01
    2.656893490020030e-01
    2.674894451734003e-01
    2.695833523310409e-01
    2.719818011493490e-01
    2.747008825083929e-01
    2.777587478951122e-01
    2.811725783071110e-01
    2.849564512497164e-01
    2.891205073054236e-01
    2.936714743549777e-01
    2.986142221236761e-01
    3.039537103926780e-01
    3.096965955107694e-01
    3.158519310508364e-01
    3.224307568573358e-01
    3.294447362567716e-01
    3.302888866587444e-01
    3.233641981556942e-01
    3.168544890094180e-01
    3.107482670440946e-01
    3.050350549383237e-01
    2.997067880675296e-01
    2.947582276209486e-01
    2.901862301437332e-01
    2.859880946015712e-01
    2.821595650056584e-01
    2.786932163258084e-01
    2.755778242490143e-01
    2.727989937489252e-01
    2.703409403813221e-01
    2.681889964956801e-01
    2.663322402565906e-01
    2.647657740682060e-01
    2.634929294968210e-01
    2.625293009862021e-01
    2.619107470750643e-01
    2.616934938005918e-01
    2.619107472863123e-01
    2.625293014730622e-01
    2.634929303085821e-01
    2.647657752325445e-01
    2.663322418016035e-01
    2.681889984590995e-01
    2.703409428076319e-01
    2.727989966809272e-01
    2.755778277176623e-01
    2.786932203405153e-01
    2.821595695469217e-01
    2.859880996169872e-01
    2.901862355474770e-01
    2.947582332966944e-01
    2.997067938731682e-01
    3.050350607111894e-01
    3.107482726057761e-01
    3.168544941680020e-01
    3.233642027072682e-01
    3.302888903866839e-01
    3.308799465654538e-01
    3.240467837093766e-01
    3.176086233287318e-01
    3.115544500664783e-01
    3.058746935712911e-01
    3.005626314156382e-01
    2.956147736209395e-01
    2.910300887569826e-01
    2.868083282667871e-01
    2.829480548543883e-01
    2.794450992921945e-01
    2.762920110682966e-01
    2.734787353083322e-01
    2.709943865852039e-01
    2.688296829596717e-01
    2.669793708576134e-01
    2.654438390287220e-01
    2.642291667633687e-01
    2.633452462592486e-01
    2.628032484374881e-01
    2.626182383248015e-01
    2.628032494984469e-01
    2.633452476530369e-01
    2.642291682120872e-01
    2.654438405226819e-01
    2.669793724565789e-01
    2.688296847373264e-01
    2.709943886130402e-01
    2.734787376467949e-01
    2.762920137583610e-01
    2.794451023479505e-01
    2.829480582568712e-01
    2.868083319618030e-01
    2.910300926550086e-01
    2.956147776017249e-01
    3.005626353333226e-01
    3.058746972598681e-01
    3.115544533453329e-01
    3.176086260047920e-01
    3.240467855773972e-01
    3.308799474073869e-01
    3.312618112771822e-01
    3.245193959884590e-01
    3.181526860991526e-01
    3.121515706061384e-01
    3.065078792768303e-01
    3.012167737602216e-01
    2.962771019613135e-01
    2.916906294080406e-01
    2.874604887454326e-01
    2.835895513882937e-01
    2.800795743648050e-01
    2.769319627697647e-01
    2.741511178808457e-01
    2.717521348213939e-01
    2.697760732584508e-01
    2.683085154597383e-01
    2.674335217667030e-01
    2.670590948189121e-01
    2.669485801564867e-01
    2.669317581477151e-01
    2.669329285377605e-01
    2.669317594725130e-01
    2.669485827259030e-01
    2.670590983749613e-01
    2.674335256678029e-01
    2.683085188751100e-01
    2.697760760037272e-01
    2.717521371842928e-01
    2.741511201265612e-01
    2.769319650575548e-01
    2.800795767728482e-01
    2.835895539326395e-01
    2.874604913913572e-01
    2.916906320774409e-01
    2.962771045405229e-01
    3.012167761079549e-01
    3.065078812316551e-01
    3.121515719916579e-01
    3.181526867272266e-01
    3.245193956594168e-01
    3.312618097777540e-01
    3.314833670970291e-01
    3.248286037595369e-01
    3.185315838727037e-01
    3.125836953210503e-01
    3.069788948899249e-01
    3.017151162911398e-01
    2.967946882305046e-01
    2.922238171978224e-01
    2.880117191958311e-01
    2.841705269373985e-01
    2.807176974745185e-01
    2.776837055531067e-01
    2.751290869044307e-01
    2.731657025807470e-01
    2.719134348955042e-01
    2.713165634104451e-01
    2.711263383396323e-01
    2.711203479194494e-01
    2.711737254959117e-01
    2.712245003659166e-01
    2.712441869702109e-01
    2.712245017052479e-01
    2.711737281447303e-01
    2.711203518006534e-01
    2.711263432735940e-01
    2.713165689755762e-01
    2.719134402655392e-01
    2.731657069362912e-01
    2.751290902127309e-01
    2.776837082084415e-01
    2.807176997870913e-01
    2.841705290626702e-01
    2.880117211772074e-01
    2.922238190023241e-01
    2.967946897718958e-01
    3.017151174467819e-01
    3.069788955122104e-01
    3.125836952457638e-01
    3.185315829236477e-01
    3.248286017488184e-01
    3.314833638235102e-01
    3.315957923576364e-01
    3.250244847809370e-01
    3.187952056197311e-01
    3.129017156867162e-01
    3.073412584076073e-01
    3.021161388768944e-01
    2.972345597336981e-01
    2.927111453754658e-01
    2.885684603458794e-01
    2.848420208537918e-01
    2.815926126110664e-01
    2.789264480904501e-01
    2.769899612237732e-01
    2.758458655775047e-01
    2.753327565954864e-01
    2.751919619678077e-01
    2.752308694625199e-01
    2.753366470950679e-01
    2.754457950091761e-01
    2.755230602215350e-01
    2.755506282938589e-01
    2.755230615716628e-01
    2.754457976889687e-01
    2.753366510583599e-01
    2.752308746217419e-01
    2.751919681525851e-01
    2.753327634528731e-01
    2.758458724097194e-01
    2.769899670764905e-01
    2.789264524961356e-01
    2.815926158312145e-01
    2.848420232861522e-01
    2.885684622313178e-01
    2.927111468023563e-01
    2.972345606879645e-01
    3.021161392806956e-01
    3.073412581437980e-01
    3.129017146143414e-01
    3.187952035822444e-01
    3.250244816092127e-01
    3.315957878688542e-01
    3.316511653446874e-01
    3.251597477104532e-01
    3.189982283194855e-01
    3.131641261601032e-01
    3.076599758430784e-01
    3.024955260389288e-01
    2.976899396351402e-01
    2.932752941201701e-01
    2.893040382083882e-01
    2.858631537310373e-01
    2.830867238929025e-01
    2.811149207034253e-01
    2.799519720976353e-01
    2.794080851509294e-01
    2.792458547462097e-01
    2.792890613710596e-01
    2.794256379570182e-01
    2.795855882078941e-01
    2.797252317712305e-01
    2.798182734367458e-01
    2.798507428577198e-01
    2.798182747978911e-01
    2.797252344758938e-01
    2.795855922188331e-01
    2.794256432115055e-01
    2.792890677660747e-01
    2.792458621025447e-01
    2.794080931327855e-01
    2.799519800796247e-01
    2.811149277660037e-01
    2.830867293448173e-01
    2.858631575968722e-01
    2.893040408590739e-01
    2.932752958495575e-01
    2.976899405786695e-01
    3.024955262129870e-01
    3.076599751911018e-01
    3.131641245825472e-01
    3.189982256917862e-01
    3.251597438905223e-01
    3.316511601754469e-01
    3.317025428726428e-01
    3.252904257519990e-01
    3.192017092930848e-01
    3.134399885632587e-01
    3.080166749839817e-01
    3.029547840521244e-01
    2.982942517594188e-01
    2.941007647210216e-01
    2.904780339996746e-01
    2.875674380042764e-01
    2.854862841007859e-01
    2.842084582228315e-01
    2.835540997949586e-01
    2.833118691423989e-01
    2.833166960221961e-01
    2.834543638506276e-01
    2.836469657189785e-01
    2.838413328327747e-01
    2.840019324500036e-01
    2.841063888119527e-01
    2.841424950428485e-01
    2.841063901845613e-01
    2.840019351785307e-01
    2.838413368830410e-01
    2.836469710369374e-01
    2.834543703561267e-01
    2.833167035942456e-01
    2.833118775858610e-01
    2.835541087722429e-01
    2.842084671482050e-01
    2.854862921218854e-01
    2.875674443652875e-01
    2.904780385274078e-01
    2.941007676811307e-01
    2.982942534476274e-01
    3.029547846366896e-01
    3.080166745149019e-01
    3.134399870125644e-01
    3.192017065868348e-01
    3.252904217878887e-01
    3.317025375284392e-01
    3.318057557914388e-01
    3.254784478417359e-01
    3.194768133758739e-01
    3.138143755191147e-01
    3.085174573334001e-01
    3.036317299745828e-01
    2.992310343133721e-01
    2.954252875770563e-01
    2.923487608367539e-01
    2.900954848463863e-01
    2.886316694463302e-01
    2.878027715662285e-01
    2.874249162941423e-01
    2.873441275959878e-01
    2.874449205125418e-01
    2.876422177890084e-01
    2.878734357659590e-01
    2.880932640106190e-01
    2.882701801984660e-01
    2.883838178305304e-01
    2.884228954178397e-01
    2.883838192146130e-01
    2.882701829501226e-01
    2.880932680966192e-01
    2.878734411354672e-01
    2.876422243708757e-01
    2.874449282085917e-01
    2.873441362659641e-01
    2.874249257245655e-01
    2.878027814118260e-01
    2.886316791494649e-01
    2.900954936280495e-01
    2.923487679592448e-01
    2.954252927433932e-01
    2.992310376589721e-01
    3.036317317505315e-01
    3.085174577173562e-01
    3.138143745879717e-01
    3.194768111325318e-01
    3.254784442414707e-01
    3.318057507585169e-01
    3.320229623844941e-01
    3.257959569190302e-01
    3.199100844878375e-01
    3.143944396635769e-01
    3.092980785255012e-01
    3.046977009700053e-01
    3.007007226020671e-01
    2.974271217720877e-01
    2.949528126877484e-01
    2.932489989462287e-01
    2.921914050341757e-01
    2.916245041361777e-01
    2.914076070059050e-01
    2.914267417604676e-01
    2.915918953983921e-01
    2.918323612821769e-01
    2.920933715122959e-01
    2.923338161689079e-01
    2.925243981959379e-01
    2.926458889877755e-01
    2.926875337462557e-01
    2.926458903825794e-01
    2.925244009688769e-01
    2.923338202867553e-01
    2.920933769251763e-01
    2.918323679225478e-01
    2.915919031779198e-01
    2.914267505628099e-01
    2.914076166716607e-01
    2.916245144341689e-01
    2.921914156129942e-01
    2.932490092763994e-01
    2.949528220670558e-01
    2.974271295200546e-01
    3.007007283604960e-01
    3.046977047541085e-01
    3.092980805121827e-01
    3.143944400146705e-01
    3.199100832956030e-01
    3.257959542131601e-01
    3.320229581497455e-01
    3.324268878409125e-01
    3.263293865111029e-01
    3.206062547712100e-01
    3.153075689132119e-01
    3.105082403644064e-01
    3.063073452517132e-01
    3.028085467984970e-01
    3.000753071500508e-01
    2.980894608492068e-01
    2.967570297527662e-01
    2.959509503917678e-01
    2.955464574327933e-01
    2.954346005322191e-01
    2.955235561686961e-01
    2.957367918003630e-01
    2.960114085568107e-01
    2.962970724411346e-01
    2.965551490922109e-01
    2.967576839396808e-01
    2.968861385323914e-01
    2.969300745442877e-01
    2.968861399360976e-01
    2.967576867301138e-01
    2.965551532357166e-01
    2.962970778877173e-01
    2.960114152401761e-01
    2.957367996364956e-01
    2.955235650524583e-01
    2.954346103297608e-01
    2.955464679671922e-01
    2.959509614177311e-01
    2.967570409185754e-01
    2.980894716590906e-01
    3.000753169807969e-01
    3.028085550435691e-01
    3.063073515351528e-01
    3.105082446068907e-01
    3.153075712084283e-01
    3.206062552451855e-01
    3.263293852572104e-01
    3.324268849083051e-01
    3.331017938365733e-01
    3.271769281096319e-01
    3.216778447177516e-01
    3.166741800673618e-01
    3.122536173692193e-01
    3.085043738976987e-01
    3.054819898493011e-01
    3.031805525872653e-01
    3.015340363292323e-01
    3.004429385746601e-01
    2.998005063735847e-01
    2.995062275183476e-01
    2.994699025140196e-01
    2.996120886848676e-01
    2.998639204132645e-01
    3.001671162816200e-01
    3.004740701704018e-01
    3.007477166582845e-01
    3.009609641195954e-01
    3.010957159297185e-01
    3.011417325281803e-01
    3.010957173391912e-01
    3.009609669211272e-01
    3.007477208177325e-01
    3.004740756371732e-01
    3.001671229894303e-01
    2.998639282798690e-01
    2.996120976105705e-01
    2.994699123779004e-01
    2.995062381708961e-01
    2.998005176236488e-01
    3.004429501685272e-01
    3.015340479228444e-01
    3.031805637251327e-01
    3.054819999869612e-01
    3.085043825069447e-01
    3.122536240843280e-01
    3.166741847459230e-01
    3.216778473778300e-01
    3.271769288320229e-01
    3.331017927030096e-01
    3.341332651413347e-01
    3.284288849114918e-01
    3.232097566081544e-01
    3.185513302448971e-01
    3.145284769680423e-01
    3.111918778874652e-01
    3.085473442152468e-01
    3.065533748742985e-01
    3.051361968297989e-01
    3.042082055671632e-01
    3.036801476404142e-01
    3.034667174687372e-01
    3.034886803439052e-01
    3.036738808912157e-01
    3.039581180413183e-01
    3.042860311028135e-01
    3.046118002133364e-01
    3.048994127716650e-01
    3.051223622026547e-01
    3.052628494494980e-01
    3.053107659460472e-01
    3.052628508600361e-01
    3.051223650060102e-01
    3.048994169329237e-01
    3.046118056812528e-01
    3.042860378106823e-01
    3.039581259074705e-01
    3.036738898186144e-01
    3.034886902185130e-01
    3.034667281558499e-01
    3.036801589778159e-01
    3.042082173541684e-01
    3.051362088111679e-01
    3.065533867215244e-01
    3.085473555175754e-01
    3.111918881759217e-01
    3.145284857908781e-01
    3.185513372642337e-01
    3.232097616494125e-01
    3.284288879364058e-01
    3.341332661880940e-01
    3.355810772492375e-01
    3.301299488873016e-01
    3.252133518787888e-01
    3.208951243123707e-01
    3.172227781519144e-01
    3.142121497613413e-01
    3.118423976528491e-01
    3.100629587061057e-01
    3.088055252287739e-01
    3.079941008080694e-01
    3.075510679425550e-01
    3.074003789217056e-01
    3.074694374074009e-01
    3.076906135902907e-01
    3.080027086071407e-01
    3.083523108023191e-01
    3.086948299973346e-01
    3.089949950270634e-01
    3.092267162278052e-01
    3.093724063744642e-01
    3.094220489284957e-01
    3.093724077796158e-01
    3.092267190200692e-01
    3.089949991709606e-01
    3.086948354409580e-01
    3.083523174784736e-01
    3.080027164342409e-01
    3.076906224727652e-01
    3.074694472351589e-01
    3.074003895685365e-01
    3.075510792627682e-01
    3.079941126308587e-01
    3.088055373493051e-01
    3.100629708742235e-01
    3.118424095617239e-01
    3.142121610465665e-01
    3.172227884139096e-01
    3.208951331702005e-01
    3.252133590335842e-01
    3.301299541587976e-01
    3.355810805680827e-01
    3.374478503392302e-01
    3.322512971578698e-01
    3.276170945806015e-01
    3.235901996519006e-01
    3.201941555856668e-01
    3.174247926980672e-01
    3.152517844793229e-01
    3.136254123166872e-01
    3.124840786031307e-01
    3.117600169235706e-01
    3.113829784484399e-01
    3.112826706575960e-01
    3.113906945208372e-01
    3.116423714600239e-01
    3.119785298739006e-01
    3.123471191446881e-01
    3.127044334356120e-01
    3.130157476739852e-01
    3.132552848326313e-01
    3.134056185179516e-01
    3.134568025881505e-01
    3.134056199094253e-01
    3.132552875973132e-01
    3.130157517760033e-01
    3.127044388226121e-01
    3.123471257491696e-01
    3.119785376144108e-01
    3.116423802420079e-01
    3.113907042369027e-01
    3.112826811869729e-01
    3.113829896556939e-01
    3.117600286555879e-01
    3.124840906848259e-01
    3.136254245444415e-01
    3.152517966133281e-01
    3.174248044568961e-01
    3.201941666495288e-01
    3.235902096830569e-01
    3.276171032613649e-01
    3.322513042332472e-01
    3.374478556427506e-01
    3.396732174071635e-01
    3.347039955429537e-01
    3.303063224109802e-01
    3.265089342270975e-01
    3.233204251468983e-01
    3.207274687268184e-01
    3.186975448427781e-01
    3.171838062095121e-01
    3.161298258736712e-01
    3.154732732498051e-01
    3.151486100499042e-01
    3.150892544826974e-01
    3.152295843721263e-01
    3.155069379395365e-01
    3.158635763593131e-01
    3.162484421467835e-01
    3.166184937983874e-01
    3.169394276025133e-01
    3.171857142737339e-01
    3.173400587105748e-01
    3.173925742030858e-01
    3.173400600782782e-01
    3.171857169907856e-01
    3.169394316329003e-01
    3.166184990896728e-01
    3.162484486315564e-01
    3.158635839566127e-01
    3.155069465559735e-01
    3.152295939026415e-01
    3.150892648107171e-01
    3.151486210469582e-01
    3.154732847744992e-01
    3.161298377694643e-01
    3.171838183011747e-01
    3.186975569322389e-01
    3.207274805879294e-01
    3.233204365244183e-01
    3.265089448420503e-01
    3.303063319783217e-01
    3.347040037998683e-01
    3.396732241422944e-01
    3.421609810791059e-01
    3.373792149104891e-01
    3.331680370876843e-01
    3.295451807505418e-01
    3.265109923921024e-01
    3.240482439734498e-01
    3.221245021346370e-01
    3.206955151897873e-01
    3.197084485958636e-01
    3.191045598155446e-01
    3.188214213481051e-01
    3.187949546946848e-01
    3.189614687797332e-01
    3.192597521762083e-01
    3.196331312211376e-01
    3.200313101606944e-01
    3.204117721999664e-01
    3.207405564534408e-01
    3.209923422330355e-01
    3.211499499144368e-01
    3.212035478460940e-01
    3.211499512466999e-01
    3.209923448792839e-01
    3.207405603778550e-01
    3.204117773504877e-01
    3.200313164705976e-01
    3.196331386105697e-01
    3.192597605535291e-01
    3.189614780424773e-01
    3.187949647301144e-01
    3.188214320335808e-01
    3.191045710182023e-01
    3.197084601717458e-01
    3.206955269822885e-01
    3.221245139720106e-01
    3.240482556656830e-01
    3.265110037283957e-01
    3.295451914998737e-01
    3.331680470063089e-01
    3.373792237572822e-01
    3.421609886372343e-01
    3.448126126645042e-01
    3.401789572747316e-01
    3.361110395216722e-01
    3.326196414885210e-01
    3.297005604882213e-01
    3.273348561130822e-01
    3.254906845782996e-01
    3.241257444993811e-01
    3.231896689798235e-01
    3.226261583075672e-01
    3.223749404472699e-01
    3.223737232002208e-01
    3.225602418065732e-01
    3.228743946575375e-01
    3.232603510649948e-01
    3.236684370187587e-01
    3.240565766282760e-01
    3.243911059844110e-01
    3.246468918756052e-01
    3.248068634828876e-01
    3.248612438926749e-01
    3.248068647668615e-01
    3.246468944255297e-01
    3.243911097651124e-01
    3.240565815886385e-01
    3.236684430934714e-01
    3.232603581761511e-01
    3.228744027160592e-01
    3.225602507132879e-01
    3.223737328467005e-01
    3.223749507163666e-01
    3.226261690737421e-01
    3.231896801088267e-01
    3.241257558479310e-01
    3.254906959926013e-01
    3.273348674269939e-01
    3.297005715208332e-01
    3.326196520434950e-01
    3.361110493894279e-01
    3.401789662406656e-01
    3.448126205232522e-01
    3.475457230457228e-01
    3.430266103193003e-01
    3.390674589413920e-01
    3.356746231521864e-01
    3.328412441007335e-01
    3.305475627405138e-01
    3.287623295487700e-01
    3.274446643948580e-01
    3.265459495406948e-01
    3.260116390019660e-01
    3.257830529791275e-01
    3.257992671321231e-01
    3.259991517455342e-01
    3.263235220673033e-01
    3.267172679290762e-01
    3.271312629011828e-01
    3.275238300781368e-01
    3.278615817735876e-01
    3.281195648189346e-01
    3.282808170262101e-01
    3.283356184163765e-01
    3.282808182484507e-01
    3.281195672459297e-01
    3.278615853711702e-01
    3.275238347968566e-01
    3.271312686780037e-01
    3.267172746890269e-01
    3.263235297249214e-01
    3.259991602060034e-01
    3.257992762921341e-01
    3.257830627274942e-01
    3.260116492202679e-01
    3.265459601034604e-01
    3.274446751692633e-01
    3.287623403945936e-01
    3.305475735084677e-01
    3.328412546308866e-01
    3.356746332725815e-01
    3.390674684678641e-01
    3.430266190603721e-01
    3.475457308108727e-01
    3.502982241215079e-01
    3.458661222716782e-01
    3.419883023746857e-01
    3.386681886902873e-01
    3.358972629369261e-01
    3.336553425389046e-01
    3.319116891242841e-01
    3.306264937752145e-01
    3.297524555599226e-01
    3.292363816093717e-01
    3.290208652779288e-01
    3.290461210986221e-01
    3.292520036885928e-01
    3.295801540151107e-01
    3.299761324783599e-01
    3.303913364924541e-01
    3.307844798266568e-01
    3.311224510474294e-01
    3.313804809624028e-01
    3.315417209617380e-01
    3.315965119026305e-01
    3.315417221089321e-01
    3.313804832400779e-01
    3.311224544229827e-01
    3.307844842530088e-01
    3.303913419097924e-01
    3.299761388157673e-01
    3.295801611919559e-01
    3.292520116156152e-01
    3.290461296787731e-01
    3.290208744069966e-01
    3.292363911765985e-01
    3.297524654482739e-01
    3.306265038617163e-01
    3.319116992798892e-01
    3.336553526276186e-01
    3.358972728144765e-01
    3.386681982023063e-01
    3.419883113565234e-01
    3.458661305498059e-01
    3.502982315199263e-01
    3.530261684892965e-01
    3.486581300458745e-01
    3.448389910354789e-01
    3.415701556985599e-01
    3.388420153558134e-01
    3.366341729741836e-01
    3.349163410524163e-01
    3.336495778886707e-01
    3.327876566886626e-01
    3.322785209802595e-01
    3.320658747918555e-01
    3.320909674559427e-01
    3.322945836912709e-01
    3.326191724068812e-01
    3.330109696915396e-01
    3.334219134684169e-01
    3.338111281706226e-01
    3.341457968854296e-01
    3.344013485712914e-01
    3.345610577530677e-01
    3.346153314701505e-01
    3.345610588128402e-01
    3.344013506751604e-01
    3.341458000028799e-01
    3.338111322577517e-01
    3.334219184696147e-01
    3.330109755411192e-01
    3.326191790303079e-01
    3.322945910062338e-01
    3.320909753729260e-01
    3.320658832147988e-01
    3.322785298070064e-01
    3.327876658113503e-01
    3.336495871940470e-01
    3.349163504218726e-01
    3.366341822832423e-01
    3.388420244731616e-01
    3.415701644839044e-01
    3.448389993389414e-01
    3.486581377088113e-01
    3.530261753478118e-01
    3.557002810328342e-01
    3.513763663710461e-01
    3.475961868335759e-01
    3.443597097297842e-01
    3.416565966683422e-01
    3.394663773013472e-01
    3.377591974070515e-01
    3.364968830533780e-01
    3.356341636372474e-01
    3.351200219120459e-01
    3.348992134523424e-01
    3.349140032310511e-01
    3.351061200643966e-01
    3.354188573636435e-01
    3.357991749255267e-01
    3.361996009862616e-01
    3.365797150514969e-01
    3.369070295301494e-01
    3.371571954675977e-01
    3.373136247440892e-01
    3.373667975368104e-01
    3.373136257057893e-01
    3.371571973766324e-01
    3.369070323586156e-01
    3.365797187594561e-01
    3.361996055233043e-01
    3.357991802323220e-01
    3.354188633731027e-01
    3.351061267024512e-01
    3.349140104172393e-01
    3.348992210999699e-01
    3.351200299287418e-01
    3.356341719251880e-01
    3.364968915096344e-01
    3.377592059235139e-01
    3.394663857647042e-01
    3.416566049586600e-01
    3.443597177191238e-01
    3.475961943846819e-01
    3.513763733372204e-01
    3.557002872614409e-01
    3.583028720901598e-01
    3.540049443415905e-01
    3.502456614060543e-01
    3.470239524692572e-01
    3.443290042885893e-01
    3.421403911431492e-01
    3.404287132035724e-01
    3.391565372662849e-01
    3.382795138951396e-01
    3.377476473131494e-01
    3.375067552712435e-01
    3.375001580688970e-01
    3.376705915549866e-01
    3.379622708097528e-01
    3.383229609045045e-01
    3.387058573829641e-01
    3.390710603013333e-01
    3.393864612624197e-01
    3.396279668561832e-01
    3.397791455637191e-01
    3.398305597072210e-01
    3.397791464191157e-01
    3.396279685541761e-01
    3.393864637782538e-01
    3.390710635997077e-01
    3.387058614196226e-01
    3.383229656275983e-01
    3.379622761608255e-01
    3.376705974695917e-01
    3.375001644767359e-01
    3.375067620964811e-01
    3.377476544744377e-01
    3.382795213057659e-01
    3.391565448343948e-01
    3.404287208322596e-01
    3.421403987302225e-01
    3.443290117252379e-01
    3.470239596387052e-01
    3.502456681823358e-01
    3.540049505890858e-01
    3.583028776657468e-01
