       271    4.769212464730632e-13
       277    4.674598756325150e-11
       360    4.037432855545733e-10
       361    2.831417187164046e-10
       365    7.343678681765998e-11
       368    3.472509802896958e-13
       373    1.095618748258636e-13
       374    3.201347545232056e-14
       377    7.111398168019757e-13
       378    3.856111108197096e-13
       379    5.480411831415229e-14
       380    2.328922211613682e-13
       381    5.451384193712741e-14
       396    4.700211712369029e-10
       400    7.438818878234500e-10
       403    2.604461299197579e-12
       408    2.169294446441141e-11
       409    8.927971686499520e-13
       413    3.276879306867971e-12
       414    8.440917541730785e-13
       415    8.909613650074735e-15
       416    7.922941974797152e-13
