    1,1                                     # harmonic no-HN
   -1.469152027085674e-01
    1,2    
   -4.784539391744316e-04
    1,5    
    5.245234149246186e-02
    1,6    
   -9.308824705918654e-02
    1,7    
    8.801972430451202e-02
    1,8    
   -2.892897338164427e-02
    1,9    
   -1.894746152832621e-03
    1,10   
   -7.859101301780759e-03
    1,11   
   -1.234873321966925e-02
    1,12   
   -5.648803035015237e-03
    1,13   
   -1.043918180058616e-03
    1,1        1,1    
    1.388457368348435e+00
    1,2        1,1    
    6.535634728502686e-02
    1,5        1,1    
    1.967889928113066e-01
    1,6        1,1    
    1.296963921747827e-02
    1,7        1,1    
    4.480232755153263e-01
    1,8        1,1    
    1.259315807769344e-01
    1,9        1,1    
    9.213955428660862e-02
    1,10       1,1    
    3.162752298247798e-03
    1,11       1,1    
   -2.787814994465727e-02
    1,12       1,1    
   -4.044659280768905e-03
    1,13       1,1    
    7.027721438445284e-03
    1,2        1,2    
    8.358967971271066e-01
    1,5        1,2    
   -3.143007671200722e-02
    1,6        1,2    
   -2.052878273053549e-01
    1,7        1,2    
   -7.841901130741666e-02
    1,8        1,2    
    2.071399485828364e-02
    1,9        1,2    
   -3.379486722711291e-02
    1,10       1,2    
    4.303100887507686e-01
    1,11       1,2    
    4.195330667751163e-01
    1,12       1,2    
   -6.502473055800784e-04
    1,13       1,2    
   -1.397768037377748e-02
    1,5        1,5    
    1.951719169841519e+00
    1,6        1,5    
    3.955266767129214e-01
    1,7        1,5    
   -6.613072297510716e-03
    1,8        1,5    
   -8.373892167265544e-02
    1,9        1,5    
   -4.583101966085164e-03
    1,10       1,5    
    4.420636603383710e-01
    1,11       1,5    
   -1.317413013249337e-01
    1,12       1,5    
   -4.812940791678411e-02
    1,13       1,5    
   -1.557531888057561e-02
    1,6        1,6    
    1.722607453642670e+00
    1,7        1,6    
    4.744895257726888e-01
    1,8        1,6    
    1.963617306507879e-01
    1,9        1,6    
   -2.553033590754930e-02
    1,10       1,6    
    9.836518803387012e-02
    1,11       1,6    
    1.825635154091896e-01
    1,12       1,6    
    9.962913033386697e-02
    1,13       1,6    
   -6.250360346594391e-02
    1,7        1,7    
    1.843461387352774e+00
    1,8        1,7    
   -2.867661526741144e-02
    1,9        1,7    
    1.059979201734367e-01
    1,10       1,7    
   -3.670359633492376e-02
    1,11       1,7    
    1.793044136052363e-01
    1,12       1,7    
    4.992603129638134e-03
    1,13       1,7    
    8.485229803197600e-02
    1,8        1,8    
    2.053109017222231e-01
    1,9        1,8    
   -7.091775206191373e-03
    1,10       1,8    
   -3.136816738052504e-02
    1,11       1,8    
   -6.399992454234356e-02
    1,12       1,8    
    3.179197534535440e-02
    1,13       1,8    
   -3.414744483346035e-02
    1,9        1,9    
    1.860032123362123e-01
    1,10       1,9    
    6.999710939865414e-02
    1,11       1,9    
   -4.071514145907463e-02
    1,12       1,9    
    8.993307862119337e-03
    1,13       1,9    
    4.159082477833665e-03
    1,10       1,10   
    8.388921559023278e-01
    1,11       1,10   
    2.732789022678591e-03
    1,12       1,10   
    1.232928994985455e-02
    1,13       1,10   
   -2.964459789780182e-03
    1,11       1,11   
    3.923780263173076e-01
    1,12       1,11   
   -1.841412888258017e-03
    1,13       1,11   
    1.193631882380053e-02
    1,12       1,12   
    9.435339158096821e-02
    1,13       1,12   
   -4.874385582422440e-03
    1,13       1,13   
    1.007125140666149e-01
    3,1        3,1    
    6.452473300064017e-01
    3,2        3,1    
    5.889320109528823e-01
    3,3        3,1    
    1.766780709661103e+00
    3,4        3,1    
    1.501534041121301e-01
    3,5        3,1    
   -9.565609873861414e-02
    3,6        3,1    
    3.251549728751781e-01
    3,7        3,1    
   -7.740738916495186e-02
    3,8        3,1    
   -8.421463373224185e-02
    3,9        3,1    
   -1.478543871754284e-02
    3,10       3,1    
   -3.494643813715434e-01
    3,2        3,2    
    1.597784555235244e+00
    3,3        3,2    
    9.523012336177951e-01
    3,4        3,2    
    2.432786517777462e-02
    3,5        3,2    
   -3.964808132596586e-01
    3,6        3,2    
    9.106561737220944e-01
    3,7        3,2    
   -3.023096173226447e-02
    3,8        3,2    
    8.829126456333766e-02
    3,9        3,2    
   -7.657084624798464e-02
    3,10       3,2    
   -9.552236858848942e-03
    3,3        3,3    
    7.563827960029719e-01
    3,4        3,3    
   -1.613894455693492e-01
    3,5        3,3    
    6.343452896341976e-01
    3,6        3,3    
   -5.678591551299176e-01
    3,7        3,3    
    2.743213159866614e-02
    3,8        3,3    
    9.209875796638553e-03
    3,9        3,3    
    6.939880323664642e-02
    3,10       3,3    
    3.806553192928027e-01
    3,4        3,4    
    2.104183171497116e-01
    3,5        3,4    
   -4.194787951439512e-02
    3,6        3,4    
    6.432832345082265e-02
    3,7        3,4    
   -2.475283300413239e-02
    3,8        3,4    
   -1.494448043621626e-02
    3,9        3,4    
   -2.646999875086151e-02
    3,10       3,4    
    4.140617679183977e-02
    3,5        3,5    
    8.237861783476634e-01
    3,6        3,5    
   -4.362092436243687e-01
    3,7        3,5    
   -1.838770441190480e-02
    3,8        3,5    
    2.964135656419481e-03
    3,9        3,5    
    2.119063209502703e-03
    3,10       3,5    
    5.560000856305945e-02
    3,6        3,6    
    2.559541531643154e-01
    3,7        3,6    
   -1.295317603815567e-02
    3,8        3,6    
   -8.662893060529690e-03
    3,9        3,6    
    2.895625891985279e-03
    3,10       3,6    
    6.779521148211253e-04
    3,7        3,7    
    9.452277889707519e-02
    3,8        3,7    
   -5.469667634172179e-03
    3,9        3,7    
    2.748421837055764e-03
    3,10       3,7    
    2.799080566788396e-03
    3,8        3,8    
    9.106448683517181e-02
    3,9        3,8    
   -6.540610996147059e-03
    3,10       3,8    
   -5.575231328580126e-03
    3,9        3,9    
    9.280701866097053e-02
    3,10       3,9    
   -3.320728889929703e-03
    3,10       3,10   
    2.397325981602694e-01
    4,1        4,1    
    4.496064963445832e-02
    4,2        4,1    
   -5.800548400659081e-02
    4,3        4,1    
   -5.113648608602782e-02
    4,2        4,2    
    6.663475321113266e-02
    4,3        4,2    
    6.147497364000728e-03
    4,3        4,3    
    4.502529789290335e-02
    7,1        7,1    
    4.022297078829425e-02
    7,2        7,1    
    1.438739607864874e-02
    7,3        7,1    
   -4.007649659852859e-02
    7,4        7,1    
   -3.483064278225137e-02
    7,5        7,1    
    8.204390826590016e-03
    7,6        7,1    
    4.450203280366413e-02
    7,2        7,2    
    4.803620690358163e-02
    7,3        7,2    
   -4.493655883038583e-02
    7,4        7,2    
   -6.308355332897936e-02
    7,5        7,2    
   -5.138489934247448e-02
    7,6        7,2    
   -3.508409102652648e-02
    7,3        7,3    
    6.410181334408314e-02
    7,4        7,3    
    2.510688191138559e-02
    7,5        7,3    
   -4.989588162915587e-04
    7,6        7,3    
    6.684206399684875e-03
    7,4        7,4    
    6.474363350687405e-02
    7,5        7,4    
    3.051435315514943e-02
    7,6        7,4    
   -7.443428498515862e-03
    7,5        7,5    
    4.556086213983451e-02
    7,6        7,5    
    2.256931699233718e-02
    7,6        7,6    
    7.705970680048466e-02
    1,8        1,8        1,8               # 4th-order benzene angles
   -3.166502870347172e-02
    1,8        1,8        1,8        1,8    
    6.939602855161724e-02
    1,9        1,9        1,9    
    2.355717529605702e-03
    1,9        1,9        1,9        1,9    
    3.684013348415389e-02
    3,4        3,4        3,4        3,4    
    2.946993302158828e-02
    4,1        4,1        4,1        4,1    
    4.735891638042058e-04
    7,1        7,1        7,1        7,1    
    2.777292901009886e-03
    7,2        7,2        7,2        7,2    
    1.004778863367550e-04
    7,6        7,6        7,6        7,6    # 4th-order N out of benzene
    7.613315148857912e-02
    1,15                                    # no-HN redundancy
   -2.017216632833839e-02
    1,15       1,15   
    7.143327219833463e-02
    1,15       1,15       1,15   
    9.254393561611458e-02
    1,15       1,15       1,15       1,15   
    9.740867171875861e-02
    1,16   
   -1.669611103215873e-02
    1,16       1,16   
    7.724640445799222e-02
    3,11       3,11   
    6.324823675684958e-02
    1,16       1,16       1,16   
    4.005982920580216e-02
    3,11       3,11       1,16   
    1.830918277526935e-01
    1,16       1,16       1,16       1,16   
    9.622603117949804e-02
    3,11       3,11       3,11       3,11   
    9.947657646334354e-02
    1,17   
   -1.163632161225861e-02
    1,17       1,17   
    8.653978624260976e-02
    3,12       3,12   
    6.961443899875208e-02
    1,17       1,17       1,17   
    3.991890982097373e-03
    3,12       3,12       1,17   
    1.296078611365517e-01
    1,17       1,17       1,17       1,17   
    9.517708996559050e-02
    3,12       3,12       3,12       3,12   
    1.003158198881120e-01
    3,7        3,7        3,7        3,7    # no-HN corresponding independency
    5.183789113766137e-02
    7,3        7,3        7,3        7,3    
    3.300457215303840e-02
    1,12       1,12       1,12   
   -6.252668745495206e-03
    3,8        3,8        1,12   
   -1.963426054840750e-02
    4,2        4,2        1,12   
    1.207371278450396e-02
    7,4        7,4        1,12   
   -5.877559402414879e-03
    1,12       1,12       1,12       1,12   
    1.931870829024555e-02
    4,2        4,2        1,12       1,12   
    9.915700469658491e-02
    7,4        7,4        1,12       1,12   
    1.018259936955344e-01
    3,8        3,8        3,8        3,8    
    2.108704990476717e-02
    4,2        4,2        4,2        4,2    
    1.886615252918730e-02
    7,4        7,4        7,4        7,4    
    1.299283209851752e-02
    1,13       1,13       1,13   
   -7.911669912867231e-03
    3,9        3,9        1,13   
   -1.763492520114169e-03
    4,3        4,3        1,13   
    2.101168346502273e-02
    7,5        7,5        1,13   
    9.239050220598078e-03
    1,13       1,13       1,13       1,13   
    1.768489886261025e-02
    4,3        4,3        1,13       1,13   
    9.907493096074589e-02
    7,5        7,5        1,13       1,13   
    1.061964425919121e-01
    3,9        3,9        3,9        3,9    
    2.053894111660489e-02
    4,3        4,3        4,3        4,3    
    2.335507481386493e-02
    7,5        7,5        7,5        7,5    
    6.002121202328503e-03
    3,7        3,7        1,15              # no-HN redundancy coupled with corresponding independency
   -1.014126829864156e-01
    7,3        7,3        1,15   
   -9.563700266819028e-02
    3,7        3,7        1,15       1,15   
    1.122501741541577e-01
    7,3        7,3        1,15       1,15   
    9.803510822023666e-02
    1,16       1,12   
    1.466026939813799e-02
    3,11       3,8    
    3.447493652813072e-02
    1,16       1,12       1,12   
   -7.276464690743255e-02
    1,16       1,16       1,12   
   -2.233895897855301e-01
    3,11       3,8        1,12   
    1.028159100144450e-01
    3,11       3,11       1,12   
    5.457428259199016e-02
    3,8        3,8        1,16   
   -7.692600023839841e-02
    3,11       3,8        1,16   
   -2.160465573251505e-01
    4,2        4,2        1,16   
   -5.181319937903694e-02
    7,4        7,4        1,16   
   -3.084593107033015e-02
    1,16       1,12       1,12       1,12   
    3.505570326048965e-02
    1,16       1,16       1,12       1,12   
    9.744749358325501e-02
    1,16       1,16       1,16       1,12   
    1.982710196878542e-01
    3,8        3,8        1,16       1,12   
    8.171492469639094e-02
    4,2        4,2        1,16       1,12   
    1.335365414501782e-01
    7,4        7,4        1,16       1,12   
    1.969684379509617e-01
    3,8        3,8        1,16       1,16   
    9.689350053351703e-02
    4,2        4,2        1,16       1,16   
    1.006479018894479e-01
    7,4        7,4        1,16       1,16   
    9.643721842640657e-02
    3,11       3,8        3,8        3,8    
   -4.560984182898610e-03
    3,11       3,11       3,8        3,8    
    1.228576278349578e-01
    3,11       3,11       3,11       3,8    
    3.631707004886153e-01
    1,17       1,13   
   -9.185387487872596e-04
    3,12       3,9    
    1.663736429887610e-02
    1,17       1,13       1,13   
   -6.412379837589849e-02
    1,17       1,17       1,13   
   -1.562409675645339e-01
    3,12       3,9        1,13   
    6.292246778320039e-02
    3,12       3,12       1,13   
    5.194107009538793e-02
    3,9        3,9        1,17   
   -6.664348606308694e-02
    3,12       3,9        1,17   
   -1.940778173888024e-01
    4,3        4,3        1,17   
   -8.071369146493260e-02
    7,5        7,5        1,17   
   -1.621165605317117e-02
    1,17       1,13       1,13       1,13   
    3.438253170844750e-02
    1,17       1,17       1,13       1,13   
    1.005121520502548e-01
    1,17       1,17       1,17       1,13   
    2.106135483250612e-01
    3,9        3,9        1,17       1,13   
    3.773688177683767e-02
    4,3        4,3        1,17       1,13   
   -2.742419771767855e-02
    7,5        7,5        1,17       1,13   
    1.713234264092580e-01
    3,9        3,9        1,17       1,17   
    9.814870828085855e-02
    4,3        4,3        1,17       1,17   
    1.120886195759375e-01
    7,5        7,5        1,17       1,17   
    9.226449541790531e-02
    3,12       3,9        3,9        3,9    
    8.021548510181558e-03
    3,12       3,12       3,9        3,9    
    1.109874118145493e-01
    3,12       3,12       3,12       3,9    
    3.140482444536302e-01
    1,3                                     # harmonic with-HN
    1.394451463785957e-02
    1,14   
    4.796744520543841e-03
    1,3        1,1    
   -4.028997312123443e-02
    1,3        1,2    
    5.973120808990548e-03
    1,3        1,3    
    1.391916787966875e-01
    1,3        1,5    
   -3.778904933576634e-02
    1,3        1,6    
    1.419013190970671e-02
    1,3        1,7    
   -6.974488110047926e-03
    1,3        1,8    
   -7.262486874912429e-03
    1,3        1,9    
    6.580050209297651e-03
    1,3        1,10   
    8.170028109713141e-03
    1,3        1,11   
    1.279146585572604e-02
    1,3        1,12   
   -5.436856213111186e-04
    1,3        1,13   
    4.113400664112750e-03
    1,3        1,14   
   -3.189177978891414e-02
    1,14       1,1    
    1.070676994000750e-01
    1,14       1,2    
   -4.133191791729726e-03
    1,14       1,5    
   -1.978540147533967e-02
    1,14       1,6    
    8.609493911929013e-03
    1,14       1,7    
   -2.770856912721079e-02
    1,14       1,8    
    2.385002624098511e-02
    1,14       1,9    
    2.395260046466994e-02
    1,14       1,10   
    5.026518972402626e-03
    1,14       1,11   
    8.924574939123520e-03
    1,14       1,12   
    2.828007229027358e-04
    1,14       1,13   
   -1.011346690290425e-02
    1,14       1,14   
    9.961812861536572e-02
    2,1        2,1    
    9.339440436960064e-02
    2,2        2,1    
   -3.158386447289178e-02
    2,2        2,2    
    1.078758722344892e-01
    6,1        6,1    
   -6.916642505576313e-03
    5,1        2,1        3,1               # C2v-planar B2 x B2 <- G8 irred-5 x irred-2 x irred-3
    1.734610393667840e-03
    5,1        2,1        3,2    
    1.550603649280182e-02
    5,1        2,1        3,3    
   -1.618777348972151e-03
    5,1        2,1        3,4    
   -3.819071787909096e-03
    5,1        2,1        3,5    
   -5.591769436727275e-03
    5,1        2,1        3,6    
    1.127838143030888e-02
    5,1        2,1        3,7    
    4.982683510839810e-05
    5,1        2,1        3,8    
   -2.965875305831115e-03
    5,1        2,1        3,9    
   -3.859706983295482e-03
    5,1        2,1        3,10   
    3.270571391825018e-03
    5,1        2,2        3,1    
   -1.557680811416587e-02
    5,1        2,2        3,2    
   -9.664894741344505e-03
    5,1        2,2        3,3    
    2.674226397923605e-02
    5,1        2,2        3,4    
    3.255147368653250e-03
    5,1        2,2        3,5    
   -1.708977112340430e-02
    5,1        2,2        3,6    
    2.038751104678484e-02
    5,1        2,2        3,7    
   -4.765504702535880e-03
    5,1        2,2        3,8    
   -4.429628196261563e-03
    5,1        2,2        3,9    
   -6.032507262324956e-03
    5,1        2,2        3,10   
    4.034641436147280e-02
    5,1        6,1        7,1               # C2v-planar B1 x B1 <- G8 irred-5 x irred-6 x irred-7
    8.350609379054390e-03
    5,1        6,1        7,2    
   -2.725063645910594e-03
    5,1        6,1        7,3    
    2.550648013498411e-03
    5,1        6,1        7,4    
    2.484248202525084e-03
    5,1        6,1        7,5    
    3.954459816195410e-03
    5,1        6,1        7,6    
    1.527078689147085e-02
    8,1        2,1        7,1               # C2v-perpendicular B1 x B1 <- G8 irred-8 x irred-2 x irred-7
    1.733561760409625e-02
    8,1        2,1        7,2    
   -5.295141598148716e-03
    8,1        2,1        7,3    
   -8.176440713699547e-03
    8,1        2,1        7,4    
   -7.616720050110915e-03
    8,1        2,1        7,5    
    2.516303577883959e-02
    8,1        2,1        7,6    
   -4.966075200215493e-02
    8,1        2,2        7,1    
    7.504974947168276e-02
    8,1        2,2        7,2    
   -2.718993945838217e-02
    8,1        2,2        7,3    
   -4.389142018686761e-02
    8,1        2,2        7,4    
   -2.834223710042196e-02
    8,1        2,2        7,5    
    1.189519877751859e-01
    8,1        2,2        7,6    
   -2.745369640756243e-01
    8,1        6,1        3,1               # C2v-perpendicular B2 x B2 <- G8 irred-8 x irred-6 x irred-3
   -3.446418868158932e-03
    8,1        6,1        3,2    
    1.131468698377153e-03
    8,1        6,1        3,3    
    4.122245040455744e-02
    8,1        6,1        3,4    
    7.136104953986718e-03
    8,1        6,1        3,5    
   -4.285175749696917e-04
    8,1        6,1        3,6    
    2.442240045591640e-03
    8,1        6,1        3,7    
   -2.488336163457096e-03
    8,1        6,1        3,8    
    1.322601979983422e-03
    8,1        6,1        3,9    
   -8.796476828994771e-03
    8,1        6,1        3,10   
   -5.427038373738200e-03
    5,1        8,1        4,1               # C2v-planar / C2v-perpendicular A2 x A2 <- G8 irred-4 x irred-5 x irred-8
    8.825499962671738e-03
    5,1        8,1        4,2    
   -3.691382749001616e-03
    5,1        8,1        4,3    
    1.202733139820106e-02
    1,4                                     # HN spherical coordinate angles
   -1.091515787193751e-01
    1,4        1,4    
    1.200930338124406e-01
    3,13       3,13   
    1.140123129754490e-01
    5,1        5,1    
    1.163201029114476e-01
    7,7        7,7    
    1.188212882043462e-01
    8,1        8,1    
    6.877600603586138e-02
    1,4        1,1                          # 1st-order terms coupled with NH2 rotation
   -4.282948259331180e-03
    1,4        1,2    
    8.566532890780840e-03
    1,4        1,3    
    8.872306189114106e-03
    1,4        1,5    
    2.216744652055079e-02
    1,4        1,6    
    4.101059783785749e-03
    1,4        1,7    
   -2.066462044428847e-02
    1,4        1,8    
   -2.593767634764755e-03
    1,4        1,9    
    1.173840128359523e-02
    1,4        1,10   
   -2.422983383628099e-04
    1,4        1,11   
   -2.580353838367686e-03
    1,4        1,12   
   -5.173126059755174e-03
    1,4        1,13   
   -8.157444141455766e-04
    1,4        1,14   
   -6.583950387963278e-03
    3,13       3,1    
   -3.950802125936174e-03
    3,13       3,2    
   -3.401162323759777e-03
    3,13       3,3    
   -2.511179267119906e-03
    3,13       3,4    
   -8.024590617992825e-03
    3,13       3,5    
    7.190032617922745e-04
    3,13       3,6    
   -4.312104993992222e-03
    3,13       3,7    
    1.582088950294874e-03
    3,13       3,8    
   -4.200413948638441e-04
    3,13       3,9    
   -1.724004241841566e-03
    3,13       3,10   
   -1.309868550086716e-02
    7,7        7,1    
    1.010103019265972e-03
    7,7        7,2    
   -5.340024987703937e-04
    7,7        7,3    
   -1.271308920888312e-03
    7,7        7,4    
    1.648879766799382e-03
    7,7        7,5    
   -4.601863860927672e-04
    7,7        7,6    
   -5.796007895201223e-04
    1,14       1,14       1,14              # with-HN corresponding independency
   -2.143094748090060e-02
    1,14       1,14       1,14       1,14   
    3.207073419896173e-02
    6,1        6,1        1,14       1,14   
    9.891575227261487e-03
    6,1        6,1        6,1        6,1    
    9.331134163413152e-03
    1,14       1,14       1,4               # with-HN redundancy coupled with corresponding independency
   -4.320931750082221e-02
    6,1        6,1        1,4    
   -3.901730368924042e-02
    1,14       1,4        1,4        1,4    
    2.894549886926123e-02
    1,14       1,14       1,4        1,4    
    3.698204986127363e-02
    6,1        6,1        1,4        1,4    
    2.224270277746960e-02
    1,14       1,14       1,14       1,4    
   -1.299204862677428e-02
    2,2        2,2        1,14       1,4    
   -3.535573957905398e-02
    6,1        6,1        1,14       1,4    
    2.409347387133084e-02
    1,21                                    # 4th-order Morse
   -5.252538041796275e-01
    1,21       1,21
    3.663995226134827e-02
    2,5        2,5
   -2.481412003282626e-01
    1,21       1,21       1,21
    5.579175989267354e-02
    2,5        2,5        1,21
    6.830777822140980e-01
    1,21       1,21       1,21       1,21
    9.731607092604882e-03
    2,5        2,5        1,21       1,21
   -1.085239382351210e-01
    2,5        2,5        2,5        2,5
   -6.660398707257598e-02
    1,22                                    # 1st-scaling bias
    4.963678768676276e-02
    1,22       1,22   
    3.889850063608082e-03
    2,6        2,6    
   -6.792293827274473e-02
    1,22       1,22       1,22   
    4.976266763053032e-03
    2,6        2,6        1,22   
    2.656293151437908e-01
    1,22       1,22       1,22       1,22   
    6.176843823243473e-03
    2,6        2,6        1,22       1,22   
    2.652129272761476e-01
    2,6        2,6        2,6        2,6    
   -3.240375322761107e-01
    1,22       1,1                          # 1st-scaling bias replacing an irred-1 HN coord
    2.284895603859630e-02
    1,22       1,2    
    5.435934621839186e-03
    1,22       1,3    
    2.731117588533033e-03
    1,22       1,4    
   -1.350925722683833e-02
    1,22       1,5    
   -5.241052791126168e-03
    1,22       1,6    
   -3.330341795581299e-02
    1,22       1,7    
    3.444508474115411e-02
    1,22       1,8    
    4.723286831305958e-03
    1,22       1,9    
    8.006305682765376e-03
    1,22       1,10   
    1.086708628203536e-02
    1,22       1,11   
    1.754647074175307e-02
    1,22       1,12   
   -2.444744244596864e-03
    1,22       1,13   
   -2.300678007567994e-03
    1,22       1,4        1,1    
   -4.628200622385368e-02
    1,22       1,4        1,2    
    4.944095876312219e-03
    1,22       1,4        1,3    
   -5.834154194895458e-03
    1,22       1,4        1,4    
   -8.382513651435674e-03
    1,22       1,4        1,5    
   -3.460745329998275e-03
    1,22       1,4        1,6    
   -2.366873971816465e-02
    1,22       1,4        1,7    
   -8.554675120887182e-03
    1,22       1,4        1,8    
    1.160265988172615e-02
    1,22       1,4        1,9    
    5.448598041032818e-03
    1,22       1,4        1,10   
   -8.030005104680144e-04
    1,22       1,4        1,11   
   -4.280838481359774e-03
    1,22       1,4        1,12   
   -1.285858796478673e-03
    1,22       1,4        1,13   
   -1.457235147979348e-03
    1,22       2,2        2,2    
    2.256592075335421e-03
    1,22       3,13       3,13   
   -3.078275308442327e-03
    1,22       5,1        5,1    
   -5.406642805400509e-02
    1,22       7,7        7,7    
   -1.449838143960771e-02
    1,22       8,1        8,1    
    8.931234184671875e-02
    2,6        2,1                          # 1st-scaling bias replacing an irred-2 HN coord
   -2.391510283530936e-02
    2,6        2,2    
    5.254836030213296e-02
    2,6        2,2        1,2    
    2.193373597154315e-02
    2,6        2,2        1,3    
   -2.416560099654035e-02
    2,6        2,2        1,4    
9.254549379952600e-03
    2,6        2,2        1,8    
    6.786725497925258e-02
    2,6        2,2        1,9    
   -7.511959358379719e-02
    2,6        2,2        1,10   
    2.678652585628345e-02
    2,6        2,2        1,11   
    1.155034021237194e-02
    2,6        2,2        1,12   
    1.000728373608693e-01
    2,6        2,2        1,13   
   -7.763207896710239e-02
    2,6        5,1        3,1    
    1.481433817185689e-02
    2,6        5,1        3,2    
    1.797773349844491e-02
    2,6        5,1        3,3    
   -3.965621979640916e-02
    2,6        5,1        3,4    
    8.607087187689291e-03
    2,6        5,1        3,5    
   -5.241316469786791e-03
    2,6        5,1        3,6    
    1.825885208580124e-02
    2,6        5,1        3,7    
   -3.545046965157731e-03
    2,6        5,1        3,8    
   -6.310826417376153e-03
    2,6        5,1        3,9    
    1.422006097047291e-04
    2,6        5,1        3,10   
    4.779027876544933e-02
    2,6        5,1        3,13   
   -1.860289670934193e-01
    2,6        8,1        7,1    
   -2.637558927517720e-01
    2,6        8,1        7,2    
    1.083561708341260e-01
    2,6        8,1        7,3    
    8.714221798709910e-02
    2,6        8,1        7,4    
   -5.736015407622150e-02
    2,6        8,1        7,5    
    9.399163844268185e-02
    2,6        8,1        7,6    
0.0
    2,6        8,1        7,7    
   -6.707973558415797e-04
    1,22       1,22       1,1               # 1st-scaling bias replacing a sqaure of HN coords
    1.037663348154417e-03
    1,22       1,22       1,2    
   -9.558245010313166e-04
    1,22       1,22       1,3    
    4.646838061430055e-03
    1,22       1,22       1,4    
   -3.936902389944004e-03
    1,22       1,22       1,5    
   -3.028073920669525e-03
    1,22       1,22       1,6    
   -1.323674456037105e-02
    1,22       1,22       1,7    
    6.005963134264479e-03
    1,22       1,22       1,8    
    4.606688411267201e-03
    1,22       1,22       1,9    
    2.063568735468335e-04
    1,22       1,22       1,10   
    4.555975813841716e-03
    1,22       1,22       1,11   
    5.855540325230930e-03
    1,22       1,22       1,12   
    6.496136066034043e-04
    1,22       1,22       1,13   
   -1.030106814117900e-03
    2,6        2,6        1,1    
    2.716239110901622e-02
    2,6        2,6        1,2    
   -3.622816501029339e-02
    2,6        2,6        1,3    
   -1.077682049523000e-02
    2,6        2,6        1,4    
   -5.491113615515138e-02
    2,6        2,6        1,5    
    2.500811614335502e-02
    2,6        2,6        1,6    
    1.562237922522234e-01
    2,6        2,6        1,7    
   -4.637380191606130e-02
    2,6        2,6        1,8    
   -7.220988286665627e-03
    2,6        2,6        1,9    
    8.449667202592395e-03
    2,6        2,6        1,10   
   -2.042238068747318e-02
    2,6        2,6        1,11   
   -3.484949586864270e-02
    2,6        2,6        1,12   
   -1.551833531068225e-02
    2,6        2,6        1,13   
    1.820291259103183e-02
    1,22       1,22       1,4        1,4    
0.01
    1,22       1,22       2,2        2,2    
    1.258380707711009e-02
    1,22       1,22       3,13       3,13   
0.01
    1,22       1,22       5,1        5,1    
    7.496009920683970e-03
    1,22       1,22       7,7        7,7    
0.01
    1,22       1,22       8,1        8,1    
0.01
    2,6        2,6        1,4        1,4    
    2.011444483256357e-01
    2,6        2,6        2,2        2,2    
0.01
    2,6        2,6        3,13       3,13   
    1.240969239022810e-01
    2,6        2,6        5,1        5,1    
    4.159246063632617e-01
    1,23                                    # 1st-scaling redundancy bias
    1.035225296398430e-02
    1,23       1,23    
    1.472669799861235e-02
    1,23       1,23       1,23   
    4.600372739343845e-02
    1,23       1,23       1,23       1,23   
    6.058326727463245e-02
    1,23       1,3                          # 1st-scaling redundancy bias replacing an irred-1 HN coord
    9.803884774648724e-03
    1,23       1,1    
   -1.310832520190498e-03
    1,23       1,2    
    2.615081374041657e-03
    1,23       1,5    
   -8.716375903920118e-03
    1,23       1,6    
   -4.599374320068218e-02
    1,23       1,7    
    1.702938836642750e-02
    1,23       1,8    
    1.007655879806748e-02
    1,23       1,9    
   -6.282229544080484e-04
    1,23       1,10   
    1.166374002173992e-02
    1,23       1,11   
    1.606554551207949e-02
    1,23       1,12   
    3.208266881188976e-03
    1,23       1,13   
   -4.308361987602238e-03
    1,23       1,14   
    1.522168291422687e-02
    1,23       6,1        6,1    
    5.160277342608231e-03
    1,23       1,4    
    7.325454333971507e-02
    1,23       1,4        1,4    
    3.096045259368646e-02
    1,23       1,14       1,4    
   -9.715567964627235e-03
    1,23       1,14       1,14   
   -9.380125084996259e-04
    1,23       2,2        2,2    
    6.574300580630447e-02
    1,23       3,13       3,13   
   -2.018740050247015e-02
    1,23       5,1        5,1    
    1.207988957039607e-02
    1,23       7,7        7,7    
    8.213626471749139e-04
    1,23       8,1        8,1    
   -5.423567352644570e-02
    1,23       1,23       1,1               # 1st-scaling redundancy bias replacing a square of HN coords
   -5.062724047133048e-02
    1,23       1,23       1,2    
   -2.411295508372646e-02
    1,23       1,23       1,3    
    1.678750225420421e-02
    1,23       1,23       1,4    
   -6.939552980643647e-02
    1,23       1,23       1,5    
    8.140489403914770e-03
    1,23       1,23       1,6    
    3.314555746161983e-02
    1,23       1,23       1,7    
   -4.076129708989190e-02
    1,23       1,23       1,8    
    5.072641090139792e-03
    1,23       1,23       1,9    
   -1.026274881454144e-02
    1,23       1,23       1,10   
   -8.776619598222211e-03
    1,23       1,23       1,11   
   -1.830711872305463e-02
    1,23       1,23       1,12   
    1.387299982926177e-02
    1,23       1,23       1,13   
   -9.843550365643368e-03
    1,23       1,23       1,14   
   -1.881263922677979e-02
    1,23       1,23       1,4        1,4    
0.01
    1,23       1,23       1,14       1,4    
   -9.622492518842590e-03
    1,23       1,23       1,14       1,14   
0.01
    1,23       1,23       6,1        6,1    
0.01
    1,18                                    # 2nd-scaling
    1.524104095555182e-02
    1,18       1,1    
    1.107942886194730e-01
    1,18       1,2    
    1.426691499654489e-02
    1,18       1,18   
0.01
    1,18       1,5    
   -1.752893954658977e-02
    1,18       1,6    
   -1.075311742666508e-01
    1,18       1,7    
   -1.655160226334960e-03
    1,18       1,8    
    2.274189126950910e-02
    1,18       1,9    
    1.336459865400491e-02
    1,18       1,10   
    9.838871250790663e-03
    1,18       1,11   
    1.326735985955645e-02
    1,18       1,12   
    1.001106813906392e-02
    1,18       1,13   
   -1.190550339892182e-02
    2,3        2,3    
   -3.048113722999201e-02
    2,4        2,3    
   -1.286957569030447e-02
    2,4        2,4    
    2.225715777619051e-01
    5,2        2,3        3,1    
   -7.316033300402837e-02
    5,2        2,3        3,2    
   -2.598992074515439e-02
    5,2        2,3        3,3    
    7.250582456136276e-02
    5,2        2,3        3,4    
   -1.370816285402481e-03
    5,2        2,3        3,5    
   -3.145297403988840e-03
    5,2        2,3        3,6    
   -2.402384191402782e-03
    5,2        2,3        3,7    
    1.289604592350860e-03
    5,2        2,3        3,8    
   -5.136118565483277e-04
    5,2        2,3        3,9    
   -1.335906920960191e-02
    5,2        2,3        3,10   
    1.761368358714424e-02
    8,2        2,3        7,1    
   -5.072069673628912e-02
    8,2        2,3        7,2    
    3.183486132434850e-02
    8,2        2,3        7,3    
    1.814029604737465e-02
    8,2        2,3        7,4    
   -2.663846882249763e-02
    8,2        2,3        7,5    
   -5.875393811517561e-03
    8,2        2,3        7,6    
   -1.161431586444943e-01
    8,2        2,4        7,1    
   -1.302050461950253e-01
    8,2        2,4        7,2    
    6.293979109026610e-02
    8,2        2,4        7,3    
    1.266028232864830e-01
    8,2        2,4        7,4    
   -4.503699094305043e-02
    8,2        2,4        7,5    
   -4.546782062294634e-02
    8,2        2,4        7,6    
    8.910684261711427e-02
    5,2        8,2        4,1    
    1.395323953215320e-02
    5,2        8,2        4,2    
   -8.009276626361242e-03
    5,2        8,2        4,3    
   -1.658682435316996e-02
    1,19   
   -6.760521002896506e-03
    1,19       1,19   
    1.469258188054757e-01
    3,14       3,14   
0.01
    5,2        5,2    
    6.155631967711753e-03
    7,8        7,8    
    1.706786892995101e-03
    8,2        8,2    
0.01
    1,19       1,1    
    3.864372979792618e-02
    1,19       1,2    
    3.641624079253792e-02
    1,19       1,18   
   -4.016811283939918e-03
    1,19       1,5    
   -4.265723396726786e-02
    1,19       1,6    
    1.056579538973632e-01
    1,19       1,7    
   -1.900292702583885e-01
    1,19       1,8    
   -3.615797503546486e-02
    1,19       1,9    
    3.871574677863549e-04
    1,19       1,10   
    4.896464807172053e-02
    1,19       1,11   
    8.661624745609145e-02
    1,19       1,12   
    7.814972672308775e-03
    1,19       1,13   
    1.090040205606712e-02
    3,14       3,1    
    5.448965484400014e-02
    3,14       3,2    
    3.689130896726608e-03
    3,14       3,3    
   -8.699752393190099e-02
    3,14       3,4    
    1.179808609709121e-02
    3,14       3,5    
   -1.893830124212129e-03
    3,14       3,6    
   -2.509716127548625e-04
    3,14       3,7    
   -9.515221450805427e-03
    3,14       3,8    
    4.677218299659750e-03
    3,14       3,9    
    4.633421168050044e-04
    3,14       3,10   
   -1.907344232330905e-02
    7,8        7,1    
   -1.014876101005703e-03
    7,8        7,2    
    3.571532040693045e-03
    7,8        7,3    
    1.050873555847780e-03
    7,8        7,4    
   -2.951591490729059e-03
    7,8        7,5    
   -5.719098573905904e-03
    7,8        7,6    
   -2.941149407190257e-02
    1,24   
   -6.542753803612741e-02
    1,24       1,24   
   -1.094657321690065e-02
    2,7        2,7    
    2.814640719034114e-02
    1,24       1,24       1,24   
    6.890263734862142e-03
    2,7        2,7        1,24   
    2.830311391452290e-02
    1,24       1,24       1,24       1,24   
    4.913706679954073e-03
    2,7        2,7        1,24       1,24   
    1.714514585243035e-02
    2,7        2,7        2,7        2,7    
   -1.089702548592934e-02
    1,24       1,1    
    4.490646600548291e-02
    1,24       1,2    
   -6.919400771214757e-03
    1,24       1,18   
    1.504324096780089e-02
    1,24       1,19   
    2.988452155586262e-02
    1,24       1,5    
    9.769919541833562e-02
    1,24       1,6    
   -9.283565452749727e-02
    1,24       1,7    
    7.325397301643752e-02
    1,24       1,8    
    5.001962832082974e-03
    1,24       1,9    
   -7.358291878878887e-03
    1,24       1,10   
   -1.206171532901579e-02
    1,24       1,11   
   -2.947767539679031e-02
    1,24       1,12   
    1.361288102835934e-02
    1,24       1,13   
   -8.122065196500730e-03
    1,24       1,19       1,1    
   -1.305885101900987e-05
    1,24       1,19       1,2    
    9.489100233271163e-03
    1,24       1,19       1,18   
    5.185867378276361e-02
    1,24       1,19       1,19   
    3.381280259001408e-03
    1,24       1,19       1,5    
    1.333963409640165e-01
    1,24       1,19       1,6    
   -3.014037319683913e-01
    1,24       1,19       1,7    
    3.004331045126866e-01
    1,24       1,19       1,8    
    9.030619881053914e-02
    1,24       1,19       1,9    
    2.397978336015854e-02
    1,24       1,19       1,10   
   -5.761990250041231e-02
    1,24       1,19       1,11   
    2.680320819014284e-03
    1,24       1,19       1,12   
    3.656530518143573e-02
    1,24       1,19       1,13   
   -2.468802129631445e-02
    1,24       2,4        2,4    
   -3.558038645532986e-02
    1,24       3,14       3,14   
    1.937171310318000e-02
    1,24       5,2        5,2    
    1.072444630124438e-02
    1,24       7,8        7,8    
   -3.907861748755169e-02
    1,24       8,2        8,2    
   -8.480644219420297e-03
    2,7        2,3    
    3.754610664088403e-03
    2,7        2,4    
   -4.314866250873356e-02
    2,7        2,4        1,18   
   -3.875441115307069e-02
    2,7        2,4        1,19   
   -2.449819558746052e-01
    2,7        2,4        1,8    
    1.746770235428164e-01
    2,7        2,4        1,9    
    9.165102490342283e-02
    2,7        2,4        1,12   
    1.954545066688628e-01
    2,7        2,4        1,13   
   -1.302523768063994e-01
    2,7        5,2        3,1    
    4.946632228298416e-02
    2,7        5,2        3,2    
    2.576134480638979e-02
    2,7        5,2        3,3    
   -2.583622882160784e-02
    2,7        5,2        3,4    
   -3.521835320186963e-02
    2,7        5,2        3,5    
    1.626956250914025e-02
    2,7        5,2        3,6    
    2.533473027357469e-03
    2,7        5,2        3,7    
    1.652480919428397e-02
    2,7        5,2        3,8    
   -8.197812161672119e-03
    2,7        5,2        3,9    
    2.433749297690136e-02
    2,7        5,2        3,10   
   -1.817131807159003e-02
    2,7        5,2        3,14   
    5.036885977751404e-02
    2,7        8,2        7,1    
   -5.018788380150282e-02
    2,7        8,2        7,2    
    1.843952996873046e-02
    2,7        8,2        7,3    
    9.182157219696372e-04
    2,7        8,2        7,4    
   -7.848072815612599e-03
    2,7        8,2        7,5    
    2.455291749408944e-02
    2,7        8,2        7,6    
   -1.368212857162706e-01
    2,7        8,2        7,8    
   -6.210745598808719e-02
    1,24       1,24       1,1    
   -1.756705844289308e-02
    1,24       1,24       1,2    
   -2.312772618709009e-03
    1,24       1,24       1,18   
   -2.042803832054521e-03
    1,24       1,24       1,19   
    1.049911980356910e-03
    1,24       1,24       1,5    
   -3.501434060964505e-02
    1,24       1,24       1,6    
    4.554060824889940e-02
    1,24       1,24       1,7    
   -1.323721012678006e-02
    1,24       1,24       1,8    
    9.707841316875925e-03
    1,24       1,24       1,9    
    3.892460824643831e-03
    1,24       1,24       1,10   
    2.081274452353684e-03
    1,24       1,24       1,11   
    2.070520393922840e-03
    1,24       1,24       1,12   
   -3.446338324288513e-03
    1,24       1,24       1,13   
    1.972128261852479e-03
    2,7        2,7        1,1    
   -1.346153498584001e-02
    2,7        2,7        1,2    
   -2.663236312995565e-02
    2,7        2,7        1,18   
    8.198548073228987e-03
    2,7        2,7        1,19   
   -6.583305897067271e-02
    2,7        2,7        1,5    
   -1.113789452670235e-01
    2,7        2,7        1,6    
    2.570442216578366e-01
    2,7        2,7        1,7    
   -1.071230885861732e-01
    2,7        2,7        1,8    
   -7.159950766634232e-02
    2,7        2,7        1,9    
    3.859298172989151e-03
    2,7        2,7        1,10   
   -1.008877649157608e-02
    2,7        2,7        1,11   
   -9.034711925694158e-03
    2,7        2,7        1,12   
   -3.693283733400540e-02
    2,7        2,7        1,13   
    4.424792146068188e-02
    1,24       1,24       1,19       1,19   
    2.845871383675345e-02
    1,24       1,24       2,4        2,4    
0.01
    1,24       1,24       3,14       3,14   
    2.871281046411408e-03
    1,24       1,24       5,2        5,2    
    2.957988244151699e-03
    1,24       1,24       7,8        7,8    
    3.694166917058788e-02
    1,24       1,24       8,2        8,2    
    1.045643985830386e-02
    2,7        2,7        1,19       1,19   
    1.272489276478030e-01
    2,7        2,7        3,14       3,14   
    4.375695636868980e-03
    2,7        2,7        5,2        5,2    
0.01
    2,7        2,7        7,8        7,8    
0.01
    2,7        2,7        8,2        8,2    
    7.306149299016677e-02
bias
    2.228679640468035e-01
