    3,1        1,3                # harmonic with-HN
    2.795482636421939e+00
    3,2        1,3    
   -1.746934583123208e+00
    3,3        1,3    
   -5.056003718059000e+00
    3,4        1,3    
    3.511502231562670e-01
    3,5        1,3    
    1.740623444595498e-01
    3,6        1,3    
   -1.790875818910193e-01
    3,7        1,3    
    1.128401351778057e-01
    3,8        1,3    
    3.016739196537478e-01
    3,9        1,3    
    8.475829420607683e-02
    3,10       1,3    
   -1.259015224739108e+00
    3,1        1,14   
    2.492848563628297e+00
    3,2        1,14   
   -1.092865170863323e+00
    3,3        1,14   
   -2.387083537810945e+00
    3,4        1,14   
   -9.495535120866468e-01
    3,5        1,14   
    9.489110589374596e-01
    3,6        1,14   
   -4.526317246581540e-01
    3,7        1,14   
    1.582681809866286e-01
    3,8        1,14   
    3.874465861911722e-01
    3,9        1,14   
    9.631803884241718e-04
    3,10       1,14   
   -8.167085369035055e-01
    5,1        2,1    
   -1.401268573203657e-01
    5,1        2,2    
   -1.159356447388202e+00
    8,1        6,1    
    3.533660982263971e-02
    5,1        2,1        1,1    # C2v-planar B2 x A1 <- G8 irred-5 x irred-2 x irred-1
    8.493292716072883e-01
    5,1        2,1        1,2    
   -1.288145117225268e-01
    5,1        2,1        1,3    
   -1.482988537808750e+00
    5,1        2,1        1,5    
   -3.923533863845464e-01
    5,1        2,1        1,6    
   -9.017449386886495e-01
    5,1        2,1        1,7    
   -9.362129016316542e-01
    5,1        2,1        1,8    
   -5.167582924611042e-02
    5,1        2,1        1,9    
    1.937755715593452e-01
    5,1        2,1        1,10   
    4.271887685569787e-02
    5,1        2,1        1,11   
    1.341010727563315e-01
    5,1        2,1        1,12   
    1.654320285491909e-01
    5,1        2,1        1,13   
    7.213309622792630e-02
    5,1        2,1        1,14   
    6.642870207998390e-01
    5,1        2,2        1,1    
    2.120791438275917e-01
    5,1        2,2        1,2    
   -2.033078465975868e-01
    5,1        2,2        1,3    
   -2.741332371682056e-01
    5,1        2,2        1,5    
   -9.790678833588868e-01
    5,1        2,2        1,6    
    7.864436063794900e-01
    5,1        2,2        1,7    
    9.343904180525857e-01
    5,1        2,2        1,8    
    3.949519201728595e-02
    5,1        2,2        1,9    
   -1.787274541719244e-01
    5,1        2,2        1,10   
   -2.969073626568455e-01
    5,1        2,2        1,11   
   -4.885204456872302e-01
    5,1        2,2        1,12   
    1.142995412485448e-01
    5,1        2,2        1,13   
   -5.028876362034856e-02
    5,1        2,2        1,14   
   -3.583253101863927e-01
    5,1        6,1        4,1    # C2v-planar B1 x A2 <- G8 irred-5 x irred-6 x irred-4
    9.939995818162523e-02
    5,1        6,1        4,2    
   -8.621832159673741e-02
    5,1        6,1        4,3    
    1.245616695967454e-01
    5,1        8,1        7,1    # C2v-planar / C2v-perpendicular A2 x B1 <- G8 irred-5 x irred-8 x irred-7
   -1.259469686177024e+00
    5,1        8,1        7,2    
    7.725086969111973e-01
    5,1        8,1        7,3    
   -1.645965981336534e-01
    5,1        8,1        7,4    
    3.503252649185563e-01
    5,1        8,1        7,5    
    1.392594400523824e-01
    5,1        8,1        7,6    
   -3.038460982207718e+00
    1,22       3,1               # 1st-scaling bias replacing an irred-1 HN coord
    6.861210858137630e-01
    1,22       3,2    
   -1.014446842365404e+00
    1,22       3,3    
    3.128388733438170e+00
    1,22       3,4    
   -1.658021146844879e-01
    1,22       3,5    
   -1.986003097529090e-01
    1,22       3,6    
    7.561726559845913e-02
    1,22       3,7    
   -1.376945558967372e-01
    1,22       3,8    
   -2.199712436401472e-01
    1,22       3,9    
    2.621317656043058e-02
    1,22       3,10   
    3.743460150508893e-01
    1,22       5,1        2,1    
   -8.381488295396317e-02
    1,22       5,1        2,2    
   -2.403446184380902e-01
    2,6        5,1               # 1st-scaling bias replacing an irred-2 HN coord
   -3.493477772121274e+00
    2,6        5,1        1,1    
    2.312554810315940e+00
    2,6        5,1        1,2    
    3.633423668783134e-01
    2,6        5,1        1,3    
    8.806447139963370e-01
    2,6        5,1        1,5    
   -8.708495691336432e-02
    2,6        5,1        1,6    
   -2.531936912366328e+00
    2,6        5,1        1,7    
   -7.816829342842475e-01
    2,6        5,1        1,8    
    1.555372182141110e-01
    2,6        5,1        1,9    
    4.211713134249222e-01
    2,6        5,1        1,10   
    2.211665169311021e-01
    2,6        5,1        1,11   
    1.283281648737880e-01
    2,6        5,1        1,12   
    3.430610018910062e-01
    2,6        5,1        1,13   
    2.526237469330735e-01
    2,6        5,1        1,14   
   -6.657744945799743e+00
    1,23       3,1               # 1st-scaling redundancy bias replacing an irred-1 HN coord
   -3.680037742352646e+00
    1,23       3,2    
    4.661521552177575e+00
    1,23       3,3    
   -2.257130694816416e+00
    1,23       3,4    
    2.712718565444183e-01
    1,23       3,5    
    6.116946941631940e-01
    1,23       3,6    
    4.571347688875804e-02
    1,23       3,7    
   -8.332380575371575e-03
    1,23       3,8    
    2.738798335535752e-01
    1,23       3,9    
    1.005802945019507e-01
    1,23       3,10   
    6.256125239195830e-01
    1,23       5,1        2,1    
   -7.413851695341493e-02
    1,23       5,1        2,2    
    4.667891433007630e-01
    3,1        1,18               # 2nd-scaling harmonic with-HN
   -3.814294035614952e+00
    3,2        1,18   
    3.259274429727768e+00
    3,3        1,18   
    2.708257625823180e+00
    3,4        1,18   
   -2.357783072672861e-01
    3,5        1,18   
    9.168818647788661e-02
    3,6        1,18   
    1.702160715343455e-01
    3,7        1,18   
   -1.288460851849863e-01
    3,8        1,18   
   -1.369429594035284e-01
    3,9        1,18   
    2.118231996019328e-02
    3,10       1,18   
    1.228375041794727e+00
    3,1        1,19   
   -8.621314152156513e+01
    3,2        1,19   
    5.626380129572730e+01
    3,3        1,19   
    4.497238696407504e+01
    3,4        1,19   
   -1.293502104148442e+01
    3,5        1,19   
   -1.620314282474606e+00
    3,6        1,19   
    3.688818947539593e-01
    3,7        1,19   
    2.734764594968210e-01
    3,8        1,19   
   -2.128188537944202e+00
    3,9        1,19   
   -7.725653473919180e-01
    3,10       1,19   
    5.246955578393024e+00
    5,2        2,3    
    9.029394488645341e-01
    5,2        2,4    
    3.537072033718340e-01
    7,8        4,1    
   -7.688058004003490e-01
    7,8        4,2    
   -8.750534799917370e-02
    7,8        4,3    
    2.008831164051300e+00
    5,2        2,3        1,1    # 2nd-scaling C2v-planar B2 x A1 <- G8 irred-5 x irred-2 x irred-1
   -1.137605171952233e+00
    5,2        2,3        1,2    
    1.026655119464532e+00
    5,2        2,3        1,18   
    1.239353730888388e+00
    5,2        2,3        1,19   
   -2.820546483134603e+00
    5,2        2,3        1,5    
    1.216443127333033e+00
    5,2        2,3        1,6    
   -2.327031508688908e+00
    5,2        2,3        1,7    
   -6.939558546181858e-01
    5,2        2,3        1,8    
   -9.470467357505681e-02
    5,2        2,3        1,9    
   -5.639845381270809e-02
    5,2        2,3        1,10   
    1.446636211678915e-01
    5,2        2,3        1,11   
   -4.673137820017260e-01
    5,2        2,3        1,12   
    9.363898602111972e-02
    5,2        2,3        1,13   
   -1.107697490385184e-02
    5,2        2,4        1,1    
   -7.421503871675159e+01
    5,2        2,4        1,2    
    1.617083077642108e+01
    5,2        2,4        1,18   
    8.494958560077440e-01
    5,2        2,4        1,19   
    3.120207370264393e+01
    5,2        2,4        1,5    
    3.372025412621233e+01
    5,2        2,4        1,6    
   -5.012113013000291e+01
    5,2        2,4        1,7    
   -2.667261424505783e+01
    5,2        2,4        1,8    
   -1.940023783270287e+01
    5,2        2,4        1,9    
   -9.563573226399921e+00
    5,2        2,4        1,10   
   -5.085134488560572e-01
    5,2        2,4        1,11   
   -1.437098767230055e+01
    5,2        2,4        1,12   
   -6.261621065631108e+00
    5,2        2,4        1,13   
   -6.189793830616494e+00
    5,2        8,2        7,1    # 2nd-scaling C2v-planar / C2v-perpendicular A2 x B1 <- G8 irred-5 x irred-8 x irred-7
    6.775110597408343e-01
    5,2        8,2        7,2    
   -3.257273540675372e-01
    5,2        8,2        7,3    
   -1.241347662482515e+00
    5,2        8,2        7,4    
    3.011401332339661e+00
    5,2        8,2        7,5    
   -1.180885636378006e+00
    5,2        8,2        7,6    
   -6.395764826432671e+00
    5,2        8,2        7,8    
    4.218887967848813e+00
    1,24       3,1                # 2nd-scaling bias replacing an irred-1 HN coord
   -7.200396289024841e+00
    1,24       3,2    
    3.146070293134844e+00
    1,24       3,3    
    4.470924452504287e+00
    1,24       3,4    
   -1.197950573171238e+00
    1,24       3,5    
   -4.919389405275935e-01
    1,24       3,6    
    1.286305371150331e-01
    1,24       3,7    
    5.937813517040604e-02
    1,24       3,8    
   -4.787885728316324e-01
    1,24       3,9    
   -3.706632114793094e-01
    1,24       3,10   
    1.949656051144783e+00
    1,24       5,2        2,3    
   -1.389248912345172e+00
    1,24       5,2        2,4    
   -2.271261572331536e+00
    2,7        5,2               # 2nd-scaling bias replacing an irred-2 HN coord
    3.910238628357336e+00
    2,7        5,2        1,1    
    5.213544252953120e+00
    2,7        5,2        1,2    
    1.184075064568683e+00
    2,7        5,2        1,18   
    1.131665533883421e+00
    2,7        5,2        1,19   
   -7.285090829446353e-01
    2,7        5,2        1,5    
    4.025264996699364e+00
    2,7        5,2        1,6    
   -9.381662514757814e+00
    2,7        5,2        1,7    
   -1.376569450869536e+01
    2,7        5,2        1,8    
   -3.107438618942572e-01
    2,7        5,2        1,9    
    1.098365529003698e+00
    2,7        5,2        1,10   
    1.005225500815554e+00
    2,7        5,2        1,11   
    2.219499843237368e+00
    2,7        5,2        1,12   
    9.025687921794173e-01
    2,7        5,2        1,13   
    3.256847322174658e-02
    8,1        2,1        4,1               # C2v-perpendicular B1 x A2 <- G8 irred-8 x irred-2 x irred-4
    3.818178000618864e+00
    8,1        2,1        4,2    
    6.653325199971719e-01
    8,1        2,1        4,3    
   -1.927004466892751e+00
    8,1        2,2        4,1    
   -1.057836475233334e+01
    8,1        2,2        4,2    
   -3.853111379769557e+01
    8,1        2,2        4,3    
    3.651952521213703e+01
    8,1        6,1        1,1               # C2v-perpendicular B2 x A1 <- G8 irred-8 x irred-6 x irred-1
   -2.693384527480360e-02
    8,1        6,1        1,2    
   -1.212766279343833e-01
    8,1        6,1        1,3    
    6.974017852607867e-02
    8,1        6,1        1,5    
   -6.592126108915566e-02
    8,1        6,1        1,6    
   -3.339090847189531e-01
    8,1        6,1        1,7    
   -1.072215724659912e+00
    8,1        6,1        1,8    
   -1.525108217397224e-01
    8,1        6,1        1,9    
    2.080462057414130e-01
    8,1        6,1        1,10   
    1.085523397803628e-01
    8,1        6,1        1,11   
   -1.881244345015666e-02
    8,1        6,1        1,12   
    2.256967145853532e-01
    8,1        6,1        1,13   
   -1.935968491659530e-01
    8,1        6,1        1,14   
   -2.344199586641540e+00
    3,13                                     # HN spherical coordinate angles
    1.027908551582909e+00
    3,13       1,4    
    5.212874019519089e-01
    1,22       8,1        6,1    # 1st-scaling bias replacing an irred-1 HN coord    
   -1.061910084265301e+00
    1,22       3,13   
    8.013866083537390e-01
    2,6        8,1        4,1    # 1st-scaling bias replacing an irred-2 HN coord
   -7.046252272061369e+00
    2,6        8,1        4,2    
    3.561469347327889e-01
    2,6        8,1        4,3    
    4.208817774357263e+00
    3,14                         # 2nd-scaling harmonic with-HN
   -3.865728255413392e-01
    3,14       1,1    
   -5.607844171784167e+00
    3,14       1,2    
   -3.265167193714136e-01
    3,14       1,18   
   -1.001509114746794e+00
    3,14       1,19   
    1.210883447017014e+01
    3,14       1,5    
   -1.401496994970118e+00
    3,14       1,6    
    7.486540343728574e+00
    3,14       1,7    
    1.075773943489027e+01
    3,14       1,8    
    4.093688298257504e-02
    3,14       1,9    
   -1.158233245358934e+00
    3,14       1,10   
   -8.137435003527509e-01
    3,14       1,11   
   -2.341696177964098e+00
    3,14       1,12   
   -1.010913333760441e+00
    3,14       1,13   
   -3.119425040511867e-01
    8,2        2,3        4,1    # 2nd-scaling C2v-perpendicular B1 x A2 <- G8 irred-8 x irred-2 x irred-4
   -7.764840524070891e-01
    8,2        2,3        4,2    
    2.373834301082630e-01
    8,2        2,3        4,3    
   -7.653905641226930e-01
    8,2        2,4        4,1    
   -2.355125469971709e-01
    8,2        2,4        4,2    
    3.017441525835706e+00
    8,2        2,4        4,3    
   -4.220286207095456e+00
    1,24       3,14              # 2nd-scaling bias replacing an irred-1 HN coord    
   -1.159295124089302e+00
    2,7        8,2        4,1    # 2nd-scaling bias replacing an irred-2 HN coord
   -6.344866644822367e-01
    2,7        8,2        4,2    
   -9.313281248308408e-01
    2,7        8,2        4,3    
    1.865675223603343e-01
