    2.340888651227307E-03   -2.337004029446240E-03   -3.143329730477525E-10
   -4.006606230148268E-03    3.282043004530149E-03    3.890299921507529E-10
   -2.545071651413933E-03    3.966338474255076E-02    2.080700255344993E-11
   -3.868084096884517E-03   -3.846991081326685E-02    3.737000430608141E-11
   -3.899102698796329E-02   -7.124426104922664E-02   -6.784630431863410E-11
   -3.800205081166206E-02    7.006504828299284E-02    3.732789610474805E-12
    7.954787474015941E-02   -1.438793403080824E-04   -1.384610139935361E-11
    2.581989293001531E-07   -7.559227906497242E-07   -2.702849788462206E-15
    4.634332038255861E-04   -6.460003554462517E-04   -7.100540373647153E-11
   -1.038383552202777E-04    3.373980579422892E-04    3.890859609206688E-11
   -7.965260157957239E-05   -2.805983406449350E-04   -1.841779992030678E-11
   -5.088746944969027E-04   -5.288872495475664E-04   -2.491570543419182E-11
   -5.581046642770378E-04    4.999566604569681E-04    2.158519736640371E-11
    1.501971728859582E-03    5.767327648473309E-05   -1.066669985389314E-12
