    1,1    # no NH
    1.730005175617369e-01    6.105303292275510e-01    5.674512011268420e-01
    1,2    
   -3.915951994100911e-02    9.227058439124834e-02   -1.978048054795167e-01
    1,5    
    1.539226540842623e-01    6.501782684943153e-01   -4.567046776000424e-01
    1,6    
   -3.013067240201818e-01   -1.968832463925534e+00   -5.141694048456215e-01
    1,7    
    1.565828596015413e-01    1.181788337737831e+00   -1.037838822065706e+00
    1,8    
    2.035894408439428e-01    5.870521317180910e-01    4.604019881202124e-01
    1,9    
   -1.293141711558083e-01   -5.557236614770107e-02   -2.407435870620298e-02
    1,10   
    2.899518957595451e-01    2.301741668998802e-01    2.951508571140268e-01
    1,11   
    6.508405008619084e-02   -3.023096330345147e-01   -7.831415323882941e-02
    1,12   
    1.372531151400648e-01    2.441522282810303e-01    1.577952479117349e-01
    1,13   
    1.225769716968129e-01   -8.430278408811587e-02    2.003189795773860e-02
    1,1        1,1    
   -5.657779911067329e+00    5.584778489303430e+00   -1.138798260867117e+01
    1,2        1,1    
    6.351632887177455e-01   -3.103173997201206e+00    1.366222800364686e+00
    1,5        1,1    
    4.382220920159574e-01   -1.987075793882543e+00    1.751984683770667e+00
    1,6        1,1    
    6.322000331418653e+00    3.194942984672336e+00    1.361528305102088e+01
    1,7        1,1    
    1.385492813713716e+00   -2.113487985494673e+01    2.218891487293725e+00
    1,8        1,1    
    1.260459330530032e+00   -1.447735030592493e+01    1.788135395451096e+00
    1,9        1,1    
   -4.966853718981500e+00    1.138912672920163e+01   -1.138516778066433e+01
    1,10       1,1    
    5.577815171608445e-01   -2.618105582637976e+00    1.116087188109512e+00
    1,11       1,1    
   -4.720883894217044e-01    5.460576333248524e+00   -1.012776236857151e+00
    1,12       1,1    
   -1.186168474422344e-01    1.992013754027848e+00   -3.013833872477106e-01
    1,13       1,1    
    5.079240969134046e-01   -1.522540909195066e+01    1.005361447139446e+00
    1,2        1,2    
    8.252953557652346e-02   -5.042950685429437e-01    1.708940009487830e-01
    1,5        1,2    
   -3.484485130972621e+00    1.469184544227715e+00   -7.379356374025366e+00
    1,6        1,2    
    1.012531260004362e+00   -4.849891496561624e-01    2.166865140446611e+00
    1,7        1,2    
   -5.506774176363094e+00   -1.535325629974792e+00   -1.169147204689815e+01
    1,8        1,2    
   -1.486891773508578e+00    3.471363247760893e-02   -3.167508069098903e+00
    1,9        1,2    
   -2.943971102476183e+00   -4.561740320736401e+00   -6.282422245474621e+00
    1,10       1,2    
   -1.577448758223268e+00   -2.428512796320869e+00   -3.382760208183424e+00
    1,11       1,2    
    3.774264884706433e-01    1.517588348777420e+00    8.185580597606501e-01
    1,12       1,2    
    4.645772371863809e-01   -1.350218394512427e+00    9.785214886703141e-01
    1,13       1,2    
   -1.868471062613493e+00   -1.710323157988955e+00   -3.977623190889089e+00
    1,5        1,5    
   -6.707663606253666e+00   -6.326624117728846e-01   -1.690194741808280e+01
    1,6        1,5    
    8.740904591171273e-01   -1.284775499280384e+01    2.051304141539740e+00
    1,7        1,5    
   -9.201953249854586e+00    1.019029138694568e+00   -1.448711099510725e+01
    1,8        1,5    
   -8.135044448054568e+00   -1.267621828381550e+01   -9.487845490737856e+00
    1,9        1,5    
   -4.511553284383337e+00    3.619239427516466e-01   -1.697561477595093e+00
    1,10       1,5    
   -1.192087651696231e+00    7.498667298834388e+00   -2.424010609800342e+00
    1,11       1,5    
    3.879819687757523e+00   -4.323029512151939e+00    8.067182070753560e+00
    1,12       1,5    
    4.539309607389354e+00   -4.292286136727126e+00    9.710547428975142e+00
    1,13       1,5    
   -1.379076644760171e+00    4.031549394655586e+00   -2.915754675066172e+00
    1,6        1,6    
    1.082979603228226e+00    6.988697033864123e+00    2.184486917218082e+00
    1,7        1,6    
    2.522885326910533e+00    1.451469881497697e+01    5.072152133587493e+00
    1,8        1,6    
    8.137076348403878e-01   -4.686434993576004e+00    1.243703160121731e+00
    1,9        1,6    
   -2.451109543555902e+00    1.817322052406950e+01   -5.614687620105578e+00
    1,10       1,6    
    2.209205475662998e+00   -2.545956220253239e+00    4.696909715673825e+00
    1,11       1,6    
    1.159777572129035e+00   -2.441130122996386e+00    2.472067525293765e+00
    1,12       1,6    
    1.680488166561055e+00   -1.478133475241075e+00    3.587077223121949e+00
    1,13       1,6    
    1.385716050445240e+00   -5.303406855062377e-01    2.941936920141553e+00
    1,7        1,7    
    1.775615855854839e+00    1.461916411866835e+01    1.329468116045646e+00
    1,8        1,7    
   -2.110002155376144e+00    7.995025109018497e+00   -1.205299002713641e+01
    1,9        1,7    
    5.406747914236393e-01    2.790166998451428e+01   -6.402261197160637e+00
    1,10       1,7    
    3.100117084859809e+00   -8.399942857189700e+00    6.412443304710288e+00
    1,11       1,7    
   -1.485064842018256e-01    8.128248406099802e+00   -7.565903604585723e-02
    1,12       1,7    
    6.004649305414896e-01   -5.678665820256851e+00    1.062338808033903e+00
    1,13       1,7    
   -1.574259474010507e+00    7.942819640536802e+00   -3.175230363930095e+00
    1,8        1,8    
    7.806902973181657e-01    4.087684091755266e+00   -4.315623577860313e+00
    1,9        1,8    
    3.658916814868863e+00    6.369008081708974e+00   -4.275994982577547e+00
    1,10       1,8    
   -7.375601019078919e-01    1.514038885137100e+00   -1.641814532989386e+00
    1,11       1,8    
   -4.915186213226826e-01    4.625347216082375e+00   -7.076110355665001e-01
    1,12       1,8    
    5.225257725712628e-01    2.148283332376151e+00    9.799362370943134e-01
    1,13       1,8    
   -6.951435496353129e-01    6.258022482493431e+00   -1.325547092472245e+00
    1,9        1,9    
    3.693202857785668e+00    2.252509542100594e+00    1.694192174453578e+00
    1,10       1,9    
    8.038650848979183e-01    4.673311595133621e+00    1.677325807804571e+00
    1,11       1,9    
    4.804753164995246e-01   -6.247299057552925e+00    1.314838415341978e+00
    1,12       1,9    
   -4.156930605941742e-02    3.919403400812427e+00   -1.981143710366091e-01
    1,13       1,9    
    8.882577028306491e-01    2.207146274475341e-01    2.012034404794464e+00
    1,10       1,10   
    4.924162181609985e-01    3.517883815166543e+00    1.082101088830574e+00
    1,11       1,10   
    8.832119786365700e-01   -4.744991644089034e+00    1.834485180631595e+00
    1,12       1,10   
    1.299699011523512e+00    9.807527637480430e-01    2.754225211110038e+00
    1,13       1,10   
    5.854789897604059e-01    1.420623135558273e+00    1.253078335441933e+00
    1,11       1,11   
   -3.409388096049170e-02   -4.518137669036559e+00   -9.835174316980905e-02
    1,12       1,11   
   -1.384765667256137e-01   -6.012180669664050e-01   -3.278326450212475e-01
    1,13       1,11   
    2.066461945857088e+00   -2.517527834739992e-01    4.384944716323820e+00
    1,12       1,12   
   -1.217867983577010e-01    7.246740832325518e-01   -2.608235480146496e-01
    1,13       1,12   
    5.849193467640816e-02   -1.261141609325027e+00    9.845922269892948e-02
    1,13       1,13   
   -5.898564760193082e-01    4.464351610509275e-01   -1.260874812413522e+00
    3,1        3,1    
   -4.689163260998843e+00   -2.343317845479720e+00   -1.038693505500005e+01
    3,2        3,1    
    6.186670970582599e+00   -1.455118940487405e+01    1.287984821947212e+01
    3,3        3,1    
   -1.046149810678161e+00    6.883083674808849e+00   -2.193061840166671e+00
    3,4        3,1    
   -8.151038695278007e+00   -3.723429337627390e+00   -1.661477937869238e+01
    3,5        3,1    
    8.420239714646109e-01    3.045592607615450e+00    1.857431471397029e+00
    3,6        3,1    
    6.998328354345481e-01   -1.926072297512307e+00    1.432519706116296e+00
    3,7        3,1    
   -2.177967407460691e+00    1.193174954899872e-01   -4.642301635518786e+00
    3,8        3,1    
   -1.227599322350021e+00    7.533953192424386e-01   -2.636672335015684e+00
    3,9        3,1    
   -1.191625383045975e+00    1.954334066818438e+00   -2.485803651003190e+00
    3,10       3,1    
    5.641308334731878e+00    4.826965852980937e+00    1.205761303490002e+01
    3,2        3,2    
   -2.844899572753465e+00    4.879269625403079e+00   -6.344326888462117e+00
    3,3        3,2    
    3.485241400224572e+00   -1.000616933929631e+01    7.267642155623018e+00
    3,4        3,2    
    9.925922277261162e-01   -5.796478030240373e-01    2.768682638510769e+00
    3,5        3,2    
    6.599144746541387e-02    9.886361150382550e-01    1.937101740509629e-01
    3,6        3,2    
   -1.796959832025746e+00   -6.407836460420611e-01   -3.883856170326280e+00
    3,7        3,2    
   -1.197356635120339e-01   -1.011029698406273e+00   -1.960470144453266e-01
    3,8        3,2    
    9.097599962921445e-01   -1.134465897404102e+00    1.960324910146059e+00
    3,9        3,2    
    2.798139583759311e-01    1.716923905946810e-01    6.354469927677170e-01
    3,10       3,2    
   -2.723503749127218e+00   -5.643067148273664e+00   -5.884269838326123e+00
    3,3        3,3    
    3.156834202521212e+00    1.137566846221686e+01    6.579154390204613e+00
    3,4        3,3    
    2.180424014658852e+00    1.535649997441896e+00    4.573694507676111e+00
    3,5        3,3    
   -4.869563056470152e-02   -1.644299827680173e+00   -6.248605916293717e-02
    3,6        3,3    
   -1.045448929384249e-01   -3.496764636114070e+00   -2.839649187625323e-01
    3,7        3,3    
    5.322412137162766e-01    2.623180610794310e-01    1.166751747809605e+00
    3,8        3,3    
   -1.016663706153349e+00   -2.632808650205856e+00   -2.162264838200587e+00
    3,9        3,3    
   -1.205873672769413e+00    3.541076554793408e+00   -2.469978492280192e+00
    3,10       3,3    
    2.380875528425499e+00   -1.334702625282015e+01    4.841576705414459e+00
    3,4        3,4    
   -3.024040666978881e-01   -5.154747667436813e-01   -1.015622428996394e+00
    3,5        3,4    
   -2.640839759274710e-01   -4.176271915606755e-01   -7.276799233211156e-01
    3,6        3,4    
   -1.944181571157965e-01   -1.294735974278630e+00   -2.589412273904714e-01
    3,7        3,4    
    3.419812956585113e-01    7.637575828515665e-01    6.218535416529956e-01
    3,8        3,4    
   -3.798597076304259e-02    5.527428542990850e-01   -1.522367018638138e-01
    3,9        3,4    
   -5.611044614339988e-01   -1.138050341919995e-01   -1.296330205510321e+00
    3,10       3,4    
    7.835759599095596e-01    1.048208076887764e+00    1.846416395719156e+00
    3,5        3,5    
    2.031265234000769e-02    1.900798125304955e+00    7.364037389490323e-02
    3,6        3,5    
   -9.901165430937608e-02    2.864447303236879e-01   -2.100604678343229e-01
    3,7        3,5    
   -7.359638311019130e-01   -1.586409892795548e+00   -1.589757355385560e+00
    3,8        3,5    
   -6.003503481507912e-01   -1.014902187895743e+00   -1.293337381336634e+00
    3,9        3,5    
   -3.954585298940571e-02    1.374423942747230e+00   -5.684217233670446e-02
    3,10       3,5    
    5.720780431964709e-01   -1.073159658707465e+00    1.174404970191140e+00
    3,6        3,6    
   -6.852076162506610e-01    6.068762529706262e-01   -1.437152334542088e+00
    3,7        3,6    
    4.540706941174554e-01   -2.963203569563702e-01    9.682642382024400e-01
    3,8        3,6    
    2.196370849493386e-01   -2.015715262536360e-01    4.726391922947523e-01
    3,9        3,6    
    1.841930594582509e-01    2.618376193547222e-01    3.885465428490528e-01
    3,10       3,6    
   -2.355691592235367e-01    1.719573306738238e+00   -4.870070673315284e-01
    3,7        3,7    
   -2.609632730945802e-01   -2.011049251212888e-01   -5.647837546401436e-01
    3,8        3,7    
   -2.079175437014103e-01    2.259239932653664e-01   -4.530290832847753e-01
    3,9        3,7    
    4.479324807940960e-01   -4.369253166941332e-02    9.524791142713259e-01
    3,10       3,7    
    2.783452049790682e-01    1.156549606296770e+00    6.225104668891803e-01
    3,8        3,8    
   -1.064959921408261e-01   -1.748273001813947e-01   -2.352683971633496e-01
    3,9        3,8    
    2.092380761612826e-02   -3.717785506542773e-01    4.102611206359925e-02
    3,10       3,8    
    4.544117160059914e-01    2.260815358548342e+00    1.006243202341994e+00
    3,9        3,9    
    1.594581670131820e-01    8.783172084801955e-01    3.538142803717058e-01
    3,10       3,9    
    1.263711484532998e+00   -8.827005131959322e-01    2.655790119856347e+00
    3,10       3,10   
   -8.296467218622929e-01    1.829802368123738e+00   -1.819770115894367e+00
    4,1        4,1    
    1.072698677563302e-01   -1.590143496042755e+00   -7.456500783476142e-02
    4,2        4,1    
   -4.793524695114412e-01    1.049218921515184e+00   -1.241673668425208e+00
    4,3        4,1    
   -6.306708648459300e-01   -1.254880563036217e+00   -1.480739562226785e+00
    4,2        4,2    
    5.142002865566904e-02   -1.970928867442151e-01    1.005807283830581e-01
    4,3        4,2    
   -4.776683646965632e-01    9.161539529354584e-01   -9.913091652375429e-01
    4,3        4,3    
    3.450971644916535e-01   -7.455644685058932e-01    7.188092758688839e-01
    7,1        7,1    
   -5.697067647793698e-01    8.841184541352758e-01   -1.284977054201144e+00
    7,2        7,1    
   -3.187376542715201e-01    4.202207765109722e-01   -6.048333601243014e-01
    7,3        7,1    
   -9.504724858239065e-01    6.313066248820136e-01   -1.868033240404666e+00
    7,4        7,1    
    1.990608525156265e-01   -9.380561924984883e-01    4.059794277507524e-01
    7,5        7,1    
   -8.751051962851962e-03    2.456905223892585e+00    1.495640962486979e-02
    7,6        7,1    
   -7.056174584836260e-01    2.022514524823271e+00   -1.537608639850312e+00
    7,2        7,2    
    1.919001146095404e-01    4.456828356784305e-03    3.243815722049379e-01
    7,3        7,2    
   -5.784951186106198e-02    3.988918628594748e-01    3.269057946622496e-02
    7,4        7,2    
    1.218460202707079e-01    8.838237469410629e-01    1.858625972441507e-01
    7,5        7,2    
   -4.485565652170177e-02    2.505709382037233e-01   -7.710037985707917e-02
    7,6        7,2    
    2.375649416253714e-01   -4.628247643633140e-01    6.304952977736037e-01
    7,3        7,3    
    7.459335681737815e-02    1.000765779981346e-02    1.226982549035857e-01
    7,4        7,3    
    1.477257462389268e-01   -4.541634640656764e-01    2.018112587165965e-01
    7,5        7,3    
    2.468475942885086e-01    8.801918261727296e-01    5.090991510345282e-01
    7,6        7,3    
   -3.760451523220462e-01    5.748468425376418e-01   -9.799031320454605e-01
    7,4        7,4    
   -4.984780045140965e-02   -9.151988644729354e-02   -1.050863276544024e-01
    7,5        7,4    
   -1.958149305317133e-02   -1.124677558906554e+00   -4.109913850652553e-02
    7,6        7,4    
    6.968133549540828e-02   -1.196652959917543e+00    2.067078100914859e-01
    7,5        7,5    
    1.934295282472726e-01   -4.491950640182817e-01    3.964645964574687e-01
    7,6        7,5    
   -5.442867209776351e-01    4.370227528543117e+00   -1.148026445844269e+00
    7,6        7,6    
   -4.712057821902219e-02    1.528676883878119e+00   -1.648145073751941e-01
    2,6        2,6        1,1    # no NH at C6H6N limit; 4 x 4 and 7 x 7 are removed since no loop collected
   -2.630188953116791e-01   -2.544243524993995e+00   -2.029111219145733e-01
    2,6        2,6        1,2    
    5.690478936152982e-02    3.690989882130659e-01    3.676314650228589e-01
    2,6        2,6        1,5    
   -1.094585149125789e+00    3.241934532064403e+00   -1.381453039434969e+00
    2,6        2,6        1,6    
    9.480655025371237e-01   -3.717467011645004e+00    1.399631011949708e+00
    2,6        2,6        1,7    
   -1.751123938410790e+00    6.157882859478413e+00   -1.622548097370738e+00
    2,6        2,6        1,8    
    3.345897587583789e-01    7.927166244481834e-01    9.974002159579056e-01
    2,6        2,6        1,9    
    2.000701954535995e-01    1.474886839466767e+00    3.980626527950117e-01
    2,6        2,6        1,10   
    3.841590037098135e-01   -1.397794556165189e+00    1.188787248811488e+00
    2,6        2,6        1,11   
    2.252213010514363e-02   -8.058937514399166e-01    2.427612922164524e-01
    2,6        2,6        1,12   
   -7.280861719191870e-02    1.458548261076438e-01    4.453558479724146e-02
    2,6        2,6        1,13   
    7.335742953009919e-02   -2.857589346261750e-01    9.065072087235616e-02
    2,6        2,6        1,1        1,1    
   -1.026573047770511e+01   -1.694348438344004e+01   -3.017520371043484e+01
    2,6        2,6        1,2        1,1    
    2.793456356196791e+01   -2.218388716641032e+01    5.718129471698345e+01
    2,6        2,6        1,5        1,1    
    4.131469443210684e+01    2.651546675530598e+01    9.283533274097402e+01
    2,6        2,6        1,6        1,1    
    5.660521505945206e+01    1.053622855216049e+02    1.240126549374808e+02
    2,6        2,6        1,7        1,1    
   -2.122603109679723e+01    1.019598570417167e+02   -4.155618880452364e+01
    2,6        2,6        1,8        1,1    
    1.201638360650084e+02   -7.398801121354802e+00    2.582698568926036e+02
    2,6        2,6        1,9        1,1    
   -2.211400918783898e+01    2.767553272364868e+01   -4.808074016242637e+01
    2,6        2,6        1,10       1,1    
   -2.444364247649531e+01   -6.008372380000927e+01   -5.417735509336112e+01
    2,6        2,6        1,11       1,1    
   -4.527088363401081e+01   -8.618521604832065e+01   -9.834529946084567e+01
    2,6        2,6        1,12       1,1    
   -5.172175033608097e+01    1.113326095994114e+01   -1.111222739764122e+02
    2,6        2,6        1,13       1,1    
   -4.611719224058247e+00   -3.754652330311080e+01   -1.206833276060294e+01
    2,6        2,6        1,2        1,2    
    8.126312867709384e+00    1.886709544615666e+01    1.761171671908408e+01
    2,6        2,6        1,5        1,2    
   -2.041721985518155e+01    1.163856080646811e+01   -4.401988158065978e+01
    2,6        2,6        1,6        1,2    
    2.125226018285625e+01   -6.098371823389253e+01    4.120652589907128e+01
    2,6        2,6        1,7        1,2    
   -6.616804352370256e+01   -1.105145859988470e+02   -1.445805341848881e+02
    2,6        2,6        1,8        1,2    
    1.429373855783317e+00   -1.398056146446738e+01    1.483033598958452e+00
    2,6        2,6        1,9        1,2    
    7.605037793954304e+00    3.518296896673986e+00    1.561353377445654e+01
    2,6        2,6        1,10       1,2    
   -1.210419252440613e+01   -2.944069137058088e+00   -2.594321972897502e+01
    2,6        2,6        1,11       1,2    
    1.215894352347873e+01   -9.882821575470212e+00    2.561635484465702e+01
    2,6        2,6        1,12       1,2    
    3.079180446163705e+00   -8.440261765522276e+00    6.360045753110245e+00
    2,6        2,6        1,13       1,2    
    5.492321140758521e+00   -3.565599021690991e+01    9.964097493050673e+00
    2,6        2,6        1,5        1,5    
   -4.599019003582243e+02    2.446460846265249e+02   -9.861005446059968e+02
    2,6        2,6        1,6        1,5    
    7.027872890198776e+01   -4.227241736461062e+02    1.220705859888051e+02
    2,6        2,6        1,7        1,5    
   -1.156561733757963e+03    1.293778932111472e+03   -2.457531607543987e+03
    2,6        2,6        1,8        1,5    
   -1.111482303396069e+02   -7.748623034214315e+00   -2.395332945498899e+02
    2,6        2,6        1,9        1,5    
   -2.242758323496517e+01   -1.842149721677944e+01   -5.282771993849127e+01
    2,6        2,6        1,10       1,5    
    1.063804037896657e+01   -9.266117770836216e+00    2.152462639422253e+01
    2,6        2,6        1,11       1,5    
    6.412099494487984e+01    2.377214940430853e+01    1.360203530974046e+02
    2,6        2,6        1,12       1,5    
   -8.742081302637695e+00    3.927058386379646e+02   -9.422383015002724e+00
    2,6        2,6        1,13       1,5    
    2.240512645489141e+01    2.980144369803368e+01    4.121947062121723e+01
    2,6        2,6        1,6        1,6    
   -8.190668407840410e-01   -2.552792643305370e+02   -8.930207505814479e+00
    2,6        2,6        1,7        1,6    
   -6.819085835439699e+01   -2.060473305070130e+02   -1.500841774200723e+02
    2,6        2,6        1,8        1,6    
    5.672401564430913e+01   -1.176233702708306e+02    1.141977195827366e+02
    2,6        2,6        1,9        1,6    
    6.698469378651005e+00   -8.809101976392391e+01    1.253008747931800e+01
    2,6        2,6        1,10       1,6    
    3.341257163482752e+01    2.687871371576338e+00    6.950874456170223e+01
    2,6        2,6        1,11       1,6    
   -9.318924995194143e+00   -2.582061204796488e+01   -2.052040374818856e+01
    2,6        2,6        1,12       1,6    
    2.030128939540988e+01    6.913746890986654e+01    4.623246337843640e+01
    2,6        2,6        1,13       1,6    
   -2.815269716091760e+01    1.742607861227785e+01   -5.652300644444771e+01
    2,6        2,6        1,7        1,7    
   -1.067420611835888e+02    1.175538480333630e+03   -2.406610260028042e+02
    2,6        2,6        1,8        1,7    
   -1.562944010283838e+02    1.060283685108418e+02   -3.278751517663885e+02
    2,6        2,6        1,9        1,7    
    6.681440723569540e+01    8.453789322676955e+01    1.427512951684390e+02
    2,6        2,6        1,10       1,7    
    6.432108504951599e+01    3.272561387326640e+01    1.357601048317158e+02
    2,6        2,6        1,11       1,7    
    1.075492219636107e+02   -4.922481312855724e+01    2.241552602421501e+02
    2,6        2,6        1,12       1,7    
    2.225247388846170e+02    2.895918722100453e+02    4.694297486853292e+02
    2,6        2,6        1,13       1,7    
    2.335131019857915e+01    6.049511930230356e+01    4.313596155854089e+01
    2,6        2,6        1,8        1,8    
   -1.816316846787615e+01   -6.337402092841578e+00   -3.630614468053622e+01
    2,6        2,6        1,9        1,8    
    8.566113718496725e+00    4.729505678302838e+00    1.251987746885581e+01
    2,6        2,6        1,10       1,8    
    1.245461216807093e+00   -6.998597551491882e+00    2.446122469516974e+00
    2,6        2,6        1,11       1,8    
    3.619068855779284e+00    1.704689746495531e+01    9.524321536699839e+00
    2,6        2,6        1,12       1,8    
    3.749149581592733e+00   -1.031335134106001e+01    1.008002480976894e+01
    2,6        2,6        1,13       1,8    
    3.914421215449669e+01    1.766244017162187e+01    8.566538068256004e+01
    2,6        2,6        1,9        1,9    
    1.613335002152848e+01    1.139938539850680e+01    3.710210457185374e+01
    2,6        2,6        1,10       1,9    
    4.471994690175865e+00    9.565946084571936e+00    1.012090815554206e+01
    2,6        2,6        1,11       1,9    
    5.616517820500643e+00    4.448876021965706e+00    1.176845972041563e+01
    2,6        2,6        1,12       1,9    
    2.083115516049075e+01    1.064686051570859e+01    4.208040630460368e+01
    2,6        2,6        1,13       1,9    
   -1.523161190221082e+01    3.138618902779704e+01   -3.016982190678794e+01
    2,6        2,6        1,10       1,10   
   -3.191428024615292e+00   -1.672004270665771e+01   -7.338288636479457e+00
    2,6        2,6        1,11       1,10   
   -7.971918661250251e+00   -4.402625536205629e+01   -1.905803479712100e+01
    2,6        2,6        1,12       1,10   
    1.906049313269927e+00   -7.227033930887964e+00    3.862419700571463e+00
    2,6        2,6        1,13       1,10   
    2.321912216223794e+00    5.462568868377895e+00    5.283960123514256e+00
    2,6        2,6        1,11       1,11   
    6.966980429408010e+00   -4.807473219595948e+00    1.385005476624012e+01
    2,6        2,6        1,12       1,11   
    6.863029622344845e+00    1.348440276227888e+00    1.444480608258784e+01
    2,6        2,6        1,13       1,11   
   -1.576854510966001e+01   -1.492712637725543e+01   -3.422196127193261e+01
    2,6        2,6        1,12       1,12   
   -7.439873159862648e-01    3.721684686878052e+00   -1.913458870330181e+00
    2,6        2,6        1,13       1,12   
   -9.783354048335308e+00    1.882160431007946e+01   -2.367956482758967e+01
    2,6        2,6        1,13       1,13   
   -5.450531922700653e+00    2.699426093438334e+00   -1.027251008729755e+01
    2,6        2,6        3,1        3,1    
   -8.362218909514422e+01    2.230945562647236e+02   -1.846652684179855e+02
    2,6        2,6        3,2        3,1    
    1.117135223731001e+02    1.096147951116171e+03    2.482246087145369e+02
    2,6        2,6        3,3        3,1    
    2.320754676403581e+02   -1.246394811632399e+03    5.142884693242974e+02
    2,6        2,6        3,4        3,1    
    1.103810667688479e+01    2.574206007504300e+02    1.316004400166173e+01
    2,6        2,6        3,5        3,1    
    6.577984325559148e+00    4.257273150233890e+01    1.580488971103231e+01
    2,6        2,6        3,6        3,1    
    9.526796805386888e-02   -1.583756941485339e+01   -6.849640462347653e-01
    2,6        2,6        3,7        3,1    
   -1.821320009350767e+01   -5.164360035510511e+01   -4.122183586778143e+01
    2,6        2,6        3,8        3,1    
   -7.435539478287342e+01   -1.900815785313615e+02   -1.597896198087307e+02
    2,6        2,6        3,9        3,1    
    7.125673534185442e+00    8.208276454409372e+01    1.407837286648020e+01
    2,6        2,6        3,10       3,1    
   -3.939936901848367e+00    2.048138646937677e+01   -7.934160607192609e+00
    2,6        2,6        3,2        3,2    
   -1.328032916814465e+01   -2.720144328403723e+02   -2.368342002084029e+01
    2,6        2,6        3,3        3,2    
   -7.631271577964766e+01   -3.218998815326141e+02   -1.707833173035430e+02
    2,6        2,6        3,4        3,2    
   -4.703770497617029e+01   -3.678632309584966e+01   -9.637203978589169e+01
    2,6        2,6        3,5        3,2    
    1.665726499612800e+01    2.357855106221662e+00    3.528372727493388e+01
    2,6        2,6        3,6        3,2    
   -2.594990825123741e+00   -3.401216348721495e+00   -5.576603523425963e+00
    2,6        2,6        3,7        3,2    
    6.027178152820270e+01    2.007881134338885e+02    1.292706688207496e+02
    2,6        2,6        3,8        3,2    
   -4.237776377828888e+01    1.528542838938210e+02   -8.832489437775892e+01
    2,6        2,6        3,9        3,2    
   -7.361383417220665e+01    7.491330645984056e+01   -1.561336919208055e+02
    2,6        2,6        3,10       3,2    
   -1.642363369604551e+00   -6.039218913413570e+00   -4.259835153439138e+00
    2,6        2,6        3,3        3,3    
    2.416247403195165e+02   -1.395560948371607e+01    4.996388106158654e+02
    2,6        2,6        3,4        3,3    
   -5.250598503905159e+01   -6.156865675873251e+01   -1.015176532697176e+02
    2,6        2,6        3,5        3,3    
    7.147800681564396e+00   -4.739874639719474e+01    1.305234139148109e+01
    2,6        2,6        3,6        3,3    
    1.967559609882696e+01    2.068055721907403e+01    4.198197336073071e+01
    2,6        2,6        3,7        3,3    
   -8.137722239016435e+00    1.476649579173936e+01   -1.543745869878722e+01
    2,6        2,6        3,8        3,3    
    9.696754204276861e+01    2.060531641769786e+01    2.084632926964099e+02
    2,6        2,6        3,9        3,3    
    3.014011157321084e+01    1.950609200545884e+01    6.274542615214185e+01
    2,6        2,6        3,10       3,3    
    2.099884413408041e+00   -1.520718140190181e+01    2.195676314844492e+00
    2,6        2,6        3,4        3,4    
    1.172907001416267e+01    4.777732001752936e+01    2.409466995089421e+01
    2,6        2,6        3,5        3,4    
   -6.017510978854796e+00    1.406285570132367e+01   -1.205034789094213e+01
    2,6        2,6        3,6        3,4    
    4.214595985575706e+00    2.594357278581757e+01    9.840133500231042e+00
    2,6        2,6        3,7        3,4    
   -8.533191778046978e+00    2.588507319745105e+01   -1.733678835313588e+01
    2,6        2,6        3,8        3,4    
    2.241412123316591e+01    2.554824187175866e+01    4.774528940656068e+01
    2,6        2,6        3,9        3,4    
    9.200246685598998e-01   -6.775115985813562e+00    2.851552713406316e+00
    2,6        2,6        3,10       3,4    
   -1.293110798809733e+00    4.803924515933977e+00   -2.163100131740151e+00
    2,6        2,6        3,5        3,5    
   -5.514730006204792e+00   -2.199184809958362e+01   -1.243357949023333e+01
    2,6        2,6        3,6        3,5    
    8.685626976184057e+00   -6.970074756213958e+00    1.802062987544381e+01
    2,6        2,6        3,7        3,5    
    9.773211668577035e+00   -5.770084194244651e+00    2.022290569836408e+01
    2,6        2,6        3,8        3,5    
    1.089257944193142e+01   -2.021758233081888e+00    2.280300789800406e+01
    2,6        2,6        3,9        3,5    
   -1.061386197258356e+00   -3.280757860432126e+01   -3.548640406913893e+00
    2,6        2,6        3,10       3,5    
   -8.175844414708386e-01   -2.433699708256141e-01   -1.917498423009997e+00
    2,6        2,6        3,6        3,6    
   -1.298558232469470e+00   -5.816802068333427e+00   -2.952672292738757e+00
    2,6        2,6        3,7        3,6    
    5.210067003719653e+00    2.711261291587513e+01    1.210243073957979e+01
    2,6        2,6        3,8        3,6    
   -9.950843833711094e-01    6.817986134753017e+00   -1.815645405679594e+00
    2,6        2,6        3,9        3,6    
    4.021636734904238e+00    7.786904057718803e+00    8.791647332220283e+00
    2,6        2,6        3,10       3,6    
   -8.000721737289409e-01   -1.421315743451475e-01   -1.478546253231664e+00
    2,6        2,6        3,7        3,7    
   -1.967675045150464e+01    3.939752159395942e+01   -4.172951655749065e+01
    2,6        2,6        3,8        3,7    
   -3.734186092900087e+01   -5.536282538924301e+01   -7.999371045313187e+01
    2,6        2,6        3,9        3,7    
    2.919194380874830e+00    2.105374806420101e+01    6.483977606652927e+00
    2,6        2,6        3,10       3,7    
    7.985514666705965e-01   -8.188682683893961e-01    1.681080062587885e+00
    2,6        2,6        3,8        3,8    
   -1.102028876133963e+01   -3.661570887999856e+01   -2.377678896050078e+01
    2,6        2,6        3,9        3,8    
   -4.902275776320318e+00    1.374364538913454e+01   -1.010010285741433e+01
    2,6        2,6        3,10       3,8    
    8.210140708116401e-01   -8.876638189656135e-01    1.783359129017540e+00
    2,6        2,6        3,9        3,9    
   -5.110934622637840e-01    8.218889432612164e+00   -1.247133855735028e+00
    2,6        2,6        3,10       3,9    
   -1.706362098043388e+00    4.202910631861028e+00   -3.756868013822231e+00
    2,6        2,6        3,10       3,10   
   -1.722389688960169e-01   -6.445153015282505e-01    3.900992600777601e-01
    1,3    # with NH
   -2.862968121621975e-01    4.766503086619507e-01   -1.296193953896982e-01
    1,4    
    5.190639180722317e-01    6.245074129640461e-02    1.305943894635775e+00
    1,3        1,1    
    7.972655364179311e-02    2.617026889263215e+00    1.857396858979517e-01
    1,4        1,1    
   -2.163484964664535e+00   -3.432079375970883e+00   -4.804040208313395e+00
    1,3        1,2    
    4.970533803966516e-01    2.784458960791352e-01    1.036713749988686e+00
    1,4        1,2    
   -6.771147520223656e-01    8.073763303473863e-01   -1.391153155051223e+00
    1,3        1,3    
    2.973798892614404e-01   -8.406741384566928e-01    6.976193207246031e-01
    1,4        1,3    
    2.417266720125062e-01   -2.577733963372928e-01    4.789026942405080e-01
    1,5        1,3    
    1.153816651923820e+00   -4.768452112795480e-01    2.298362684864853e+00
    1,6        1,3    
    4.910307518171092e-01   -1.108203979952285e+00    1.050992783304402e+00
    1,7        1,3    
    1.528005167171796e+00   -1.485701103787236e-01    2.910335955134094e+00
    1,8        1,3    
    4.085397722017411e-01    8.722008224303205e-01    8.354343606046863e-01
    1,9        1,3    
   -6.418653472347342e-02   -9.222185004464983e-02   -1.113194420294923e-01
    1,10       1,3    
    1.929096565129566e-01   -1.314658901778454e-01    3.450961012837832e-01
    1,11       1,3    
    6.761569995370821e-02    2.746247414822686e-01    1.030105481739991e-01
    1,12       1,3    
   -1.291968623941563e-01    8.937651046193711e-02   -3.014415643067633e-01
    1,13       1,3    
    4.156536892337453e-02    8.751867550090961e-02   -2.074015438764132e-02
    1,4        1,4    
   -1.690122072596419e+00    1.729908795655325e+00   -3.455429913555169e+00
    1,5        1,4    
   -2.397628413398197e+00    3.153792426542855e+00   -4.949145975137725e+00
    1,6        1,4    
   -1.939300203948492e+00    4.403728620644874e-01   -4.051186684900927e+00
    1,7        1,4    
   -1.207341599704200e+00    6.596674153922030e+00   -2.390165906564065e+00
    1,8        1,4    
   -9.948684556765177e-01    1.733908190684755e+00   -2.056440135227990e+00
    1,9        1,4    
    2.099347600164628e-01    8.614082254770328e-01    4.595784297326821e-01
    1,10       1,4    
    3.986240367505278e-03   -4.225585825827461e-01    4.202147485832286e-03
    1,11       1,4    
    1.717668277165554e-01    6.932717548013498e-01    3.487219975700958e-01
    1,12       1,4    
   -2.907173412499846e-01   -5.656167043689271e-01   -6.331764246911413e-01
    1,13       1,4    
   -5.153498436830927e-01    2.302074583472286e+00   -1.121159514278727e+00
    2,1        2,1    
    2.497787464170408e-01    1.011724033808092e-01    6.606435841185190e-01
    2,2        2,1    
    6.717161740841264e-01    5.877978500577925e-01    1.381404643246337e+00
    2,2        2,2    
   -1.291237698159023e-01   -5.576164361935655e+00   -4.233274807894834e-01
    7,7        7,1    
   -5.962492203153388e-02   -4.096192211853086e-02   -1.325266886562965e-01
    7,7        7,2    
    3.213082457489071e-02   -4.175245489683226e-02    7.327483868949732e-02
    7,7        7,3    
   -2.103274337159701e-02    2.052105937041588e-03   -4.116489421448883e-02
    7,7        7,4    
    1.026235089075549e-02    8.781596005169927e-02    1.968671624154355e-02
    7,7        7,5    
    3.869694401634814e-02    1.506183125601749e-01    9.460938155667226e-02
    7,7        7,6    
   -1.280710239524059e-01    2.529687225041627e-01   -2.577639871394181e-01
    7,7        7,7    
    1.810455620950600e-02   -3.651076238045981e-01   -2.906909157163856e-01
    8,1        8,1    
   -2.281696830255261e-01    9.902003991194407e-02   -3.509589118350263e-01
    2,1        3,1        5,1    # C2v-planar B2 x B2 -> G8 irred-2 x irred-3 x irred-5
   -3.011672435185744e-01   -5.994198390357731e-01   -6.321559726159153e-01
    2,1        3,2        5,1    
    1.263197041217130e-01    8.647549796633014e-02    2.462502264942630e-01
    2,1        3,3        5,1    
   -1.009767122404046e-01    4.800546217736849e-01   -2.108584461175599e-01
    2,1        3,4        5,1    
    3.958777390517776e-02   -1.185496867073154e-01    8.265845636881035e-02
    2,1        3,5        5,1    
   -9.620844475747138e-02    4.972818069867639e-02   -2.010433115748383e-01
    2,1        3,6        5,1    
    2.490220246279690e-02   -3.392454584200944e-02    5.038007371919605e-02
    2,1        3,7        5,1    
   -2.339263035673280e-03   -3.629407572512785e-02   -5.821336049774932e-03
    2,1        3,8        5,1    
   -2.663763833827599e-03   -5.584114098940928e-02   -9.281504303150445e-03
    2,1        3,9        5,1    
   -4.766002713809814e-02    8.960435675019911e-02   -9.953108001672627e-02
    2,1        3,10       5,1    
   -7.293395530505680e-03   -2.190389809710675e-01   -6.909129182346461e-03
    2,2        3,1        5,1    
   -2.948841329269815e-01    5.873024922819937e+00   -6.402823862992471e-01
    2,2        3,2        5,1    
   -4.410864870105548e-01   -8.418057869763782e-01   -9.259638034946069e-01
    2,2        3,3        5,1    
    1.633057295924292e-01    6.014435179481942e+00    4.948083682219229e-01
    2,2        3,4        5,1    
    1.681760713830914e-01    1.166825556330427e+00    3.710213531420792e-01
    2,2        3,5        5,1    
   -3.995764448200091e-01    9.239273801969634e-01   -8.533394120877374e-01
    2,2        3,6        5,1    
    1.666561260827057e-01    9.316906414072518e-02    3.477428156118145e-01
    2,2        3,7        5,1    
    8.818151835091902e-02    5.496420288297243e-01    1.961675685734324e-01
    2,2        3,8        5,1    
    1.611584847023485e-01    1.312618343803254e+00    3.629824466775900e-01
    2,2        3,9        5,1    
   -6.987436995051948e-01    2.119189466767256e+00   -1.477521115846536e+00
    2,2        3,10       5,1    
   -2.977577374073947e-01    1.445064730070241e+00   -6.375399026405212e-01
    4,1        8,1        5,1    # C2v-planar A2 x A2 -> G8 irred-4 x irred-8 x irred-5
   -1.377127796112674e-02   -6.947897478390073e-02   -3.127344940687168e-02
    4,2        8,1        5,1    
   -1.654331433688908e-02    1.403119448945711e-01   -3.249552264510773e-02
    4,3        8,1        5,1    
    3.072415374634107e-02   -2.682098185530427e-01    6.285332120988942e-02
    5,1        5,1    # C2v-perpendicular 2nd-order -> G8 2nd-order
    1.324542371481935e-01    1.241378595903755e-02    1.115880135044731e-01
    3,11       3,1    
   -2.856526482544963e-02    7.277393535203677e-01    5.239585007942288e-03
    3,11       3,2    
   -3.417840676877622e-02   -6.059560919073541e-01   -1.340588509218980e-01
    3,11       3,3    
   -9.167728651613190e-02   -7.022587998597245e-01   -2.384778689205331e-01
    3,11       3,4    
   -4.749222860427328e-02    1.477186342719518e-01   -9.064235654055229e-02
    3,11       3,5    
   -2.925867453920317e-05    4.711101745906081e-02    2.922514311795769e-03
    3,11       3,6    
   -1.149200384021358e-01    8.993228648044536e-02   -2.515670268966372e-01
    3,11       3,7    
   -7.523203493336694e-03   -7.510762636989730e-02   -1.814751613525475e-02
    3,11       3,8    
    9.755708574508160e-03    4.991122978943444e-02    1.496410315388132e-02
    3,11       3,9    
    5.999575843607537e-02   -4.706798421755204e-02    1.236081185026879e-01
    3,11       3,10   
    8.993966840912101e-03    1.939731448268542e-01    2.052695479662372e-02
    3,11       3,11   
    5.185061667992070e-01   -2.368712093035972e-01    6.514891012781333e-01
    2,1        7,1        8,1    # C2v-perpendicular B1 x B1 -> G8 irred-2 x irred-7 x irred-8
   -7.341350698682356e-01    1.081336881675781e+00   -1.558615572758933e+00
    2,1        7,2        8,1    
    2.325937070704584e-01   -3.615139387310000e-01    4.966515598668458e-01
    2,1        7,3        8,1    
    8.463487938398921e-02   -3.413952030110742e-01    1.713181722177153e-01
    2,1        7,4        8,1    
    1.335181009364792e-01   -2.507318468050836e-01    2.763299635927597e-01
    2,1        7,5        8,1    
    4.866849297194468e-01   -9.792575782302060e-01    1.012922272844467e+00
    2,1        7,6        8,1    
   -1.434460771300032e+00    9.285253647525595e-01   -3.031526774044333e+00
    2,2        7,1        8,1    
    7.519167865669689e+00    8.601351154916062e+00    1.625491125906038e+01
    2,2        7,2        8,1    
   -1.737468932018158e+00   -8.373295338807913e-01   -3.639272186940969e+00
    2,2        7,3        8,1    
   -1.474940965781681e+00   -4.166475114071606e+00   -3.222587387681944e+00
    2,2        7,4        8,1    
   -2.343751603764046e+00   -4.616548160387329e+00   -5.183439814060188e+00
    2,2        7,5        8,1    
   -4.642744863756614e+00   -1.344204600166622e+01   -1.031691429209939e+01
    2,2        7,6        8,1    
    7.212374216611772e+00    3.527776179537365e+00    1.529735004741549e+01
    8,1        8,1        8,1        8,1    # C2v cos4theta
    7.365780030024261e-03   -4.608747285591365e-02    2.955864243794863e-02
    3,11       3,11       3,11       3,11   # Cs  cos4theta
    8.274246168298387e-02    1.087854569060318e-02    2.277191481748444e-01
    5,1        5,1        3,11       3,11   
    3.769308537794623e-01   -1.678620315273473e+00    6.974328660418875e-01
    7,7        7,7        3,11       3,11   
   -1.353468808366143e-01   -2.209902158739468e-01   -1.857093794778852e-01
    8,1        8,1        3,11       3,11   
   -1.557735144345626e-01   -1.537900931901267e-02   -2.233091119237958e-01
    8,1        7,7        5,1        3,11   
    1.683181167177533e-01    3.089158795527620e-01   -1.629163436077157e-02
    5,1        5,1        5,1        5,1    
   -3.731372283153277e-03   -3.426572994172455e-02   -1.521250133679509e-02
    7,7        7,7        5,1        5,1    
   -4.375690002480094e-02   -2.330038041911900e-01   -5.234508850975020e-02
    8,1        8,1        5,1        5,1    
    5.077873867758069e-02    1.081154261002283e-01    1.151022403051081e-01
    7,7        7,7        7,7        7,7    
    4.620874218770583e-02    1.387894254814947e-01    1.269593318030940e-01
    8,1        8,1        7,7        7,7    
   -2.768651323865504e-01    1.701985908040127e+00   -7.364311094947533e-01
    3,11       3,11       1,13   # theta x C-C-H
   -1.873132095611569e-01    3.526786238553579e-01   -3.923643921410917e-01
    5,1        5,1        1,13   
   -4.933341588742249e-02   -3.458032232677271e-02   -1.369634687203254e-01
    7,7        7,7        1,13   
    1.828044348742725e-01    4.771571505380631e-01    3.588248318892612e-01
    8,1        8,1        1,13   
    6.891437597868832e-02   -2.009566223810512e-01    1.221527639900669e-01
    1,17   # 1st-scaling bias 
    4.915730762597423e-01   -3.478306022338956e+00    8.936074312196579e-01
    1,17       1,17   
    2.098902204189012e-01   -1.375528053360510e+00    2.697689890934159e-01
    2,6        2,6    
    2.139006149557086e+00   -3.665579391245922e+00   -9.899120837797583e-01
    1,17       1,17       1,17   
    1.112033942054726e-01   -8.002803655603651e-01    2.926785661552711e-01
    2,6        2,6        1,17   
    3.135951351527894e+00   -1.778336249768935e+00    2.617233202750979e+00
    1,17       1,17       1,17       1,17   
    1.012067267298131e-01   -4.474542749922105e-01    1.969801536471509e-01
    2,6        2,6        1,17       1,17   
   -6.563235150827532e-01    5.467370560683752e+00    5.045969726036224e+00
    2,6        2,6        2,6        2,6    
   -6.497944964547330e+00   -5.964219027692859e+00   -1.011133828481423e+01
    1,17       1,1    # 1st-scaling bias replacing 1 symmetric NH coord
    1.039845897743362e-01    7.981227236970539e-01   -8.754497299855368e-02
    1,17       1,2    
   -4.261343159307746e-02   -1.068102966944629e-01   -7.223693353157679e-02
    1,17       1,3    
   -9.392857498446287e-02    1.131613833725581e+00   -3.081333049353080e-01
    1,17       1,4    
    3.673808394273842e-01    4.657144262452536e-01    6.095416818176967e-01
    1,17       1,5    
   -3.941352124808190e-01   -2.223957574475101e-01   -6.244770393585546e-01
    1,17       1,6    
   -2.277862194897080e-01    7.730332969799376e-01   -4.884031428825640e-01
    1,17       1,7    
   -3.170129353503123e-01    2.103185842139218e-04   -2.739386008689842e-01
    1,17       1,8    
   -5.667243406331880e-02    2.466323519165398e-01   -1.885888025189523e-01
    1,17       1,9    
    7.129710789455157e-02    2.489481156951180e-01    9.650237865827838e-02
    1,17       1,10   
   -3.299543488316359e-02   -2.613648277808748e-01    3.220577101787423e-02
    1,17       1,11   
   -9.221893061734626e-03    5.664689168970984e-02    6.271931197531325e-02
    1,17       1,12   
    3.420940403924946e-02   -1.474093421865608e-01    1.091654530383218e-01
    1,17       1,13   
    1.661275206509635e-02   -1.863327862269539e-01   -3.356711101526644e-02
    1,17       1,17       1,13   # 1st-scaling bias replacing a square of asymmetric NH coord
   -1.157543207884832e-01   -6.654910163566231e-02   -7.039939080534506e-02
    1,17       1,17       3,11       3,11   
    8.004106679882149e-02   -8.599812217039922e-02    2.126942191658397e-01
    1,17       1,17       5,1        5,1    
   -2.976647232387724e-02   -1.732169895803089e-01    5.143176505346745e-03
    1,17       1,17       7,7        7,7    
    8.200644119888979e-03   -1.102256018329012e-01    8.022082389601826e-02
    1,17       1,17       8,1        8,1    
    6.922971412131837e-02    3.677284322990736e-02    1.144175722221063e-02
    2,6        2,6        1,13   
   -6.074101291756120e-02   -3.916724836214941e-01    4.824262400254369e-01
    2,6        2,6        3,11       3,11   
    9.673516453808606e-01   -4.492795704604646e-01    3.720121003438737e+00
    2,6        2,6        5,1        5,1    
   -1.247611895748923e+00    7.387500104538208e-02   -1.942853709660756e+00
    2,6        2,6        7,7        7,7    
    4.100148137337262e+00    1.219468485887177e+01    9.236587316660607e+00
    2,6        2,6        8,1        8,1    
    5.048622826589869e+00    1.320098742180690e+01    1.105821286887686e+01
    1,14   # 2nd scaling
   -7.346772309356509e-03   -1.335590414420929e+00    1.657469063492199e-01
    1,15   
    8.049073409117190e-01    4.034165833877911e-01    1.757619829000590e+00
    1,14       1,1    
    8.712660380817906e-01    3.588846518785322e-01    1.733221040957138e+00
    1,15       1,1    
   -2.757246812863198e-01   -4.890865479870335e+00   -1.168677976659077e+00
    1,14       1,2    
   -1.051112884520774e-01    7.326449531237496e-02   -2.404007327896540e-01
    1,15       1,2    
    1.315251347341572e+00    4.217978532573721e-02    2.698232279332376e+00
    1,14       1,14   
   -6.042513866887841e-02    4.627526656882759e-01   -9.817030270326324e-02
    1,15       1,14   
    1.557648019443855e+00    7.016230128346311e-01    3.295143212642465e+00
    1,5        1,14   
    3.320317220442638e-02    7.642192323037719e-01    6.394727711653946e-02
    1,6        1,14   
   -6.532897259434890e-01   -1.247376998790374e+00   -1.310684568439661e+00
    1,7        1,14   
   -4.157520882924910e-01    1.473295198986584e+00   -9.789430600529649e-01
    1,8        1,14   
    2.780297902222127e-01    3.246919292982510e-01    5.209723826809832e-01
    1,9        1,14   
   -4.336432358176547e-03   -5.738036981900544e-01   -1.730743611200068e-02
    1,10       1,14   
    4.274295338767913e-02    5.939544822751573e-01    8.159554115974625e-02
    1,11       1,14   
   -5.980142078973962e-02    1.121119141065297e-01   -1.233997526977778e-01
    1,12       1,14   
    1.046176788245109e-01    1.046778934227112e-01    2.120534312407212e-01
    1,13       1,14   
   -1.104947704523206e-01    2.997881814460347e-02   -2.591815976415586e-01
    1,15       1,15   
   -1.846560529056289e+00   -2.094374387634101e+00   -4.025551081315969e+00
    1,5        1,15   
    1.338620152010276e+00   -1.044613948260835e+00    2.679975008054580e+00
    1,6        1,15   
   -1.014559332036879e+00   -2.371120731187772e+00   -2.236068542680632e+00
    1,7        1,15   
   -2.868723908057034e+00    4.191091740395364e+00   -6.052097768841064e+00
    1,8        1,15   
    1.737359280962111e+00   -1.107331093825330e-01    3.573161229702086e+00
    1,9        1,15   
    7.120581358107458e-01   -4.726915243099734e+00    1.456045273943662e+00
    1,10       1,15   
   -8.492198160904214e-01    1.326449771773667e+00   -1.764520130495108e+00
    1,11       1,15   
   -1.106738227957785e-02   -6.550638074445447e-01    1.978441311128289e-02
    1,12       1,15   
   -4.505903992998522e-01   -1.531801782744640e+00   -9.323671729264775e-01
    1,13       1,15   
    1.961394559092415e-01    3.901951139615498e+00    4.917115813486554e-01
    2,3        2,3    
    8.950036362460823e-03   -9.078701091203375e-01    5.179783242627434e-03
    2,4        2,3    
    1.213633271224557e+00    6.240407427918884e-01    2.537699298365496e+00
    2,4        2,4    
    7.073099767725697e-01    4.846121819648798e+00    1.780874340711663e+00
    7,8        7,1    
   -2.627574838835104e-01    3.455200584269878e-01   -5.488411129933156e-01
    7,8        7,2    
    1.083401435625847e-01   -1.649242986197252e-01    2.170107488674379e-01
    7,8        7,3    
   -1.447049946739684e-02   -1.166535546903745e-02   -4.010346871851996e-02
    7,8        7,4    
    5.706438839215336e-03   -1.831459338475809e-01    1.340623611978835e-02
    7,8        7,5    
    3.899561739153942e-02    1.030664486493873e-01    6.758460898959624e-02
    7,8        7,6    
   -5.582314758504898e-01    9.769163219243823e-01   -1.176260070060311e+00
    7,8        7,8    
    1.497159509652503e-01    3.363027688371967e-01    4.298190670663890e-01
    8,2        8,2    
   -6.431975135047886e-02   -3.108456729184325e-01    3.895566603335805e-01
    2,3        3,1        5,2    
   -7.725957376576020e-02   -5.462109684569916e-01   -1.302566763405672e-01
    2,3        3,2        5,2    
    4.507104495602177e-03    4.131766589588801e-01    7.820220701591730e-03
    2,3        3,3        5,2    
    8.413758590936350e-02    4.400955487208847e-01    1.652863784399777e-01
    2,3        3,4        5,2    
    3.122494066407969e-02   -1.029564260047184e-01    7.414870337850422e-02
    2,3        3,5        5,2    
    1.452316154643307e-03   -1.106564217490449e-02    2.629195657704346e-03
    2,3        3,6        5,2    
    4.535074130106840e-02    1.031058330399858e-01    9.307463849766109e-02
    2,3        3,7        5,2    
   -9.179828408676145e-04   -1.342891019135673e-01   -3.109511501859934e-03
    2,3        3,8        5,2    
    1.234294960088626e-02   -6.158456652200500e-02    2.480786378440918e-02
    2,3        3,9        5,2    
    5.144903925837870e-02    5.050829925331315e-02    1.105767959433780e-01
    2,3        3,10       5,2    
    1.329238357148440e-01    3.492464946758183e-01    2.644133388103423e-01
    2,4        3,1        5,2    
    1.358966390036939e+00   -1.599827604338513e+00    2.981133951646231e+00
    2,4        3,2        5,2    
    4.598851948600491e-01    3.538954177257603e+00    1.016118761961446e+00
    2,4        3,3        5,2    
    5.598419752902070e-01   -6.902801245557527e+00    9.575029555722745e-01
    2,4        3,4        5,2    
    8.774057450456073e-01   -1.025310632860621e-02    1.863812539375459e+00
    2,4        3,5        5,2    
    2.062038054539519e-01   -6.444345092432980e-01    4.314437427040965e-01
    2,4        3,6        5,2    
   -1.064136848451396e-01    3.821578806001029e-02   -2.228053081044136e-01
    2,4        3,7        5,2    
    2.259639161070583e-02   -6.637831962874119e-01    4.323530107904552e-02
    2,4        3,8        5,2    
    1.999724118703675e-01   -1.369779905620232e+00    4.138091791717446e-01
    2,4        3,9        5,2    
    8.770727885204881e-01   -6.236193858291995e-01    1.856938653208943e+00
    2,4        3,10       5,2    
   -7.473715985462730e-01   -3.373943579213620e+00   -1.715191226048025e+00
    4,1        8,2        5,2    
   -1.506789141895889e-01   -3.263383010878673e-01   -3.186399909739653e-01
    4,2        8,2        5,2    
    2.134070077517419e-02   -1.302045101260308e-01    4.359878562329089e-02
    4,3        8,2        5,2    
    5.210649496271887e-02    4.083767377050870e-01    1.171616884318573e-01
    5,2        5,2    
   -1.748850903519073e-01   -3.262938859838942e-01   -5.279373500998681e-02
    3,12       3,1    
   -4.482546310323780e-02    7.073663697621312e-02   -1.539146281990989e-01
    3,12       3,2    
   -1.017386354417335e-01   -4.429946194575630e-01   -1.528008151387279e-01
    3,12       3,3    
    1.230536247916934e-02   -4.548661038434349e-01    3.332157326823531e-02
    3,12       3,4    
   -1.849007930683243e-01   -2.426387881500768e-01   -3.948065587899004e-01
    3,12       3,5    
    1.186021251724893e-01   -7.566084761700125e-02    2.441707300334475e-01
    3,12       3,6    
   -2.095509689086824e-02   -8.132521515113589e-02   -3.446349517475120e-02
    3,12       3,7    
    8.365952966403087e-02    1.893659351969952e-01    1.812813628403971e-01
    3,12       3,8    
    6.632668802646180e-02   -2.684696010289364e-03    1.476436667139235e-01
    3,12       3,9    
   -1.090480942822721e-01   -4.193629041285200e-02   -2.308987150251522e-01
    3,12       3,10   
    2.370075916621541e-01    1.731697652073410e-01    5.353676294954194e-01
    3,12       3,12   
   -3.011142904752347e-02    1.107370124401330e-01    1.617095988167624e-01
    2,3        7,1        8,2    
   -2.633551733996214e-01    2.189010619344761e+00   -5.178159320464018e-01
    2,3        7,2        8,2    
    3.138150780033341e-01   -6.047989104495584e-01    6.769363900040599e-01
    2,3        7,3        8,2    
   -4.344057951889353e-01   -3.179300657550707e-01   -9.146728953393833e-01
    2,3        7,4        8,2    
   -4.800775937146259e-01   -3.629898742791907e-01   -1.030076196480048e+00
    2,3        7,5        8,2    
    1.455821373581287e-01   -8.458155877715244e-01    2.669147925886580e-01
    2,3        7,6        8,2    
    5.426456191907155e-01    3.391988495692357e+00    1.111648782637892e+00
    2,4        7,1        8,2    
   -2.556680807505727e+00    7.650689296841700e+00   -5.324288042066941e+00
    2,4        7,2        8,2    
    1.057092796261949e+00   -2.610246014520540e+00    2.208336010240992e+00
    2,4        7,3        8,2    
   -5.785589257371598e-01   -8.083987859854348e-02   -1.141413158535793e+00
    2,4        7,4        8,2    
   -9.410326244999093e-01   -1.658610146745064e+00   -1.957774011014275e+00
    2,4        7,5        8,2    
   -9.709397896564216e-01   -3.071977539266512e+00   -1.890810494472147e+00
    2,4        7,6        8,2    
   -1.362557729285516e+00    1.348134239565172e+01   -2.698904423053308e+00
    8,2        8,2        8,2        8,2    
    1.617639034298149e-01   -2.924938593151089e-01    1.561946794191512e-01
    3,12       3,12       3,12       3,12   
   -1.077770862181861e-01   -1.121246546954931e-01   -2.729271399274538e-01
    5,2        5,2        3,12       3,12   
    1.537174452140672e-02   -3.978584046128360e-02    5.709475741841678e-02
    7,8        7,8        3,12       3,12   
    3.235777592725848e-02    4.154678931176896e-01   -1.797638314919172e-02
    8,2        8,2        3,12       3,12   
   -2.842044379615552e-01    8.907332739337620e-01   -9.004858350275706e-01
    8,2        7,8        5,2        3,12   
   -1.844554659967901e-01   -1.322011534917313e+00   -7.449154108198830e-02
    5,2        5,2        5,2        5,2    
    2.143704244553262e-02    7.222369551433154e-03    9.292975370603553e-04
    7,8        7,8        5,2        5,2    
    3.143641457137001e-02   -1.702470245933057e-01    1.559664120345350e-02
    8,2        8,2        5,2        5,2    
   -1.844501069487481e-01   -1.164541805888559e+00   -6.202701829688629e-01
    7,8        7,8        7,8        7,8    
   -9.976732705068943e-02    2.142505066776902e-01   -1.911088746103059e-01
    8,2        8,2        7,8        7,8    
   -5.973566709794444e-01    9.072044112862607e-02   -1.304280673141525e+00
    3,12       3,12       1,13   
   -3.398202891866544e-02    2.217481292578856e-01   -1.619119953869221e-01
    5,2        5,2        1,13   
    1.009591397017803e-01   -2.416505431601371e-01    1.630518827125331e-01
    7,8        7,8        1,13   
    3.031685871615594e-02    1.355456342808603e+00    2.081055274137364e-02
    8,2        8,2        1,13   
   -1.476583660660075e-01    4.039068242975474e-01   -4.046478241297833e-01
    1,18   
    2.170739261954807e-01   -2.018820644251820e+00    3.710790412612967e-01
    1,18       1,18   
    5.950368430102069e-01   -1.017451718452383e+00    4.895701279820442e-01
    2,7        2,7    
    1.316006531617290e+00    8.664093364888354e-01    2.536042669146890e+00
    1,18       1,18       1,18   
    2.188554191214213e-01   -2.997342568859824e-01    6.026497388542878e-02
    2,7        2,7        1,18   
    1.085776039777439e+00   -4.736023699664254e+00   -8.475192374597811e-01
    1,18       1,18       1,18       1,18   
   -1.672206384576986e-01   -1.267381729227393e-01   -7.925759204063647e-02
    2,7        2,7        1,18       1,18   
   -1.159632875039735e+00   -8.844547132370039e+00   -2.336737302814741e+00
    2,7        2,7        2,7        2,7    
    1.114789353295111e+00    4.177509337648626e+00    2.351554647636279e+00
    1,18       1,1    
    1.877870307636720e-01    1.658986542691890e+00    4.411028247185051e-01
    1,18       1,2    
   -1.473952099260019e-01    3.215495315198571e-01   -2.362426045031370e-01
    1,18       1,14   
   -2.493931656907807e-02   -5.610952898026625e-01   -1.637841114259433e-01
    1,18       1,15   
    9.435517776617173e-01    4.873875301986744e-01    2.028051851145176e+00
    1,18       1,5    
    2.190759706828435e-01    1.345748537255602e-01    9.024035656691940e-01
    1,18       1,6    
   -2.595879491715770e-01   -9.825368634918464e-01   -5.694257424121748e-01
    1,18       1,7    
   -4.407092122616654e-01   -2.805213972102626e-01   -6.579895827177604e-02
    1,18       1,8    
    1.732292111645225e-01    3.428531380471788e-01    4.821986501126596e-01
    1,18       1,9    
   -1.350475584879957e-02   -7.637677509081032e-01   -1.008904208016388e-01
    1,18       1,10   
   -2.778069595181360e-01    9.265988015674634e-01   -3.994589039305927e-01
    1,18       1,11   
   -1.851007235480998e-01   -1.055367592110861e-02   -2.712996414279416e-01
    1,18       1,12   
    4.341969874741797e-02    1.250582051487594e-01    1.729484226426650e-01
    1,18       1,13   
    2.877267629458791e-02   -1.009674083585377e-01   -3.581640368411361e-02
    1,18       1,18       1,13   
   -1.684069658639936e-01    1.482560894187853e-01   -3.085866718259141e-02
    1,18       1,18       3,12       3,12   
   -3.082563020220543e-01    2.896887246205615e-01   -4.805627543307002e-01
    1,18       1,18       5,2        5,2    
   -2.457589258494035e-05   -5.770603070443740e-02   -9.949511223407636e-03
    1,18       1,18       7,8        7,8    
   -3.754464193411056e-02    7.893119745652404e-02   -7.460663718524367e-02
    1,18       1,18       8,2        8,2    
    4.544175250713014e-03   -4.834194426721821e-01    1.077399553129338e-01
    2,7        2,7        1,13   
    1.164977661898044e+00    3.693245091915164e+00    2.766708765873849e+00
    2,7        2,7        3,12       3,12   
   -1.026679050407300e+00    8.324147740915178e-01   -1.558339095776305e+00
    2,7        2,7        5,2        5,2    
   -1.722839579531381e-01   -1.578244245087493e+00    1.486994288924314e-01
    2,7        2,7        7,8        7,8    
   -3.919470873355507e-01   -7.218300022519257e+00    5.147824088684358e-02
    2,7        2,7        8,2        8,2    
   -1.770297821524214e+00   -3.413173078961680e+00   -3.471321467652708e+00
bias
   -2.441963888470179e+00    1.147896942228306e+01   -3.896651847976140e+00
