    1    4,1    
    7.955386661106215e-02   -4.034690203379903e-02   -6.687144799936490e-02   -6.635226814782373e-02   -4.731988174299182e-03   -8.331098553060706e-04   -4.025723416745065e-02    2.677290551806066e-02
    1    4,2    
   -4.783964826398310e-02   -2.987781700556751e-02   -2.884330343343424e-02   -1.388863232581444e-02   -8.519960483954783e-02    6.150131222372344e-02    4.559588074007653e-02   -9.849725968131509e-03
    1    4,3    
    3.594389606969363e-02   -6.401767526435520e-02    7.817584354671409e-02    6.470094467434356e-02    1.141174793500726e-02   -6.362804969502817e-02    2.530853299950647e-02    6.164459857939993e-02
    1    4,4    
    2.546842660997711e-02   -2.265896443493970e-02    1.674528529517276e-02   -1.355491960020319e-02   -5.321275839363603e-02    6.770242456550095e-02   -2.211922220931373e-02   -4.842576009478658e-02
    2    4,1        1,1    
    3.135348515056217e-02    5.956445462594940e-02    2.606099323008905e-02   -5.802802502218139e-02   -1.817414666932511e-02    6.788861334515046e-02    2.049410761689096e-03   -7.683590660649869e-02
    2    4,2        1,1    
    2.733215699222776e-02    3.105705677936789e-02    4.863132381240447e-02    4.161625043221115e-02   -4.334880297049405e-02    3.344901836143168e-02   -3.157519822235030e-02    5.810010383174066e-02
    2    4,3        1,1    
   -3.497446245514505e-03   -1.199500137800267e-02    6.781347360752694e-02    4.021264274371679e-02   -4.412812091987076e-02    6.866435826376069e-02    2.600149315773942e-02   -3.496410408108576e-03
    2    4,4        1,1    
   -1.608353962504527e-02   -6.464241109516902e-02   -4.138366893739818e-02   -1.116189007724041e-02   -3.027030951598461e-02    7.529032753655898e-02    6.487184741026777e-02   -7.792769375986661e-02
    2    4,1        1,2    
    8.782871134434948e-02    2.898183260854378e-02   -1.457378324727749e-02    4.019205626124194e-02   -2.837028584100393e-02    5.219397043604848e-02   -4.020603542350672e-02    1.280461322306878e-03
    2    4,2        1,2    
   -6.973543194540585e-02   -5.494366374695082e-02    3.203412055583297e-03   -1.076119656990061e-02    3.297464421379474e-02   -5.720702495494509e-02    6.661888651059973e-02   -1.267683721428156e-02
    2    4,3        1,2    
   -6.089479249375516e-02   -2.871864896974733e-02   -4.020441342039743e-02    3.479712731790838e-02   -7.667863238518027e-02    7.948266796276078e-02   -6.659903658175857e-02    1.621860222930049e-02
    2    4,4        1,2    
    1.405797097624361e-02    6.009576396818022e-02    7.595255728999315e-03    4.570055289977491e-02   -7.143136242283851e-02    2.456868181465912e-02    1.912837645672432e-02    1.330411432371397e-02
    2    4,1        1,3    
    4.095487823497438e-02   -4.279984051796269e-02    4.796035575755583e-04    4.123591291956092e-02   -7.294093141350132e-02   -4.685640005763873e-02   -5.010048470460508e-02   -1.566145675134370e-03
    2    4,2        1,3    
    2.049586449213044e-02   -4.389235144076689e-02    5.438320877660946e-02   -6.805660306349416e-02    4.144123052338080e-02    5.651496380808438e-02    5.343957595571906e-02    5.208966084801346e-02
    2    4,3        1,3    
    5.672360622547818e-02    3.688234600581025e-02    1.863011783001920e-02    8.566814867055659e-03   -4.571928283053116e-02   -3.961655960869297e-02    1.317157796805619e-02    7.770522463493259e-03
    2    4,4        1,3    
   -5.311183541815244e-02   -9.367437669992325e-03    1.085019975073967e-01   -1.301494419940879e-02   -7.950961149876683e-02   -4.545115742500375e-02   -1.195104394071752e-02   -4.323785161069763e-02
    2    4,1        1,4    
   -2.515757127587034e-02   -8.115196054718472e-02    6.945518241942909e-03    1.108710549891681e-02    1.986936288321361e-02    5.122595795705658e-02    7.514343987792603e-02   -7.215409652332701e-02
    2    4,2        1,4    
    6.039072841985957e-02   -3.717065094983511e-02    5.554359262094685e-02   -1.090515442932154e-02    1.497709467428645e-02   -3.570572376960514e-02    5.886484732140616e-02   -3.953289451689154e-02
    2    4,3        1,4    
    5.970841969473908e-02    6.469733330410302e-02    3.355328602982174e-02   -4.264264500843423e-02    4.357735615364782e-02   -1.004332150020485e-02   -4.684731908118911e-03    2.119178767911971e-02
    2    4,4        1,4    
   -3.257489758116638e-02    2.309629599661452e-02    6.959129151727177e-02   -9.594495693768910e-02    1.282052793978671e-02    6.563882553805490e-02   -8.917287655818104e-02    1.308283012021280e-02
    2    4,1        1,5    
   -5.661888600655741e-02   -1.678190962268951e-02   -1.959902963648183e-02    2.227415797113953e-02   -4.145096456146478e-02    2.730653696116821e-02    4.853049853597604e-02    2.932106718809223e-04
    2    4,2        1,5    
    6.291589094088286e-02    8.064929645059483e-02    4.909411430599440e-02    6.270769304194745e-02    2.007636144434576e-03    7.335405072838699e-02   -8.148803160759865e-02    7.068046158033298e-02
    2    4,3        1,5    
    4.082688581529273e-02    2.631210291179073e-02   -4.080528074700834e-03    4.444922031525642e-02   -6.342769672863370e-02   -4.742963680182695e-02   -5.448162501782693e-02    6.706134959795258e-02
    2    4,4        1,5    
   -3.762590203177452e-02   -2.319723935958720e-02    1.039198665237163e-01    6.971243198724972e-03   -4.501772347472684e-02    1.127050992276254e-02   -4.810120026063393e-02    1.975396666358342e-02
    2    4,1        1,6    
    2.600331157374501e-02    3.311291430030693e-02   -4.888212266056333e-03    6.066320656652625e-02    1.571317743435768e-02   -4.198242076759615e-03   -8.837550197231518e-02    1.103614635790660e-02
    2    4,2        1,6    
    2.494230173430977e-02    1.962737785463907e-02    9.233283089381603e-02    5.069776925541010e-02   -1.077906545343068e-02    5.293083813052515e-02    4.518167572253985e-02   -2.948889959009045e-02
    2    4,3        1,6    
   -4.367193925979436e-02   -1.568246781101398e-02    9.197606229373587e-03    1.775973797194517e-03   -4.496259140530982e-02   -6.828158863958547e-02   -5.749389179384824e-02    4.902214649704118e-02
    2    4,4        1,6    
    3.451596368520402e-03    2.745174052966952e-02    9.457290514266423e-02   -7.669980636583582e-02   -9.016661210152181e-02   -6.809853338309585e-02    3.751208573825972e-02    8.376609327988845e-02
    2    4,1        1,7    
   -8.993195596552588e-02   -2.979940634177910e-03    3.311298257867856e-02   -5.403972370298425e-02   -5.804988685990858e-02   -5.820639944490458e-02    3.278353943107197e-02   -4.429229399750908e-02
    2    4,2        1,7    
   -4.650328863260864e-02    1.264887307915768e-02    5.766963948882673e-03    1.230220255103426e-02   -4.563720067141015e-02    3.006110877465507e-02    5.086267653225913e-02   -7.320407978542021e-02
    2    4,3        1,7    
   -7.993566377883218e-02    7.649803776256892e-02    1.184186728291388e-02    5.907123955145684e-02    4.504641252631469e-02    7.076131680636331e-02   -4.727976661647979e-02   -4.820634141175519e-02
    2    4,4        1,7    
    4.133066509233013e-02    3.272977266682558e-03    8.526726740244731e-02    2.183891034810473e-02    3.526375851307193e-02    5.964464197264514e-02   -3.857096522415986e-02    1.940623571116816e-02
    2    4,1        1,8    
    1.823019417377150e-02   -1.038615337641401e-02   -1.839939899166160e-02   -1.501332128443367e-01    1.821177152511233e-02    2.587354029782595e-02   -4.546590414574432e-03   -1.532281954327924e-02
    2    4,2        1,8    
   -3.828833671797082e-02    7.847104067124804e-02   -5.743352083999683e-03    3.331902358936781e-02   -1.818814595037864e-02    7.508398442272522e-02   -1.206076126735860e-02   -1.017751121650137e-02
    2    4,3        1,8    
   -7.226063150779281e-02   -5.495214538978244e-02    6.634820688934542e-02   -2.836590983302884e-02    4.368862781066327e-02    5.479770486667471e-02    6.672545478387300e-02   -1.780732994855332e-02
    2    4,4        1,8    
   -6.739826259236234e-02   -8.014064586402796e-02    5.947982610205117e-02   -1.238230154632800e-02    9.742113529430174e-02   -3.265333650882567e-02    6.059085003089165e-03    3.929217724990135e-02
    2    4,1        1,9    
   -4.888610181726474e-02    9.585831279554344e-02    3.888976318753016e-03    1.136634979254215e-02   -5.049321979280948e-02   -2.616205695207564e-02   -5.042148303306287e-02    3.996326405202970e-02
    2    4,2        1,9    
   -9.648008647394087e-02   -5.954920418203086e-02   -3.043365190354561e-02    4.141634198281378e-02   -1.065971857440209e-01    2.322412754693682e-02   -8.170894340062780e-02    2.871968439192734e-02
    2    4,3        1,9    
    8.424521926697859e-02    1.785979360934018e-02   -5.240815666032198e-02    1.453317380806031e-02   -1.280595103246724e-02   -3.907522353683635e-02   -2.958131246075277e-02    8.384702468259002e-02
    2    4,4        1,9    
    9.950038530862229e-03    9.887890402539046e-05   -5.324514141825008e-02    1.429258599688155e-02    1.466250362469462e-02    9.109828727044419e-02    8.768069528974129e-02   -3.238918154854236e-02
    2    4,1        1,10   
    2.349268878408415e-03   -4.439314784338623e-02    7.944736077107703e-02   -1.123562983732017e-01   -6.985489388278270e-02    5.215202429937448e-02    3.836223448954695e-02    3.144375128663670e-02
    2    4,2        1,10   
   -6.691282849392961e-02   -2.976963063694324e-02   -4.183537219392160e-02   -1.004280089209193e-01    1.827213517073764e-02    1.276366788602639e-02   -2.592888567138919e-02   -1.470549711928962e-03
    2    4,3        1,10   
    4.715682936583589e-02   -8.747777474581385e-03   -5.336316571192742e-02   -8.229326997567554e-02   -2.017524405335288e-02    2.095014094588126e-02    2.118256499819551e-02   -6.001758644047935e-02
    2    4,4        1,10   
   -2.239652931731105e-02   -7.999651393146752e-02   -7.315315903971482e-02    4.582618044808639e-02   -1.505900021994472e-02   -2.051990922333181e-02   -5.910167881482804e-02   -6.685879019847829e-02
    2    4,1        1,11   
    4.110923375260255e-02   -6.919542720521337e-03   -4.576883518379344e-02   -2.934603909490925e-02   -3.759786500239715e-02   -7.142523607315304e-03    5.180775259804595e-04   -7.715130711192557e-02
    2    4,2        1,11   
    5.198956121135517e-02   -7.016979480320293e-02    4.305698535086573e-02   -4.242153117778844e-02    7.162167435475696e-02   -5.033683999610479e-02   -4.161245228837583e-02    4.354060637232629e-02
    2    4,3        1,11   
   -5.575931750681044e-02   -2.846420202800784e-02   -4.393806669601780e-02    4.174926859251903e-02   -3.619934232772604e-02    4.584182877112252e-02   -2.624161776362366e-02   -4.503658562430951e-03
    2    4,4        1,11   
    5.537999095890993e-02   -1.052639542461525e-01   -2.879321178828402e-02    9.500836767386281e-02   -1.681965862921944e-02   -5.449719317859661e-02    1.699336180052634e-02   -8.147746956983283e-03
    2    4,1        1,12   
   -4.718162930414091e-02   -3.955448603898700e-02   -1.348306660637629e-02    2.296135414848831e-03   -3.078206794934686e-02    1.201920477539377e-02   -1.610771994199427e-02    7.502939752264892e-02
    2    4,2        1,12   
    5.056502938800283e-02    4.520041568142115e-02    4.473574366656200e-02    8.433611699690102e-03    4.917605619008752e-02   -4.045136109277273e-02    2.382591036553016e-02    4.129134244894047e-02
    2    4,3        1,12   
   -7.933166964194660e-02   -1.219168398840022e-02   -2.409922389074274e-02    1.659322744144891e-02   -3.466406814131096e-02    4.035837708325793e-02   -4.709295520848655e-02   -5.761191273651766e-02
    2    4,4        1,12   
   -6.588795632589248e-02    9.675644868531747e-03    1.207801228004035e-02   -1.025881296474476e-01   -1.333283367158621e-02    4.691938100537221e-02    4.992344162504203e-02    3.379468673725928e-03
    2    4,1        1,13   
   -1.206683550173401e-01    1.876938426048558e-02   -3.793442778046484e-02   -1.298299326420348e-02   -2.127650563944246e-02    7.031720705028491e-02   -1.008068143221876e-01   -1.214694044444766e-02
    2    4,2        1,13   
   -2.690930697359958e-02    8.192784925145868e-02   -8.149214427125680e-03    4.157067101045132e-02   -2.538755315576075e-03    2.772529163782933e-02   -2.362483054422810e-02    5.888301633178453e-02
    2    4,3        1,13   
    5.655781570929353e-02    5.659486753620774e-02   -2.698574404527749e-02   -2.712886812221425e-02   -2.305870490780700e-02    4.507867714873919e-02   -9.018891594399177e-03    7.549224409826701e-02
    2    4,4        1,13   
    8.570829094483051e-02   -6.321213530607331e-02    1.140663036357416e-02   -5.896902622655805e-02    1.383474434037940e-02   -5.409284329077080e-02   -1.824316683841988e-02    2.718339084273346e-02
    2    3,1        2,1    
   -6.670281474222792e-02   -5.470436473648958e-02    1.051216352793719e-01   -2.465719645648520e-03   -2.690192639052019e-02   -8.236842945638796e-02   -1.046618988538520e-01   -6.729907472902108e-02
    2    3,2        2,1    
    4.211893582100773e-02   -5.127544023517755e-02   -1.538187065939814e-01    4.742594736453598e-02    2.470468161449416e-03    5.945560721483794e-02   -3.047890366333889e-02    1.046034962540296e-04
    2    3,3        2,1    
   -2.247784631322731e-02   -8.115848306934603e-02   -1.845095854334383e-03    5.527201427013471e-03   -3.606119403855555e-02   -2.404170956021867e-02   -7.751080959889257e-03    7.112764799854154e-02
    2    3,4        2,1    
   -5.672493344548244e-02    5.514747474501024e-02    9.149288937358087e-03    3.576111131530064e-02    4.454064606327942e-02   -2.057650991498464e-02    3.966588526766376e-02   -4.036645746621025e-02
    2    3,5        2,1    
    8.878507601078754e-03   -1.114521078278982e-02    1.577498771482212e-02    9.046896641787726e-03    2.383574448332813e-02    4.408894246506784e-02    2.738645349231411e-03   -3.951746155035908e-02
    2    3,6        2,1    
   -1.177381239638520e-02   -5.034316341309798e-02    2.555290048796934e-02   -6.095439292202648e-02   -3.690468743797877e-02    2.160808138204143e-02    2.423902672566501e-02    2.186776622127866e-03
    2    3,7        2,1    
   -1.348727710335362e-02    4.412159999731800e-02    7.149316231664429e-02   -5.521791479213069e-02    4.883488059247740e-02   -1.954157434173596e-02    3.672103992572946e-02   -3.530751134081608e-02
    2    3,8        2,1    
    4.040532634538057e-02   -2.313393444291315e-02   -3.243088799790220e-02   -6.278625982171031e-02   -5.865228999537256e-02    5.818534523357248e-02    5.282713918199771e-02    2.420772151814836e-02
    2    3,9        2,1    
    1.732890566342160e-02    6.948046616660607e-02   -4.894621662371233e-02    7.168931307397544e-03   -3.555425675444530e-02    3.103591195104701e-02   -9.211034539342125e-03   -6.840795740224503e-02
    2    3,10       2,1    
   -6.830070478912678e-02    6.606722214272027e-02    7.306898023543974e-02    7.780715271633795e-02    5.617101310109373e-02    4.208613949896386e-02   -2.955735437330414e-02   -2.280707263669965e-02
    2    3,11       2,1    
    2.130646278661059e-02    1.265518995396943e-02    8.985023564209682e-03   -2.845146993525490e-03   -7.976055997812407e-03   -5.667149969393661e-03   -6.213113265389543e-02   -7.092731259780218e-02
    2    3,12       2,1    
   -1.996952873790161e-02    6.053062498587115e-02    6.434289759046276e-02    5.943372331253196e-03   -1.130000479566749e-01    1.958685952314160e-02   -9.950851115885392e-02    8.079558950494337e-02
    2    3,1        2,2    
    3.905160721669148e-02    6.901800631844273e-03    2.972601282490596e-02    5.682670217979390e-02   -8.822542137968717e-02    7.370731408757891e-02    5.963375712037996e-02    8.061856014352126e-02
    2    3,2        2,2    
   -4.981942246509029e-03   -6.563402077274091e-02    9.319175135039831e-02   -2.970971588773499e-02    4.268848060160550e-02   -4.501237253019765e-02   -4.623606719490603e-02    5.104191244840440e-03
    2    3,3        2,2    
    9.483902571810664e-03   -1.614434519664755e-02    1.590981699358207e-02    3.282515389650602e-02    8.412155134842765e-02   -1.662811529901368e-02   -4.960904769769009e-02    4.968026062819883e-02
    2    3,4        2,2    
    5.807524182817074e-02    1.669567300823366e-02   -6.733661859615327e-02   -6.880993222611076e-02    5.961521780426810e-02   -6.259146873117173e-02   -5.933145942215221e-02   -4.369244151228069e-02
    2    3,5        2,2    
    3.908929845829162e-02   -3.242196693477200e-02   -5.408131055849939e-02   -3.639379204239849e-02   -5.014699430555376e-02   -5.698377597827631e-02    4.711516958167134e-02   -4.492360236870496e-02
    2    3,6        2,2    
    1.705377621179870e-03    3.573086382407611e-02   -6.229716250137213e-03   -7.839372141662151e-03   -2.399991648825324e-02    4.176406113444189e-02    5.089070181196922e-02   -5.843484562643353e-02
    2    3,7        2,2    
    6.139310089280273e-02    4.640758387729043e-02    4.015507305313831e-02    5.330651460096293e-02    4.547288230636630e-02   -2.104132990569822e-02   -8.934209845009328e-02   -6.174058500604398e-02
    2    3,8        2,2    
    3.345722422940512e-02   -8.369412121173994e-02   -5.438038112008067e-02   -5.961224864009835e-03   -6.663068623918952e-02   -5.149770540904084e-02   -6.270946231319860e-02    5.595540531776663e-02
    2    3,9        2,2    
   -2.895490748898106e-02    7.044036576086238e-02    4.505744693716117e-03   -1.079375769280385e-02    6.996946153073813e-02    6.984491062633170e-03    2.624171970095300e-02   -2.814072351357151e-02
    2    3,10       2,2    
   -4.636782150339220e-03   -5.784564407872259e-02   -2.710442997632022e-02   -2.765388884709182e-02   -8.019605599567870e-03   -7.761033483070805e-02    4.333333155294899e-02   -6.116570670707273e-02
    2    3,11       2,2    
   -6.923228361026799e-03    7.329059599651724e-02   -5.251076675297510e-02    7.388934532231440e-03    3.822546835899771e-05    4.070010677472900e-02   -6.753822093499708e-02   -4.205522203158943e-02
    2    3,12       2,2    
   -2.107587229085284e-03   -1.542019540559310e-02   -9.712692437050668e-02   -2.059078593196098e-02   -4.795951038516501e-02   -7.490877825955715e-03   -3.916709695709302e-02    3.863042325865534e-02
    2    3,1        2,3    
   -5.357349458369681e-02   -7.691783341234811e-02    7.749235021210617e-02    1.919285459253365e-03    5.810034689725836e-02    3.355273475061322e-02    5.278255897413880e-02   -2.176026392381848e-02
    2    3,2        2,3    
   -6.544565884649926e-02    7.578578357423182e-02   -1.683688138656000e-02    2.966558123370288e-02    2.174385519129522e-02    3.621366883148385e-03   -5.585658127699336e-02    1.532191809857186e-02
    2    3,3        2,3    
    7.845923770443794e-02    7.057568553392275e-02    6.960466704467065e-02   -6.389572909981383e-03    7.800060531252037e-03   -1.112428190566875e-02    3.170049492450194e-02    5.396748316328120e-02
    2    3,4        2,3    
    4.499543377495114e-02    3.016851843218269e-02    1.115152141864068e-02   -4.695451536359760e-02    2.903382998750958e-02    1.817732702063463e-02    2.482507223228037e-02   -3.098632097221923e-02
    2    3,5        2,3    
    5.069779450785466e-02   -6.743876238351978e-02    6.429575826718922e-02    1.506819687128628e-02   -5.878670903459411e-03    7.019292384223437e-03   -1.645986083810898e-02    6.844115452590906e-02
    2    3,6        2,3    
   -2.561087471469217e-02   -8.660567982777306e-02   -5.260651786957034e-02   -3.947755789407231e-02    9.556408604377000e-03   -4.196131862531366e-03   -5.021084441182706e-02   -6.172624450602052e-02
    2    3,7        2,3    
    2.179333819389155e-03    3.932349599660180e-02   -2.743801295729399e-03   -8.619246730337416e-03    2.269273723607385e-02   -1.535084571995620e-02    6.943834942465929e-02    5.357412765049942e-02
    2    3,8        2,3    
   -2.888894202815906e-03   -2.182693115250081e-02    3.296795512625580e-02   -4.611354449473038e-02    5.843133038983252e-02    2.143141076899162e-02    1.668152293001792e-02   -6.559710754734965e-02
    2    3,9        2,3    
    6.904890257593903e-02    5.310442170946247e-02   -5.113958563385770e-02   -6.895804290269764e-02    1.164055553167774e-03    5.060517945648985e-02   -3.301254947398353e-02    7.283448478395406e-02
    2    3,10       2,3    
   -3.052845541643722e-02    6.305268166289864e-02   -9.568397968642650e-02   -4.660486201289473e-02    7.984514855247175e-02   -2.576405084790549e-02   -5.656540690846557e-02    2.867756016095727e-02
    2    3,11       2,3    
   -1.487798904360962e-02   -2.013679100763309e-03    7.087112696469899e-02    6.562875614971028e-03    2.997597631178444e-02    1.133783812785029e-02    6.760774936708798e-03    4.754422004484002e-02
    2    3,12       2,3    
   -5.465827122691606e-02    4.375591793040483e-02   -2.413240283924536e-02    6.318309040380832e-03   -9.712773615968995e-03    4.248504518423125e-02    4.310407404732512e-02    3.015195303598737e-02
    2    3,1        2,4    
    8.590347160417866e-03   -4.824743266272218e-02   -9.603947234886080e-02    9.326680462566689e-02   -4.211965059257067e-03   -3.295078885654252e-02   -6.672967617524085e-02    2.505760332888453e-02
    2    3,2        2,4    
   -2.633982420927217e-02   -2.584433641951791e-02   -8.483685614048812e-02   -2.089195453243680e-02   -4.504782214755929e-02   -6.460276019202633e-02   -7.121059340521559e-02   -3.721340720137772e-02
    2    3,3        2,4    
   -2.229935816982305e-03   -1.057581405899521e-01   -3.191207942100251e-02    1.873017040569272e-02    1.561641647666558e-02   -2.462488440260620e-02    7.494994358754235e-02   -2.078180960343235e-02
    2    3,4        2,4    
    1.077228305537390e-01    2.009170567515092e-02    1.654691824274280e-02   -2.682954233527009e-02   -4.413503598491743e-02    2.518202443137293e-03    4.087062933386592e-02   -3.831875889088480e-02
    2    3,5        2,4    
   -7.642392810097472e-03   -7.928241338414323e-05   -3.306788428744248e-02   -5.322867690830033e-02   -1.530033413559846e-02    5.398567803305155e-02   -4.123505182043313e-02   -6.336897731294515e-02
    2    3,6        2,4    
    5.146111413184479e-03   -3.285396206594818e-02    5.424012623401042e-03   -3.599816911303919e-02   -8.066067905702651e-03    5.350042072973871e-02   -5.024332644167341e-02    3.091283600905826e-02
    2    3,7        2,4    
    6.209444390864455e-02    8.361217727865353e-02   -7.252059194563837e-02    2.026551856287961e-02    7.103402233522992e-03   -6.927648138413986e-02   -5.504100961744198e-02   -9.964148907798410e-03
    2    3,8        2,4    
   -4.328945002746880e-02    4.153255616177542e-02    1.818700736128011e-02    3.547265016884197e-02    3.994077376248709e-02   -4.975142871836192e-02    7.022209959954033e-02    5.078262139589417e-02
    2    3,9        2,4    
   -3.157047415966285e-02    2.467652034509460e-03   -6.027604577247615e-02   -6.992980230506654e-02    3.799016318230843e-02   -3.809956871991959e-02    4.708524852729413e-02    4.042305960883023e-02
    2    3,10       2,4    
   -6.377673686941758e-02    5.275323554185978e-03   -3.738511266366535e-02   -3.174674325850853e-02    2.062145524457996e-02   -6.838196343636607e-02    5.613131244922279e-02    6.784353150760257e-02
    2    3,11       2,4    
    2.012361880549016e-02   -2.932679100744484e-02    6.216267974139249e-02   -1.189261897712878e-02   -1.785849013543368e-02   -5.310330682764898e-02    7.665702488750929e-02    1.668587693826457e-02
    2    3,12       2,4    
    3.375619464168450e-03   -4.543443052121106e-02   -4.308571068161477e-05   -1.047499764278955e-01    3.701721400366154e-02   -4.254957681433170e-02   -3.295975094878731e-02   -2.119917149760757e-02
    2    3,1        2,5    
   -3.626069452219092e-02    9.939779470295104e-02    6.614343827815792e-04   -1.303706223472295e-01   -1.339311737628177e-01   -4.813171757819368e-02   -6.564048326553236e-02   -4.868168174690927e-02
    2    3,2        2,5    
    1.050355066704984e-01   -1.729774715193415e-02   -5.415473506528019e-02    1.937754188968960e-02    3.915985936289951e-02   -1.668777353826892e-03    1.288444809512094e-01    7.969538586845447e-02
    2    3,3        2,5    
   -6.535107217296264e-03    9.637459695312859e-03   -6.247714532450767e-02   -6.659456124473786e-03    1.654159424146495e-02   -1.892167829917804e-02    1.745630231198591e-02    4.070081728794677e-02
    2    3,4        2,5    
   -6.713689969428614e-02   -2.266258580696089e-02   -2.840805549464597e-02    5.758803580397121e-02   -7.934992206206185e-02    4.546407561793899e-02   -6.508949641854074e-03   -6.912489755113642e-02
    2    3,5        2,5    
    1.091343807335671e-01    2.588789108553314e-02    1.357802437090123e-02    7.707721419361600e-02   -4.373353230120114e-02   -1.778077500793829e-02    8.858205952403135e-03    7.016338789511488e-02
    2    3,6        2,5    
    6.738893586135036e-03    2.294041796540663e-02    2.064852375685540e-02   -6.131771368575649e-02   -6.306129802223617e-02   -5.617735124463309e-03    5.138492361023576e-02    5.993275367488430e-03
    2    3,7        2,5    
    4.142635257187391e-02    1.661859935116507e-02    4.920354580131622e-02    6.623189598931842e-02   -8.046375079921905e-02   -8.832616318810257e-02   -8.749710064676128e-02   -1.942075327265837e-02
    2    3,8        2,5    
   -1.124322929511114e-01   -6.447054189478343e-02   -1.232371059733163e-02    3.063752732190335e-02   -1.710742103414875e-02    3.141741555703952e-02    3.367172554157800e-02    4.757401775325259e-03
    2    3,9        2,5    
   -2.086441907590713e-02    7.958359007373078e-02   -4.573044620330234e-02    5.897037530799037e-03   -3.394302401295210e-02    3.550854875350113e-02    5.971668729678341e-03    6.183008966154346e-02
    2    3,10       2,5    
   -9.677167352041868e-02    1.424457879428093e-02   -5.548305182185426e-03    4.884561421089117e-02   -3.503676513709764e-02    1.713924858516268e-02    5.326596380403324e-02   -7.941872038803763e-02
    2    3,11       2,5    
    3.116717344927156e-02   -2.071494271961066e-02    4.504375634695479e-02   -1.609824545489206e-02    3.195301602185511e-02   -5.350878877420097e-02    7.977987419083159e-02   -4.901606167199798e-02
    2    3,12       2,5    
   -5.224705936138813e-02    9.629587725198348e-02    5.498119960700913e-03   -1.177896729266758e-01   -1.337197945660968e-01   -1.957467912695563e-02    8.711756387819137e-03    1.422071882496961e-02
    2    3,1        2,6    
    3.045383797222428e-02   -7.980948251800432e-02    1.721145780501960e-02    6.755534754303946e-02   -6.372428295012680e-02    5.458403001100717e-02    7.982485481665265e-02   -4.666710197759348e-02
    2    3,2        2,6    
   -1.328944518507198e-02    4.356861777828687e-02    1.919215735771742e-02   -2.633076330516097e-02    4.140273627644938e-02   -7.376760821826964e-02    2.509338624771327e-02    5.296479705277740e-02
    2    3,3        2,6    
    3.601871100364651e-02    2.380484045353187e-02    2.590893524196346e-02    8.598677109086548e-03    1.456833194813832e-02    2.623071420884327e-02   -1.585706248824352e-02   -6.353194706550935e-02
    2    3,4        2,6    
    3.874752607706992e-02    4.244232040717124e-02   -1.836578259824987e-02    3.102402512376507e-02    2.249395996543774e-02   -4.479827584248100e-02   -4.530931653656334e-02   -3.713754627964489e-02
    2    3,5        2,6    
   -3.402868016894072e-02    7.155893874040871e-03    1.941005268227299e-03   -4.593484341236417e-02   -3.254254960834185e-03    6.986685000389209e-02   -3.472115973253785e-02   -1.521608810889952e-03
    2    3,6        2,6    
   -5.243840276481850e-02    2.578416754101353e-02   -1.416361961876452e-02    7.608108277675728e-02    3.894195209400082e-02   -2.843175414872944e-02    5.410043963352980e-02    1.176101815129930e-02
    2    3,7        2,6    
   -5.279749511452957e-02   -7.443622579278475e-02   -6.668455933389902e-02   -3.387392321590997e-02    3.818392832143259e-02   -2.947332105652866e-02   -2.189208732565904e-02   -5.498417230288347e-02
    2    3,8        2,6    
   -1.640364581254142e-02   -2.903333154546081e-02    6.429308870412677e-02   -4.773109596216783e-02    2.164679619830063e-02    2.962775049132483e-02    6.713006667863544e-02   -4.262810240264456e-02
    2    3,9        2,6    
    1.287705403716930e-02   -6.128987672048042e-02   -6.326977210182800e-03   -9.471265396480490e-02    4.035083207190718e-02    2.796110786120682e-02   -5.921734786810221e-02    3.187863810372363e-02
    2    3,10       2,6    
   -5.924383797105524e-02    1.541719733081550e-03   -2.151851218889528e-02    1.865103450599749e-02   -3.344451047566067e-02    5.716070823601487e-02    2.320556163585355e-02    3.921795709825091e-02
    2    3,11       2,6    
   -5.567363898065444e-02    7.480567529458781e-03   -8.426442961744697e-02    2.583306763306735e-03    4.391750467136219e-02   -5.658788206770193e-02    6.274735492112721e-02   -3.392432092131130e-02
    2    3,12       2,6    
    9.470844679023645e-02   -9.211169902220791e-02   -8.228113359559379e-02   -7.823250976759791e-03    4.405384293259787e-02   -2.358517755674199e-02    7.511685341462758e-02    1.135653665716467e-02
    2    3,1        2,7    
    7.121687262994239e-02    2.166801529625224e-03   -9.925116519391337e-03   -1.500980544928571e-03   -5.104894214941714e-02   -1.440738759398069e-02   -5.405091064749952e-03    1.363015117600068e-02
    2    3,2        2,7    
   -4.426475006983813e-02    1.396555006738329e-02   -6.422796534987059e-02   -3.927555829251404e-02   -1.698265189338543e-02   -2.590298214323185e-02    9.248070410593469e-02    9.749255962378302e-04
    2    3,3        2,7    
    1.669589250095097e-02   -5.800470888383773e-02    1.498383932214497e-02    1.003048978422515e-02    9.258823941946218e-03   -1.439338965292408e-01    7.373802236977942e-02    5.865827120154698e-02
    2    3,4        2,7    
   -2.445842134356260e-03    5.522720348033092e-02   -1.488190858769153e-02    3.942303025430999e-02   -2.373911879331663e-02   -2.897292143382985e-02    4.407770203249776e-02    9.147759577119547e-03
    2    3,5        2,7    
   -8.150702743302629e-02    4.021142279234204e-02   -7.310354492754836e-02    1.438396260634519e-02   -3.813111844977500e-02   -1.633999268869343e-02    7.308080675679569e-02    5.154843909775052e-02
    2    3,6        2,7    
    2.684742127027612e-02    7.967057054954288e-02    7.257383485048531e-02   -7.107237004715801e-02   -1.102691297830103e-01    4.398594873789298e-01   -7.494580347712657e-02    2.022363634035134e-02
    2    3,7        2,7    
   -1.026863025079593e-01   -6.641612727940106e-02    2.887839735182833e-02    3.097599320072386e-02    1.102291315847395e-02    1.008763480180290e-02    9.756576219506152e-03    5.868841379129660e-02
    2    3,8        2,7    
   -3.072370129704822e-02   -1.584089374406908e-02   -2.270123429879353e-02    4.445697515472457e-02   -6.419949505414436e-02    2.156563387240771e-02   -1.514772213020197e-02   -2.653222381938072e-02
    2    3,9        2,7    
    5.551870875465922e-02   -2.530448772419298e-02   -3.681234467137173e-02   -2.686342666464273e-02   -3.005467829491362e-02   -5.324899050974030e-02    6.399026198230303e-03   -5.296238597991923e-02
    2    3,10       2,7    
    4.763216906753818e-02   -1.355051653178854e-02    2.948515320936772e-02    5.306341568004634e-02   -2.055101835226266e-02   -1.045572882532053e-01    4.485853650475149e-02   -4.209212756584651e-02
    2    3,11       2,7    
    7.981304595568038e-02    4.260920972017213e-02    7.761544503840614e-02   -8.469390294109656e-02    8.036315615301844e-02    9.806378749324957e-02   -4.270328659189516e-03    4.618755139028143e-02
    2    3,12       2,7    
   -1.252878033957656e-02    8.007972022547755e-02   -8.243229933831598e-03    4.977115334966247e-02    5.331784267487431e-02   -8.216351238357664e-02    6.294730595288615e-02    3.372283164829185e-02
    3    4,4        1,8        1,8    
    0.000000000000000e+00    0.000000000000000e+00    0.000000000000000e+00    0.000000000000000e+00    0.000000000000000e+00    0.000000000000000e+00    0.000000000000000e+00    0.000000000000000e+00
    3    4,4        1,13       1,8    
    0.000000000000000e+00    0.000000000000000e+00    0.000000000000000e+00    0.000000000000000e+00    0.000000000000000e+00    0.000000000000000e+00    0.000000000000000e+00    0.000000000000000e+00
    3    3,6        2,7        1,8    
    0.000000000000000e+00    0.000000000000000e+00    0.000000000000000e+00    0.000000000000000e+00    0.000000000000000e+00    0.000000000000000e+00    0.000000000000000e+00    0.000000000000000e+00
    3    3,12       2,7        1,8    
    0.000000000000000e+00    0.000000000000000e+00    0.000000000000000e+00    0.000000000000000e+00    0.000000000000000e+00    0.000000000000000e+00    0.000000000000000e+00    0.000000000000000e+00
    3    4,4        1,13       1,13   
    0.000000000000000e+00    0.000000000000000e+00    0.000000000000000e+00    0.000000000000000e+00    0.000000000000000e+00    0.000000000000000e+00    0.000000000000000e+00    0.000000000000000e+00
    3    3,6        2,7        1,13   
    0.000000000000000e+00    0.000000000000000e+00    0.000000000000000e+00    0.000000000000000e+00    0.000000000000000e+00    0.000000000000000e+00    0.000000000000000e+00    0.000000000000000e+00
    3    3,12       2,7        1,13   
    0.000000000000000e+00    0.000000000000000e+00    0.000000000000000e+00    0.000000000000000e+00    0.000000000000000e+00    0.000000000000000e+00    0.000000000000000e+00    0.000000000000000e+00
    3    4,4        2,7        2,7    
    0.000000000000000e+00    0.000000000000000e+00    0.000000000000000e+00    0.000000000000000e+00    0.000000000000000e+00    0.000000000000000e+00    0.000000000000000e+00    0.000000000000000e+00
    3    4,4        3,6        3,6    
    0.000000000000000e+00    0.000000000000000e+00    0.000000000000000e+00    0.000000000000000e+00    0.000000000000000e+00    0.000000000000000e+00    0.000000000000000e+00    0.000000000000000e+00
    3    4,4        3,12       3,6    
    0.000000000000000e+00    0.000000000000000e+00    0.000000000000000e+00    0.000000000000000e+00    0.000000000000000e+00    0.000000000000000e+00    0.000000000000000e+00    0.000000000000000e+00
    3    4,4        3,12       3,12   
    0.000000000000000e+00    0.000000000000000e+00    0.000000000000000e+00    0.000000000000000e+00    0.000000000000000e+00    0.000000000000000e+00    0.000000000000000e+00    0.000000000000000e+00
    3    4,4        4,4        4,4    
    0.000000000000000e+00    0.000000000000000e+00    0.000000000000000e+00    0.000000000000000e+00    0.000000000000000e+00    0.000000000000000e+00    0.000000000000000e+00    0.000000000000000e+00
    4    4,4        1,8        1,8        1,8    
    0.000000000000000e+00    0.000000000000000e+00    0.000000000000000e+00    0.000000000000000e+00    0.000000000000000e+00    0.000000000000000e+00    0.000000000000000e+00    0.000000000000000e+00
    4    4,4        1,13       1,8        1,8    
    0.000000000000000e+00    0.000000000000000e+00    0.000000000000000e+00    0.000000000000000e+00    0.000000000000000e+00    0.000000000000000e+00    0.000000000000000e+00    0.000000000000000e+00
    4    3,6        2,7        1,8        1,8    
    0.000000000000000e+00    0.000000000000000e+00    0.000000000000000e+00    0.000000000000000e+00    0.000000000000000e+00    0.000000000000000e+00    0.000000000000000e+00    0.000000000000000e+00
    4    3,12       2,7        1,8        1,8    
    0.000000000000000e+00    0.000000000000000e+00    0.000000000000000e+00    0.000000000000000e+00    0.000000000000000e+00    0.000000000000000e+00    0.000000000000000e+00    0.000000000000000e+00
    4    4,4        1,13       1,13       1,8    
    0.000000000000000e+00    0.000000000000000e+00    0.000000000000000e+00    0.000000000000000e+00    0.000000000000000e+00    0.000000000000000e+00    0.000000000000000e+00    0.000000000000000e+00
    4    3,6        2,7        1,13       1,8    
    0.000000000000000e+00    0.000000000000000e+00    0.000000000000000e+00    0.000000000000000e+00    0.000000000000000e+00    0.000000000000000e+00    0.000000000000000e+00    0.000000000000000e+00
    4    3,12       2,7        1,13       1,8    
    0.000000000000000e+00    0.000000000000000e+00    0.000000000000000e+00    0.000000000000000e+00    0.000000000000000e+00    0.000000000000000e+00    0.000000000000000e+00    0.000000000000000e+00
    4    4,4        2,7        2,7        1,8    
    0.000000000000000e+00    0.000000000000000e+00    0.000000000000000e+00    0.000000000000000e+00    0.000000000000000e+00    0.000000000000000e+00    0.000000000000000e+00    0.000000000000000e+00
    4    4,4        3,6        3,6        1,8    
    0.000000000000000e+00    0.000000000000000e+00    0.000000000000000e+00    0.000000000000000e+00    0.000000000000000e+00    0.000000000000000e+00    0.000000000000000e+00    0.000000000000000e+00
    4    4,4        3,12       3,6        1,8    
    0.000000000000000e+00    0.000000000000000e+00    0.000000000000000e+00    0.000000000000000e+00    0.000000000000000e+00    0.000000000000000e+00    0.000000000000000e+00    0.000000000000000e+00
    4    4,4        3,12       3,12       1,8    
    0.000000000000000e+00    0.000000000000000e+00    0.000000000000000e+00    0.000000000000000e+00    0.000000000000000e+00    0.000000000000000e+00    0.000000000000000e+00    0.000000000000000e+00
    4    4,4        4,4        4,4        1,8    
    0.000000000000000e+00    0.000000000000000e+00    0.000000000000000e+00    0.000000000000000e+00    0.000000000000000e+00    0.000000000000000e+00    0.000000000000000e+00    0.000000000000000e+00
    4    4,4        1,13       1,13       1,13   
    0.000000000000000e+00    0.000000000000000e+00    0.000000000000000e+00    0.000000000000000e+00    0.000000000000000e+00    0.000000000000000e+00    0.000000000000000e+00    0.000000000000000e+00
    4    3,6        2,7        1,13       1,13   
    0.000000000000000e+00    0.000000000000000e+00    0.000000000000000e+00    0.000000000000000e+00    0.000000000000000e+00    0.000000000000000e+00    0.000000000000000e+00    0.000000000000000e+00
    4    3,12       2,7        1,13       1,13   
    0.000000000000000e+00    0.000000000000000e+00    0.000000000000000e+00    0.000000000000000e+00    0.000000000000000e+00    0.000000000000000e+00    0.000000000000000e+00    0.000000000000000e+00
    4    4,4        2,7        2,7        1,13   
    0.000000000000000e+00    0.000000000000000e+00    0.000000000000000e+00    0.000000000000000e+00    0.000000000000000e+00    0.000000000000000e+00    0.000000000000000e+00    0.000000000000000e+00
    4    4,4        3,6        3,6        1,13   
    0.000000000000000e+00    0.000000000000000e+00    0.000000000000000e+00    0.000000000000000e+00    0.000000000000000e+00    0.000000000000000e+00    0.000000000000000e+00    0.000000000000000e+00
    4    4,4        3,12       3,6        1,13   
    0.000000000000000e+00    0.000000000000000e+00    0.000000000000000e+00    0.000000000000000e+00    0.000000000000000e+00    0.000000000000000e+00    0.000000000000000e+00    0.000000000000000e+00
    4    4,4        3,12       3,12       1,13   
    0.000000000000000e+00    0.000000000000000e+00    0.000000000000000e+00    0.000000000000000e+00    0.000000000000000e+00    0.000000000000000e+00    0.000000000000000e+00    0.000000000000000e+00
    4    4,4        4,4        4,4        1,13   
    0.000000000000000e+00    0.000000000000000e+00    0.000000000000000e+00    0.000000000000000e+00    0.000000000000000e+00    0.000000000000000e+00    0.000000000000000e+00    0.000000000000000e+00
    4    3,6        2,7        2,7        2,7    
    0.000000000000000e+00    0.000000000000000e+00    0.000000000000000e+00    0.000000000000000e+00    0.000000000000000e+00    0.000000000000000e+00    0.000000000000000e+00    0.000000000000000e+00
    4    3,12       2,7        2,7        2,7    
    0.000000000000000e+00    0.000000000000000e+00    0.000000000000000e+00    0.000000000000000e+00    0.000000000000000e+00    0.000000000000000e+00    0.000000000000000e+00    0.000000000000000e+00
    4    3,6        3,6        3,6        2,7    
    0.000000000000000e+00    0.000000000000000e+00    0.000000000000000e+00    0.000000000000000e+00    0.000000000000000e+00    0.000000000000000e+00    0.000000000000000e+00    0.000000000000000e+00
    4    3,12       3,6        3,6        2,7    
    0.000000000000000e+00    0.000000000000000e+00    0.000000000000000e+00    0.000000000000000e+00    0.000000000000000e+00    0.000000000000000e+00    0.000000000000000e+00    0.000000000000000e+00
    4    3,12       3,12       3,6        2,7    
    0.000000000000000e+00    0.000000000000000e+00    0.000000000000000e+00    0.000000000000000e+00    0.000000000000000e+00    0.000000000000000e+00    0.000000000000000e+00    0.000000000000000e+00
    4    4,4        4,4        3,6        2,7    
    0.000000000000000e+00    0.000000000000000e+00    0.000000000000000e+00    0.000000000000000e+00    0.000000000000000e+00    0.000000000000000e+00    0.000000000000000e+00    0.000000000000000e+00
    4    3,12       3,12       3,12       2,7    
    0.000000000000000e+00    0.000000000000000e+00    0.000000000000000e+00    0.000000000000000e+00    0.000000000000000e+00    0.000000000000000e+00    0.000000000000000e+00    0.000000000000000e+00
    4    4,4        4,4        3,12       2,7    
    0.000000000000000e+00    0.000000000000000e+00    0.000000000000000e+00    0.000000000000000e+00    0.000000000000000e+00    0.000000000000000e+00    0.000000000000000e+00    0.000000000000000e+00
