  -0.172966e-07   0.578314e-07   0.602499e-01
   0.259030e-07  -0.656880e-08  -0.505118e-01
  -0.124621e-07  -0.216393e-02   0.619629e-01
  -0.380897e-08   0.216415e-02   0.619629e-01
  -0.120554e-07   0.112236e-01  -0.532853e-01
   0.641520e-08  -0.112239e-01  -0.532854e-01
   0.110402e-07   0.151725e-06  -0.499734e-02
  -0.243848e-09  -0.128736e-01  -0.104981e-01
   0.352188e-10   0.128735e-01  -0.104981e-01
   0.991747e-09   0.210934e-02   0.980778e-03
  -0.257385e-08  -0.210951e-02   0.980828e-03
   0.284778e-08  -0.250473e-03  -0.120945e-02
   0.514536e-09   0.250554e-03  -0.120938e-02
   0.693041e-09  -0.789951e-08  -0.642460e-03
  -0.758130e-08   0.510768e-07   0.595793e-01
   0.289727e-07  -0.324353e-08  -0.553598e-01
  -0.404821e-08   0.800426e-03   0.651793e-01
  -0.243387e-08  -0.800199e-03   0.651793e-01
  -0.258538e-08   0.158393e-01  -0.504509e-01
  -0.222196e-07  -0.158395e-01  -0.504510e-01
   0.104301e-07   0.148947e-06  -0.109116e-01
   0.125722e-08  -0.128676e-01  -0.105865e-01
   0.162597e-08   0.128676e-01  -0.105864e-01
  -0.111325e-08   0.279119e-02   0.461875e-03
  -0.344033e-08  -0.279137e-02   0.461928e-03
  -0.352285e-09  -0.426868e-04  -0.872415e-03
   0.161115e-08   0.427716e-04  -0.872345e-03
  -0.122881e-09  -0.855509e-08  -0.770735e-03
   0.599282e-08   0.677451e-07   0.609523e-01
  -0.197641e-08  -0.792056e-08  -0.455278e-01
   0.137150e-07  -0.508134e-02   0.586821e-01
  -0.124998e-07   0.508155e-02   0.586822e-01
  -0.401576e-08   0.684704e-02  -0.560229e-01
   0.461806e-08  -0.684728e-02  -0.560228e-01
   0.151581e-08   0.153813e-06   0.677355e-03
  -0.209370e-08  -0.128801e-01  -0.104046e-01
   0.812483e-09   0.128800e-01  -0.104045e-01
   0.271491e-09   0.143094e-02   0.150148e-02
  -0.110374e-08  -0.143110e-02   0.150153e-02
  -0.221145e-08  -0.454748e-03  -0.154868e-02
  -0.270253e-08   0.454823e-03  -0.154862e-02
  -0.322224e-09  -0.727885e-08  -0.517007e-03
  -0.385617e-08   0.569526e-07   0.601630e-01
  -0.676674e-08   0.119938e-08  -0.498557e-01
   0.726673e-08  -0.206683e-02   0.697563e-01
   0.602485e-10   0.206705e-02   0.697563e-01
   0.541717e-08   0.114245e-01  -0.608428e-01
   0.938009e-08  -0.114248e-01  -0.608428e-01
  -0.148281e-07   0.159291e-06  -0.602238e-02
  -0.145324e-08  -0.128717e-01  -0.104961e-01
   0.244099e-08   0.128716e-01  -0.104961e-01
  -0.294625e-08   0.204879e-02   0.119596e-02
   0.208336e-08  -0.204897e-02   0.119601e-02
   0.673339e-09  -0.328454e-03  -0.143868e-02
   0.372916e-08   0.328537e-03  -0.143861e-02
  -0.120059e-08  -0.756098e-08  -0.634257e-03
   0.195046e-08   0.676668e-07   0.603263e-01
  -0.509421e-08  -0.126158e-07  -0.511523e-01
   0.122133e-08  -0.225184e-02   0.544580e-01
  -0.545100e-08   0.225205e-02   0.544581e-01
   0.224780e-08   0.110105e-01  -0.460173e-01
  -0.615217e-08  -0.110107e-01  -0.460173e-01
   0.173657e-07   0.147817e-06  -0.397716e-02
  -0.144049e-08  -0.128725e-01  -0.104995e-01
   0.878115e-11   0.128725e-01  -0.104995e-01
   0.732710e-09   0.216942e-02   0.768763e-03
   0.936415e-09  -0.216958e-02   0.768812e-03
  -0.188345e-08  -0.172802e-03  -0.982920e-03
  -0.322864e-08   0.172880e-03  -0.982854e-03
  -0.121321e-08  -0.916375e-08  -0.651124e-03
   0.636793e-08   0.807516e-07   0.615684e-01
   0.806933e-08  -0.125082e-07  -0.406347e-01
  -0.166626e-07   0.275863e-03   0.566187e-01
  -0.427945e-08  -0.275644e-03   0.566188e-01
   0.178023e-08   0.124976e-01  -0.538792e-01
  -0.900280e-08  -0.124978e-01  -0.538791e-01
   0.170354e-07   0.155818e-06  -0.487844e-02
  -0.238365e-08  -0.128730e-01  -0.104078e-01
  -0.353323e-11   0.128729e-01  -0.104078e-01
   0.361956e-09   0.156487e-02   0.134468e-02
   0.392541e-09  -0.156503e-02   0.134473e-02
   0.201116e-08  -0.300836e-03  -0.138941e-02
  -0.153136e-08   0.300912e-03  -0.138935e-02
  -0.215518e-08  -0.761702e-08  -0.629495e-03
   0.182102e-08   0.507857e-07   0.590161e-01
   0.101950e-08  -0.637417e-08  -0.601200e-01
   0.441075e-08  -0.441254e-02   0.671649e-01
  -0.642660e-08   0.441276e-02   0.671650e-01
   0.460547e-08   0.997464e-02  -0.527342e-01
   0.158215e-08  -0.997489e-02  -0.527343e-01
   0.247838e-08   0.151921e-06  -0.511260e-02
  -0.170530e-08  -0.128709e-01  -0.105813e-01
  -0.935032e-09   0.128708e-01  -0.105813e-01
   0.938555e-09   0.264115e-02   0.621155e-03
  -0.348968e-08  -0.264131e-02   0.621204e-03
  -0.261339e-08  -0.199945e-03  -0.103522e-02
   0.564422e-10   0.200028e-03  -0.103515e-02
  -0.174227e-08  -0.744412e-08  -0.654332e-03
   0.416324e-08   0.582338e-07   0.602568e-01
   0.434672e-08   0.234044e-08  -0.505242e-01
   0.107138e-07  -0.212202e-02   0.619425e-01
  -0.124269e-07   0.212224e-02   0.619426e-01
   0.146924e-07   0.111064e-01  -0.530402e-01
  -0.115256e-07  -0.111066e-01  -0.530402e-01
  -0.129735e-07   0.152446e-06   0.209823e-02
   0.151262e-08  -0.128746e-01  -0.104998e-01
   0.234711e-09   0.128745e-01  -0.104998e-01
  -0.410579e-08   0.212183e-02   0.998268e-03
   0.341584e-08  -0.212200e-02   0.998318e-03
   0.331456e-09  -0.210560e-03  -0.124276e-02
  -0.829182e-09   0.210640e-03  -0.124269e-02
   0.245014e-08  -0.100543e-07  -0.814701e-02
   0.641814e-08   0.584543e-07   0.602415e-01
  -0.828794e-09  -0.647942e-08  -0.504982e-01
   0.181227e-07  -0.220769e-02   0.619824e-01
  -0.103898e-07   0.220791e-02   0.619824e-01
  -0.825740e-08   0.113386e-01  -0.535324e-01
  -0.873702e-08  -0.113388e-01  -0.535324e-01
   0.127425e-07   0.149134e-06  -0.116821e-01
  -0.263212e-08  -0.128723e-01  -0.104963e-01
   0.136952e-08   0.128722e-01  -0.104962e-01
  -0.414780e-08   0.209801e-02   0.963437e-03
  -0.547129e-11  -0.209818e-02   0.963487e-03
  -0.125703e-08  -0.289343e-03  -0.117695e-02
  -0.177770e-08   0.289424e-03  -0.117688e-02
  -0.619697e-09  -0.576968e-08   0.645805e-02
   0.184506e-08   0.617920e-07   0.602649e-01
  -0.677809e-08  -0.127523e-07  -0.504785e-01
  -0.137310e-08  -0.237691e-02   0.619783e-01
   0.140085e-07   0.237713e-02   0.619784e-01
   0.277066e-08   0.697113e-02  -0.507586e-01
  -0.616123e-08  -0.697137e-02  -0.507586e-01
   0.141868e-09   0.143520e-06  -0.467891e-02
  -0.728674e-09  -0.128782e-01  -0.104989e-01
  -0.305166e-08   0.128782e-01  -0.104988e-01
  -0.389479e-11   0.215471e-02   0.993308e-03
  -0.328065e-08  -0.215487e-02   0.993357e-03
   0.236753e-08   0.428491e-02  -0.391083e-02
   0.373521e-09  -0.428483e-02  -0.391076e-02
  -0.129857e-09  -0.670308e-08  -0.714307e-03
  -0.486986e-08   0.526337e-07   0.602338e-01
  -0.133506e-07   0.455870e-08  -0.505452e-01
   0.101603e-07  -0.195087e-02   0.619457e-01
   0.122875e-07   0.195108e-02   0.619458e-01
   0.106939e-07   0.152976e-01  -0.557056e-01
  -0.177667e-07  -0.152978e-01  -0.557056e-01
   0.807794e-08   0.158403e-06  -0.531552e-02
  -0.102035e-08  -0.128688e-01  -0.104973e-01
  -0.159414e-08   0.128687e-01  -0.104973e-01
   0.436555e-09   0.206489e-02   0.968461e-03
  -0.129010e-08  -0.206506e-02   0.968512e-03
   0.538241e-09  -0.461065e-02   0.138761e-02
  -0.104768e-08   0.461074e-02   0.138768e-02
  -0.125494e-08  -0.873558e-08  -0.571030e-03
   0.151251e-08   0.578590e-07   0.602851e-01
   0.179469e-08  -0.851324e-08  -0.508571e-01
   0.147144e-08  -0.649277e-02   0.594137e-01
   0.368008e-08   0.649299e-02   0.594138e-01
   0.397040e-08   0.110027e-01  -0.532819e-01
  -0.179556e-07  -0.110030e-01  -0.532819e-01
   0.736820e-08   0.161745e-06  -0.504658e-02
  -0.129058e-08  -0.128902e-01  -0.104827e-01
  -0.203602e-08   0.128901e-01  -0.104827e-01
  -0.588451e-09   0.671917e-02   0.371823e-02
   0.213938e-08  -0.671934e-02   0.371828e-02
   0.464030e-09  -0.206254e-03  -0.122329e-02
   0.156477e-08   0.206334e-03  -0.122322e-02
  -0.209487e-08  -0.728737e-08  -0.669699e-03
   0.316244e-08   0.591185e-07   0.602132e-01
  -0.202099e-07  -0.580353e-08  -0.501643e-01
   0.769282e-08   0.198367e-02   0.644034e-01
  -0.265751e-08  -0.198345e-02   0.644034e-01
  -0.561257e-08   0.114449e-01  -0.532873e-01
   0.223674e-07  -0.114452e-01  -0.532873e-01
  -0.107381e-07   0.150931e-06  -0.494686e-02
   0.368066e-09  -0.128567e-01  -0.105136e-01
  -0.368082e-09   0.128566e-01  -0.105135e-01
   0.149875e-09  -0.232186e-02  -0.165015e-02
   0.356729e-08   0.232169e-02  -0.165010e-02
   0.934386e-09  -0.294352e-03  -0.119567e-02
  -0.863763e-10   0.294432e-03  -0.119560e-02
   0.143027e-08  -0.764208e-08  -0.615590e-03
  -0.655855e-08   0.637089e-07   0.719463e-01
  -0.112358e-08  -0.124177e-08  -0.614373e-01
   0.793635e-08  -0.212730e-02   0.613338e-01
  -0.246576e-08   0.212753e-02   0.613339e-01
   0.726013e-08   0.113395e-01  -0.532002e-01
  -0.396644e-08  -0.113398e-01  -0.532002e-01
  -0.782624e-08   0.161238e-06  -0.504023e-02
   0.699633e-09  -0.131710e-01  -0.103629e-01
   0.173470e-08   0.131709e-01  -0.103628e-01
   0.320132e-08   0.212588e-02   0.104543e-02
  -0.924796e-10  -0.212606e-02   0.104549e-02
  -0.281639e-09  -0.249822e-03  -0.122747e-02
  -0.107449e-08   0.249904e-03  -0.122740e-02
   0.255704e-08  -0.964793e-08  -0.646349e-03
  -0.837864e-08   0.577187e-07   0.492298e-01
   0.175047e-07  -0.189716e-07  -0.402278e-01
  -0.549717e-08  -0.219337e-02   0.625758e-01
   0.268976e-08   0.219358e-02   0.625759e-01
  -0.503378e-08   0.111107e-01  -0.533611e-01
  -0.380538e-08  -0.111109e-01  -0.533611e-01
  -0.347296e-08   0.151304e-06  -0.496701e-02
   0.196875e-09  -0.125889e-01  -0.106408e-01
   0.336183e-09   0.125888e-01  -0.106407e-01
   0.240733e-08   0.209209e-02   0.918647e-03
   0.238627e-08  -0.209225e-02   0.918693e-03
   0.236771e-08  -0.250788e-03  -0.119103e-02
   0.393976e-10   0.250868e-03  -0.119097e-02
  -0.174025e-08  -0.653480e-08  -0.638214e-03
   0.713592e-08   0.651621e-07   0.540726e-01
  -0.178844e-07  -0.335375e-08  -0.502234e-01
   0.820208e-08  -0.218731e-02   0.619480e-01
  -0.798805e-08   0.218752e-02   0.619481e-01
   0.538410e-08   0.112471e-01  -0.532872e-01
   0.901393e-08  -0.112474e-01  -0.532872e-01
  -0.510802e-08   0.155072e-06  -0.499882e-02
  -0.307208e-09  -0.778559e-02  -0.753103e-02
   0.283327e-09   0.778550e-02  -0.753100e-02
  -0.621049e-09   0.210570e-02   0.974688e-03
   0.122816e-08  -0.210587e-02   0.974738e-03
   0.314310e-08  -0.255845e-03  -0.120992e-02
  -0.166513e-08   0.255927e-03  -0.120985e-02
  -0.816782e-09  -0.832778e-08  -0.639786e-03
   0.776680e-09   0.564712e-07   0.661916e-01
   0.178549e-08  -0.628109e-08  -0.508108e-01
  -0.322790e-08  -0.213922e-02   0.619768e-01
  -0.123233e-07   0.213943e-02   0.619768e-01
   0.543431e-08   0.112005e-01  -0.532817e-01
   0.827033e-08  -0.112008e-01  -0.532817e-01
  -0.196720e-08   0.151786e-06  -0.499798e-02
   0.258492e-09  -0.177471e-01  -0.133416e-01
   0.172943e-08   0.177470e-01  -0.133416e-01
   0.303643e-08   0.211269e-02   0.986656e-03
  -0.188226e-08  -0.211285e-02   0.986706e-03
  -0.326404e-08  -0.245055e-03  -0.120898e-02
  -0.115294e-08   0.245134e-03  -0.120891e-02
   0.252644e-08  -0.781356e-08  -0.645154e-03
  -0.104615e-06   0.173795e-07   0.589285e-01
   0.900703e-07   0.763341e-07  -0.597157e-01
  -0.149940e-07   0.215022e-02   0.672516e-01
  -0.753795e-07  -0.214998e-02   0.672518e-01
   0.129533e-07   0.107018e-01  -0.530250e-01
  -0.452348e-07  -0.107021e-01  -0.530251e-01
  -0.149080e-07   0.116747e-06  -0.382232e-02
   0.483609e-08  -0.128732e-01  -0.106487e-01
   0.315674e-07   0.128731e-01  -0.106487e-01
   0.274511e-07   0.358380e-02  -0.212375e-03
   0.450456e-07  -0.358398e-02  -0.212302e-03
   0.249867e-07  -0.693955e-04  -0.829482e-03
  -0.135695e-08   0.694200e-04  -0.829451e-03
   0.195774e-07  -0.170118e-07  -0.462980e-03
  -0.155376e-07   0.421114e-07   0.616899e-01
   0.232852e-07  -0.156069e-07  -0.409523e-01
  -0.829384e-08  -0.639612e-02   0.565264e-01
  -0.229839e-07   0.639634e-02   0.565265e-01
  -0.546476e-08   0.118293e-01  -0.536115e-01
   0.730364e-08  -0.118296e-01  -0.536115e-01
  -0.208494e-07   0.161987e-06  -0.624835e-02
   0.122476e-07  -0.128755e-01  -0.103343e-01
   0.174815e-07   0.128755e-01  -0.103343e-01
   0.426519e-08   0.679391e-03   0.218197e-02
   0.406201e-08  -0.679551e-03   0.218202e-02
   0.161026e-08  -0.431642e-03  -0.159886e-02
   0.602121e-09   0.431711e-03  -0.159879e-02
   0.227192e-08  -0.589433e-08  -0.816851e-03
   0.655479e-08   0.465746e-07   0.589614e-01
   0.412765e-09   0.236377e-08  -0.599976e-01
   0.333370e-08   0.313535e-02   0.673945e-01
  -0.130136e-07  -0.313514e-02   0.673945e-01
  -0.200462e-08   0.856259e-02  -0.519721e-01
   0.684039e-08  -0.856285e-02  -0.519722e-01
   0.721701e-08   0.150915e-06  -0.669451e-02
  -0.111526e-08  -0.128696e-01  -0.106621e-01
  -0.247248e-08   0.128695e-01  -0.106621e-01
  -0.156538e-08   0.362212e-02  -0.107476e-03
  -0.121806e-08  -0.362229e-02  -0.107426e-03
  -0.198336e-08  -0.877267e-04  -0.413272e-03
  -0.455082e-08   0.878163e-04  -0.413202e-03
   0.356496e-08  -0.794512e-08  -0.748514e-03
   0.202385e-08   0.759077e-07   0.616349e-01
   0.429301e-08  -0.129284e-07  -0.406759e-01
  -0.141410e-07  -0.739773e-02   0.564082e-01
   0.960325e-08   0.739795e-02   0.564082e-01
   0.865047e-08   0.139555e-01  -0.546821e-01
  -0.129653e-07  -0.139557e-01  -0.546821e-01
   0.779965e-08   0.157192e-06  -0.334610e-02
   0.116565e-08  -0.128762e-01  -0.103213e-01
  -0.322194e-08   0.128761e-01  -0.103213e-01
  -0.245961e-08   0.647782e-03   0.208346e-02
  -0.260996e-08  -0.647947e-03   0.208351e-02
   0.646897e-09  -0.411126e-03  -0.202737e-02
  -0.107238e-09   0.411199e-03  -0.202731e-02
   0.132225e-08  -0.860769e-08  -0.534810e-03
   0.102050e-07   0.610103e-07   0.602381e-01
  -0.358563e-08  -0.114073e-07  -0.506799e-01
   0.121570e-07  -0.170868e-02   0.617760e-01
  -0.133667e-07   0.170890e-02   0.617761e-01
   0.165920e-08   0.107813e-01  -0.542096e-01
  -0.112161e-08  -0.107815e-01  -0.542096e-01
  -0.110977e-07   0.150335e-06  -0.434899e-02
   0.490805e-09  -0.128737e-01  -0.105041e-01
  -0.128181e-08   0.128736e-01  -0.105041e-01
   0.104681e-08   0.210924e-02   0.100315e-02
   0.437541e-08  -0.210940e-02   0.100320e-02
   0.900070e-09   0.250774e-03  -0.355235e-03
   0.107633e-08  -0.250692e-03  -0.355167e-03
  -0.145717e-08  -0.720321e-08  -0.629960e-03
   0.211639e-08   0.607436e-07   0.602610e-01
   0.146483e-07  -0.363215e-08  -0.503422e-01
  -0.273932e-07  -0.262264e-02   0.621521e-01
   0.845507e-08   0.262286e-02   0.621521e-01
   0.401578e-08   0.116607e-01  -0.523583e-01
  -0.793099e-08  -0.116609e-01  -0.523584e-01
   0.378066e-08   0.152511e-06  -0.564186e-02
  -0.119958e-08  -0.128733e-01  -0.104920e-01
   0.708393e-10   0.128732e-01  -0.104919e-01
  -0.159087e-09   0.210932e-02   0.958743e-03
   0.411674e-08  -0.210948e-02   0.958794e-03
  -0.373324e-08  -0.737787e-03  -0.207162e-02
   0.154029e-08   0.737867e-03  -0.207156e-02
   0.167200e-08  -0.838390e-08  -0.654895e-03
   0.768769e-08   0.589894e-07   0.603390e-01
   0.341725e-08  -0.766915e-08  -0.499506e-01
   0.153169e-07  -0.170153e-02   0.610590e-01
  -0.166187e-08   0.170175e-02   0.610591e-01
   0.811171e-09   0.107649e-01  -0.534485e-01
  -0.257901e-07  -0.107651e-01  -0.534485e-01
  -0.280600e-08   0.152908e-06  -0.518213e-02
   0.166700e-08  -0.128716e-01  -0.105080e-01
   0.154990e-08   0.128715e-01  -0.105080e-01
  -0.314632e-08   0.161669e-02   0.180877e-02
   0.266304e-08  -0.161686e-02   0.180882e-02
  -0.102678e-10  -0.252146e-03  -0.118651e-02
   0.331343e-09   0.252226e-03  -0.118645e-02
  -0.296925e-10  -0.816421e-08  -0.655961e-03
   0.143547e-08   0.589531e-07   0.601602e-01
  -0.576855e-08  -0.270250e-08  -0.510763e-01
  -0.718180e-09  -0.263183e-02   0.628642e-01
  -0.237505e-08   0.263205e-02   0.628643e-01
   0.142938e-07   0.116791e-01  -0.531244e-01
   0.278608e-08  -0.116794e-01  -0.531244e-01
  -0.585744e-08   0.152259e-06  -0.481332e-02
  -0.179947e-08  -0.128755e-01  -0.104878e-01
   0.162539e-08   0.128754e-01  -0.104878e-01
  -0.348825e-08   0.261569e-02   0.159944e-03
  -0.203093e-08  -0.261585e-02   0.159996e-03
   0.547054e-10  -0.248944e-03  -0.123270e-02
   0.586981e-09   0.249025e-03  -0.123263e-02
   0.125543e-08  -0.749455e-08  -0.629159e-03
  -0.165655e-07   0.299515e-07   0.584562e-01
   0.264268e-07  -0.942727e-08  -0.508316e-01
  -0.182298e-07  -0.224021e-02   0.619235e-01
  -0.128699e-07   0.224043e-02   0.619236e-01
  -0.637538e-09   0.112527e-01  -0.532937e-01
   0.452275e-08  -0.112529e-01  -0.532936e-01
  -0.215515e-07   0.155978e-06  -0.497788e-02
   0.109155e-07  -0.137067e-01  -0.940255e-02
   0.154334e-07   0.137066e-01  -0.940255e-02
   0.434923e-08   0.213353e-02   0.984396e-03
   0.413071e-08  -0.213369e-02   0.984449e-03
   0.226820e-09  -0.251348e-03  -0.121458e-02
   0.266190e-08   0.251425e-03  -0.121451e-02
   0.118723e-08  -0.641836e-08  -0.641088e-03
   0.864493e-08   0.552894e-07   0.620353e-01
  -0.240732e-07  -0.501359e-08  -0.501969e-01
   0.224643e-07  -0.208846e-02   0.620013e-01
  -0.584906e-08   0.208867e-02   0.620013e-01
  -0.281207e-08   0.111946e-01  -0.532770e-01
   0.820681e-08  -0.111949e-01  -0.532770e-01
   0.127503e-08   0.153669e-06  -0.501642e-02
  -0.131562e-08  -0.120155e-01  -0.115864e-01
  -0.185869e-08   0.120154e-01  -0.115864e-01
  -0.572383e-08   0.208542e-02   0.977265e-03
   0.116477e-08  -0.208559e-02   0.977315e-03
   0.121936e-08  -0.249610e-03  -0.120433e-02
  -0.149475e-08   0.249690e-03  -0.120426e-02
   0.152073e-09  -0.789313e-08  -0.643810e-03
   0.132460e-03   0.293586e-07   0.602517e-01
  -0.326480e-03   0.523711e-07  -0.504931e-01
  -0.763054e-04  -0.217141e-02   0.619512e-01
  -0.763697e-04   0.217167e-02   0.619514e-01
   0.134105e-03   0.112270e-01  -0.532852e-01
   0.134036e-03  -0.112273e-01  -0.532852e-01
  -0.797163e-04   0.120048e-06  -0.499916e-02
  -0.531542e-04  -0.128735e-01  -0.104974e-01
  -0.531194e-04   0.128735e-01  -0.104975e-01
   0.953341e-04   0.210690e-02   0.983425e-03
   0.953542e-04  -0.210707e-02   0.983498e-03
   0.124908e-03  -0.250082e-03  -0.120992e-02
   0.124880e-03   0.250089e-03  -0.120990e-02
  -0.175931e-03  -0.162056e-07  -0.643965e-03
  -0.309665e-04   0.250288e-07   0.602470e-01
   0.196255e-04   0.595728e-07  -0.505099e-01
   0.167109e-03  -0.216429e-02   0.619598e-01
   0.167036e-03   0.216454e-02   0.619599e-01
   0.225931e-03   0.112307e-01  -0.532706e-01
   0.225874e-03  -0.112309e-01  -0.532706e-01
  -0.134733e-02   0.124410e-06  -0.499817e-02
   0.320941e-05  -0.128735e-01  -0.104979e-01
   0.323913e-05   0.128734e-01  -0.104979e-01
  -0.190749e-04   0.210942e-02   0.981127e-03
  -0.190539e-04  -0.210958e-02   0.981198e-03
  -0.107517e-03  -0.250554e-03  -0.120986e-02
  -0.107545e-03   0.250561e-03  -0.120983e-02
   0.819468e-03  -0.169751e-07  -0.664217e-03
  -0.424508e-04   0.253694e-07   0.602481e-01
   0.228166e-03   0.498844e-07  -0.505073e-01
   0.747946e-05  -0.217275e-02   0.619646e-01
   0.741196e-05   0.217301e-02   0.619648e-01
  -0.492342e-03   0.112280e-01  -0.532732e-01
  -0.492416e-03  -0.112283e-01  -0.532732e-01
   0.256304e-04   0.125382e-06  -0.500051e-02
   0.734370e-05  -0.128733e-01  -0.104976e-01
   0.737673e-05   0.128732e-01  -0.104976e-01
  -0.383162e-04   0.210958e-02   0.980450e-03
  -0.382951e-04  -0.210975e-02   0.980522e-03
   0.486427e-03  -0.245625e-03  -0.122330e-02
   0.486400e-03   0.245632e-03  -0.122327e-02
  -0.152415e-03  -0.162399e-07  -0.642377e-03
  -0.744423e-04   0.292057e-07   0.602469e-01
  -0.126541e-03   0.494195e-07  -0.505178e-01
  -0.266837e-03  -0.216478e-02   0.619690e-01
  -0.266887e-03   0.216504e-02   0.619692e-01
  -0.184863e-05   0.112211e-01  -0.532869e-01
  -0.191655e-05  -0.112213e-01  -0.532869e-01
   0.173951e-03   0.132291e-06  -0.499654e-02
  -0.173263e-06  -0.128727e-01  -0.104978e-01
  -0.140315e-06   0.128727e-01  -0.104978e-01
   0.333599e-03   0.212096e-02   0.979746e-03
   0.333613e-03  -0.212113e-02   0.979818e-03
  -0.379853e-04  -0.250434e-03  -0.120925e-02
  -0.380119e-04   0.250442e-03  -0.120922e-02
  -0.263805e-04  -0.165639e-07  -0.642400e-03
   0.245844e-03   0.234018e-07   0.602458e-01
  -0.690192e-03   0.492126e-07  -0.504986e-01
   0.119150e-03  -0.216434e-02   0.619568e-01
   0.119076e-03   0.216461e-02   0.619570e-01
   0.114291e-03   0.112246e-01  -0.532868e-01
   0.114233e-03  -0.112249e-01  -0.532868e-01
   0.588906e-04   0.141459e-06  -0.499625e-02
  -0.100632e-03  -0.128724e-01  -0.104962e-01
  -0.100596e-03   0.128723e-01  -0.104962e-01
   0.955507e-04   0.210873e-02   0.982063e-03
   0.955732e-04  -0.210890e-02   0.982136e-03
  -0.435982e-04  -0.250432e-03  -0.121039e-02
  -0.436249e-04   0.250439e-03  -0.121036e-02
   0.160343e-04  -0.156880e-07  -0.642261e-03
  -0.298472e-03   0.291314e-07   0.602904e-01
  -0.120214e-02   0.410513e-07  -0.505188e-01
   0.630527e-03  -0.215872e-02   0.619513e-01
   0.630448e-03   0.215899e-02   0.619515e-01
  -0.108764e-03   0.112177e-01  -0.532912e-01
  -0.108822e-03  -0.112179e-01  -0.532912e-01
  -0.115256e-04   0.123984e-06  -0.499309e-02
   0.313643e-03  -0.128625e-01  -0.105004e-01
   0.313675e-03   0.128624e-01  -0.105004e-01
  -0.567546e-04   0.210939e-02   0.981773e-03
  -0.567299e-04  -0.210956e-02   0.981845e-03
  -0.142313e-04  -0.250168e-03  -0.120982e-02
  -0.142601e-04   0.250175e-03  -0.120979e-02
  -0.165942e-04  -0.158801e-07  -0.642167e-03
  -0.729462e-05   0.257352e-07   0.602545e-01
  -0.150792e-03   0.693925e-07  -0.505133e-01
   0.189952e-04  -0.216366e-02   0.619618e-01
   0.189335e-04   0.216391e-02   0.619619e-01
   0.506963e-05   0.112221e-01  -0.532844e-01
   0.499628e-05  -0.112224e-01  -0.532844e-01
  -0.699484e-05   0.144032e-06  -0.499617e-02
   0.566130e-04  -0.128675e-01  -0.105001e-01
   0.566430e-04   0.128674e-01  -0.105001e-01
   0.631417e-06   0.210911e-02   0.980699e-03
   0.654419e-06  -0.210928e-02   0.980772e-03
   0.142874e-05  -0.250489e-03  -0.120945e-02
   0.140143e-05   0.250496e-03  -0.120942e-02
  -0.284885e-06  -0.171524e-07  -0.642372e-03
  -0.115819e-06   0.265127e-03   0.602397e-01
   0.975000e-07  -0.561043e-03  -0.505057e-01
  -0.190545e-07  -0.178223e-02   0.618534e-01
  -0.794836e-07   0.253373e-02   0.620986e-01
   0.240248e-07   0.157978e-01  -0.497500e-01
  -0.504024e-07  -0.681613e-02  -0.567295e-01
  -0.222104e-07  -0.963797e-02  -0.511235e-02
   0.670895e-08  -0.128887e-01  -0.104463e-01
   0.395931e-07   0.128551e-01  -0.105490e-01
   0.246061e-07   0.225799e-02   0.889787e-03
   0.461157e-07  -0.195945e-02   0.107366e-02
   0.266837e-07  -0.731381e-04  -0.104047e-02
  -0.293559e-08   0.426126e-03  -0.137753e-02
   0.246730e-07  -0.417240e-03  -0.644302e-03
  -0.115884e-06   0.169067e-03   0.602552e-01
   0.958371e-07  -0.336328e-03  -0.504881e-01
  -0.171443e-07  -0.176381e-02   0.696115e-01
  -0.800971e-07   0.259687e-02   0.545347e-01
   0.199552e-07   0.101969e-01  -0.601236e-01
  -0.434760e-07  -0.123140e-01  -0.466809e-01
  -0.216868e-07   0.122858e-02  -0.501736e-02
   0.613063e-08  -0.128972e-01  -0.104567e-01
   0.396138e-07   0.128517e-01  -0.105382e-01
   0.235897e-07   0.232109e-02   0.955021e-03
   0.456736e-07  -0.189645e-02   0.101250e-02
   0.262869e-07  -0.290806e-03  -0.139377e-02
  -0.297452e-08   0.209389e-03  -0.102808e-02
   0.241754e-07  -0.750470e-04  -0.642405e-03
   0.274618e-08  -0.435346e-03   0.602512e-01
   0.121044e-07  -0.889373e-02  -0.504084e-01
  -0.426938e-08   0.194363e-02   0.593305e-01
  -0.127319e-07   0.610148e-02   0.644828e-01
   0.120175e-07   0.116583e-01  -0.532547e-01
   0.257100e-08  -0.107899e-01  -0.533105e-01
  -0.125711e-07  -0.193100e-03  -0.499518e-02
  -0.226589e-09  -0.128663e-01  -0.104703e-01
   0.204142e-08   0.128771e-01  -0.105242e-01
   0.145815e-08   0.241378e-02   0.718217e-03
  -0.704272e-09  -0.181077e-02   0.124149e-02
  -0.616941e-09  -0.260108e-03  -0.119170e-02
  -0.242034e-08   0.240551e-03  -0.122650e-02
   0.601910e-09   0.144172e-04  -0.642640e-03
   0.550670e-08  -0.275829e-04   0.602493e-01
   0.795201e-08   0.752726e-04  -0.505119e-01
  -0.186410e-07  -0.238129e-02   0.620093e-01
   0.350807e-08   0.194699e-02   0.619145e-01
   0.395522e-08   0.699181e-02  -0.507198e-01
  -0.118344e-07  -0.152774e-01  -0.557449e-01
   0.939924e-08  -0.254434e-03  -0.499693e-02
  -0.899372e-09  -0.128744e-01  -0.105017e-01
  -0.571936e-09   0.128725e-01  -0.104944e-01
  -0.225178e-08   0.215006e-02   0.990790e-03
   0.485879e-09  -0.207024e-02   0.971256e-03
   0.279643e-08   0.425390e-02  -0.391194e-02
   0.894995e-09   0.458099e-02   0.138974e-02
  -0.300055e-09   0.137439e-04  -0.643299e-03
  -0.778560e-08   0.561578e-04   0.602493e-01
   0.869757e-08  -0.286997e-03  -0.505105e-01
  -0.158950e-07  -0.645202e-02   0.593475e-01
   0.759107e-08  -0.194358e-02   0.644700e-01
   0.625981e-08   0.110203e-01  -0.532710e-01
   0.265102e-08  -0.114271e-01  -0.532977e-01
   0.777547e-09   0.232210e-04  -0.499638e-02
  -0.148266e-08  -0.128747e-01  -0.104876e-01
   0.282219e-08   0.128721e-01  -0.105087e-01
   0.929671e-09   0.667417e-02   0.371219e-02
  -0.226768e-08   0.227875e-02  -0.164485e-02
  -0.133017e-08  -0.210582e-03  -0.122051e-02
   0.899533e-09   0.289382e-03  -0.119877e-02
  -0.186731e-08  -0.190280e-04  -0.642924e-03
  -0.438788e-08  -0.842822e-02   0.601324e-01
   0.177358e-07  -0.649065e-03  -0.505294e-01
  -0.180103e-07  -0.209518e-02   0.620295e-01
  -0.302942e-08   0.222740e-02   0.618966e-01
  -0.965071e-08   0.112023e-01  -0.532727e-01
   0.927986e-08  -0.112423e-01  -0.532997e-01
  -0.761653e-08  -0.652280e-05  -0.499717e-02
   0.232788e-07  -0.828171e-02  -0.738215e-02
  -0.130125e-07   0.172521e-01  -0.134771e-01
   0.494752e-08   0.211988e-02   0.971304e-03
  -0.412054e-09  -0.209923e-02   0.989726e-03
  -0.434704e-09  -0.250610e-03  -0.120436e-02
   0.480177e-09   0.250223e-03  -0.121448e-02
   0.831947e-09   0.933459e-06  -0.642475e-03
   0.719858e-07   0.338525e-03   0.602491e-01
  -0.167118e-07  -0.606410e-03  -0.505064e-01
  -0.520112e-08  -0.117811e-02   0.630569e-01
  -0.289811e-07   0.314664e-02   0.608775e-01
   0.227781e-07   0.994167e-02  -0.532951e-01
   0.105898e-07  -0.125152e-01  -0.532789e-01
  -0.243149e-07   0.144722e-03  -0.500229e-02
  -0.341830e-07  -0.128837e-01  -0.104178e-01
   0.806179e-08   0.128626e-01  -0.105780e-01
  -0.655078e-08   0.245692e-02   0.806769e-03
   0.234397e-09  -0.176717e-02   0.115599e-02
   0.366361e-09  -0.128834e-03  -0.617261e-03
   0.946890e-09   0.370543e-03  -0.180780e-02
   0.979659e-09  -0.182237e-03  -0.642777e-03
  -0.268471e-08  -0.141433e-05   0.602496e-01
   0.151178e-07   0.158537e-04  -0.505116e-01
  -0.514964e-08  -0.207434e-02   0.619808e-01
  -0.190908e-07   0.225349e-02   0.619452e-01
   0.101254e-07   0.111200e-01  -0.528120e-01
  -0.112017e-07  -0.113280e-01  -0.537545e-01
  -0.588218e-08   0.997140e-03  -0.499464e-02
  -0.136073e-07  -0.128741e-01  -0.104983e-01
   0.285970e-07   0.128728e-01  -0.104978e-01
  -0.211611e-08   0.210696e-02   0.100479e-02
   0.440684e-08  -0.211197e-02   0.956902e-03
   0.184146e-08  -0.266582e-03  -0.122204e-02
  -0.360695e-09   0.234271e-03  -0.119656e-02
   0.472079e-11  -0.944088e-03  -0.649878e-03
  -0.656309e-08   0.561774e-04   0.602495e-01
   0.160795e-07  -0.101765e-03  -0.505109e-01
  -0.418222e-08  -0.169906e-02   0.617664e-01
  -0.173264e-07   0.263250e-02   0.621620e-01
   0.107923e-07   0.106823e-01  -0.540523e-01
  -0.935417e-08  -0.117609e-01  -0.525157e-01
  -0.105483e-07  -0.773485e-03  -0.499623e-02
  -0.127354e-07  -0.128714e-01  -0.104919e-01
   0.298988e-07   0.128755e-01  -0.105041e-01
  -0.147548e-08   0.211303e-02   0.997207e-03
   0.293134e-08  -0.210571e-02   0.964720e-03
   0.192643e-08   0.213281e-03  -0.382407e-03
  -0.267905e-10   0.701228e-03  -0.204386e-02
   0.583401e-09   0.383688e-04  -0.642400e-03
  -0.141399e-07  -0.315532e-04   0.602496e-01
   0.267659e-07   0.760832e-03  -0.505129e-01
  -0.197386e-07  -0.160849e-02   0.612099e-01
  -0.127394e-07   0.272403e-02   0.627134e-01
  -0.905021e-09   0.107458e-01  -0.534466e-01
   0.313431e-08  -0.116982e-01  -0.531266e-01
  -0.207286e-07   0.906333e-04  -0.499773e-02
   0.976583e-08  -0.128785e-01  -0.105157e-01
   0.156657e-07   0.128685e-01  -0.104802e-01
   0.451250e-08   0.165616e-02   0.177831e-02
   0.409634e-08  -0.257538e-02   0.190150e-03
   0.100519e-08  -0.255512e-03  -0.119301e-02
   0.129109e-08   0.245570e-03  -0.122618e-02
   0.201461e-08  -0.438234e-04  -0.642562e-03
  -0.184806e-07  -0.100932e-02   0.602619e-01
   0.302614e-07   0.130569e-02  -0.505135e-01
  -0.919124e-08  -0.233296e-02   0.612686e-01
  -0.196478e-07   0.199109e-02   0.626460e-01
  -0.597067e-08   0.113295e-01  -0.533165e-01
   0.735316e-08  -0.111171e-01  -0.532544e-01
  -0.223867e-07   0.105107e-03  -0.499654e-02
   0.960383e-08  -0.129763e-01  -0.105447e-01
   0.166137e-07   0.127721e-01  -0.104492e-01
   0.421931e-08   0.207915e-02   0.980437e-03
   0.365950e-08  -0.213957e-02   0.979255e-03
  -0.470856e-09  -0.251973e-03  -0.124821e-02
   0.177447e-08   0.248698e-03  -0.117072e-02
   0.266254e-08  -0.405675e-05  -0.642443e-03
  -0.878324e-08   0.981028e-03   0.602493e-01
   0.260928e-07  -0.876632e-03  -0.505147e-01
  -0.189527e-07  -0.212830e-02   0.620088e-01
  -0.872911e-08   0.220030e-02   0.619161e-01
  -0.665871e-08   0.112164e-01  -0.532525e-01
   0.773294e-08  -0.112309e-01  -0.533185e-01
  -0.815183e-08  -0.233708e-04  -0.499724e-02
   0.234342e-07  -0.129559e-01  -0.988978e-02
  -0.137548e-07   0.127847e-01  -0.111017e-01
   0.595795e-08   0.212332e-02   0.977698e-03
   0.205365e-09  -0.209564e-02   0.983939e-03
  -0.162342e-09  -0.249153e-03  -0.120290e-02
   0.129849e-08   0.251834e-03  -0.121597e-02
   0.470878e-09   0.237678e-05  -0.642445e-03
  -0.108844e-06   0.274518e-07   0.602502e-01
   0.100122e-06   0.525972e-07  -0.504632e-01
  -0.113833e-03  -0.218532e-02   0.619367e-01
   0.113714e-03   0.218557e-02   0.619369e-01
  -0.359509e-03   0.112331e-01  -0.532867e-01
   0.359494e-03  -0.112333e-01  -0.532868e-01
  -0.225697e-07   0.122555e-06  -0.499466e-02
  -0.587210e-04  -0.128720e-01  -0.104960e-01
   0.587634e-04   0.128719e-01  -0.104960e-01
   0.986278e-04   0.210656e-02   0.984105e-03
  -0.985517e-04  -0.210672e-02   0.984176e-03
   0.155407e-03  -0.249446e-03  -0.121278e-02
  -0.155384e-03   0.249455e-03  -0.121275e-02
   0.229391e-07  -0.168917e-07  -0.643227e-03
  -0.104680e-06   0.249857e-07   0.602471e-01
   0.899718e-07   0.562097e-07  -0.505074e-01
   0.355536e-04  -0.217340e-02   0.619637e-01
  -0.356481e-04   0.217365e-02   0.619639e-01
  -0.683643e-03   0.112275e-01  -0.532725e-01
   0.683613e-03  -0.112277e-01  -0.532726e-01
  -0.205792e-07   0.122119e-06  -0.500013e-02
   0.138929e-04  -0.128733e-01  -0.104978e-01
  -0.138498e-04   0.128732e-01  -0.104978e-01
  -0.241649e-04   0.210958e-02   0.980458e-03
   0.242372e-04  -0.210975e-02   0.980529e-03
   0.390121e-03  -0.244362e-03  -0.122243e-02
  -0.390099e-03   0.244370e-03  -0.122239e-02
   0.224756e-07  -0.167079e-07  -0.642753e-03
  -0.107665e-06   0.252865e-07   0.602436e-01
   0.106818e-06   0.541004e-07  -0.505160e-01
  -0.402101e-03  -0.216735e-02   0.619684e-01
   0.401991e-03   0.216760e-02   0.619686e-01
   0.123830e-03   0.112194e-01  -0.532857e-01
  -0.123858e-03  -0.112197e-01  -0.532858e-01
  -0.261515e-07   0.115914e-06  -0.499440e-02
   0.327977e-04  -0.128724e-01  -0.104978e-01
  -0.327555e-04   0.128724e-01  -0.104978e-01
   0.159538e-03   0.212280e-02   0.979015e-03
  -0.159460e-03  -0.212296e-02   0.979085e-03
  -0.256442e-04  -0.250511e-03  -0.120924e-02
   0.256683e-04   0.250518e-03  -0.120921e-02
   0.221311e-07  -0.156585e-07  -0.642790e-03
  -0.110875e-06   0.276474e-07   0.602501e-01
   0.978354e-07   0.549333e-07  -0.505119e-01
  -0.700000e-04  -0.216366e-02   0.619621e-01
   0.698944e-04   0.216392e-02   0.619623e-01
  -0.424752e-04   0.112233e-01  -0.532851e-01
   0.424593e-04  -0.112236e-01  -0.532851e-01
  -0.273353e-07   0.120014e-06  -0.499708e-02
   0.183734e-03  -0.128723e-01  -0.104978e-01
  -0.183689e-03   0.128722e-01  -0.104978e-01
   0.175139e-04   0.210919e-02   0.980742e-03
  -0.174431e-04  -0.210935e-02   0.980814e-03
   0.937039e-05  -0.250498e-03  -0.120946e-02
  -0.934709e-05   0.250504e-03  -0.120943e-02
   0.229648e-07  -0.162013e-07  -0.642395e-03
