    1.99378542724008    2.00340826244815    2.01676700596398
    1.07360097047739    1.51465196514248    1.51379160341804
    1.38509840847284    1.44023677795076    2.12209073381404
    2.95643045387749    2.96216287353057    2.99615378679563
    2.85054752060986   -0.00656181185948   -0.00511535509129
    0.00058402556275   -0.01444451630190   -0.00975466122885
   -0.06758048241188    0.54525696958832    0.00000030220077
   -0.00000070462223    0.00000027085008    0.00000010610622
    0.00000021869556    0.00000009007755    0.00000007282694
    0.00000021569293   -0.00000031053851    0.00000050602519
    0.00000041103465   -0.00000006223774   -0.00000031017191
   -0.62071354563065
