    1,21                                    # 4th-order Morse
    7.857905906593417e-02
    1,21       1,21   
   -6.608298969876221e-02
    2,5        2,5    
    4.842800044011948e-02
    1,21       1,21       1,21   
   -1.563979829570800e-01
    2,5        2,5        1,21   
   -8.654863053013969e-01
    1,21       1,21       1,21       1,21   
    2.120453585719776e-01
    2,5        2,5        1,21       1,21   
    3.857189566862521e-02
    2,5        2,5        2,5        2,5    
    5.476478300642108e-02
    1,22                                    # 1st-scaling bias
   -1.262248836044924e-01
    1,22       1,22   
   -1.060496575699851e-01
    2,6        2,6    
    1.373860051137926e-01
    1,22       1,1                          # 1st-scaling bias replacing an irred-1 HN coord
    2.251232053123346e-01
    1,22       1,2    
   -8.280720375605097e-03
    1,22       1,3    
    1.361921752584522e-03
    1,22       1,4    
   -2.092204032367511e-01
    1,22       1,5    
   -2.420091913579040e-02
    1,22       1,6    
   -2.513220569366158e-02
    1,22       1,7    
   -5.988823250144673e-02
    1,22       1,8    
   -2.929993420815620e-03
    1,22       1,9    
   -1.560241035268041e-02
    1,22       1,10   
    2.281136480626283e-03
    1,22       1,11   
   -1.388771528554144e-02
    1,22       1,12   
   -6.282630062467091e-03
    1,22       1,13   
    1.396442073470396e-03
    1,22       1,14   
    3.315565751873258e-01
    2,6        2,1                          # 1st-scaling bias replacing an irred-2 HN coord
   -1.708220864095752e-01
    2,6        2,2    
   -2.840087685620205e-01
    2,6        5,1        3,1    
    2.013652319702789e-02
    2,6        5,1        3,2    
    9.643740199886277e-03
    2,6        5,1        3,3    
   -2.128846788686820e-02
    2,6        5,1        3,4    
   -6.220869225190063e-03
    2,6        5,1        3,5    
    1.898219568424714e-02
    2,6        5,1        3,6    
    5.702681241344416e-02
    2,6        5,1        3,7    
   -3.278757990866320e-03
    2,6        5,1        3,8    
    9.276493017553027e-03
    2,6        5,1        3,9    
    7.848726735223676e-03
    2,6        5,1        3,10   
   -9.062957225413445e-03
    1,23                                    # 1st-scaling redundancy bias
   -1.343270008270163e-01
    1,23       1,23   
   -1.221172493300956e-02
    1,23       1,1                          # 1st-scaling redundancy bias replacing an irred-1 HN coord
   -3.216432545549032e-01
    1,23       1,2    
    1.337262228540997e-02
    1,23       1,3    
    8.347672619062117e-02
    1,23       1,4    
    2.941443885566544e-01
    1,23       1,5    
   -3.778219974318277e-03
    1,23       1,6    
    4.062411821947243e-02
    1,23       1,7    
    1.538342487436581e-01
    1,23       1,8    
    2.491656045603606e-02
    1,23       1,9    
    2.831604071170847e-02
    1,23       1,10   
   -2.597315196663526e-03
    1,23       1,11   
    1.527790370135266e-02
    1,23       1,12   
    1.408794506127257e-02
    1,23       1,13   
   -1.665037355042185e-03
    1,23       1,14   
   -4.696754576288314e-01
    1,24                                    # 2nd-scaling bias
   -1.696944731449540e-01
    1,24       1,24   
    6.268661622411393e-03
    2,7        2,7    
   -6.380012568606051e-02
    1,18                                    # 2nd-scaling harmonic with-HN
   -5.794312241366143e-02
    1,19   
    2.924517421271962e-01
    1,18       1,1    
    1.124323944826822e-02
    1,18       1,2    
   -7.906789209498013e-04
    1,18       1,18   
    8.033491488396417e-02
    1,18       1,19   
    1.813276597456142e-01
    1,18       1,5    
   -2.832496762156087e-02
    1,18       1,6    
    6.331127719335438e-03
    1,18       1,7    
    3.307869228308075e-02
    1,18       1,8    
    1.393024380633738e-02
    1,18       1,9    
    3.339153474867003e-03
    1,18       1,10   
    5.490016533832791e-04
    1,18       1,11   
   -6.775378092010215e-03
    1,18       1,12   
    3.176597935503988e-03
    1,18       1,13   
    3.590484195705492e-04
    1,19       1,1    
    3.726201930111487e-02
    1,19       1,2    
   -4.294204739283886e-02
    1,19       1,19   
    1.102217389884475e-01
    1,19       1,5    
    9.937782941436650e-03
    1,19       1,6    
   -6.333118901665059e-02
    1,19       1,7    
   -2.073795060296515e-01
    1,19       1,8    
   -2.806252063450059e-02
    1,19       1,9    
   -3.397171134715265e-02
    1,19       1,10   
   -6.011875700110953e-03
    1,19       1,11   
   -7.839348039118479e-02
    1,19       1,12   
   -9.456567130849702e-03
    1,19       1,13   
   -8.537807183984794e-03
    2,3        2,3    
   -8.312077040240089e-02
    2,4        2,3    
   -1.264556139029347e-01
    2,4        2,4    
    1.055534427258445e-01
    3,14       3,1    
    1.747396117763773e-02
    3,14       3,2    
   -1.675030892868107e-03
    3,14       3,3    
    3.744928105565350e-02
    3,14       3,4    
    1.814005106621361e-03
    3,14       3,5    
   -6.461259186369385e-03
    3,14       3,6    
   -4.607777472771191e-02
    3,14       3,7    
    4.231186333312376e-04
    3,14       3,8    
   -1.110554397576188e-03
    3,14       3,9    
   -5.837840762217451e-03
    3,14       3,10   
   -2.358804045033600e-02
    3,14       3,14   
    4.207203934239354e-02
    7,8        7,1    
    1.833013765109078e-03
    7,8        7,2    
   -7.321515125766092e-04
    7,8        7,3    
   -9.011071214628699e-04
    7,8        7,4    
    7.075153724321752e-04
    7,8        7,5    
   -5.403078716980277e-04
    7,8        7,6    
    3.693504731040527e-03
    7,8        7,8    
   -1.648246729082501e-03
    5,2        2,3        3,1               # 2nd-scaling C2v-planar B2 x B2 <- G8 irred-5 x irred-2 x irred-3
    2.778779333936478e-03
    5,2        2,3        3,2    
    5.924793185221264e-03
    5,2        2,3        3,3    
   -5.791858650801790e-03
    5,2        2,3        3,4    
   -3.009331691424357e-03
    5,2        2,3        3,5    
    5.426575225962251e-03
    5,2        2,3        3,6    
    1.319973895215669e-02
    5,2        2,3        3,7    
   -8.452875858654075e-04
    5,2        2,3        3,8    
    5.032285481449108e-03
    5,2        2,3        3,9    
    9.566843722355925e-03
    5,2        2,3        3,10   
   -4.536510982591973e-02
    5,2        2,4        3,1    
    8.136706401063346e-02
    5,2        2,4        3,2    
    1.360436132388347e-03
    5,2        2,4        3,3    
   -1.771569767215531e-02
    5,2        2,4        3,4    
    6.877205583909287e-03
    5,2        2,4        3,5    
    1.424251339783048e-02
    5,2        2,4        3,6    
   -9.368830697845566e-02
    5,2        2,4        3,7    
    3.699458692048328e-03
    5,2        2,4        3,8    
    2.633894844764156e-02
    5,2        2,4        3,9    
    8.219070720971670e-02
    5,2        2,4        3,10   
   -3.616727895554009e-01
    5,2        8,2        4,1               # 2nd-scaling C2v-planar / C2v-perpendicular A2 x A2 <- G8 irred-4 x irred-5 x irred-8
    1.021253384127044e-01
    5,2        8,2        4,2    
   -5.389979366937671e-02
    5,2        8,2        4,3    
   -4.902889548749103e-02
    8,2        8,2                          # 2nd-scaling NH2 rotation
   -2.321702117655579e-02
    1,24       1,1                          # 2nd-scaling bias replacing an irred-1 HN coord
    9.665969361290240e-02
    1,24       1,2    
   -8.384328400558663e-03
    1,24       1,18   
    1.342367205520468e-01
    1,24       1,19   
   -2.103304635627685e-01
    1,24       1,5    
   -5.585398159052099e-03
    1,24       1,6    
    3.332396938546878e-02
    1,24       1,7    
   -9.109004474654121e-02
    1,24       1,8    
   -1.170229701853526e-03
    1,24       1,9    
   -4.983034570438996e-03
    1,24       1,10   
    2.776320522069114e-03
    1,24       1,11   
   -1.789733938268860e-02
    1,24       1,12   
   -1.675697815383966e-03
    1,24       1,13   
    1.409538120892265e-03
    2,7        2,3                          # 2nd-scaling bias replacing an irred-2 HN coord
    1.678753661550791e-01
    2,7        2,4    
    7.653817122833319e-02
    2,7        5,2        3,1    
   -1.044106005585895e-02
    2,7        5,2        3,2    
    9.643745540942829e-03
    2,7        5,2        3,3    
    4.542588482304961e-03
    2,7        5,2        3,4    
    7.418085479310508e-03
    2,7        5,2        3,5    
    5.034996120817370e-03
    2,7        5,2        3,6    
    2.492759884616388e-02
    2,7        5,2        3,7    
   -1.023401428312626e-03
    2,7        5,2        3,8    
    1.615991975057006e-03
    2,7        5,2        3,9    
    7.600484775396736e-03
    2,7        5,2        3,10   
    2.898023631820674e-02
bias
    3.680785188323739e-01
