  -2.367665E-02   9.280981E-04  -1.508487E-08
   4.132482E-02  -9.300270E-03  -2.544780E-08
   2.888643E-02  -3.558160E-01   1.210246E-08
   2.926522E-02   3.340537E-01   6.910564E-09
   3.458078E-01   6.669390E-01   1.351061E-08
   3.336821E-01  -6.486763E-01  -1.249001E-08
  -7.212071E-01   7.033984E-04   1.926751E-08
   4.763342E-03   5.142644E-03  -2.616619E-09
  -5.154300E-03   5.053668E-03   5.673735E-09
   1.603784E-04  -3.567650E-03   1.728333E-08
   3.678564E-04   2.153230E-03   2.253258E-09
   5.106481E-03   3.947366E-03  -4.586279E-09
   5.404629E-03  -3.526847E-03  -4.928935E-09
  -1.308251E-02  -5.185346E-04  -1.183650E-08
  -2.516384E-02   1.232742E-03   2.773349E-08
   4.352427E-02  -1.011320E-02   2.356003E-07
   2.878223E-02  -3.567941E-01  -4.792219E-08
   2.941527E-02   3.352205E-01  -1.748483E-07
   3.482207E-01   6.725879E-01  -1.273831E-06
   3.362953E-01  -6.545777E-01   2.452079E-07
  -7.270464E-01   8.445893E-04   1.162918E-06
   4.943555E-03   5.292632E-03  -5.667171E-09
  -5.169539E-03   5.165069E-03   3.176187E-09
   1.184075E-04  -3.557669E-03  -1.340143E-09
   3.273745E-04   2.147876E-03   1.663994E-08
   5.149155E-03   3.969376E-03  -7.245151E-08
   5.419709E-03  -3.525276E-03  -7.458222E-08
  -1.325658E-02  -5.105546E-04  -7.317618E-09
  -2.218358E-02   5.859979E-04   1.608378E-08
   3.912438E-02  -8.417324E-03   2.111571E-07
   2.904459E-02  -3.549410E-01  -1.751739E-08
   2.910737E-02   3.329120E-01  -1.210875E-07
   3.434466E-01   6.614104E-01  -1.103938E-06
   3.310700E-01  -6.428096E-01   2.599865E-07
  -7.154675E-01   5.429740E-04   9.162614E-07
   4.576082E-03   4.987065E-03  -6.309317E-09
  -5.136983E-03   4.943682E-03   1.113133E-08
   2.017884E-04  -3.574609E-03  -1.099200E-08
   4.086953E-04   2.154710E-03   1.133914E-08
   5.061395E-03   3.925194E-03  -5.753017E-08
   5.387809E-03  -3.528514E-03  -7.271122E-08
  -1.291608E-02  -5.269830E-04  -3.729865E-09
  -2.293070E-02   8.484282E-04   8.621723E-09
   4.133099E-02  -8.926814E-03  -1.225434E-08
   2.829043E-02  -3.516520E-01   4.732505E-08
   2.869357E-02   3.297763E-01  -4.065043E-08
   3.417740E-01   6.602883E-01  -5.272224E-09
   3.297583E-01  -6.417578E-01   5.604300E-09
  -7.125376E-01   5.494955E-04   1.790305E-08
   4.611129E-03   5.025111E-03  -1.234428E-09
  -5.092207E-03   5.018614E-03   2.845990E-09
   1.871493E-04  -3.475245E-03  -1.233042E-08
   3.845675E-04   2.052195E-03   3.866236E-09
   5.098145E-03   3.951717E-03  -1.068222E-09
   5.395479E-03  -3.567790E-03  -1.537827E-08
  -1.289820E-02  -5.107662E-04   2.017575E-09
  -2.443782E-02   1.002083E-03   1.516132E-08
   4.128168E-02  -9.660135E-03   7.447148E-09
   2.952752E-02  -3.600181E-01   9.168165E-09
   2.985813E-02   3.383443E-01   1.723866E-09
   3.498601E-01   6.736402E-01  -2.362768E-09
   3.376160E-01  -6.556216E-01   2.228505E-08
  -7.299116E-01   8.545605E-04  -3.624073E-08
   4.919476E-03   5.262036E-03   1.308398E-09
  -5.217449E-03   5.088973E-03  -8.359202E-09
   1.319101E-04  -3.663762E-03   1.133200E-09
   3.498860E-04   2.258427E-03  -1.344141E-08
   5.113251E-03   3.941113E-03   2.627739E-09
   5.411557E-03  -3.481956E-03  -1.856165E-08
  -1.327087E-02  -5.262244E-04   1.812028E-08
   2.309922E-02  -1.103398E-03   1.278508E-10
  -3.939472E-02   9.424343E-03  -3.189932E-07
  -2.960736E-02   3.543049E-01  -1.051248E-08
  -3.005493E-02  -3.327308E-01   1.915255E-07
  -3.430970E-01  -6.614816E-01   1.254163E-06
  -3.309534E-01   6.434503E-01  -3.269573E-07
   7.159584E-01  -7.977111E-04  -9.524222E-07
  -4.698662E-03  -5.142097E-03   7.375679E-09
   5.237996E-03  -4.943032E-03  -6.044401E-09
  -2.476798E-04   3.686382E-03   4.827294E-09
  -4.376566E-04  -2.251453E-03  -1.167718E-09
  -5.064390E-03  -3.908571E-03   6.340795E-08
  -5.364937E-03   3.492167E-03   5.996597E-08
   1.297799E-02   5.215896E-04   2.562949E-09
  -2.422730E-02   7.411960E-04   4.008156E-08
   4.318198E-02  -9.154107E-03   1.422710E-07
   2.821448E-02  -3.573146E-01  -9.389595E-08
   2.851129E-02   3.353608E-01  -7.934116E-08
   3.484700E-01   6.722987E-01  -1.076414E-06
   3.363647E-01  -6.538092E-01   2.110029E-07
  -7.264013E-01   6.110080E-04   1.022364E-06
   4.826997E-03   5.138523E-03  -6.466644E-09
  -5.068601E-03   5.162816E-03   1.463510E-08
   7.100930E-05  -3.447799E-03  -2.625901E-09
   2.959069E-04   2.054527E-03  -5.439267E-10
   5.148186E-03   3.989421E-03  -6.259626E-08
   5.444106E-03  -3.564449E-03  -8.137080E-08
  -1.318355E-02  -5.156234E-04   5.387813E-09
  -2.372327E-02   9.259989E-04  -2.515119E-08
   4.143293E-02  -9.299077E-03  -1.912884E-08
   2.889340E-02  -3.558408E-01  -5.336394E-08
   2.926965E-02   3.340586E-01   9.618767E-10
   3.457129E-01   6.670655E-01  -2.806567E-09
   3.335900E-01  -6.487966E-01   7.027107E-08
  -7.207565E-01   7.308618E-04   3.163705E-08
   4.764526E-03   5.145242E-03  -6.323648E-11
  -5.157382E-03   5.058209E-03   9.686330E-10
   1.559004E-04  -3.559717E-03  -1.205789E-08
   3.629257E-04   2.143840E-03  -1.104244E-08
   5.112082E-03   3.935102E-03   1.050916E-08
   5.409948E-03  -3.516259E-03   9.922749E-09
  -1.340466E-02  -5.346833E-04  -6.545727E-10
  -2.363110E-02   9.305495E-04  -2.369679E-08
   4.121872E-02  -9.302172E-03   4.916057E-08
   2.887857E-02  -3.557933E-01   1.778860E-08
   2.926039E-02   3.340508E-01  -1.906373E-08
   3.459055E-01   6.668141E-01  -3.371554E-08
   3.337782E-01  -6.485586E-01   8.544368E-09
  -7.216580E-01   6.757172E-04  -2.254034E-09
   4.762291E-03   5.140226E-03  -7.947277E-11
  -5.151263E-03   5.049218E-03   7.812647E-09
   1.647340E-04  -3.575599E-03  -2.750361E-09
   3.726053E-04   2.162572E-03   1.373620E-08
   5.100571E-03   3.959570E-03  -4.374780E-10
   5.399011E-03  -3.537384E-03  -1.243061E-08
  -1.276474E-02  -5.023723E-04  -2.628109E-09
   2.362676E-02  -9.232340E-04   1.126033E-08
  -4.118783E-02   9.285122E-03  -8.683284E-08
  -2.897531E-02   3.558380E-01   2.035501E-08
  -2.935601E-02  -3.340924E-01  -1.285145E-08
  -3.456901E-01  -6.666864E-01  -7.849113E-09
  -3.335232E-01   6.484736E-01   4.753657E-08
   7.212459E-01  -7.118315E-04   4.240528E-08
  -4.760739E-03  -5.139381E-03  -2.461738E-09
   5.155146E-03  -5.049377E-03  -7.430460E-09
  -1.610367E-04   3.571198E-03   7.050636E-09
  -3.677321E-04  -2.158957E-03  -5.317113E-09
  -5.202665E-03  -4.121157E-03  -1.312347E-08
  -5.522276E-03   3.679198E-03  -1.344038E-08
   1.308169E-02   5.192224E-04   2.067478E-08
   2.372491E-02  -9.329108E-04   2.748066E-08
  -4.145786E-02   9.315326E-03  -1.263558E-07
  -2.879796E-02   3.557947E-01  -2.862900E-08
  -2.917472E-02  -3.340177E-01  -1.992533E-08
  -3.459248E-01  -6.671893E-01   5.267682E-08
  -3.338425E-01   6.488789E-01   4.376648E-08
   7.211703E-01  -6.949492E-04   4.393948E-08
  -4.765908E-03  -5.145832E-03  -5.487816E-10
   5.153318E-03  -5.057786E-03  -6.581850E-09
  -1.597123E-04   3.564081E-03   6.804092E-09
  -3.679433E-04  -2.147489E-03   9.136474E-09
  -5.011080E-03  -3.775444E-03   1.153657E-09
  -5.287857E-03   3.376206E-03   1.507468E-09
   1.308297E-02   5.178426E-04  -4.408403E-09
  -2.367176E-02   9.199066E-04  -1.423057E-08
   4.142313E-02  -9.288895E-03   6.044256E-08
   2.886520E-02  -3.557124E-01   2.643597E-08
   2.924194E-02   3.339457E-01   6.280124E-09
   3.459294E-01   6.670631E-01  -6.385120E-08
   3.338279E-01  -6.488102E-01   2.278475E-08
  -7.214683E-01   6.969375E-04  -5.231853E-08
   4.744673E-03   5.129338E-03   7.406111E-10
  -5.154739E-03   5.063756E-03   4.181886E-09
   1.386423E-04  -3.640897E-03  -1.380884E-09
   3.519525E-04   2.249635E-03   1.203875E-08
   5.102703E-03   3.946056E-03  -2.558781E-09
   5.399576E-03  -3.526840E-03   5.889556E-09
  -1.308496E-02  -5.186893E-04  -4.511676E-09
   2.368141E-02  -9.363803E-04   1.850941E-09
  -4.122499E-02   9.311858E-03  -2.293160E-08
  -2.890691E-02   3.559235E-01   1.833919E-08
  -2.928793E-02  -3.341656E-01  -5.210617E-08
  -3.456866E-01  -6.668167E-01   3.216361E-08
  -3.335379E-01   6.485443E-01   1.227823E-08
   7.209475E-01  -7.098330E-04   1.133202E-08
  -4.782256E-03  -5.156051E-03   3.716160E-10
   5.153832E-03  -5.043398E-03  -3.084866E-09
  -1.831791E-04   3.494700E-03   8.850306E-10
  -3.847147E-04  -2.057150E-03  -6.356642E-09
  -5.110246E-03  -3.948701E-03   3.255991E-09
  -5.409718E-03   3.526868E-03   1.260458E-08
   1.307994E-02   5.183655E-04  -8.612716E-09
   2.336450E-02  -4.203979E-04  -1.478587E-08
  -4.126380E-02   8.481636E-03   2.629997E-08
  -2.921524E-02   3.594990E-01  -7.067697E-08
  -2.903351E-02  -3.369280E-01  -3.408150E-08
  -3.492207E-01  -6.725637E-01  -7.577427E-09
  -3.366080E-01   6.537369E-01   6.101936E-08
   7.277294E-01  -6.657231E-04   6.300442E-08
  -4.784495E-03  -5.149893E-03   1.867088E-09
   5.236086E-03  -5.092431E-03   4.289297E-09
  -1.875783E-04   3.558056E-03  -1.175738E-08
  -4.198685E-04  -2.126085E-03  -3.113681E-09
  -5.141256E-03  -4.020173E-03  -1.255537E-08
  -5.447331E-03   3.588805E-03  -2.957693E-09
   1.319870E-02   5.211753E-04   1.039948E-09
  -2.395150E-02   1.492934E-03  -1.584845E-08
   4.145014E-02  -1.023660E-02   1.233832E-08
   2.846581E-02  -3.519549E-01  -1.443874E-09
   2.949509E-02   3.311257E-01  -2.435459E-08
   3.423748E-01   6.611702E-01  -1.696735E-08
   3.307897E-01  -6.435774E-01  -7.653176E-09
  -7.147210E-01   7.700974E-04   1.945208E-08
   4.750122E-03   5.140033E-03   1.914309E-09
  -5.074088E-03   5.016710E-03  -2.120136E-09
   1.352267E-04  -3.576368E-03   6.165306E-09
   3.150866E-04   2.180267E-03   1.020849E-08
   5.071596E-03   3.875252E-03   2.631719E-08
   5.362094E-03  -3.466892E-03   4.357773E-09
  -1.296295E-02  -5.163114E-04  -1.232504E-08
   2.604828E-02  -8.903597E-04  -5.966461E-08
  -4.596045E-02   9.412417E-03  -1.891389E-07
  -2.968663E-02   3.544018E-01   4.237595E-08
  -2.988492E-02  -3.319785E-01   2.017142E-07
  -3.430795E-01  -6.721305E-01   1.256371E-06
  -3.307330E-01   6.530543E-01  -3.749324E-07
   7.197024E-01  -4.517601E-04  -1.060100E-06
  -4.888373E-03  -5.289465E-03   7.207712E-09
   5.117511E-03  -5.223383E-03  -1.034866E-08
  -1.111429E-04   3.547293E-03   9.676410E-09
  -3.349474E-04  -2.072677E-03  -1.904117E-08
  -5.110375E-03  -3.870421E-03   7.543365E-08
  -5.399869E-03   3.447014E-03   8.940698E-08
   1.303155E-02   5.189755E-04  -5.500319E-10
  -2.118510E-02   9.681786E-04  -1.502252E-09
   3.672667E-02  -9.189239E-03  -4.206662E-08
   2.807958E-02  -3.573510E-01   2.922998E-07
   2.863600E-02   3.362703E-01   1.854446E-07
   3.487247E-01   6.620913E-01   5.591565E-08
   3.368353E-01  -6.446620E-01   1.507349E-07
  -7.233282E-01   9.698098E-04  -6.718113E-07
   4.633203E-03   4.982923E-03  -6.713838E-09
  -5.185973E-03   4.881484E-03   1.814458E-08
   2.202598E-04  -3.584878E-03  -2.420447E-08
   4.090266E-04   2.233339E-03  -2.081998E-08
   5.105888E-03   4.029949E-03   4.234649E-08
   5.414167E-03  -3.612439E-03   3.736812E-08
  -1.313483E-02  -5.183541E-04  -6.915572E-09
   2.504198E-02  -7.904720E-04  -5.565849E-08
  -4.381283E-02   9.155420E-03  -1.673604E-07
  -3.061995E-02   3.539353E-01  -3.497700E-08
  -3.072251E-02  -3.318180E-01   5.264278E-08
  -3.431015E-01  -6.687567E-01   1.059505E-06
  -3.308958E-01   6.500897E-01  -1.829493E-07
   7.208974E-01  -5.295217E-04  -8.217690E-07
  -4.834972E-03  -5.205481E-03   9.952557E-09
   5.073054E-03  -5.134751E-03  -7.036425E-09
  -1.918794E-04   3.565609E-03   6.225732E-09
  -4.190057E-04  -2.111011E-03  -1.543189E-08
  -5.149642E-03  -3.754524E-03   5.394169E-08
  -5.447200E-03   3.322728E-03   6.797871E-08
   1.309122E-02   5.125017E-04   5.295042E-09
  -2.224831E-02   1.075606E-03   1.063401E-08
   3.888320E-02  -9.452352E-03   2.845805E-07
   2.714078E-02  -3.576714E-01   3.361452E-08
   2.780225E-02   3.362803E-01  -1.622870E-07
   3.485607E-01   6.651824E-01  -1.202321E-06
   3.365326E-01  -6.473410E-01   1.625087E-07
  -7.217557E-01   8.886800E-04   1.061097E-06
   4.687512E-03   5.071524E-03  -8.099132E-09
  -5.234688E-03   4.971253E-03   2.707168E-09
   1.368074E-04  -3.568376E-03  -7.746012E-09
   3.218036E-04   2.194996E-03   2.604531E-09
   5.063970E-03   4.142222E-03  -6.405808E-08
   5.363023E-03  -3.733894E-03  -7.432706E-08
  -1.307347E-02  -5.251361E-04  -5.214300E-09
   2.370664E-02  -9.135042E-04   8.587402E-09
  -4.145703E-02   9.273704E-03  -5.406323E-08
  -2.878819E-02   3.556504E-01  -1.956327E-07
  -2.915177E-02  -3.338293E-01  -2.232685E-07
  -3.457559E-01  -6.669435E-01  -4.773745E-08
  -3.335965E-01   6.486301E-01  -1.007371E-07
   7.213337E-01  -6.857546E-04   6.070927E-07
  -4.764503E-03  -5.142234E-03   6.008684E-09
   5.151633E-03  -5.053155E-03  -3.670285E-09
  -1.537505E-04   3.575374E-03   1.032700E-08
  -3.615196E-04  -2.159686E-03   6.667698E-09
  -5.282169E-03  -3.812389E-03  -2.844054E-08
  -5.562417E-03   3.378126E-03  -1.222801E-08
   1.306887E-02   5.171356E-04   1.971820E-08
   2.364724E-02  -9.431253E-04  -8.781276E-09
  -4.119337E-02   9.327559E-03  -1.883730E-07
  -2.898685E-02   3.559829E-01  -2.028280E-08
  -2.938133E-02  -3.342792E-01   1.331737E-07
  -3.458579E-01  -6.669311E-01   1.077974E-06
  -3.337661E-01   6.487200E-01  -1.904710E-07
   7.210817E-01  -7.213521E-04  -9.632536E-07
  -4.762285E-03  -5.143218E-03   8.099313E-09
   5.157061E-03  -5.054230E-03  -1.392788E-08
  -1.668528E-04   3.559821E-03  -7.678738E-09
  -3.740575E-04  -2.146699E-03  -3.441680E-09
  -4.931274E-03  -4.084340E-03   7.104432E-08
  -5.246920E-03   3.677550E-03   5.996682E-08
   1.309585E-02   5.199724E-04   1.544740E-08
  -2.368912E-02   9.353892E-04   4.211404E-08
   4.155164E-02  -9.300326E-03   1.798080E-07
   2.876121E-02  -3.554992E-01  -1.129206E-07
   2.918868E-02   3.337090E-01  -1.400807E-07
   3.457434E-01   6.667319E-01  -1.144895E-06
   3.336008E-01  -6.484180E-01   2.702113E-07
  -7.209735E-01   6.767147E-04   1.074242E-06
   4.747400E-03   5.124451E-03  -7.395171E-09
  -5.145041E-03   5.053843E-03   9.838192E-09
   1.278481E-04  -3.631443E-03   3.792465E-09
   3.157501E-04   2.235598E-03   7.235639E-09
   5.106137E-03   3.942936E-03  -7.506293E-08
   5.403305E-03  -3.523777E-03  -6.135867E-08
  -1.307736E-02  -5.175501E-04  -1.364956E-08
   2.366406E-02  -9.204931E-04  -1.728760E-08
  -4.109854E-02   9.299355E-03  -2.138925E-07
  -2.901089E-02   3.561299E-01   1.534511E-07
  -2.934079E-02  -3.343965E-01   9.887407E-08
  -3.458715E-01  -6.671451E-01   1.115965E-06
  -3.337621E-01   6.489337E-01  -1.829922E-07
   7.214370E-01  -7.300568E-04  -1.114430E-06
  -4.779241E-03  -5.160769E-03   5.523747E-09
   5.163688E-03  -5.053453E-03  -1.326310E-08
  -1.924513E-04   3.505351E-03   1.100838E-09
  -4.196243E-04  -2.071520E-03  -4.238379E-09
  -5.106815E-03  -3.951752E-03   7.631643E-08
  -5.406011E-03   3.529736E-03   5.048367E-08
   1.308733E-02   5.195720E-04   1.184795E-08
   2.524171E-02  -1.887996E-02   1.439181E-08
  -4.021003E-02   4.424560E-02  -2.971139E-07
  -1.929848E-02   3.484830E-01   4.377267E-08
  -3.824893E-02  -3.397753E-01   2.265404E-07
  -3.437304E-01  -6.642627E-01   1.067371E-06
  -3.348261E-01   6.490009E-01  -1.660646E-07
   7.204786E-01  -3.648743E-03  -1.080068E-06
  -7.950395E-03  -6.974727E-03   6.111537E-09
   5.562419E-03  -5.150958E-03   2.546810E-09
  -6.732548E-04   3.503312E-03   1.367779E-08
   2.930556E-05  -2.298407E-03  -7.372450E-09
  -5.138614E-03  -3.954688E-03   6.504479E-08
  -5.422022E-03   3.538478E-03   7.661039E-08
   1.298836E-02   6.720225E-04   5.033355E-09
   2.193765E-02   1.695958E-02   3.687948E-09
  -4.312600E-02  -2.557029E-02   1.768904E-07
  -3.794404E-02   3.618728E-01   1.700310E-07
  -1.987961E-02  -3.272055E-01   2.472540E-08
  -3.471207E-01  -6.680935E-01  -2.506391E-07
  -3.318562E-01   6.469768E-01  -2.238711E-08
   7.205319E-01   2.212812E-03  -8.570268E-08
  -1.580952E-03  -3.288388E-03   1.582507E-09
   4.733005E-03  -4.952277E-03  -7.722518E-09
   3.502238E-04   3.615354E-03   1.082687E-08
  -7.631980E-04  -1.994067E-03  -3.397943E-08
  -5.067926E-03  -3.927673E-03   1.519973E-08
  -5.380573E-03   3.506276E-03  -6.533277E-09
   1.313859E-02   3.635871E-04  -8.578924E-09
   2.429115E-02  -3.752726E-03  -2.897018E-09
  -4.115743E-02   1.342775E-02  -2.200197E-07
  -2.909646E-02   3.460144E-01   8.743893E-08
  -2.914546E-02  -3.440990E-01   1.153806E-07
  -3.361531E-01  -6.537343E-01   1.058797E-06
  -3.436864E-01   6.622909E-01  -1.849922E-07
   7.215883E-01  -6.313016E-03  -1.019392E-06
  -5.434933E-03  -5.505506E-03   5.215388E-09
   5.203688E-03  -5.068478E-03  -1.435253E-08
  -1.429703E-04   3.361881E-03  -2.885361E-09
  -3.813009E-04  -2.449107E-03  -9.331027E-10
  -5.189213E-03  -4.041816E-03   6.028799E-08
  -5.332204E-03   3.401356E-03   8.023969E-08
   1.307409E-02   6.067184E-04   7.240042E-09
  -2.302183E-02  -1.904680E-03   5.012209E-08
   4.137917E-02  -5.145601E-03   9.041056E-08
   2.865263E-02  -3.653616E-01  -1.299461E-07
   2.933881E-02   3.237369E-01  -1.991501E-08
   3.552534E-01   6.796366E-01  -1.187632E-06
   3.234850E-01  -6.345259E-01   2.721395E-07
  -7.203174E-01  -4.930907E-03   1.097325E-06
   4.098384E-03   4.772732E-03  -6.116390E-09
  -5.099121E-03   5.030253E-03   3.237535E-09
   1.794909E-04  -3.776010E-03   3.224108E-09
   3.548612E-04   1.863092E-03   2.378959E-09
   5.020143E-03   3.849417E-03  -6.745361E-08
   5.471409E-03  -3.645568E-03  -6.643537E-08
  -1.307906E-02  -4.290402E-04  -8.311395E-09
  -2.189404E-02  -1.590387E-02  -7.817872E-09
   4.223515E-02   2.271020E-02   1.221505E-07
   3.962070E-02  -3.681535E-01  -5.757399E-08
   1.891659E-02   3.214372E-01  -8.213550E-08
   3.501783E-01   6.783635E-01  -1.247325E-06
   3.286962E-01  -6.367473E-01   3.673155E-07
  -7.206198E-01  -8.546035E-03   1.084222E-06
   1.717631E-03   3.381046E-03  -4.849211E-09
  -4.750941E-03   4.921059E-03   1.230947E-08
  -1.547540E-04  -3.776666E-03  -1.425153E-08
   5.900370E-04   1.912074E-03   2.105580E-09
   5.074764E-03   4.002293E-03  -7.780130E-08
   5.408502E-03  -3.468909E-03  -5.363287E-08
  -1.310276E-02  -3.804985E-04  -6.521061E-09
   2.548426E-02  -1.781020E-02  -3.951745E-08
  -3.967421E-02   4.139140E-02   3.571055E-07
  -1.852303E-02   3.436073E-01  -1.628608E-07
  -4.002543E-02  -3.468652E-01  -2.690899E-08
  -3.412085E-01  -6.552201E-01  -7.247811E-07
  -3.384817E-01   6.603546E-01   6.474049E-07
   7.214957E-01  -9.960157E-03  -1.542829E-07
  -7.818720E-03  -6.912170E-03   7.600174E-09
   5.552063E-03  -5.171440E-03  -1.251077E-08
  -4.765270E-04   3.366325E-03   8.841042E-09
  -1.466261E-04  -2.405995E-03   7.895658E-09
  -5.138741E-03  -3.896704E-03   4.490002E-08
  -5.400626E-03   3.589779E-03   3.540918E-08
   1.305056E-02   6.564304E-04  -1.620611E-08
  -2.369409E-02   9.428253E-04   1.946715E-08
   4.132154E-02  -9.383760E-03  -1.764552E-08
   2.896110E-02  -3.558116E-01   1.662235E-08
   2.918468E-02   3.340443E-01   3.316109E-08
   3.456696E-01   6.667111E-01  -5.912725E-09
   3.338670E-01  -6.488699E-01  -5.392585E-08
  -7.212234E-01   8.398881E-04  -5.073180E-08
   4.786939E-03   5.157818E-03  -4.112531E-10
  -5.159508E-03   5.053398E-03   1.930158E-09
   1.580087E-04  -3.568781E-03   2.418601E-08
   3.703958E-04   2.152651E-03   5.258442E-09
   5.205543E-03   4.126627E-03   1.333521E-08
   5.283361E-03  -3.369838E-03   1.193677E-08
  -1.308315E-02  -5.335864E-04   2.740482E-09
   2.365855E-02  -9.145638E-04   7.549410E-09
  -4.132076E-02   9.219965E-03  -4.837513E-10
  -2.881364E-02   3.558209E-01  -1.493991E-08
  -2.934971E-02  -3.340667E-01   1.243886E-08
  -3.459441E-01  -6.671665E-01   1.010467E-08
  -3.334975E-01   6.484842E-01  -3.151807E-09
   7.211925E-01  -5.673003E-04   3.822849E-09
  -4.741056E-03  -5.128081E-03   1.549343E-09
   5.148617E-03  -5.053491E-03  -1.594882E-09
  -1.627620E-04   3.566638E-03  -2.326663E-08
  -3.650442E-04  -2.153859E-03  -1.371650E-08
  -5.008184E-03  -3.769993E-03   1.408355E-08
  -5.526743E-03   3.685746E-03   1.317964E-08
   1.308141E-02   5.034667E-04  -5.570951E-09
   2.365133E-02  -9.562100E-04   6.267574E-10
  -4.131483E-02   9.303617E-03   3.471436E-08
  -2.892547E-02   3.557332E-01   2.079718E-08
  -2.922843E-02  -3.341926E-01  -1.393057E-09
  -3.458387E-01  -6.670076E-01  -2.295496E-08
  -3.336854E-01   6.486496E-01   2.300926E-09
   7.212491E-01  -6.028101E-04  -5.140312E-08
  -4.738454E-03  -5.129340E-03  -1.644107E-09
   5.128724E-03  -5.060818E-03   5.459718E-09
  -1.378403E-04   3.646004E-03   1.560663E-09
  -3.800806E-04  -2.053187E-03  -5.264446E-09
  -5.099844E-03  -3.941826E-03  -5.875712E-10
  -5.412043E-03   3.533549E-03   1.848664E-08
   1.308305E-02   5.198986E-04  -7.082516E-10
   2.370176E-02  -9.002000E-04   4.246702E-09
  -4.133288E-02   9.297155E-03  -5.048988E-08
  -2.884663E-02   3.559015E-01  -2.543936E-08
  -2.930174E-02  -3.339187E-01  -3.694893E-08
  -3.457771E-01  -6.668721E-01   9.068275E-10
  -3.336803E-01   6.487056E-01   6.719199E-08
   7.211664E-01  -8.040383E-04   1.340298E-08
  -4.788396E-03  -5.155900E-03  -2.702940E-10
   5.179815E-03  -5.046319E-03   1.172247E-09
  -1.839027E-04   3.489658E-03  -5.939850E-09
  -3.565334E-04  -2.253664E-03   1.081803E-08
  -5.113136E-03  -3.952879E-03   6.230331E-09
  -5.397213E-03   3.520139E-03   1.787825E-08
   1.308185E-02   5.171800E-04  -2.785494E-09
  -2.415523E-02   3.365811E-03  -6.303804E-09
   4.112377E-02  -1.470411E-02   2.163460E-07
   2.968639E-02  -3.543757E-01  -2.193177E-08
   2.853461E-02   3.353831E-01  -2.102587E-07
   3.442547E-01   6.651127E-01  -1.160229E-06
   3.351052E-01  -6.502699E-01   2.893146E-07
  -7.211413E-01   3.304808E-03   1.079581E-06
   5.515320E-03   5.589259E-03  -7.419622E-09
  -5.291839E-03   5.045517E-03   7.787175E-09
   2.682277E-04  -3.545736E-03  -5.282320E-09
   2.639447E-04   2.233716E-03  -7.410975E-10
   5.141150E-03   3.839550E-03  -6.306005E-08
   5.360448E-03  -3.632413E-03  -7.502421E-08
  -1.307793E-02  -5.620280E-04  -1.179420E-08
  -2.318466E-02  -1.507189E-03   2.623251E-08
   4.153335E-02  -3.894989E-03   1.554361E-07
   2.807536E-02  -3.571922E-01  -1.379508E-07
   2.998960E-02   3.326719E-01  -6.832061E-09
   3.473454E-01   6.687102E-01  -1.147212E-06
   3.322467E-01  -6.470401E-01   2.170903E-07
  -7.212540E-01  -1.896597E-03   1.077149E-06
   4.012905E-03   4.693325E-03  -6.163431E-09
  -5.015277E-03   5.061941E-03   1.095544E-08
   5.386632E-05  -3.588820E-03   4.058752E-09
   4.729895E-04   2.070935E-03  -2.636672E-09
   5.069754E-03   4.058514E-03  -8.106427E-08
   5.446941E-03  -3.424864E-03  -7.212942E-08
  -1.308547E-02  -4.751072E-04  -3.116166E-09
  -2.366504E-02   9.065088E-04  -2.825745E-10
   4.132507E-02  -9.254064E-03   2.166516E-07
   2.885965E-02  -3.560147E-01  -1.113877E-07
   2.929508E-02   3.338422E-01  -1.366267E-07
   3.459976E-01   6.672428E-01  -1.141307E-06
   3.334389E-01  -6.483272E-01   2.493820E-07
  -7.211699E-01   7.480370E-04   1.082468E-06
   4.751559E-03   5.135374E-03  -7.320321E-09
  -5.154360E-03   5.054188E-03   1.665640E-08
   1.616468E-04  -3.570569E-03  -2.231389E-09
   3.663076E-04   2.149138E-03   1.621878E-08
   5.102715E-03   3.940794E-03  -6.851536E-08
   5.408649E-03  -3.531819E-03  -7.072784E-08
  -1.306850E-02  -7.588631E-04  -1.088602E-08
   2.368823E-02  -9.510084E-04  -1.015692E-08
  -4.131887E-02   9.349852E-03  -1.966164E-07
  -2.891555E-02   3.556189E-01   1.175647E-07
  -2.923978E-02  -3.342688E-01   1.615039E-07
  -3.456155E-01  -6.666384E-01   1.145355E-06
  -3.339250E-01   6.490315E-01  -2.374609E-07
   7.212445E-01  -6.592153E-04  -1.121153E-06
  -4.776479E-03  -5.150631E-03   6.105550E-09
   5.153941E-03  -5.052814E-03  -1.316286E-08
  -1.591722E-04   3.564867E-03  -7.138394E-09
  -3.692864E-04  -2.157491E-03  -5.770107E-09
  -5.110223E-03  -3.953796E-03   7.192683E-08
  -5.400644E-03   3.521733E-03   5.451866E-08
   1.309680E-02   2.779955E-04   2.349618E-09
   2.368038E-02  -1.206004E-03   7.090920E-09
  -4.129145E-02   9.821216E-03  -2.111672E-07
  -2.870212E-02   3.556310E-01   8.463953E-08
  -2.944818E-02  -3.342658E-01   1.203948E-07
  -3.456589E-01  -6.670081E-01   1.136741E-06
  -3.338777E-01   6.486224E-01  -2.500583E-07
   7.212708E-01  -6.843572E-04  -1.063222E-06
  -4.790673E-03  -5.158564E-03   8.470758E-09
   5.153905E-03  -5.053987E-03  -1.488767E-08
  -1.643124E-04   3.571021E-03   8.983682E-09
  -3.669933E-04  -2.151556E-03   2.771792E-09
  -5.274138E-03  -3.817112E-03   6.967992E-08
  -5.253541E-03   3.673485E-03   5.975238E-08
   1.308101E-02   5.130502E-04   8.636999E-09
  -2.367344E-02   6.506616E-04  -1.038330E-08
   4.135890E-02  -8.779995E-03   1.846083E-07
   2.907296E-02  -3.560031E-01  -9.446512E-08
   2.908485E-02   3.338436E-01  -1.552532E-07
   3.459548E-01   6.668672E-01  -1.185577E-06
   3.334857E-01  -6.487285E-01   2.937497E-07
  -7.211454E-01   7.228400E-04   1.130436E-06
   4.736131E-03   5.126936E-03  -6.350677E-09
  -5.154779E-03   5.053365E-03   1.212303E-08
   1.562911E-04  -3.564137E-03   8.590367E-09
   3.686072E-04   2.154829E-03   6.770079E-09
   4.939075E-03   4.079671E-03  -6.921090E-08
   5.555601E-03  -3.382085E-03  -6.896254E-08
  -1.308371E-02  -5.241043E-04  -1.373934E-08
  -2.367152E-02   9.774614E-04   9.423268E-09
   4.130672E-02  -9.506906E-03   2.195991E-07
   2.874909E-02  -3.556127E-01  -1.380408E-07
   2.938728E-02   3.343164E-01  -1.362347E-07
   3.458218E-01   6.668626E-01  -1.159920E-06
   3.336580E-01  -6.487504E-01   2.557369E-07
  -7.211852E-01   7.116521E-04   1.110475E-06
   4.763982E-03   5.134407E-03  -6.950154E-09
  -5.151503E-03   5.069284E-03   1.491355E-08
   1.332886E-04  -3.626560E-03   1.359974E-09
   4.134055E-04   2.069924E-03   1.091239E-08
   5.100296E-03   3.946121E-03  -7.011367E-08
   5.410222E-03  -3.527292E-03  -6.893658E-08
  -1.308252E-02  -5.343185E-04  -1.034996E-08
  -2.368267E-02   8.797909E-04  -4.383696E-08
   4.134027E-02  -9.096425E-03   2.346626E-07
   2.902490E-02  -3.560174E-01  -8.322959E-08
   2.914604E-02   3.337901E-01  -1.371935E-07
   3.457912E-01   6.670154E-01  -1.179903E-06
   3.337038E-01  -6.486032E-01   2.676844E-07
  -7.212252E-01   6.954976E-04   1.101600E-06
   4.764084E-03   5.151643E-03  -5.124691E-09
  -5.156913E-03   5.037737E-03   1.550783E-08
   1.866666E-04  -3.510543E-03   3.050690E-09
   3.214419E-04   2.237428E-03   6.317354E-09
   5.112736E-03   3.948438E-03  -6.707525E-08
   5.399163E-03  -3.526211E-03  -6.709040E-08
  -1.308217E-02  -5.028072E-04  -1.390505E-08
   2.366890E-02   5.087462E-04   8.019488E-09
  -4.144006E-02   6.178054E-03  -2.399758E-07
  -3.032721E-02   3.574083E-01   3.015953E-08
  -2.790358E-02  -3.321110E-01   1.434164E-07
  -3.458168E-01  -6.683323E-01   1.186831E-06
  -3.332123E-01   6.469319E-01  -1.918901E-07
   7.207468E-01   4.044988E-04  -1.114605E-06
  -4.663333E-03  -5.042820E-03   8.005418E-09
   5.166885E-03  -5.043822E-03  -7.470253E-09
  -1.340964E-04   3.590969E-03   1.766691E-09
  -3.685603E-04  -2.157981E-03  -4.035923E-09
  -5.080078E-03  -3.973444E-03   7.593004E-08
  -5.419114E-03   3.481347E-03   5.535184E-08
   1.308576E-02   5.543150E-04   1.511500E-08
  -2.370185E-02   2.365079E-03   2.452648E-08
   4.122277E-02  -1.242190E-02   1.488995E-07
   2.745256E-02  -3.542096E-01  -5.663731E-08
   3.063373E-02   3.359842E-01  -1.911684E-07
   3.457810E-01   6.655242E-01  -1.217605E-06
   3.341354E-01  -6.504064E-01   3.732199E-07
  -7.216383E-01   1.815024E-03   1.099535E-06
   4.863650E-03   5.244145E-03  -7.975466E-09
  -5.142331E-03   5.063439E-03   1.150502E-08
   1.859966E-04  -3.545028E-03  -4.385976E-10
   3.668180E-04   2.148612E-03   5.958475E-09
   5.132494E-03   3.921095E-03  -6.990560E-08
   5.389696E-03  -3.572227E-03  -6.345527E-08
  -1.307894E-02  -4.828777E-04  -2.656970E-08
  -2.380919E-02   7.171745E-04  -1.223115E-08
   4.302135E-02  -9.021095E-03  -1.298834E-09
   2.836642E-02  -3.556211E-01  -3.596583E-08
   2.854586E-02   3.332963E-01   5.781285E-09
   3.463094E-01   6.678518E-01   9.723177E-09
   3.337013E-01  -6.490643E-01   8.765502E-08
  -7.219505E-01   6.338735E-04   7.230715E-09
   4.659885E-03   5.170796E-03   1.586698E-09
  -5.192800E-03   5.123672E-03  -9.456175E-10
   1.331227E-04  -3.596535E-03  -2.471292E-09
   3.597051E-04   2.136229E-03  -1.487625E-08
   5.113173E-03   3.934453E-03  -2.484262E-08
   5.412245E-03  -3.505868E-03  -7.878471E-09
  -1.308763E-02  -5.175679E-04  -1.151248E-08
   2.353889E-02  -1.139991E-03   2.774992E-08
  -3.965558E-02   9.576163E-03  -1.525927E-08
  -2.940452E-02   3.560020E-01  -5.546199E-08
  -2.997595E-02  -3.347921E-01   4.488052E-09
  -3.453062E-01  -6.660392E-01  -1.736284E-08
  -3.336589E-01   6.482905E-01   3.405603E-08
   7.204667E-01  -7.700786E-04   1.441464E-08
  -4.855945E-03  -5.110209E-03  -2.531536E-09
   5.119694E-03  -4.987942E-03  -5.630370E-09
  -1.864508E-04   3.540329E-03   2.221117E-09
  -3.758449E-04  -2.169806E-03  -7.840587E-10
  -5.099904E-03  -3.959690E-03   7.569349E-09
  -5.397109E-03   3.546968E-03   3.839943E-09
   1.307725E-02   5.194164E-04   2.689242E-09
  -2.398755E-02   1.010980E-03   2.272297E-08
   4.170523E-02  -9.454315E-03   1.447929E-07
   2.876541E-02  -3.558123E-01  -2.770027E-08
   2.918715E-02   3.339053E-01  -1.745970E-07
   3.458578E-01   6.671765E-01  -1.166533E-06
   3.336677E-01  -6.487231E-01   2.914740E-07
  -7.212799E-01   6.648323E-04   1.058850E-06
   4.806742E-03   5.192177E-03  -8.020411E-09
  -4.981725E-03   5.054296E-03   7.886260E-09
   1.531406E-04  -3.574241E-03  -9.283538E-10
   3.454690E-04   2.152196E-03   1.582993E-08
   5.105962E-03   3.939933E-03  -6.572679E-08
   5.405609E-03  -3.521369E-03  -6.256850E-08
  -1.308735E-02  -5.231935E-04  -2.178855E-09
  -2.336317E-02   8.412948E-04   5.334228E-08
   4.094814E-02  -9.141526E-03   1.599996E-07
   2.901037E-02  -3.558146E-01  -1.164720E-07
   2.934359E-02   3.341988E-01  -1.457754E-07
   3.457507E-01   6.667009E-01  -1.189917E-06
   3.336927E-01  -6.486284E-01   2.638714E-07
  -7.211284E-01   7.406069E-04   1.142608E-06
   4.718155E-03   5.090913E-03  -7.627518E-09
  -5.331605E-03   5.054950E-03   9.002620E-09
   1.673745E-04  -3.561258E-03   2.146023E-10
   3.900995E-04   2.154485E-03   3.234931E-10
   5.107100E-03   3.954659E-03  -6.896586E-08
   5.403804E-03  -3.532033E-03  -6.316215E-08
  -1.307727E-02  -5.138381E-04  -6.077102E-09
   2.379261E-02  -9.266634E-04  -1.741227E-08
  -4.136089E-02   9.146108E-03  -1.480345E-07
  -2.898102E-02   3.558706E-01  -3.333005E-08
  -2.915480E-02  -3.338981E-01   9.381692E-08
  -3.457509E-01  -6.670539E-01   1.052664E-06
  -3.336618E-01   6.485438E-01  -1.525420E-07
   7.211197E-01  -5.925920E-04  -9.528249E-07
  -4.882273E-03  -5.113448E-03   8.044029E-09
   5.198686E-03  -5.031500E-03  -1.313500E-08
  -1.686079E-04   3.574543E-03  -1.130639E-08
  -3.695834E-04  -2.149571E-03  -8.017306E-09
  -5.104140E-03  -3.945546E-03   9.051938E-08
  -5.406161E-03   3.523239E-03   5.412289E-08
   1.308297E-02   5.215810E-04   6.973677E-09
   2.356296E-02  -9.303881E-04  -7.998466E-08
  -4.127811E-02   9.450810E-03   3.650821E-07
  -2.879823E-02   3.557634E-01  -2.279772E-07
  -2.938078E-02  -3.342114E-01  -3.199239E-08
  -3.458616E-01  -6.668212E-01  -7.040221E-07
  -3.336966E-01   6.488081E-01   6.957534E-07
   7.212876E-01  -8.150649E-04  -1.309360E-07
  -4.647716E-03  -5.167112E-03   6.904365E-09
   5.110798E-03  -5.075036E-03  -9.439142E-09
  -1.529927E-04   3.559327E-03  -1.519685E-10
  -3.659423E-04  -2.157174E-03   1.275653E-08
  -5.108837E-03  -3.949252E-03   4.776237E-08
  -5.403159E-03   3.530445E-03   3.743539E-08
   1.308193E-02   5.155154E-04  -1.301458E-08
  -2.363612E-02   1.038801E-03   2.042061E-08
   4.113288E-02  -9.601763E-03   1.711857E-07
   2.882708E-02  -3.558403E-01  -8.878011E-08
   2.945424E-02   3.342742E-01  -1.500978E-07
   3.458826E-01   6.668612E-01  -1.193481E-06
   3.336519E-01  -6.487772E-01   2.833949E-07
  -7.212140E-01   8.341455E-04   1.122379E-06
   4.827097E-03   5.148821E-03  -6.616980E-09
  -5.224798E-03   5.062292E-03   1.397274E-08
   1.725846E-04  -3.547493E-03   6.473839E-09
   3.680006E-04   2.144098E-03   3.580954E-09
   5.104760E-03   3.950708E-03  -7.141632E-08
   5.406755E-03  -3.528764E-03  -6.936650E-08
  -1.308270E-02  -5.208690E-04  -1.002968E-08
   2.371717E-02  -8.221603E-04  -9.769712E-09
  -4.151596E-02   9.005747E-03   4.260535E-09
  -2.894404E-02   3.557890E-01  -2.180502E-07
  -2.907807E-02  -3.338353E-01  -2.482416E-07
  -3.457312E-01  -6.670144E-01  -1.946805E-08
  -3.337127E-01   6.485759E-01  -8.644175E-08
   7.211974E-01  -5.739303E-04   5.807518E-07
  -4.699704E-03  -5.136563E-03   7.441011E-09
   5.083423E-03  -5.044160E-03  -1.571060E-08
  -1.482466E-04   3.587859E-03   7.442822E-09
  -3.676494E-04  -2.162266E-03   8.197690E-09
  -5.108142E-03  -3.944103E-03  -2.926042E-08
  -5.402500E-03   3.524912E-03   3.486261E-09
   1.308228E-02   5.162913E-04   7.740621E-09
   2.367843E-02  -9.341405E-04   2.031207E-04
  -4.132079E-02   9.309306E-03  -2.289433E-04
  -2.888723E-02   3.558127E-01  -1.172382E-03
  -2.927247E-02  -3.340485E-01   1.170770E-03
  -3.458056E-01  -6.669375E-01   2.053223E-03
  -3.336804E-01   6.486708E-01  -1.727977E-03
   7.211996E-01  -7.031977E-04   6.396415E-05
  -4.765213E-03  -5.143480E-03  -1.031183E-04
   5.153914E-03  -5.052688E-03  -1.714182E-06
  -1.594445E-04   3.567909E-03   1.698225E-04
  -3.663098E-04  -2.153651E-03  -1.647111E-04
  -5.103444E-03  -3.944809E-03   6.553793E-04
  -5.400771E-03   3.524094E-03  -8.553503E-04
   1.308177E-02   5.182012E-04  -4.674418E-05
  -2.368332E-02   9.278665E-04  -8.394960E-05
   4.134064E-02  -9.299616E-03   1.083871E-04
   2.888150E-02  -3.558020E-01  -1.390847E-03
   2.926109E-02   3.340350E-01   1.354414E-03
   3.457886E-01   6.669180E-01  -5.819833E-04
   3.336600E-01  -6.486511E-01   8.035602E-04
  -7.211468E-01   7.046184E-04  -2.749566E-04
   4.764133E-03   5.143371E-03   3.294576E-05
  -5.153842E-03   5.053901E-03  -6.397174E-06
   1.595170E-04  -3.567060E-03   1.536823E-04
   3.667740E-04   2.152100E-03  -2.086533E-04
   5.105290E-03   3.946786E-03   1.084893E-03
   5.403487E-03  -3.526350E-03  -1.004684E-03
  -1.309643E-02  -5.187752E-04   1.021087E-05
   2.367339E-02  -9.246064E-04   7.327921E-04
  -4.131246E-02   9.294666E-03  -4.512944E-04
  -2.889498E-02   3.558312E-01  -4.664453E-04
  -2.927156E-02  -3.340689E-01   4.768750E-04
  -3.458087E-01  -6.669467E-01  -5.600755E-04
  -3.336780E-01   6.486865E-01   3.792359E-04
   7.212152E-01  -7.045604E-04   1.769197E-04
  -4.763455E-03  -5.142730E-03  -5.614905E-04
   5.153939E-03  -5.053108E-03   3.438092E-04
  -1.608618E-04   3.567498E-03   9.052068E-04
  -3.685436E-04  -2.153284E-03  -9.775969E-04
  -5.105842E-03  -3.949691E-03  -1.711295E-05
  -5.405180E-03   3.529263E-03   7.822024E-05
   1.308272E-02   5.185641E-04  -3.526597E-05
  -2.368526E-02   9.231437E-04   5.956045E-04
   4.131375E-02  -9.295565E-03  -1.468017E-05
   2.887959E-02  -3.558607E-01  -3.335293E-04
   2.926011E-02   3.340830E-01  -3.806848E-05
   3.458329E-01   6.670056E-01  -6.922775E-04
   3.337087E-01  -6.487319E-01   5.684649E-04
  -7.212755E-01   6.997888E-04  -3.223148E-05
   4.774162E-03   5.145219E-03  -1.688382E-04
  -5.155774E-03   5.052026E-03  -1.207752E-04
   1.773540E-04  -3.553364E-03   1.255338E-03
   3.834306E-04   2.143788E-03  -1.179074E-03
   5.107326E-03   3.947914E-03  -4.559204E-04
   5.405327E-03  -3.527009E-03   6.727379E-04
  -1.308434E-02  -5.184991E-04  -7.190426E-06
   2.368317E-02  -9.256941E-04   1.471004E-04
  -4.131917E-02   9.293091E-03  -2.586650E-04
  -2.889249E-02   3.558327E-01  -1.415424E-03
  -2.926884E-02  -3.340503E-01   1.431191E-03
  -3.458208E-01  -6.669639E-01   3.756589E-03
  -3.336964E-01   6.486878E-01  -3.396473E-03
   7.212368E-01  -6.998493E-04   9.020975E-05
  -4.764533E-03  -5.142836E-03   8.571806E-05
   5.153012E-03  -5.050317E-03  -2.154145E-04
  -1.606042E-04   3.563964E-03  -3.306366E-04
  -3.680876E-04  -2.151206E-03   4.317864E-04
  -5.106723E-03  -3.947083E-03   7.497052E-05
  -5.404615E-03   3.523953E-03  -3.859590E-04
   1.308296E-02   5.185005E-04  -9.430850E-06
   2.371654E-02  -9.025947E-04  -6.884122E-04
  -4.142925E-02   9.284532E-03  -4.811626E-04
  -2.883551E-02   3.556812E-01   2.067561E-04
  -2.921187E-02  -3.339181E-01   2.638781E-04
  -3.457079E-01  -6.667508E-01  -4.572612E-03
  -3.335872E-01   6.484787E-01   4.412439E-03
   7.210200E-01  -7.002038E-04   7.674885E-04
  -4.804284E-03  -5.148837E-03   6.981521E-04
   5.150861E-03  -5.060780E-03  -2.798592E-04
  -1.582724E-04   3.563887E-03   4.695386E-04
  -3.665109E-04  -2.152219E-03  -3.705249E-05
  -5.104648E-03  -3.947386E-03   3.938336E-04
  -5.402240E-03   3.532224E-03  -1.275494E-03
   1.307983E-02   5.183668E-04  -1.017464E-05
   2.366583E-02  -9.287042E-04   1.951922E-04
  -4.129684E-02   9.301043E-03  -2.809130E-03
  -2.889654E-02   3.558328E-01   1.497737E-03
  -2.927306E-02  -3.340727E-01   1.640259E-03
  -3.458316E-01  -6.669578E-01   2.490857E-04
  -3.337063E-01   6.486954E-01   3.446719E-04
   7.212688E-01  -7.039048E-04  -1.227765E-03
  -4.766356E-03  -5.144600E-03   1.105955E-04
   5.152823E-03  -5.051381E-03   3.791891E-04
  -1.580481E-04   3.569027E-03   7.920508E-04
  -3.665546E-04  -2.153291E-03   6.191732E-04
  -5.106845E-03  -3.947376E-03  -4.367466E-05
  -5.405412E-03   3.526464E-03  -9.479325E-05
   1.307419E-02   5.183688E-04  -1.874350E-03
  -2.366487E-02   9.265289E-04  -1.083319E-04
   4.128625E-02  -9.296476E-03   2.996806E-03
   2.889951E-02  -3.558323E-01   6.858795E-04
   2.927694E-02   3.340757E-01   6.177868E-04
   3.458097E-01   6.669337E-01  -1.642165E-03
   3.336816E-01  -6.486760E-01  -2.113861E-03
  -7.212249E-01   7.029945E-04  -4.704751E-04
   4.763926E-03   5.142612E-03  -1.804840E-04
  -5.153233E-03   5.052134E-03  -4.183888E-04
   1.617240E-04  -3.567838E-03  -6.627979E-04
   3.692378E-04   2.153292E-03  -5.539723E-04
   5.109203E-03   3.956148E-03  -4.503126E-06
   5.409691E-03  -3.534901E-03   1.654507E-04
  -1.308296E-02  -5.184727E-04   1.693866E-03
  -2.366904E-02   9.287832E-04   8.848958E-04
   4.130208E-02  -9.304464E-03  -9.793480E-04
   2.888692E-02  -3.558487E-01   8.213090E-05
   2.927122E-02   3.340930E-01  -3.010213E-04
   3.458232E-01   6.669827E-01  -7.421433E-04
   3.337032E-01  -6.487233E-01  -7.833187E-04
  -7.212761E-01   7.041614E-04   1.406280E-03
   4.767716E-03   5.143036E-03  -1.612707E-04
  -5.154084E-03   5.052373E-03  -3.121538E-04
   1.765007E-04  -3.558740E-03   1.079114E-03
   3.829605E-04   2.146249E-03   1.042076E-03
   5.107948E-03   3.948323E-03  -7.821346E-04
   5.406026E-03  -3.527855E-03  -6.722012E-04
  -1.308463E-02  -5.185456E-04   4.711854E-04
   2.369263E-02  -9.467335E-04   1.719842E-04
  -4.140615E-02   9.320284E-03  -9.537877E-04
  -2.884822E-02   3.557373E-01  -2.695252E-05
  -2.923775E-02  -3.339693E-01   6.159224E-04
  -3.457574E-01  -6.668460E-01  -4.103959E-04
  -3.336264E-01   6.485796E-01   6.460185E-04
   7.211032E-01  -7.063468E-04   6.798997E-04
  -4.758134E-03  -5.135821E-03   1.806712E-04
   5.150751E-03  -5.055681E-03  -1.607940E-04
  -1.598627E-04   3.566773E-03   3.436681E-04
  -3.660284E-04  -2.152543E-03  -7.188395E-05
  -5.105383E-03  -3.945741E-03  -3.453228E-04
  -5.403283E-03   3.525191E-03  -6.833627E-04
   1.308109E-02   5.187256E-04  -1.547994E-05
  -2.368897E-02   9.266564E-04   2.019406E-04
   4.134559E-02  -9.307346E-03  -2.294238E-04
   2.887802E-02  -3.557964E-01  -3.572168E-04
   2.925842E-02   3.340324E-01   1.266510E-04
   3.457948E-01   6.669268E-01  -2.491311E-04
   3.336685E-01  -6.486530E-01   4.506263E-04
  -7.211841E-01   6.984490E-04   7.088940E-05
   4.771290E-03   5.146731E-03  -2.697264E-05
  -5.154378E-03   5.051684E-03  -5.277135E-05
   1.601387E-04  -3.567810E-03   2.339626E-04
   3.670807E-04   2.153274E-03  -6.467062E-05
   5.106346E-03   3.946876E-03   7.876565E-05
   5.404322E-03  -3.526424E-03  -2.006472E-04
  -1.308213E-02  -5.184576E-04  -1.992944E-05
