    4,1                                     # harmonic no-HN
   -1.641029546345032e-01    2.950435687607071e-07    0.000000000000000e+00
    4,2    
   -7.488621580948751e-01   -2.522419542071701e-07    0.000000000000000e+00
    4,3    
    1.078546554077976e+00    2.903429199251485e-07    0.000000000000000e+00
    4,1        1,1    
   -2.555456018893451e-01   -8.971898553215004e-07    0.000000000000000e+00
    4,2        1,1    
   -7.036117523942927e-01    3.133975233853853e-07    0.000000000000000e+00
    4,3        1,1    
    1.100783579369110e+00   -6.412388115924475e-07    0.000000000000000e+00
    4,1        1,2    
    6.900575517655492e-03    7.184480488462861e-08    0.000000000000000e+00
    4,2        1,2    
   -4.390372353748644e-02    1.278500313309015e-07    0.000000000000000e+00
    4,3        1,2    
   -4.069348006872733e-01   -7.774747744579102e-08    0.000000000000000e+00
    4,1        1,5    
   -1.246884938081928e-01    2.693036312824966e-07    0.000000000000000e+00
    4,2        1,5    
   -1.837106407454500e-01    1.405088418018435e-07    0.000000000000000e+00
    4,3        1,5    
    1.844207931643669e-01   -7.762271488056101e-08    0.000000000000000e+00
    4,1        1,6    
    8.286407465607334e-02    9.226326106920745e-08    0.000000000000000e+00
    4,2        1,6    
    2.370572361451051e-01   -4.953732966704041e-08    0.000000000000000e+00
    4,3        1,6    
   -7.043381177603623e-01   -1.819588903473670e-07    0.000000000000000e+00
    4,1        1,7    
    2.718575209262138e-01    1.019198527375061e-07    0.000000000000000e+00
    4,2        1,7    
   -5.000910860656217e-01   -1.725664523370542e-07    0.000000000000000e+00
    4,3        1,7    
    1.290237854692679e+00    4.462130664552299e-07    0.000000000000000e+00
    4,1        1,8    
   -1.395862378879938e-01    2.496380042815789e-08    0.000000000000000e+00
    4,2        1,8    
    1.642116384143920e-01    2.722832989953447e-08    0.000000000000000e+00
    4,3        1,8    
    3.176881699063291e-01    4.925549003887774e-08    0.000000000000000e+00
    4,1        1,9    
   -3.791117479181823e-01   -7.682952087160292e-08    0.000000000000000e+00
    4,2        1,9    
    7.716608736238479e-03   -4.331101744399441e-08    0.000000000000000e+00
    4,3        1,9    
   -3.251615636274749e-01   -1.791132358708104e-07    0.000000000000000e+00
    4,1        1,10   
    2.255514580611135e-01   -2.132440662653003e-07    0.000000000000000e+00
    4,2        1,10   
   -5.106334115450055e-01   -7.959237651751250e-08    0.000000000000000e+00
    4,3        1,10   
    7.942615480695473e-01   -5.998190055453635e-08    0.000000000000000e+00
    4,1        1,11   
   -2.546953249499415e-01    1.686634044786889e-07    0.000000000000000e+00
    4,2        1,11   
    1.549198278217337e-01    2.756546521780562e-08    0.000000000000000e+00
    4,3        1,11   
   -5.525237709030030e-01   -4.280294336610514e-08    0.000000000000000e+00
    4,1        1,12   
    1.211313323159851e-01    7.257084285960776e-08    0.000000000000000e+00
    4,2        1,12   
   -1.323032738394778e-01    1.700664094420797e-07    0.000000000000000e+00
    4,3        1,12   
    8.209242981595798e-02   -2.954422891565593e-08    0.000000000000000e+00
    4,1        1,13   
   -5.413162871796370e-02   -5.294021313148249e-08    0.000000000000000e+00
    4,2        1,13   
   -1.316596952061555e-01    2.672497620062824e-08    0.000000000000000e+00
    4,3        1,13   
    1.389805932052468e-01   -3.982968899522810e-08    0.000000000000000e+00
    7,1        3,1    
    1.403341346809956e+00   -9.953206158457311e-08    0.000000000000000e+00
    7,2        3,1    
   -6.809530024331172e-01    2.055824849493804e-08    0.000000000000000e+00
    7,3        3,1    
   -5.086927246124148e-02   -5.399525198213773e-08    0.000000000000000e+00
    7,4        3,1    
    4.622514133035793e-02    1.881106580638553e-07    0.000000000000000e+00
    7,5        3,1    
    4.307666030509160e-01   -2.469279141626579e-08    0.000000000000000e+00
    7,6        3,1    
   -1.775935351156283e+00    2.973432583879429e-07    0.000000000000000e+00
    7,1        3,2    
   -1.112313203040365e+00    9.027800129539549e-08    0.000000000000000e+00
    7,2        3,2    
   -3.244564509812700e-01   -7.758169173577951e-08    0.000000000000000e+00
    7,3        3,2    
   -4.461125113363302e-02    3.412543012495214e-08    0.000000000000000e+00
    7,4        3,2    
    3.459140049194170e-02   -1.158610266704037e-08    0.000000000000000e+00
    7,5        3,2    
    6.348453258279009e-01    1.574862828551544e-07    0.000000000000000e+00
    7,6        3,2    
    9.146662574198124e-01   -3.397589543130345e-07    0.000000000000000e+00
    7,1        3,3    
   -1.861980502065061e-01   -6.871631658735111e-08    0.000000000000000e+00
    7,2        3,3    
    8.753914397712360e-01   -1.014132014918519e-07    0.000000000000000e+00
    7,3        3,3    
    1.718257851144532e-01    1.808993129217555e-08    0.000000000000000e+00
    7,4        3,3    
   -3.993808812410134e-01    2.648820560436836e-08    0.000000000000000e+00
    7,5        3,3    
   -3.691407845703400e-01   -1.495809368344742e-08    0.000000000000000e+00
    7,6        3,3    
   -2.822973652636397e+00    2.227084074015997e-07    0.000000000000000e+00
    7,1        3,4    
    7.766125279264206e-02    4.965840029297287e-09    0.000000000000000e+00
    7,2        3,4    
    1.955522326238506e-01   -6.515961403884563e-08    0.000000000000000e+00
    7,3        3,4    
   -1.152867979931774e-02   -2.768734317871146e-08    0.000000000000000e+00
    7,4        3,4    
   -5.546370601277945e-02    3.089807986126526e-08    0.000000000000000e+00
    7,5        3,4    
    3.047466679986947e-01    3.712879455712404e-08    0.000000000000000e+00
    7,6        3,4    
    9.411309248274688e-02   -5.172699458448968e-08    0.000000000000000e+00
    7,1        3,5    
    1.589563360999184e-01   -2.671514333916263e-08    0.000000000000000e+00
    7,2        3,5    
    4.098554255954182e-01   -8.293183200750056e-08    0.000000000000000e+00
    7,3        3,5    
   -8.925066114676168e-02    4.226244476627386e-08    0.000000000000000e+00
    7,4        3,5    
   -4.159963321691707e-01    1.112431674191116e-07    0.000000000000000e+00
    7,5        3,5    
   -3.733724673662715e-01    4.476174241971878e-08    0.000000000000000e+00
    7,6        3,5    
   -2.575386318516776e-01    6.436405705387139e-08    0.000000000000000e+00
    7,1        3,6    
    8.129020506644721e-02   -3.782641991773881e-08    0.000000000000000e+00
    7,2        3,6    
   -6.080529229745107e-01    1.377252452415530e-07    0.000000000000000e+00
    7,3        3,6    
    5.084865130689192e-02   -3.531460111134602e-08    0.000000000000000e+00
    7,4        3,6    
    4.390587592779323e-01   -6.991939404979910e-08    0.000000000000000e+00
    7,5        3,6    
    7.426746005565164e-01   -8.716243966130270e-08    0.000000000000000e+00
    7,6        3,6    
   -1.095105131258573e+00    5.334735628824497e-08    0.000000000000000e+00
    7,1        3,7    
    4.298416517164253e-02   -1.405616911559190e-08    0.000000000000000e+00
    7,2        3,7    
    1.100853715242904e-01    2.719339461340644e-08    0.000000000000000e+00
    7,3        3,7    
   -1.761383800992890e-01    3.540468021246259e-08    0.000000000000000e+00
    7,4        3,7    
    6.187808819695982e-03   -5.237437335080344e-08    0.000000000000000e+00
    7,5        3,7    
   -1.143638097644269e-01   -2.790977772718951e-08    0.000000000000000e+00
    7,6        3,7    
   -7.383741822643340e-02    3.706272241571383e-08    0.000000000000000e+00
    7,1        3,8    
    3.817582286092019e-02   -1.903719275803675e-09    0.000000000000000e+00
    7,2        3,8    
   -1.202013267533259e-01   -4.710713830671979e-09    0.000000000000000e+00
    7,3        3,8    
   -2.244750796728350e-02    2.365072120396043e-08    0.000000000000000e+00
    7,4        3,8    
    7.767275895651859e-02   -2.751365029516779e-08    0.000000000000000e+00
    7,5        3,8    
    1.335492394638918e-01    1.761447140373859e-08    0.000000000000000e+00
    7,6        3,8    
    5.388527753128878e-02   -1.121511523551284e-09    0.000000000000000e+00
    7,1        3,9    
   -3.644560046682901e-02   -1.708673689801664e-08    0.000000000000000e+00
    7,2        3,9    
    7.024328314476548e-02   -1.543082599416653e-09    0.000000000000000e+00
    7,3        3,9    
   -2.660240349485189e-02    1.803523502553563e-08    0.000000000000000e+00
    7,4        3,9    
   -4.003021717989035e-02    3.509929967231935e-09    0.000000000000000e+00
    7,5        3,9    
    2.205348863067020e-02   -3.585492373770299e-08    0.000000000000000e+00
    7,6        3,9    
   -1.294215491331346e-01    2.064025441026694e-08    0.000000000000000e+00
    7,1        3,10   
    3.134839538404652e-01    8.500210747096813e-09    0.000000000000000e+00
    7,2        3,10   
    3.113201413014620e-01   -5.623992991615456e-09    0.000000000000000e+00
    7,3        3,10   
   -1.024776979720132e-01   -1.021727229860709e-08    0.000000000000000e+00
    7,4        3,10   
   -1.635320410358664e-01    4.344973111647647e-08    0.000000000000000e+00
    7,5        3,10   
   -3.298408003872352e-01   -1.092216775107496e-08    0.000000000000000e+00
    7,6        3,10   
   -7.916208581021182e-01    1.309138435253529e-07    0.000000000000000e+00
    4,1        1,3                          # harmonic with-HN
    4.095442628905073e-06    2.757428175190494e-01   -7.342863203809283e-02
    4,2        1,3    
   -1.215792675099948e-06    2.240355573209212e-02    1.075787143420038e-02
    4,3        1,3    
    7.899790165814163e-06    5.518311509607393e-01   -2.192277217141895e-01
    4,1        1,14   
    6.613301275583782e-06    2.105814172235994e-01    4.071191127769787e-01
    4,2        1,14   
   -3.525998333385643e-08   -1.614630053528931e-01   -5.595069530322767e-01
    4,3        1,14   
    8.941772808277520e-06    5.125198624822679e-01    3.062717334664827e-01
    2,1        6,1    
   -3.821092332337649e-07    9.573617425858758e-02    0.000000000000000e+00
    2,2        6,1    
   -1.364145572294797e-06   -3.431700597501872e-01    0.000000000000000e+00
    5,1        2,1        7,1               # C2v-planar B2 x B1 -> G8 irred-5 x irred-7 x irred-2
    6.858329112891956e-07    8.573815447849013e-02   -7.537823372918061e-02
    5,1        2,1        7,2    
    6.282095731134583e-07    1.070184496130828e-02    6.134007845049155e-02
    5,1        2,1        7,3    
    1.261270769275356e-07    2.247555818060365e-02    6.022068970398836e-02
    5,1        2,1        7,4    
   -2.121408497185151e-06   -3.013635893440536e-01    6.898697450377055e-02
    5,1        2,1        7,5    
    1.861693312455077e-07    8.094298257321402e-03   -1.264246908737312e-01
    5,1        2,1        7,6    
    2.371353673463040e-07    9.304691283809012e-02   -1.954745124296820e-01
    5,1        2,2        7,1    
    1.109597557781138e-06   -1.395185609085007e-01    6.227305511135552e-01
    5,1        2,2        7,2    
    7.500367140660450e-07    7.021091553014376e-02   -3.527320314374713e-01
    5,1        2,2        7,3    
    1.147584971747585e-06   -1.270731634485221e-03   -1.948064629504971e-01
    5,1        2,2        7,4    
   -1.547411016918067e-07   -1.064948501077786e-01    1.757638580237678e-01
    5,1        2,2        7,5    
   -1.212783984114852e-06    8.911148531661256e-03    2.578208171526123e-01
    5,1        2,2        7,6    
   -2.317761183308574e-06   -4.134065635764824e-01    9.130049499125992e-01
    5,1        6,1        3,1               # C2v-planar B1 x B2 -> G8 irred-5 x irred-6 x irred-3
    1.109577466578082e-05   -1.726933391184604e+00    0.000000000000000e+00
    5,1        6,1        3,2    
   -7.624375182333267e-06    1.524373194352363e+00    0.000000000000000e+00
    5,1        6,1        3,3    
   -3.930637059652740e-06   -8.579187720586956e-01    0.000000000000000e+00
    5,1        6,1        3,4    
    2.691761672672510e-06    8.319986932139407e-02    0.000000000000000e+00
    5,1        6,1        3,5    
   -2.273910439621133e-06   -6.845047279811009e-02    0.000000000000000e+00
    5,1        6,1        3,6    
   -1.381228364940289e-06   -1.080557009693173e+00    0.000000000000000e+00
    5,1        6,1        3,7    
    1.887770560377001e-06   -2.017697539308945e-01    0.000000000000000e+00
    5,1        6,1        3,8    
    7.572511497042796e-07    9.245437475206544e-02    0.000000000000000e+00
    5,1        6,1        3,9    
   -1.504587641530808e-06    4.466436588904504e-02    0.000000000000000e+00
    5,1        6,1        3,10   
   -4.207917773044792e-06   -6.173297307535243e-01    0.000000000000000e+00
    8,1        2,1        3,1               # C2v-perpendicular B1 x B2 -> G8 irred-8 x irred-2 x irred-3
   -8.057529294694746e-05    4.391401165955355e+01   -1.137429610338842e+01
    8,1        2,1        3,2    
    1.398303471443585e-04   -4.015431268558891e+01    1.750070702896359e+01
    8,1        2,1        3,3    
   -1.442842327264669e-04    5.981448245544023e+01   -1.746411766118581e+01
    8,1        2,1        3,4    
   -3.339564324598162e-05    7.756258584399413e+00    9.058283958172035e-01
    8,1        2,1        3,5    
   -1.224417089221369e-05    2.105818704575972e-01   -9.955311006028237e-01
    8,1        2,1        3,6    
    3.192506756623310e-05   -6.210796749820107e+00    2.603120288774625e+00
    8,1        2,1        3,7    
   -1.299000319039368e-05   -3.635150709795535e-01    5.935543587580454e-02
    8,1        2,1        3,8    
   -2.842437347081783e-05    3.753691347001503e+00   -3.090592420346704e+00
    8,1        2,1        3,9    
    4.129891229765612e-05   -9.285927328319877e-01    1.597244837900218e+00
    8,1        2,1        3,10   
   -5.702571028977316e-06    5.071045563801556e+00   -1.947876042953474e+00
    8,1        2,2        3,1    
    1.828765114428200e-04   -9.577837296931267e+01    0.000000000000000e+00
    8,1        2,2        3,2    
   -3.242349166994312e-04    9.801412279600704e+01    0.000000000000000e+00
    8,1        2,2        3,3    
    2.849404324686927e-04   -1.865652661781105e+02    0.000000000000000e+00
    8,1        2,2        3,4    
    1.390074925616530e-04   -1.672557538249195e+01    0.000000000000000e+00
    8,1        2,2        3,5    
    1.358947860464262e-05    5.317517347733379e+00    0.000000000000000e+00
    8,1        2,2        3,6    
   -1.320211958539058e-04   -4.371527904797579e+00    0.000000000000000e+00
    8,1        2,2        3,7    
    2.943433894995435e-05   -8.329534665379893e-01    0.000000000000000e+00
    8,1        2,2        3,8    
    7.672139509470208e-05    6.583197437709672e+00    0.000000000000000e+00
    8,1        2,2        3,9    
   -2.734958158123590e-04    2.192024288304050e-01    0.000000000000000e+00
    8,1        2,2        3,10   
    9.636615257930803e-05   -6.604900320221212e+00    0.000000000000000e+00
    8,1        6,1        7,1               # C2v-perpendicular B2 x B1 -> G8 irred-8 x irred-6 x irred-7
    9.604267773668557e-07    5.331971817822102e-02    0.000000000000000e+00
    8,1        6,1        7,2    
   -3.527163830513473e-07    6.753087382927314e-03    0.000000000000000e+00
    8,1        6,1        7,3    
    1.213170569116308e-06    1.826511711771504e-02    0.000000000000000e+00
    8,1        6,1        7,4    
   -8.638863261190429e-07    1.673986175746552e-02    0.000000000000000e+00
    8,1        6,1        7,5    
   -3.099751241780642e-06    4.284566809907053e-02    0.000000000000000e+00
    8,1        6,1        7,6    
    1.313635075224323e-06   -3.538728458869696e-02    0.000000000000000e+00
    5,1        8,1        1,1               # C2v-planar / C2v-perpendicular A2 x A1 -> G8 irred-5 x irred-8 x irred-1
    7.127759977273746e-06    3.196923157273697e-01    1.606165550376360e+00
    5,1        8,1        1,2    
    6.823164355738195e-07   -2.305162843232672e-01    1.781333786092721e-01
    5,1        8,1        1,3    
    1.242578129726213e-06   -1.703572384526368e-01    1.063836921841270e-01
    5,1        8,1        1,5    
   -4.997741016713498e-06    5.996207145713023e-02   -1.747135166099958e-01
    5,1        8,1        1,6    
    4.973533261225071e-06    1.241320837094180e-01    2.219253822425683e-02
    5,1        8,1        1,7    
   -1.346091220353680e-06    2.501901225418460e-01    4.248859555289908e-01
    5,1        8,1        1,8    
    3.284354161660670e-06    4.101438608753277e-01    3.666905358304091e-01
    5,1        8,1        1,9    
   -2.609730636432991e-06   -3.736188441848087e-02    9.272764375983499e-01
    5,1        8,1        1,10   
    3.418305942712940e-06   -1.050997727278125e-01   -3.882426856314749e-03
    5,1        8,1        1,11   
   -6.059181201137608e-06   -2.346016813327120e-01    1.037479647497076e-01
    5,1        8,1        1,12   
    1.432700856255913e-06    1.403077912593933e-01    4.804366020729885e-02
    5,1        8,1        1,13   
    6.685577052552265e-07    1.298544492811421e-01    3.082223661408379e-02
    5,1        8,1        1,14   
    4.822293702795843e-06    7.355471213586972e-01   -4.026935552482023e-01
    7,7        3,13                         # HN spherical coordinate angles
   -1.909734048992391e-06   -1.832090954538628e-01   -6.254626705957121e-02
    8,1        5,1    
    8.516716102605205e-06   -8.516054581696968e-01    2.310049498790318e-01
    4,1        1,4    
    0.000000000000000e+00    0.000000000000000e+00    1.881484908792533e-01
    4,2        1,4    
    0.000000000000000e+00    0.000000000000000e+00   -2.826713455509339e-01
    4,3        1,4    
    0.000000000000000e+00    0.000000000000000e+00    9.098364279437884e-03
    5,1        2,1        7,7    
    0.000000000000000e+00    0.000000000000000e+00   -9.991232363341604e-02
    5,1        2,2        7,7    
    0.000000000000000e+00    0.000000000000000e+00    2.939135029324843e-01
    7,7        3,1               # C2v-planar B1 x B2 -> G8 irred-5 x irred-6 x irred-3
    0.000000000000000e+00    0.000000000000000e+00   -1.608291678730750e+00
    7,7        3,2    
    0.000000000000000e+00    0.000000000000000e+00    1.995247531946440e+00
    7,7        3,3    
    0.000000000000000e+00    0.000000000000000e+00   -2.708690745748146e+00
    7,7        3,4    
    0.000000000000000e+00    0.000000000000000e+00    4.486434314135134e-01
    7,7        3,5    
    0.000000000000000e+00    0.000000000000000e+00   -1.424661849244680e-01
    7,7        3,6    
    0.000000000000000e+00    0.000000000000000e+00   -4.360902367655089e-01
    7,7        3,7    
    0.000000000000000e+00    0.000000000000000e+00   -1.199184797099065e-01
    7,7        3,8    
    0.000000000000000e+00    0.000000000000000e+00    3.876570740579881e-01
    7,7        3,9    
    0.000000000000000e+00    0.000000000000000e+00   -1.209388687934602e-01
    7,7        3,10   
    0.000000000000000e+00    0.000000000000000e+00   -1.210286019581247e+00
    3,13       7,1               # C2v-perpendicular B2 x B1 -> G8 irred-8 x irred-6 x irred-7
    0.000000000000000e+00    0.000000000000000e+00   -3.556919416809705e-01
    3,13       7,2    
    0.000000000000000e+00    0.000000000000000e+00    9.622901640186086e-02
    3,13       7,3    
    0.000000000000000e+00    0.000000000000000e+00    1.433027170218057e-01
    3,13       7,4    
    0.000000000000000e+00    0.000000000000000e+00    1.091284095129667e-01
    3,13       7,5    
    0.000000000000000e+00    0.000000000000000e+00   -1.691707360629484e-01
    3,13       7,6    
    0.000000000000000e+00    0.000000000000000e+00   -3.135155200204818e-01
    5,1        8,1        1,4    
    0.000000000000000e+00    0.000000000000000e+00   -6.553849429086588e-01
    1,22       4,1               # 1st-scaling bias replacing an irred-1 HN coord
    0.000000000000000e+00    0.000000000000000e+00    3.191318836796624e-01
    1,22       4,2    
    0.000000000000000e+00    0.000000000000000e+00    1.524989750663381e+00
    1,22       4,3    
    0.000000000000000e+00    0.000000000000000e+00   -1.892583702563782e+00
    1,22       5,1        8,1    
    0.000000000000000e+00    0.000000000000000e+00   -1.544595956790591e-02
    2,6        5,1        7,1    # 1st-scaling bias replacing an irred-2 HN coord
    0.000000000000000e+00    0.000000000000000e+00    3.370166281818661e-01
    2,6        5,1        7,2    
    0.000000000000000e+00    0.000000000000000e+00   -1.046829116132011e-01
    2,6        5,1        7,3    
    0.000000000000000e+00    0.000000000000000e+00   -1.637189576324261e-02
    2,6        5,1        7,4    
    0.000000000000000e+00    0.000000000000000e+00   -3.743194064657137e-01
    2,6        5,1        7,5    
    0.000000000000000e+00    0.000000000000000e+00    1.657022785244184e-01
    2,6        5,1        7,6    
    0.000000000000000e+00    0.000000000000000e+00    1.303775069132466e+00
    2,6        5,1        7,7    
    0.000000000000000e+00    0.000000000000000e+00    2.167200033659128e-01
    2,6        8,1        3,1    
    0.000000000000000e+00    0.000000000000000e+00    1.273763296639833e+01
    2,6        8,1        3,4    
    0.000000000000000e+00    0.000000000000000e+00    4.909570390538137e+00
    2,6        8,1        3,5    
    0.000000000000000e+00    0.000000000000000e+00   -2.586336174646320e+00
    2,6        8,1        3,6    
    0.000000000000000e+00    0.000000000000000e+00    6.353936733302972e+00
    2,6        8,1        3,7    
    0.000000000000000e+00    0.000000000000000e+00    2.747211484937104e+00
    2,6        8,1        3,8    
    0.000000000000000e+00    0.000000000000000e+00   -9.495258404633493e+00
    2,6        8,1        3,9    
    0.000000000000000e+00    0.000000000000000e+00    2.479924333587628e+00
    2,6        8,1        3,10   
    0.000000000000000e+00    0.000000000000000e+00    2.833767391399950e+00
    1,23       4,1               # 1st-scaling redundancy bias replacing an irred-1 HN coord
    0.000000000000000e+00    0.000000000000000e+00    4.765219174576970e-02
    1,23       4,2    
    0.000000000000000e+00    0.000000000000000e+00   -1.856272479696964e+00
    1,23       4,3    
    0.000000000000000e+00    0.000000000000000e+00    2.152097766981453e+00
    1,23       5,1        8,1    
    0.000000000000000e+00    0.000000000000000e+00   -2.607540270363648e-01
    4,1        1,18              # 2nd-scaling
    0.000000000000000e+00    0.000000000000000e+00    4.196773464559644e-01
    4,2        1,18   
    0.000000000000000e+00    0.000000000000000e+00    2.565079177725600e-01
    4,3        1,18   
    0.000000000000000e+00    0.000000000000000e+00   -4.726052667406331e-01
    4,1        1,19   
    0.000000000000000e+00    0.000000000000000e+00    6.845193333345385e-01
    4,2        1,19   
    0.000000000000000e+00    0.000000000000000e+00    1.884479205675620e-01
    4,3        1,19   
    0.000000000000000e+00    0.000000000000000e+00    1.817408737635288e-01
    5,2        2,3        7,1    
    0.000000000000000e+00    0.000000000000000e+00   -1.643230645651298e+00
    5,2        2,3        7,2    
    0.000000000000000e+00    0.000000000000000e+00    1.851108587155179e-01
    5,2        2,3        7,3    
    0.000000000000000e+00    0.000000000000000e+00    1.776342464578253e-01
    5,2        2,3        7,4    
    0.000000000000000e+00    0.000000000000000e+00    9.175050257323891e-01
    5,2        2,3        7,5    
    0.000000000000000e+00    0.000000000000000e+00    2.149132411618277e-01
    5,2        2,3        7,6    
    0.000000000000000e+00    0.000000000000000e+00   -2.852822639048659e+00
    5,2        2,3        7,8    
    0.000000000000000e+00    0.000000000000000e+00   -1.092519655394448e+00
    5,2        2,4        7,1    
    0.000000000000000e+00    0.000000000000000e+00   -1.854483160699421e+01
    5,2        2,4        7,2    
    0.000000000000000e+00    0.000000000000000e+00    8.659872559480043e+00
    5,2        2,4        7,3    
    0.000000000000000e+00    0.000000000000000e+00    3.478767900054004e+00
    5,2        2,4        7,4    
    0.000000000000000e+00    0.000000000000000e+00   -1.719784640191451e+00
    5,2        2,4        7,5    
    0.000000000000000e+00    0.000000000000000e+00   -1.158402637432409e+00
    5,2        2,4        7,6    
    0.000000000000000e+00    0.000000000000000e+00   -3.152328115741908e+01
    5,2        2,4        7,8    
    0.000000000000000e+00    0.000000000000000e+00   -4.909532515730320e-01
    7,8        3,1    
    0.000000000000000e+00    0.000000000000000e+00    3.516126881216077e+00
    7,8        3,2    
    0.000000000000000e+00    0.000000000000000e+00   -6.497013461220486e+00
    7,8        3,3    
    0.000000000000000e+00    0.000000000000000e+00    1.096641593403465e+01
    7,8        3,4    
    0.000000000000000e+00    0.000000000000000e+00   -3.317158334321610e+00
    7,8        3,5    
    0.000000000000000e+00    0.000000000000000e+00    1.251064872545643e+00
    7,8        3,6    
    0.000000000000000e+00    0.000000000000000e+00    2.438483190326239e+00
    7,8        3,7    
    0.000000000000000e+00    0.000000000000000e+00    7.092062090245387e-01
    7,8        3,8    
    0.000000000000000e+00    0.000000000000000e+00   -2.442585346969002e+00
    7,8        3,9    
    0.000000000000000e+00    0.000000000000000e+00    8.077294785419090e-01
    7,8        3,10   
    0.000000000000000e+00    0.000000000000000e+00    7.220829250082659e+00
    8,2        2,3        3,1    
    0.000000000000000e+00    0.000000000000000e+00    1.182393473642892e+00
    8,2        2,3        3,2    
    0.000000000000000e+00    0.000000000000000e+00    4.660560288957747e+00
    8,2        2,3        3,3    
    0.000000000000000e+00    0.000000000000000e+00   -2.768566779943446e+00
    8,2        2,3        3,4    
    0.000000000000000e+00    0.000000000000000e+00    1.025353924585888e+00
    8,2        2,3        3,5    
    0.000000000000000e+00    0.000000000000000e+00   -1.225027049301558e-01
    8,2        2,3        3,6    
    0.000000000000000e+00    0.000000000000000e+00    3.982150153453721e-01
    8,2        2,3        3,7    
    0.000000000000000e+00    0.000000000000000e+00   -1.357292704824507e+00
    8,2        2,3        3,8    
    0.000000000000000e+00    0.000000000000000e+00   -1.378493816454563e+00
    8,2        2,3        3,9    
    0.000000000000000e+00    0.000000000000000e+00    1.393809776544451e+00
    8,2        2,3        3,10   
    0.000000000000000e+00    0.000000000000000e+00   -2.668499807130152e+00
    8,2        2,4        3,4    
    0.000000000000000e+00    0.000000000000000e+00    5.133089287903124e+00
    8,2        2,4        3,7    
    0.000000000000000e+00    0.000000000000000e+00    1.232690350650797e+01
    8,2        2,4        3,8    
    0.000000000000000e+00    0.000000000000000e+00    2.458541532029160e+00
    8,2        2,4        3,9    
    0.000000000000000e+00    0.000000000000000e+00   -1.708805709004865e+00
    8,2        2,4        3,10   
    0.000000000000000e+00    0.000000000000000e+00    4.791453588571327e+00
    3,14       7,1    
    0.000000000000000e+00    0.000000000000000e+00    1.800884641586509e-01
    3,14       7,2    
    0.000000000000000e+00    0.000000000000000e+00   -9.227904094852668e-02
    3,14       7,3    
    0.000000000000000e+00    0.000000000000000e+00   -1.403253203246593e-01
    3,14       7,4    
    0.000000000000000e+00    0.000000000000000e+00   -4.754816359915270e-01
    3,14       7,5    
    0.000000000000000e+00    0.000000000000000e+00    3.642993753090037e-01
    3,14       7,6    
    0.000000000000000e+00    0.000000000000000e+00    2.984924278228146e-02
    5,2        8,2        1,1    
    0.000000000000000e+00    0.000000000000000e+00   -1.152749393841796e+01
    5,2        8,2        1,2    
    0.000000000000000e+00    0.000000000000000e+00   -4.668834364829355e-01
    5,2        8,2        1,18   
    0.000000000000000e+00    0.000000000000000e+00    1.771414051954403e-01
    5,2        8,2        1,5    
    0.000000000000000e+00    0.000000000000000e+00    2.257606432784687e+00
    5,2        8,2        1,6    
    0.000000000000000e+00    0.000000000000000e+00   -1.557518913977252e+00
    5,2        8,2        1,7    
    0.000000000000000e+00    0.000000000000000e+00    1.554437460411243e+00
    5,2        8,2        1,8    
    0.000000000000000e+00    0.000000000000000e+00   -1.068252951512696e+00
    5,2        8,2        1,9    
    0.000000000000000e+00    0.000000000000000e+00   -5.049182604235162e+00
    5,2        8,2        1,10   
    0.000000000000000e+00    0.000000000000000e+00    1.286522643058648e-01
    5,2        8,2        1,11   
    0.000000000000000e+00    0.000000000000000e+00   -9.204963840377864e-02
    5,2        8,2        1,12   
    0.000000000000000e+00    0.000000000000000e+00   -2.863646670098197e-01
    5,2        8,2        1,13   
    0.000000000000000e+00    0.000000000000000e+00   -2.041292391943650e-01
    5,2        8,2        1,19   
    0.000000000000000e+00    0.000000000000000e+00    4.256162314799668e+00
    7,8        3,14   
    0.000000000000000e+00    0.000000000000000e+00   -4.322489725107337e-01
    8,2        5,2    
    0.000000000000000e+00    0.000000000000000e+00    7.270006803072141e-01
    1,24       4,1    
    0.000000000000000e+00    0.000000000000000e+00    9.976946315135601e-02
    1,24       4,2    
    0.000000000000000e+00    0.000000000000000e+00    5.548261259664875e-01
    1,24       4,3    
    0.000000000000000e+00    0.000000000000000e+00   -7.307224732210408e-01
    1,24       5,2        8,2    
    0.000000000000000e+00    0.000000000000000e+00   -9.019843522803811e-01
    2,7        5,2        7,1    
    0.000000000000000e+00    0.000000000000000e+00    2.159116966146203e+00
    2,7        5,2        7,2    
    0.000000000000000e+00    0.000000000000000e+00   -1.234554069345600e-01
    2,7        5,2        7,3    
    0.000000000000000e+00    0.000000000000000e+00   -1.689684954295706e-01
    2,7        5,2        7,4    
    0.000000000000000e+00    0.000000000000000e+00   -9.727222809380738e-01
    2,7        5,2        7,5    
    0.000000000000000e+00    0.000000000000000e+00   -3.177997337334204e-01
    2,7        5,2        7,6    
    0.000000000000000e+00    0.000000000000000e+00    4.206988813194300e+00
    2,7        5,2        7,8    
    0.000000000000000e+00    0.000000000000000e+00    3.380696912732343e+00
    2,7        8,2        3,1    
    0.000000000000000e+00    0.000000000000000e+00    2.432842408096018e+01
    2,7        8,2        3,2    
    0.000000000000000e+00    0.000000000000000e+00   -2.361074155643124e+01
    2,7        8,2        3,3    
    0.000000000000000e+00    0.000000000000000e+00    1.888790204963088e+01
    2,7        8,2        3,4    
    0.000000000000000e+00    0.000000000000000e+00    1.187588426705653e+00
    2,7        8,2        3,5    
    0.000000000000000e+00    0.000000000000000e+00   -1.015552651552941e+00
    2,7        8,2        3,6    
    0.000000000000000e+00    0.000000000000000e+00   -2.644303941085823e+00
    2,7        8,2        3,7    
    0.000000000000000e+00    0.000000000000000e+00   -1.202422406499304e+00
    2,7        8,2        3,8    
    0.000000000000000e+00    0.000000000000000e+00    1.815900374668662e+00
    2,7        8,2        3,9    
    0.000000000000000e+00    0.000000000000000e+00   -2.191599108020084e+00
    2,7        8,2        3,10   
    0.000000000000000e+00    0.000000000000000e+00   -4.706692943728209e+00
