    1    4,1    
    2.366646945222111e-02    3.353663653921350e-02    3.140684402505498e-02    9.773074998341268e-02   -6.697539603792706e-02   -4.651268056223656e-02    1.821989370805776e-02   -8.853818190214838e-03
    1    4,2    
    4.543951505861158e-02   -1.523989694442632e-03   -4.965540353725610e-02    1.112250974779708e-01    5.339462715119231e-02    2.431660316478331e-02   -1.033009742740010e-02    6.019320938675581e-04
    1    4,3    
   -1.125573102684418e-02    1.264229561458299e-01    3.975084792049081e-02    1.597731511417767e-02   -6.528459132232518e-02    1.091892595969760e-02    1.804557164065311e-03   -1.350536245588861e-02
    1    4,4    
   -3.388923889506738e-02   -2.378478135870983e-02    1.821166731503114e-02    3.717172478748657e-03   -3.574940771274559e-02   -2.565813537758738e-02   -2.023178748827477e-02   -1.033855340508903e-02
    2    4,1        1,1    
    1.762013450851942e-02   -2.956319885849430e-02    2.528119690508394e-02    3.824435728418825e-02   -9.898796754172391e-02    3.909224981430501e-02    4.935150835013728e-02   -1.031107040120267e-01
    2    4,2        1,1    
    5.817463224345965e-02    7.800725931375613e-02   -6.259079288052376e-02   -3.828323386639179e-02    3.185957038812942e-02    3.499355113509213e-03   -9.104814372815196e-03   -2.026517378722301e-02
    2    4,3        1,1    
    5.016594470463030e-02   -5.333164453884907e-02   -7.495863789821254e-02    4.386587795111642e-02   -3.096877649969878e-02   -3.725283430482951e-02   -6.459412353265871e-02   -1.287519204787935e-02
    2    4,4        1,1    
   -6.101337099973356e-02   -5.727559720190378e-02    4.133760754480784e-02    6.432207932919949e-02   -2.630353765319752e-02    7.715467637983122e-03   -1.125597215116692e-02   -3.772042734316800e-03
    2    4,1        1,2    
    2.999437604441794e-02    1.386812307180614e-03   -7.705080267293107e-02   -1.542937446569994e-02   -4.661378752352500e-02   -5.092497991660897e-02    8.071886856202590e-02    1.047360533872780e-01
    2    4,2        1,2    
   -4.857856147500499e-02   -2.440254044092414e-02    1.450461052300096e-02    1.346328394140553e-02    2.800926279638953e-02   -5.943576793599348e-03   -4.152946591746033e-02    5.234985577070549e-02
    2    4,3        1,2    
    1.168490080449510e-02   -3.884368459303458e-02    1.297629393435582e-02    2.029782430467388e-02    8.085430152568955e-02   -5.144985583615393e-02    7.940725938679755e-02    1.436113106122376e-02
    2    4,4        1,2    
    3.822190183382296e-04   -8.002867011701638e-02   -2.305329447978707e-02   -2.508021923495790e-02    5.082995403515891e-02   -9.276330551599017e-03   -7.607295034608555e-02   -4.766886284869418e-02
    2    4,1        1,3    
    3.700890704224536e-03   -7.203555265537812e-02    7.025270446972615e-02   -9.724646999934379e-02   -4.725847653005004e-02    4.965966093309827e-02    6.944662354693194e-02   -1.245398526616647e-02
    2    4,2        1,3    
    8.180329305816159e-03    1.844375254768219e-02   -7.883509812430710e-02   -9.061474465954909e-02   -3.469770997788538e-02    6.594604261172786e-02    2.884976129219362e-02   -6.370206206453825e-02
    2    4,3        1,3    
   -7.655558513226599e-02   -9.715392784857775e-02   -3.263611855449938e-02   -5.199052044056483e-02    7.697928913051982e-02   -5.142838764655180e-02    6.598881563873375e-02   -3.281616542037533e-02
    2    4,4        1,3    
   -5.884427702838489e-02   -2.149379326917944e-02   -4.966002377761369e-02    2.516347467510465e-02   -1.613240554577775e-02    4.828215516063719e-02    6.205935765134442e-02   -3.460075199360276e-02
    2    4,1        1,4    
    7.074070995947117e-02   -3.134722490230778e-02    8.613467641378356e-02    5.955084919710041e-03    1.988627874665578e-02    7.144109350546769e-02   -3.254722092473831e-02   -3.703546527323002e-02
    2    4,2        1,4    
    5.474789564811290e-03   -1.241045714428191e-02    2.695406497243038e-02    2.934510784421979e-02   -4.481691899293574e-02   -1.024600032692202e-03    3.277000003105136e-02    2.865023118162414e-02
    2    4,3        1,4    
   -5.272784985671169e-02   -2.734794924109131e-02   -2.087337418996564e-02    3.277509761105440e-02   -2.919844648239215e-02   -4.106529093021909e-02    5.275164356382892e-02    3.309542308651929e-02
    2    4,4        1,4    
   -4.221947529974177e-02   -5.462345580222734e-02   -5.062319335451161e-03   -7.166116880598860e-03   -6.347968621106895e-02   -5.711504034842817e-02   -3.126347612798549e-02   -2.512258305386517e-02
    2    4,1        1,5    
   -1.260971429193907e-02    1.212867945364740e-02    6.992660182237809e-02    7.531630650780281e-02    5.224279000192812e-02   -2.046437226282543e-02   -7.241804968950058e-02    2.027738384003327e-03
    2    4,2        1,5    
   -3.140851064651146e-03    5.150053084190324e-03   -1.065215090016155e-02    2.077209192693774e-02   -1.510792606812711e-02   -1.302462956038801e-02    5.458194054399229e-02   -4.740397850650314e-02
    2    4,3        1,5    
    7.861378842379768e-02    3.532578666749809e-02    3.788592695711913e-02   -2.734990378789809e-02    4.179216517536426e-02   -2.107142671773965e-02    1.705753131718125e-03   -1.080021441558073e-02
    2    4,4        1,5    
    5.481671067592125e-02   -5.010130067890272e-03    5.392332700888287e-02   -8.604838386464949e-03   -2.206172138064622e-02    3.991741720690482e-02   -2.350975329456071e-02    4.013193144272870e-02
    2    4,1        1,6    
   -9.397462756339831e-02   -4.503401505312345e-02   -4.163528418758938e-02   -3.596596340674524e-02   -4.412906231314701e-02    7.020305349953487e-02    8.808731179615877e-02   -4.462497249551353e-02
    2    4,2        1,6    
    2.174256018692530e-02   -4.067871243378024e-02    6.415953977528543e-03   -8.777214541918810e-03    2.453469108319975e-02   -2.881769964974795e-02   -1.466721061233923e-02    1.737486577740575e-02
    2    4,3        1,6    
    3.601625257739959e-02    7.281035882377052e-02   -4.797533497194037e-02   -7.944196661620752e-02   -4.380998641632555e-02    7.171955339736301e-02    7.702924191902652e-02   -3.298217940349807e-02
    2    4,4        1,6    
   -8.000175909176209e-02   -1.052490267357207e-03    6.166015474222900e-03    7.350297462322737e-02   -5.584867481190092e-02    3.670502254444173e-02    3.459916512755509e-02   -6.224252787168350e-02
    2    4,1        1,7    
   -1.292212112570636e-02    8.168346808052394e-03    3.726362793659197e-03    9.158621211687827e-03    1.566070465434134e-02   -5.964397998111903e-02   -8.748500590236687e-02    1.089510011126515e-02
    2    4,2        1,7    
    7.508577670343863e-02   -3.202645150905314e-02    6.771024607106435e-02   -7.229665513448426e-02    9.735507071895515e-03   -8.137617946642837e-02   -4.853645669963298e-02   -8.015377052900483e-02
    2    4,3        1,7    
   -5.760128377228656e-02   -4.840371308523988e-02    2.961508442171589e-02   -2.614270560854618e-02   -4.706976906117707e-02    5.646086955278045e-02   -7.818494209612213e-02   -9.015908919751585e-02
    2    4,4        1,7    
    2.437876588137992e-02    9.143999903949727e-02   -4.960577002627570e-02    7.298754311588155e-03   -4.092804877031778e-02    5.411913458574238e-02    5.249140266354362e-02   -2.010781594347525e-02
    2    4,1        1,8    
    5.122781201694786e-02    2.021815001506521e-02    1.654153010133921e-03    2.140850871808305e-02    5.807311368900158e-03    3.386626324122368e-02    4.387845464718997e-02    6.683782512448691e-02
    2    4,2        1,8    
    4.330226920537442e-02    3.067089101591432e-03   -3.042103658147449e-02   -3.570603676272124e-02    4.650354480252245e-02    1.883614171728882e-02    3.949990625223802e-02   -7.771242420221780e-02
    2    4,3        1,8    
    5.279551727083229e-02   -2.569715474036550e-03    4.659018467528699e-02   -7.547991942363971e-02   -7.324338976604905e-02   -7.240767210570469e-02   -4.028065275383824e-04    3.559781745345315e-02
    2    4,4        1,8    
   -6.799989123329372e-02    3.180760942994036e-02   -1.291635740703897e-02    9.827537436458099e-02   -5.360439410508594e-03    5.075484400004302e-02    1.093156260908995e-02    4.483543297979721e-02
    2    4,1        1,9    
    2.732731778508616e-02    8.795540908108256e-02    4.620960585805654e-02   -2.619812144534037e-02    1.660438453142882e-02    2.727680821903347e-04    5.257928852364610e-02   -3.728961569408044e-02
    2    4,2        1,9    
    6.257042763463028e-02   -2.243435431272403e-02    2.020556603423565e-02    7.349198789621236e-02   -6.151823975626326e-02   -6.973388435197584e-03    1.268240819637386e-02   -1.977746805862112e-02
    2    4,3        1,9    
   -5.506828978010252e-02   -5.138690206920690e-02   -7.367429608641152e-02    6.372424458582177e-02    2.474337448699210e-02    2.271755432471096e-02   -7.426813048888262e-02   -2.327549073529107e-02
    2    4,4        1,9    
   -5.634861579385315e-03    8.901607597445133e-02    7.373992881988404e-03   -3.465209045023290e-02   -5.196684897134412e-02    4.450476085079626e-02   -8.255077598225691e-02    1.761122263594317e-02
    2    4,1        1,10   
   -5.861694708137415e-02    1.144396124053268e-01   -8.492115541751799e-02   -9.117528788132911e-04   -9.059116259333522e-03   -8.703617004303474e-02    2.267496283777491e-02   -1.846089602589648e-02
    2    4,2        1,10   
   -5.330609903282734e-02    1.746998000949170e-02    1.580828837324269e-02   -2.124702019420434e-02   -5.736993326223507e-02   -1.059676899450500e-01   -4.814113300420182e-02    2.508043344842656e-02
    2    4,3        1,10   
    9.373011099886562e-02    2.676903603124292e-02    7.692419813304550e-02    1.230164010116636e-01    2.409235667158619e-02    2.586758249280475e-02   -3.863913016875204e-02   -3.827002505380912e-02
    2    4,4        1,10   
   -6.562393602247284e-02   -3.347578762955988e-02   -4.285820784873751e-02    8.144775116600776e-03    4.644503244738360e-02   -3.893322481394990e-03    3.553304427089878e-02    3.206059086215452e-02
    2    4,1        1,11   
   -5.645432324684001e-02   -7.203648316780743e-03   -1.778006903274284e-02    2.980625820359025e-02    3.335424010357934e-02    2.840499089419739e-02    4.925546300925208e-02    6.942884457676626e-02
    2    4,2        1,11   
    1.748462184164314e-02   -4.935885786540548e-02    4.892145658582397e-02   -3.006951494943526e-02   -7.360644308265137e-02   -2.872309213909188e-02   -3.069703855583982e-02    1.106007684454208e-02
    2    4,3        1,11   
    3.033639215629354e-02    4.723617223237763e-03   -7.074660077227544e-02   -8.564979610699812e-02    1.214942291937975e-02   -3.146831167902209e-02    2.546743779258620e-03    6.101390236454646e-02
    2    4,4        1,11   
   -8.784924718340322e-03    6.686640328473355e-02    7.349513488367709e-02    5.902367822977356e-02   -1.189799406206081e-03    7.182032446550354e-02   -3.926734659549069e-02    1.151325094162419e-02
    2    4,1        1,12   
   -3.033969351755118e-03   -3.470591392914414e-02    4.410227456714369e-02    1.476511051671306e-02   -5.612348886103029e-02   -6.238609783355611e-02    6.545268633646305e-02    9.747280033826987e-02
    2    4,2        1,12   
    6.976524406897101e-02   -6.895381485256371e-03    2.050197012020127e-02    3.259464240138710e-02   -3.747307866488078e-02    5.330652766325360e-02   -1.500924546563860e-02    3.116220126939657e-02
    2    4,3        1,12   
    7.672334366473439e-02    1.998296052105756e-04    3.733923493914800e-02    8.924367571166056e-02    7.031628110401997e-02    3.718969747618429e-02    1.561025822847076e-02   -6.440200022494687e-02
    2    4,4        1,12   
   -4.982969148811747e-02   -5.825531545057806e-02   -8.298578725773910e-02   -3.086454721063665e-02   -6.610577428970452e-02   -1.079125595303351e-02    4.136437969080529e-02    2.932610144215562e-02
    2    4,1        1,13   
   -7.572952733032629e-02   -4.744405352441220e-03    1.795838631212750e-02    4.365334518811304e-02    1.816334787673614e-03    3.877974718795855e-02    5.618375260707902e-03    2.081686007568500e-02
    2    4,2        1,13   
    1.255842618776562e-02   -6.184291105440054e-02   -3.031415370857843e-02   -2.640746449944886e-02    4.674752836287218e-02   -8.162096586048220e-02   -6.834915556310311e-02    4.997605338273754e-02
    2    4,3        1,13   
   -4.920944728285745e-02    3.674000874180335e-02    1.260679406419953e-02   -1.058342589622990e-01   -5.100776580442973e-02   -3.425448428484910e-02    1.945844093225413e-02   -4.087459274097129e-02
    2    4,4        1,13   
   -9.136158316884033e-03   -4.582955573737781e-02    5.048433833357502e-03    3.490070177115372e-02    5.139178865684996e-02   -3.179541583192267e-02    5.951919318986096e-02   -6.560016239076223e-02
    2    3,1        2,1    
   -1.917990459620327e-03    1.988153213531634e-03    4.506545408001272e-02   -1.046681987646094e-01    1.302287015245475e-02    2.760067449047322e-02    8.544796120458945e-03   -3.967072236792948e-02
    2    3,2        2,1    
    5.944801769556111e-02    7.928194935242161e-02    7.194105436638527e-02   -2.381775851583795e-02    6.283516246619981e-02    6.476364838100025e-03   -7.983706947679045e-02   -7.662178580807408e-02
    2    3,3        2,1    
    5.840677934522318e-02   -7.746775250888041e-02   -1.845071988245432e-02   -5.216328322475517e-02    2.272496959235889e-02   -4.335595402886237e-02   -9.181392809831891e-03    4.836835150317607e-02
    2    3,4        2,1    
    6.649843420531072e-02   -2.985750296031098e-02   -9.165183570034688e-03    1.210105745004294e-02   -1.886323640708474e-02    3.421804618871298e-02   -6.140390435355442e-02    5.452268563026295e-03
    2    3,5        2,1    
   -6.120403734753441e-02   -4.606016217932254e-02   -1.607199074338005e-02    2.931442110088463e-02   -1.584876276443882e-02   -3.386788947355114e-02    1.081073648993296e-02   -1.240810051106535e-02
    2    3,6        2,1    
    8.415516516309997e-02    7.093937027174529e-02   -1.873235838822941e-02   -3.168109863140493e-02    2.200421496441232e-02    1.341051773501260e-02    6.913664648018916e-02   -4.783868462024366e-02
    2    3,7        2,1    
   -3.672311680207921e-03   -5.653235095056324e-02    7.933424289387024e-02   -9.815315756714644e-03   -5.523951433704671e-02   -1.239401418025995e-02   -4.686725623488420e-02    3.598093946786585e-02
    2    3,8        2,1    
    3.779170128384187e-02    7.516663160545705e-03    3.735878022533383e-02   -9.684268814890475e-02   -3.594892518491682e-02    3.211300237261631e-02   -5.697769505116582e-02   -1.720295115266912e-02
    2    3,9        2,1    
    4.181771976405396e-02   -4.202505614403735e-02    2.400252481960163e-02   -1.097431306695562e-01   -1.162743739342874e-02    1.293845244217170e-02   -5.028192941521616e-02   -6.453028502437190e-02
    2    3,10       2,1    
    6.757483171194227e-02    1.561443611922961e-02    4.542422123285002e-02    3.287101656029805e-02    8.055948660578290e-02   -3.489577651796173e-02    8.337167084262044e-02    8.789100593079982e-03
    2    3,11       2,1    
   -2.545057610382669e-02    5.944487045509174e-03    7.124426204941332e-02    4.636459956100435e-02    5.802438333073114e-02    6.878296873870306e-03    4.860927861184941e-03   -1.132669948642107e-02
    2    3,12       2,1    
   -2.781069170908717e-02    8.949412475050367e-03    5.604069021233819e-02    3.033292143947614e-02   -4.919902721083524e-02    3.496293819785792e-02    2.922415875658856e-02   -1.020649965086125e-02
    2    3,1        2,2    
   -2.443260827679367e-02   -7.693078264288691e-02    7.801697393003230e-02    4.813613091196309e-02    7.646139014841608e-02    6.505549948820694e-02   -2.398054864899359e-02   -4.023038881747337e-02
    2    3,2        2,2    
    5.642564055806266e-02    8.111194719086119e-02   -2.918980586493418e-02   -2.125598208343990e-03   -1.390642504115106e-02   -4.189100103023863e-03    2.327313906406666e-03   -5.480068301338896e-02
    2    3,3        2,2    
    7.634959489747868e-02   -1.464269179466204e-02    6.012850498819048e-02   -2.965346059221570e-02    7.457595795916849e-02   -3.799444076253379e-02    2.496329779919074e-03   -2.747793805263480e-02
    2    3,4        2,2    
    2.406922368595153e-04    3.612156456741077e-02    6.720672703276710e-03   -9.130789307683861e-04    8.736852252833839e-02   -1.618995208569837e-02    4.454180194045951e-02   -1.994748580652653e-03
    2    3,5        2,2    
    2.344711448408959e-02   -9.369942706461156e-03    3.470819188986011e-03   -6.048559245561232e-03   -5.324083840861305e-03   -1.702118126893770e-03    3.555283001677037e-02   -7.292394111646405e-02
    2    3,6        2,2    
    4.004698923198412e-02   -7.511211160509480e-02   -6.122247017399993e-02    4.341024416325634e-02    6.902385555106687e-02    4.915729353140751e-02   -8.588917442613837e-02   -1.217880741435205e-02
    2    3,7        2,2    
   -1.213888362751746e-02   -2.393642560901358e-02    4.705826871098798e-02    4.669093129097979e-02    6.558977199627940e-02   -7.030774738155882e-02    5.340154734636689e-02    4.545927796854723e-02
    2    3,8        2,2    
   -1.854575462424958e-02    5.351460992059867e-02    2.169981285691526e-02   -7.574675699017304e-02    3.560954729388690e-02   -1.806030623516324e-02   -3.600911272386549e-02   -2.220834381037485e-02
    2    3,9        2,2    
   -3.029821184144061e-02   -6.688928575686537e-02    1.619655915970859e-02   -1.657213185242267e-02   -6.502893477833838e-02   -6.754063939343797e-03    4.176054952447164e-03   -7.917555185524883e-02
    2    3,10       2,2    
   -7.254033585897496e-02    2.816421513948138e-02   -1.288790428857310e-02    4.406221294945020e-02   -5.900771417911777e-02    4.680411647879135e-02    1.897512470098940e-02   -4.308217521874928e-03
    2    3,11       2,2    
    5.984305441657932e-02    4.920329920072088e-02   -8.152182450811339e-02   -3.877545392198729e-02   -3.858228597636326e-02    7.625300670786847e-03    8.152938525144990e-02   -1.692929487459675e-02
    2    3,12       2,2    
    1.405797104441391e-02    3.457961428109115e-02   -5.567680246602857e-02   -4.341723293576189e-03    5.915629652006923e-02   -1.478736610735445e-02   -6.409504839279797e-03    3.285885831518000e-02
    2    3,1        2,3    
    6.942400733184639e-02   -3.130066419985452e-03    3.126577379841071e-02   -4.046903791901011e-02   -2.564936754959663e-02   -5.062025891936291e-02   -3.670294356768242e-02    5.107077720346244e-02
    2    3,2        2,3    
    5.092479962828044e-02   -2.659249170513203e-02   -5.379475042093348e-02    5.255201823190227e-02   -2.165338716492158e-02    3.433393524555600e-02   -6.729498059099603e-02   -1.467817395287482e-02
    2    3,3        2,3    
    7.423254459611425e-02    6.927861934376414e-02   -4.728842574058557e-02   -3.894646187939724e-02   -2.211877602375616e-03    3.594288769061944e-02   -1.688959414228805e-02   -1.968296359065634e-02
    2    3,4        2,3    
    3.001583948767241e-04   -5.468585677788534e-03    7.187271728722260e-02    4.038295615824919e-02    3.843084231805251e-02   -5.185719093638650e-02   -5.640410172494657e-02    5.864838735505289e-02
    2    3,5        2,3    
   -7.332009353728054e-02   -4.195559756992645e-03    4.750351153810530e-03   -2.710166263682131e-02   -3.852223264945481e-02    3.009786693486950e-02   -5.359602635056387e-03   -3.691873663703459e-02
    2    3,6        2,3    
   -3.932576225881338e-02   -3.813463356132162e-02    7.586835201644979e-02    7.192042172946567e-02    1.023615684219617e-02    2.114587717726537e-04    7.328443956506277e-02   -2.828892546983892e-02
    2    3,7        2,3    
   -9.095511362766144e-04   -3.042551187107231e-02   -2.839476422853110e-02    1.587587362170268e-02    6.080765131485865e-02    5.043651503328806e-02   -3.951302931664501e-02   -8.572907504661408e-02
    2    3,8        2,3    
   -2.088860232919908e-02    5.289749930551733e-02    5.711109899580638e-02    1.408666786137347e-02    4.860343972737888e-02   -7.927873362671338e-04   -1.761350427111097e-02    5.426663562951149e-02
    2    3,9        2,3    
   -1.171249781441266e-02    6.165598493345486e-02   -5.827479848445653e-02   -4.730660045965191e-02    5.747036794881946e-02   -1.346747844116247e-02   -6.914105704860801e-03    1.662717434883063e-02
    2    3,10       2,3    
    7.371984065331690e-02   -3.815992321957701e-02   -2.381229203598494e-02    4.539892500322021e-04    6.424208954713664e-02   -6.759666723337146e-02   -6.831982368595881e-03    5.051217630169447e-02
    2    3,11       2,3    
    8.225701114668930e-02   -4.430295963681485e-02   -7.119655823838722e-02    1.100406410029127e-02    4.335073474169552e-03    4.093838290210612e-02   -9.011038789276105e-02    4.456097675513344e-02
    2    3,12       2,3    
    6.805556583107268e-03    7.315869505899204e-02    3.781708731010348e-02   -4.323569865503323e-02    1.506241558318811e-02    8.543963964135443e-02    5.004554911122265e-03   -6.672427278587030e-02
    2    3,1        2,4    
    4.025202027001296e-03    1.102261949373513e-01   -6.313011471453987e-02   -1.615687994884342e-02    3.532512065942502e-02   -6.865256950832237e-02    6.200417282291890e-03    1.051325004794206e-02
    2    3,2        2,4    
    4.596592163746812e-02    5.665629352929789e-02    3.781628124675526e-02    5.661310814799358e-02   -3.542224470836258e-02    5.902359996653701e-02    3.645616906185863e-02    8.345196059444512e-02
    2    3,3        2,4    
    6.618338219678616e-02   -2.276877157139542e-02   -1.364203890077837e-02   -1.230645469523419e-01    9.766260198524544e-02   -3.445398095498300e-02    4.523860990564983e-02   -3.116242206877711e-02
    2    3,4        2,4    
    6.708322361419186e-02    3.308544377614285e-02   -4.567219050584548e-02   -8.306974149572763e-02   -3.647097573621490e-02   -4.454157456765677e-02    1.922989493472312e-02    7.010955898126860e-02
    2    3,5        2,4    
   -7.291514884004628e-02   -4.523189754868926e-02   -8.435115622205921e-02    6.881477791802768e-02    9.416088251145244e-04   -3.815097334130387e-02    5.767781733998890e-02   -6.206454079602847e-02
    2    3,6        2,4    
    5.186909389837895e-03   -1.741436602493496e-02   -3.363034080870478e-02    8.155627358251092e-03   -7.564743477298087e-02    3.443909412663999e-02   -7.862832781319787e-02    2.934206893625729e-02
    2    3,7        2,4    
   -3.603072858976896e-02   -1.391409196482354e-03   -2.285468503822270e-02   -3.662957306877059e-02   -7.203437088194291e-02   -7.525863342864174e-02   -4.242998245109951e-02    2.895878166093976e-02
    2    3,8        2,4    
   -1.301631038456419e-03   -3.839320742689690e-02    3.096385168828526e-02   -2.019406066844501e-02   -3.640615770375882e-02   -3.542745362283341e-02   -2.046517561347857e-02   -5.936095603782173e-02
    2    3,9        2,4    
   -4.824340927534082e-03    6.507649866307218e-03    6.024766241106439e-02    6.898210467784892e-02   -4.110286481952700e-02    6.871756694909015e-02   -3.733084489802108e-02    2.057056620300084e-02
    2    3,10       2,4    
    3.146494046129281e-02   -1.629580105701250e-02    2.564843691123216e-02    5.121295081480503e-02    5.935674392313186e-03    4.947048603967685e-02   -1.022761004024265e-01    5.523240129450360e-02
    2    3,11       2,4    
   -7.242262724172354e-03   -3.495096925820773e-02   -5.957230385139667e-02   -2.122108210940398e-02    4.981550947687759e-02    4.437680654200585e-02   -4.206363356913602e-02   -2.732778865685215e-02
    2    3,12       2,4    
    6.596530040721932e-02   -5.127762822989482e-02   -5.221356223053886e-02    1.803348365393675e-03    1.296906687953988e-02   -5.372814988605175e-02   -5.675741117438156e-02    7.200292696067247e-02
    2    3,1        2,5    
   -7.688776665500693e-02   -3.588448919291049e-02    8.681281980902586e-02    7.823219137366355e-03   -1.678648355276599e-02    7.787839218082510e-02    2.349015486545211e-03    7.136565679113814e-02
    2    3,2        2,5    
    7.604308723698031e-02    8.627350362140954e-02    2.743523386656220e-03    3.557828620943050e-02   -2.062684533957207e-02   -9.410687687484799e-02    1.084055843486391e-02   -7.832111823810296e-02
    2    3,3        2,5    
    3.650687810071003e-04   -1.461181445994294e-01   -6.303449568742073e-02   -1.048975800823652e-02   -3.919692037604814e-03    7.538758956341655e-02   -2.600203211882105e-02    5.159388862414637e-02
    2    3,4        2,5    
    3.407939863650124e-02    1.917430196674894e-02    8.337491390022188e-02    1.718541102809158e-02    6.194565538357651e-02    1.795681030166278e-02   -5.061609212728686e-04    6.539864070314874e-02
    2    3,5        2,5    
    4.534097535933656e-02   -3.743269679338405e-02   -4.381932069527766e-03    9.449080624540864e-03   -3.057092263946369e-02   -7.039627290949201e-02    6.739272229698148e-02   -8.232914599531606e-02
    2    3,6        2,5    
   -9.852729940416187e-03    8.992197833077712e-04   -6.524623794363274e-02    5.341511770604142e-02    1.784395677670555e-03   -4.857473000319903e-02   -2.460049911042136e-02    4.033051924655047e-02
    2    3,7        2,5    
    3.432763023498130e-03   -4.147721507452807e-02   -2.191352019583976e-02   -3.246494672089989e-02    4.265426231479252e-02    2.114544977025659e-02   -3.592770856496132e-02   -6.084741116047072e-03
    2    3,8        2,5    
   -4.606963362030519e-02    5.480748936322829e-02    5.656336291454712e-02    1.221812558693950e-02    6.869566599395627e-03    5.023134329470114e-02    6.534624370352017e-02    3.892052192822151e-02
    2    3,9        2,5    
   -8.285327738918731e-02   -2.495598595899220e-02   -7.253129271736429e-02   -7.462338972738300e-02    7.733923996020850e-02   -1.509333359814830e-02   -2.044477667471320e-02    5.078683894926274e-02
    2    3,10       2,5    
   -1.407890486292951e-02    3.906625158577975e-02   -7.782356618892081e-02   -1.480724466772832e-02    4.376424925025103e-02    4.007358585693614e-03   -8.694562278029994e-02   -1.409514640612666e-02
    2    3,11       2,5    
   -9.017778241662770e-03   -6.367784567209355e-03   -4.555252958355986e-02    6.289528232281717e-02    7.767730004602273e-02   -3.175337868109876e-02    5.134087562124445e-02   -6.964466191373136e-02
    2    3,12       2,5    
    7.547710221827182e-02    6.310301343329049e-02   -5.986446178443660e-02   -5.425297603010348e-02    3.991399733402643e-02    2.505767592277129e-02   -2.137531392517434e-02    7.544924040665611e-02
    2    3,1        2,6    
    6.094490567223915e-02   -2.402046440550257e-02   -9.408424283987782e-03   -3.655681909020601e-02   -8.352901673595445e-02   -8.054361780492296e-02   -7.306339324397941e-02   -3.409391107602440e-02
    2    3,2        2,6    
   -3.810652297370509e-02   -1.132788163812624e-01    4.559544077683412e-02    1.465264582100569e-02    4.702872761877933e-02    5.539769877049602e-02    1.067928528066992e-01    7.357869125165013e-02
    2    3,3        2,6    
    2.557059520664776e-02    9.165442652297440e-02    2.598266871889235e-02    3.380665384691233e-02   -8.199714626569356e-02   -9.384462817032480e-02   -8.213563423587884e-02   -2.852347773806234e-02
    2    3,4        2,6    
   -1.128190649058569e-02    8.720162592273034e-03    4.918732723739471e-02    8.365937686878153e-02    2.117920616246973e-02   -2.229276360275842e-03    4.456069045347059e-02    3.910813387322674e-02
    2    3,5        2,6    
   -1.656887758439151e-02   -5.951492050663208e-02   -2.858148524860782e-02    2.009916568045316e-03   -7.731873333274646e-02   -4.354447321351309e-02    1.382319165281992e-03   -8.927126363080108e-02
    2    3,6        2,6    
   -1.789939646585900e-02   -2.165511130405147e-02    5.998577610160302e-02    3.241841842487201e-02   -2.643257381278279e-02   -7.170476095210781e-03    7.973362360493586e-03    9.292172915553916e-02
    2    3,7        2,6    
   -5.308764525326564e-02    1.559945126908361e-02   -6.054912702833919e-02   -3.487668331069241e-02   -1.685028075169586e-02   -2.787382889308031e-03   -2.636537602758435e-02    4.865526084703332e-02
    2    3,8        2,6    
    7.356511220396228e-03   -7.253008225647969e-02   -7.821915998858828e-02    6.242396629332468e-02    5.788944566620168e-02    1.261728648763134e-02   -6.403113681579919e-02    4.544968787758323e-02
    2    3,9        2,6    
   -5.024102351450150e-02    5.429148525782553e-02   -3.275285355173059e-02    6.067327996059119e-02    5.876491924454583e-02   -3.534716389554203e-02   -1.863659168864735e-03    6.539285733145019e-02
    2    3,10       2,6    
    2.949248804011221e-02    2.932390748219929e-02   -1.937317595563323e-02    1.409504313111927e-02   -6.269965670701553e-03    1.370745702124753e-02    3.394222103855161e-02    3.088585407810222e-02
    2    3,11       2,6    
    8.087795303463988e-02    2.064125188162945e-02   -2.442936087368746e-04   -7.542159323072758e-02    6.699907993864500e-02    1.920186412670006e-02    7.792851525629027e-02   -5.559386172273716e-02
    2    3,12       2,6    
    3.957518091704274e-03   -1.720233028620519e-02   -7.737007949723620e-02    3.094252342912121e-02   -1.926115956349811e-02    3.047961227554299e-02    1.056338339414963e-02   -4.734475206874165e-02
    2    3,1        2,7    
   -3.066916991456985e-02    2.857142507872092e-02    3.072492707696676e-02   -2.620803765421025e-02    1.288214972668320e-02   -2.117853220731394e-02   -5.358919882440978e-02    2.615911705360194e-02
    2    3,2        2,7    
    1.996864386547784e-02    5.159117472103386e-02   -7.399714152550994e-02   -5.988603069928540e-03    3.445812675083305e-02    3.690490955525002e-02    4.325461994280882e-02    4.590330157524380e-02
    2    3,3        2,7    
    2.250511572542024e-02   -2.929362030431937e-02   -3.953106304897763e-02    1.205210184294407e-02   -5.945391386785544e-02    1.282553094032272e-02   -5.377082545692224e-02    5.451084698587504e-03
    2    3,4        2,7    
   -4.204563502999590e-02    1.225270070009867e-02    3.601530546814976e-02    2.963375125906949e-02   -1.501849982596820e-02   -3.004505924463724e-02    2.881850058736701e-02    4.124233110562624e-02
    2    3,5        2,7    
   -1.476874256705416e-02    2.992226626804770e-02    7.080108683518327e-02   -8.909695105272003e-02   -4.535483112139516e-02   -1.402878541114549e-02   -4.861231602802538e-02   -3.522036095437564e-02
    2    3,6        2,7    
   -1.603499067458728e-02    1.524675605596263e-02    7.162915858922968e-02    3.587567915677303e-03   -2.271799263014882e-02    6.085750196440094e-02   -3.317422745591184e-02   -1.720500034751169e-02
    2    3,7        2,7    
   -7.177046025515262e-02    7.481936505468056e-02    4.266565562935924e-02   -7.999990250744525e-02    1.563563225903095e-02    7.301946478277437e-02   -5.556377980103444e-02   -7.844321592662605e-02
    2    3,8        2,7    
    5.138640661528782e-02   -4.272461395265989e-02   -5.036652498497117e-02    1.210323356150109e-02   -9.778154536957337e-03    3.517564888133811e-02   -1.488984109514049e-02   -3.085111623528430e-02
    2    3,9        2,7    
    7.543446045944706e-02   -6.372439385565816e-02    1.927842112280223e-02    4.605060677824336e-02    1.193055697913559e-02    3.717438072280396e-02   -1.210833338716891e-02   -3.077865572875934e-02
    2    3,10       2,7    
   -5.051558573016070e-02    1.501101321562650e-02   -9.249499379397563e-03   -4.396188211461857e-02    4.621661446558823e-04    7.814253165125788e-02   -8.670514637587474e-02   -7.460420999736972e-02
    2    3,11       2,7    
   -1.122211831389263e-02   -2.694865394945555e-03   -1.885863030481380e-02    1.869181276837409e-03   -3.653017623641151e-02   -2.417258066181664e-02    3.007525860421664e-03    3.083956493336034e-02
    2    3,12       2,7    
    2.996123843396616e-02   -3.091811094650188e-03   -8.257500680718259e-02    6.179801874755139e-02   -2.659583329750600e-02    1.970102797864833e-02    4.913144377511903e-02    4.566984362868990e-02
    3    4,4        1,8        1,8    
    0.000000000000000e+00    0.000000000000000e+00    0.000000000000000e+00    0.000000000000000e+00    0.000000000000000e+00    0.000000000000000e+00    0.000000000000000e+00    0.000000000000000e+00
    3    4,4        1,13       1,8    
    0.000000000000000e+00    0.000000000000000e+00    0.000000000000000e+00    0.000000000000000e+00    0.000000000000000e+00    0.000000000000000e+00    0.000000000000000e+00    0.000000000000000e+00
    3    3,6        2,7        1,8    
    0.000000000000000e+00    0.000000000000000e+00    0.000000000000000e+00    0.000000000000000e+00    0.000000000000000e+00    0.000000000000000e+00    0.000000000000000e+00    0.000000000000000e+00
    3    3,12       2,7        1,8    
    0.000000000000000e+00    0.000000000000000e+00    0.000000000000000e+00    0.000000000000000e+00    0.000000000000000e+00    0.000000000000000e+00    0.000000000000000e+00    0.000000000000000e+00
    3    4,4        1,13       1,13   
    0.000000000000000e+00    0.000000000000000e+00    0.000000000000000e+00    0.000000000000000e+00    0.000000000000000e+00    0.000000000000000e+00    0.000000000000000e+00    0.000000000000000e+00
    3    3,6        2,7        1,13   
    0.000000000000000e+00    0.000000000000000e+00    0.000000000000000e+00    0.000000000000000e+00    0.000000000000000e+00    0.000000000000000e+00    0.000000000000000e+00    0.000000000000000e+00
    3    3,12       2,7        1,13   
    0.000000000000000e+00    0.000000000000000e+00    0.000000000000000e+00    0.000000000000000e+00    0.000000000000000e+00    0.000000000000000e+00    0.000000000000000e+00    0.000000000000000e+00
    3    4,4        2,7        2,7    
    0.000000000000000e+00    0.000000000000000e+00    0.000000000000000e+00    0.000000000000000e+00    0.000000000000000e+00    0.000000000000000e+00    0.000000000000000e+00    0.000000000000000e+00
    3    4,4        3,6        3,6    
    0.000000000000000e+00    0.000000000000000e+00    0.000000000000000e+00    0.000000000000000e+00    0.000000000000000e+00    0.000000000000000e+00    0.000000000000000e+00    0.000000000000000e+00
    3    4,4        3,12       3,6    
    0.000000000000000e+00    0.000000000000000e+00    0.000000000000000e+00    0.000000000000000e+00    0.000000000000000e+00    0.000000000000000e+00    0.000000000000000e+00    0.000000000000000e+00
    3    4,4        3,12       3,12   
    0.000000000000000e+00    0.000000000000000e+00    0.000000000000000e+00    0.000000000000000e+00    0.000000000000000e+00    0.000000000000000e+00    0.000000000000000e+00    0.000000000000000e+00
    3    4,4        4,4        4,4    
    0.000000000000000e+00    0.000000000000000e+00    0.000000000000000e+00    0.000000000000000e+00    0.000000000000000e+00    0.000000000000000e+00    0.000000000000000e+00    0.000000000000000e+00
    4    4,4        1,8        1,8        1,8    
    0.000000000000000e+00    0.000000000000000e+00    0.000000000000000e+00    0.000000000000000e+00    0.000000000000000e+00    0.000000000000000e+00    0.000000000000000e+00    0.000000000000000e+00
    4    4,4        1,13       1,8        1,8    
    0.000000000000000e+00    0.000000000000000e+00    0.000000000000000e+00    0.000000000000000e+00    0.000000000000000e+00    0.000000000000000e+00    0.000000000000000e+00    0.000000000000000e+00
    4    3,6        2,7        1,8        1,8    
    0.000000000000000e+00    0.000000000000000e+00    0.000000000000000e+00    0.000000000000000e+00    0.000000000000000e+00    0.000000000000000e+00    0.000000000000000e+00    0.000000000000000e+00
    4    3,12       2,7        1,8        1,8    
    0.000000000000000e+00    0.000000000000000e+00    0.000000000000000e+00    0.000000000000000e+00    0.000000000000000e+00    0.000000000000000e+00    0.000000000000000e+00    0.000000000000000e+00
    4    4,4        1,13       1,13       1,8    
    0.000000000000000e+00    0.000000000000000e+00    0.000000000000000e+00    0.000000000000000e+00    0.000000000000000e+00    0.000000000000000e+00    0.000000000000000e+00    0.000000000000000e+00
    4    3,6        2,7        1,13       1,8    
    0.000000000000000e+00    0.000000000000000e+00    0.000000000000000e+00    0.000000000000000e+00    0.000000000000000e+00    0.000000000000000e+00    0.000000000000000e+00    0.000000000000000e+00
    4    3,12       2,7        1,13       1,8    
    0.000000000000000e+00    0.000000000000000e+00    0.000000000000000e+00    0.000000000000000e+00    0.000000000000000e+00    0.000000000000000e+00    0.000000000000000e+00    0.000000000000000e+00
    4    4,4        2,7        2,7        1,8    
    0.000000000000000e+00    0.000000000000000e+00    0.000000000000000e+00    0.000000000000000e+00    0.000000000000000e+00    0.000000000000000e+00    0.000000000000000e+00    0.000000000000000e+00
    4    4,4        3,6        3,6        1,8    
    0.000000000000000e+00    0.000000000000000e+00    0.000000000000000e+00    0.000000000000000e+00    0.000000000000000e+00    0.000000000000000e+00    0.000000000000000e+00    0.000000000000000e+00
    4    4,4        3,12       3,6        1,8    
    0.000000000000000e+00    0.000000000000000e+00    0.000000000000000e+00    0.000000000000000e+00    0.000000000000000e+00    0.000000000000000e+00    0.000000000000000e+00    0.000000000000000e+00
    4    4,4        3,12       3,12       1,8    
    0.000000000000000e+00    0.000000000000000e+00    0.000000000000000e+00    0.000000000000000e+00    0.000000000000000e+00    0.000000000000000e+00    0.000000000000000e+00    0.000000000000000e+00
    4    4,4        4,4        4,4        1,8    
    0.000000000000000e+00    0.000000000000000e+00    0.000000000000000e+00    0.000000000000000e+00    0.000000000000000e+00    0.000000000000000e+00    0.000000000000000e+00    0.000000000000000e+00
    4    4,4        1,13       1,13       1,13   
    0.000000000000000e+00    0.000000000000000e+00    0.000000000000000e+00    0.000000000000000e+00    0.000000000000000e+00    0.000000000000000e+00    0.000000000000000e+00    0.000000000000000e+00
    4    3,6        2,7        1,13       1,13   
    0.000000000000000e+00    0.000000000000000e+00    0.000000000000000e+00    0.000000000000000e+00    0.000000000000000e+00    0.000000000000000e+00    0.000000000000000e+00    0.000000000000000e+00
    4    3,12       2,7        1,13       1,13   
    0.000000000000000e+00    0.000000000000000e+00    0.000000000000000e+00    0.000000000000000e+00    0.000000000000000e+00    0.000000000000000e+00    0.000000000000000e+00    0.000000000000000e+00
    4    4,4        2,7        2,7        1,13   
    0.000000000000000e+00    0.000000000000000e+00    0.000000000000000e+00    0.000000000000000e+00    0.000000000000000e+00    0.000000000000000e+00    0.000000000000000e+00    0.000000000000000e+00
    4    4,4        3,6        3,6        1,13   
    0.000000000000000e+00    0.000000000000000e+00    0.000000000000000e+00    0.000000000000000e+00    0.000000000000000e+00    0.000000000000000e+00    0.000000000000000e+00    0.000000000000000e+00
    4    4,4        3,12       3,6        1,13   
    0.000000000000000e+00    0.000000000000000e+00    0.000000000000000e+00    0.000000000000000e+00    0.000000000000000e+00    0.000000000000000e+00    0.000000000000000e+00    0.000000000000000e+00
    4    4,4        3,12       3,12       1,13   
    0.000000000000000e+00    0.000000000000000e+00    0.000000000000000e+00    0.000000000000000e+00    0.000000000000000e+00    0.000000000000000e+00    0.000000000000000e+00    0.000000000000000e+00
    4    4,4        4,4        4,4        1,13   
    0.000000000000000e+00    0.000000000000000e+00    0.000000000000000e+00    0.000000000000000e+00    0.000000000000000e+00    0.000000000000000e+00    0.000000000000000e+00    0.000000000000000e+00
    4    3,6        2,7        2,7        2,7    
    0.000000000000000e+00    0.000000000000000e+00    0.000000000000000e+00    0.000000000000000e+00    0.000000000000000e+00    0.000000000000000e+00    0.000000000000000e+00    0.000000000000000e+00
    4    3,12       2,7        2,7        2,7    
    0.000000000000000e+00    0.000000000000000e+00    0.000000000000000e+00    0.000000000000000e+00    0.000000000000000e+00    0.000000000000000e+00    0.000000000000000e+00    0.000000000000000e+00
    4    3,6        3,6        3,6        2,7    
    0.000000000000000e+00    0.000000000000000e+00    0.000000000000000e+00    0.000000000000000e+00    0.000000000000000e+00    0.000000000000000e+00    0.000000000000000e+00    0.000000000000000e+00
    4    3,12       3,6        3,6        2,7    
    0.000000000000000e+00    0.000000000000000e+00    0.000000000000000e+00    0.000000000000000e+00    0.000000000000000e+00    0.000000000000000e+00    0.000000000000000e+00    0.000000000000000e+00
    4    3,12       3,12       3,6        2,7    
    0.000000000000000e+00    0.000000000000000e+00    0.000000000000000e+00    0.000000000000000e+00    0.000000000000000e+00    0.000000000000000e+00    0.000000000000000e+00    0.000000000000000e+00
    4    4,4        4,4        3,6        2,7    
    0.000000000000000e+00    0.000000000000000e+00    0.000000000000000e+00    0.000000000000000e+00    0.000000000000000e+00    0.000000000000000e+00    0.000000000000000e+00    0.000000000000000e+00
    4    3,12       3,12       3,12       2,7    
    0.000000000000000e+00    0.000000000000000e+00    0.000000000000000e+00    0.000000000000000e+00    0.000000000000000e+00    0.000000000000000e+00    0.000000000000000e+00    0.000000000000000e+00
    4    4,4        4,4        3,12       2,7    
    0.000000000000000e+00    0.000000000000000e+00    0.000000000000000e+00    0.000000000000000e+00    0.000000000000000e+00    0.000000000000000e+00    0.000000000000000e+00    0.000000000000000e+00
