    7,1        1,3                # harmonic with-HN
    6.999217629944142e-01
    7,2        1,3    
   -9.745889064823415e-02
    7,3        1,3    
   -3.624624119580221e-01
    7,4        1,3    
   -7.016270314930068e-02
    7,5        1,3    
    9.257717171444890e-02
    7,6        1,3    
    8.251921950694168e-01
    7,1        1,14   
   -7.489230326542222e-01
    7,2        1,14   
    4.601467058727429e-02
    7,3        1,14   
    2.277391725905696e-01
    7,4        1,14   
    8.437259939052080e-02
    7,5        1,14   
    4.803324893047526e-01
    7,6        1,14   
   -1.433003979641982e+00
    8,1        2,1    
    7.220820994455667e-01
    8,1        2,2    
   -4.491996051647879e-02
    5,1        6,1    
    1.248101279515828e-01
    5,1        2,1        4,1     # C2v-planar B2 x A2 <- G8 irred-5 x irred-2 x irred-4
   -7.055020742621279e-02
    5,1        2,1        4,2    
    1.168536971813595e-01
    5,1        2,1        4,3    
   -2.876382049533528e-01
    5,1        2,2        4,1    
    2.094832119815570e-02
    5,1        2,2        4,2    
    4.742497157306019e-02
    5,1        2,2        4,3    
   -1.798980845216590e-01
    5,1        6,1        1,1     # C2v-planar B1 x A1 <- G8 irred-5 x irred-6 x irred-1
   -7.511603343833833e-01
    5,1        6,1        1,2    
   -1.077648091116099e-01
    5,1        6,1        1,3    
   -8.764865270142277e-01
    5,1        6,1        1,5    
   -7.940523017524492e-01
    5,1        6,1        1,6    
   -4.292614786678706e-01
    5,1        6,1        1,7    
   -4.036285133893152e-01
    5,1        6,1        1,8    
    2.758064811482400e-01
    5,1        6,1        1,9    
   -2.391957297558252e-02
    5,1        6,1        1,10   
   -3.456550852230348e-01
    5,1        6,1        1,11   
   -4.494475364779544e-01
    5,1        6,1        1,12   
    9.788623199708225e-02
    5,1        6,1        1,13   
   -1.925853633767956e-01
    5,1        6,1        1,14   
    2.433688419481976e-01
    5,1        8,1        3,1     # C2v-planar / C2v-perpendicular A2 x B2 <- G8 irred-5 x irred-8 x irred-3
    1.246323369732335e+00
    5,1        8,1        3,2    
    6.116649082826251e-01
    5,1        8,1        3,3    
    2.621472655363965e+00
    5,1        8,1        3,4    
   -2.265121208011677e-02
    5,1        8,1        3,5    
    4.424124524032159e-01
    5,1        8,1        3,6    
    3.124515066548311e-01
    5,1        8,1        3,7    
   -5.052674920773616e-02
    5,1        8,1        3,8    
    2.380090815636529e-01
    5,1        8,1        3,9    
    1.039614257712802e-01
    5,1        8,1        3,10   
   -1.264648148122550e+00
    1,22       7,1               # 1st-scaling bias replacing an irred-1 HN coord
    3.104938893026986e-01
    1,22       7,2    
   -5.186225898276277e-01
    1,22       7,3    
    2.247588534612580e-01
    1,22       7,4    
    1.532500062700883e-01
    1,22       7,5    
    4.912523765969805e-01
    1,22       7,6    
    8.501866053466341e-01
    1,22       5,1        6,1    
    5.168992632634509e-02
    2,6        8,1               # 1st-scaling bias replacing an irred-2 HN coord
   -1.049616810822232e+00
    2,6        5,1        4,1    
   -2.372283894803811e-01
    2,6        5,1        4,2    
    6.077879004750136e-01
    2,6        5,1        4,3    
   -8.910610895369073e-01
    1,23       7,1               # 1st-scaling redundancy bias replacing an irred-1 HN coord
   -1.517417087245174e-01
    1,23       7,2    
    1.941592391838033e-01
    1,23       7,3    
   -3.251120857363363e-01
    1,23       7,4    
    1.454779586634750e-01
    1,23       7,5    
   -1.124587453222412e-01
    1,23       7,6    
   -8.281138987614545e-01
    1,23       5,1        6,1    
    4.282887892723653e-04
    7,1        1,18              # 2nd-scaling harmonic with-HN
   -5.992038853906543e-02
    7,2        1,18   
   -2.534958239697360e-01
    7,3        1,18   
    7.225820917004337e-02
    7,4        1,18   
    2.163658370380997e-01
    7,5        1,18   
    3.442992055081125e-01
    7,6        1,18   
   -1.438634586788972e-01
    7,1        1,19   
   -8.433861510084517e+00
    7,2        1,19   
    3.022962424072249e+00
    7,3        1,19   
    1.244389230106019e+00
    7,4        1,19   
   -4.486277310988703e-01
    7,5        1,19   
    3.357276387632236e+00
    7,6        1,19   
   -1.990304255762237e+01
    8,2        2,3    
   -5.088777114304136e+00
    8,2        2,4    
    2.824007621069102e+01
    7,8    
    1.540614057328948e+00
    7,8        1,1    
   -4.294988941676971e+00
    7,8        1,2    
   -1.031327630713384e+00
    7,8        1,18   
    3.277287876424674e+00
    7,8        1,19   
    2.498140828300659e+00
    7,8        1,5    
   -6.079250608511752e+00
    7,8        1,6    
   -2.756350842482549e+00
    7,8        1,7    
   -4.929041672040807e+00
    7,8        1,8    
    1.303746407786465e+00
    7,8        1,9    
    2.657806393255241e-01
    7,8        1,10   
   -2.288121616205357e+00
    7,8        1,11   
   -3.321604274348909e+00
    7,8        1,12   
    1.161149078085827e+00
    7,8        1,13   
   -1.999828354437334e+00
    5,2        2,3        4,1    # 2nd-scaling C2v-planar B2 x A2 <- G8 irred-5 x irred-2 x irred-4
   -3.068297194800034e-01
    5,2        2,3        4,2    
    4.954726416329807e-01
    5,2        2,3        4,3    
   -8.936816699052647e-01
    5,2        2,4        4,1    
   -4.805554896429505e+00
    5,2        2,4        4,2    
    6.135447642844312e+00
    5,2        2,4        4,3    
   -6.507797105797723e+00
    5,2        8,2        3,1    # 2nd-scaling C2v-planar / C2v-perpendicular A2 x B2 <- G8 irred-5 x irred-8 x irred-3
    7.346347557193626e+00
    5,2        8,2        3,2    
   -1.279925258027688e+00
    5,2        8,2        3,3    
    8.949450859021818e+00
    5,2        8,2        3,4    
    1.172338733941452e+00
    5,2        8,2        3,5    
   -1.465231973670376e-01
    5,2        8,2        3,6    
   -3.578364321753483e-01
    5,2        8,2        3,7    
   -1.329776075071375e+00
    5,2        8,2        3,8    
    3.357843049192386e-01
    5,2        8,2        3,9    
    1.948642423736262e+00
    5,2        8,2        3,10   
   -1.105828625792271e+01
    1,24       7,1               # 2nd-scaling bias replacing an irred-1 HN coord
   -1.887256501089623e+00
    1,24       7,2    
    8.764715699097456e-01
    1,24       7,3    
    5.343611979663891e-01
    1,24       7,4    
   -1.920327906227360e-01
    1,24       7,5    
   -5.632425103592396e-01
    1,24       7,6    
   -2.785122828621973e+00
    1,24       7,8    
    6.108258041850828e+00
    2,7        8,2               # 2nd-scaling bias replacing an irred-2 HN coord
   -6.759084824760064e+00
    2,7        5,2        4,1    
   -5.923720500911158e-01
    2,7        5,2        4,2    
    1.514836874901406e+00
    2,7        5,2        4,3    
   -2.338497401186660e+00
    8,1        2,1        1,1               # C2v-perpendicular B1 x A1 <- G8 irred-8 x irred-2 x irred-1
   -2.021859412941547e+01
    8,1        2,1        1,2    
   -1.752303997907510e+00
    8,1        2,1        1,3    
   -6.033079696372516e-01
    8,1        2,1        1,5    
    5.419181971929572e+00
    8,1        2,1        1,6    
   -2.119648773043584e-01
    8,1        2,1        1,7    
    2.105531159235547e+00
    8,1        2,1        1,8    
    8.841020004451243e+00
    8,1        2,1        1,9    
   -4.749491496135128e-01
    8,1        2,1        1,10   
   -4.848251963151928e-01
    8,1        2,1        1,11   
   -1.261400699196496e-01
    8,1        2,1        1,12   
   -5.262695271057671e-01
    8,1        2,1        1,13   
   -2.523534405170627e+00
    8,1        2,1        1,14   
    4.387843294815836e+00
    8,1        2,2        1,1    
    1.242069685113796e+01
    8,1        2,2        1,2    
   -3.491914263444893e+00
    8,1        2,2        1,3    
    1.206759835826395e+01
    8,1        2,2        1,5    
    5.936830863808849e+01
    8,1        2,2        1,6    
   -3.653830872707570e+01
    8,1        2,2        1,7    
   -3.666514218394653e+01
    8,1        2,2        1,8    
   -2.977197062200151e+01
    8,1        2,2        1,9    
    1.012787761399458e+01
    8,1        2,2        1,10   
    1.830844467642924e+01
    8,1        2,2        1,11   
   -3.989687789350416e+00
    8,1        2,2        1,12   
   -1.386198207134855e+01
    8,1        2,2        1,13   
   -8.705434798427477e+00
    8,1        2,2        1,14   
    3.872998954976270e+00
    8,1        6,1        4,1               # C2v-perpendicular B2 x A2 <- G8 irred-8 x irred-6 x irred-4
   -1.169466610011626e-01
    8,1        6,1        4,2    
    1.623642367208060e-01
    8,1        6,1        4,3    
   -2.839036060474953e-01
    7,7                                     # HN spherical coordinate angles
    3.083024821308458e+00
    7,7        1,4    
    2.330862380263001e-01
    1,22       8,1        2,1    # 1st-scaling bias replacing an irred-1 HN coord
    9.605685773482608e-02
    1,22       8,1        2,2    
   -8.537100950579761e-01
    1,22       7,7    
   -1.490264163923935e+00
    2,6        8,1        1,1    # 1st-scaling bias replacing an irred-2 HN coord
    2.228393748932169e+01
    2,6        8,1        1,2    
    5.632016228450129e+00
    2,6        8,1        1,3    
    7.941554738327496e-01
    2,6        8,1        1,4    
   -3.518607039877309e+01
    2,6        8,1        1,5    
    1.494883371079962e+01
    2,6        8,1        1,6    
    2.852726017263227e+01
    2,6        8,1        1,7    
    4.784377812081647e+01
    2,6        8,1        1,8    
    5.263165354917182e+01
    2,6        8,1        1,9    
    1.283747843698956e+01
    2,6        8,1        1,10   
    4.201709691134899e+00
    2,6        8,1        1,11   
    2.745654657966177e+00
    2,6        8,1        1,12   
   -1.245932310510973e+00
    2,6        8,1        1,13   
    9.236858665493104e+00
    2,6        8,1        1,14   
    6.186162497023704e+01
    3,14       4,1               # 2nd-scaling harmonic with-HN
    4.753951847332311e-01
    3,14       4,2    
   -1.083366760136649e+00
    3,14       4,3    
    2.086028144946686e+00
    8,2        2,3        1,1    # 2nd-scaling C2v-perpendicular B1 x A1 <- G8 irred-8 x irred-2 x irred-1
   -4.291086047512173e+00
    8,2        2,3        1,2    
   -1.016836813659418e+00
    8,2        2,3        1,3    
    1.122187935212965e+00
    8,2        2,3        1,5    
    1.037634273912176e+00
    8,2        2,3        1,6    
   -3.262905232473771e+00
    8,2        2,3        1,7    
    1.441351890212144e+00
    8,2        2,3        1,8    
    5.583818436414970e+00
    8,2        2,3        1,9    
    2.787856038020680e+00
    8,2        2,3        1,10   
   -1.086369656832919e+00
    8,2        2,3        1,11   
   -3.967285905690191e+00
    8,2        2,3        1,12   
    1.000361035990801e+00
    8,2        2,3        1,13   
   -3.316111695564969e+00
    8,2        2,3        1,14   
    9.610766370483793e+00
    8,2        2,4        1,1    
   -1.464776316356302e+02
    8,2        2,4        1,2    
    1.911995157154056e+01
    8,2        2,4        1,3    
   -1.541759225129385e+01
    8,2        2,4        1,5    
    5.572711183246684e+01
    8,2        2,4        1,6    
    4.792123595511315e+01
    8,2        2,4        1,7    
    1.773736926498018e+02
    8,2        2,4        1,8    
    2.856224697652405e+01
    8,2        2,4        1,9    
    3.173155643122397e+00
    8,2        2,4        1,10   
    1.375931742243723e+01
    8,2        2,4        1,11   
    1.505714689989195e+01
    8,2        2,4        1,12   
   -1.042976338537682e+01
    8,2        2,4        1,13   
    2.772179217104881e+01
    8,2        2,4        1,14   
    4.901604394639030e-01
    7,8                          # 2nd-scaling HN spherical coordinate angles
    1.540614057352395e+00
    7,8        1,19   
    2.498140827926158e+00
    1,24       8,2        2,3    # 2nd-scaling bias replacing an irred-1 HN coord
    1.580122966120229e+00
    1,24       8,2        2,4    
   -1.065531474310388e+01
    1,24       7,7    
   -2.452620195340315e+00
    2,7        8,2        1,1    # 2nd-scaling bias replacing an irred-2 HN coord
    6.298998087412694e+01
    2,7        8,2        1,2    
    1.400422045653717e+00
    2,7        8,2        1,18   
   -1.285190257702741e+00
    2,7        8,2        1,19   
   -1.139380419355404e+01
    2,7        8,2        1,5    
    6.866188653560705e-01
    2,7        8,2        1,6    
    5.429728414483825e-01
    2,7        8,2        1,7    
   -2.087815029687451e+01
    2,7        8,2        1,8    
   -5.288301002434125e+00
    2,7        8,2        1,9    
    3.432674944232380e+00
    2,7        8,2        1,10   
    3.994498720568050e+00
    2,7        8,2        1,11   
    5.179255448475656e+00
    2,7        8,2        1,12   
    3.455586100892712e-01
    2,7        8,2        1,13   
    3.057672446592288e+00
