    14.305897    -0.208198    -5.797937     0.107839     0.004370     0.355945    -0.478079    13.607473
    13.622352     0.486023    -0.959659     0.070926     0.013919    -0.090539    -0.001592    -0.000435
     0.017758    -0.003400     0.003794    -0.022529    -0.056455     0.053139    -0.010408    -0.077819
    -0.092341     0.000000     0.000000     0.000000     0.000000     0.000000     0.000000     0.000000
     0.000000     0.000000     0.000000     0.000000
    -0.208198     8.888416     0.319058    -0.003508     0.072539     0.079785     0.532012    -1.061443
    -0.896405    -0.267074     0.263344    -0.024811     0.017433    -0.004366     0.002513    -0.011385
    -0.007532    -0.000219    -0.001186    -0.004428     0.018625     0.069216     0.011878     0.010776
     0.013940     0.000000     0.000000     0.000000     0.000000     0.000000     0.000000     0.000000
     0.000000     0.000000     0.000000     0.000000
    -5.797937     0.319058    13.099354    -0.027286     0.040655    -0.360645     0.589743   -12.580612
   -12.673119    -0.205611     0.698744    -0.003439    -0.031621     0.079734     0.000831    -0.007294
    -0.024709     0.003337    -0.002577     0.032109     0.089708    -0.212362    -0.043289     0.085766
     0.104400     0.000000     0.000000     0.000000     0.000000     0.000000     0.000000     0.000000
     0.000000     0.000000     0.000000     0.000000
     0.107839    -0.003508    -0.027286     5.997570     0.059499     0.020327    -0.012085    -0.132843
     0.094615    -0.010260     0.010099    -0.000621     0.001739     0.000061    -0.000400    -0.000956
     0.001592     0.000015    -0.000033    -0.000602     0.001628    -0.000449     0.001148     0.001694
    -0.001046     0.000000     0.000000     0.000000     0.000000     0.000000     0.000000     0.000000
     0.000000     0.000000     0.000000     0.000000
     0.004370     0.072539     0.040655     0.059499     5.981330     0.050293     0.006004    -0.046795
    -0.283071     0.014368    -0.016105    -0.000640     0.002149     0.001482     0.000895    -0.000667
    -0.000186     0.000170     0.000052    -0.000430     0.002399    -0.005574     0.000727    -0.000080
     0.000261     0.000000     0.000000     0.000000     0.000000     0.000000     0.000000     0.000000
     0.000000     0.000000     0.000000     0.000000
     0.355945     0.079785    -0.360645     0.020327     0.050293     6.070847     0.031736     0.737139
     0.812417     0.011302    -0.024397    -0.001552    -0.012417    -0.004738    -0.000082     0.080057
    -0.007118    -0.001607     0.000400    -0.015627    -0.016884    -0.012296     0.007435    -0.031127
     0.011384     0.000000     0.000000     0.000000     0.000000     0.000000     0.000000     0.000000
     0.000000     0.000000     0.000000     0.000000
    -0.478079     0.532012     0.589743    -0.012085     0.006004     0.031736    10.623113    -1.857017
    -1.824732    -0.035987     0.024598    -0.017304     0.007338     0.115773     0.003643    -0.042960
     0.013313     0.002096    -0.002595    -0.009879     0.134352     0.119978    -0.295395     0.106716
     0.494456     0.000000     0.000000     0.000000     0.000000     0.000000     0.000000     0.000000
     0.000000     0.000000     0.000000     0.000000
    13.607473    -1.061443   -12.580612    -0.132843    -0.046795     0.737139    -1.857017    27.061518
    25.951842     0.513734    -2.171003    -0.024728     0.027188    -0.063615    -0.002868    -0.002585
     0.022215    -0.002094     0.000213    -0.031524    -0.099243     0.166247     0.024693    -0.102561
    -0.177666     0.000000     0.000000     0.000000     0.000000     0.000000     0.000000     0.000000
     0.000000     0.000000     0.000000     0.000000
    13.622352    -0.896405   -12.673119     0.094615    -0.283071     0.812417    -1.824732    25.951842
    27.925581     0.950313    -2.094393    -0.027998     0.022040    -0.053991    -0.002645    -0.010531
     0.029356    -0.001753     0.001806    -0.028884    -0.091961     0.162854    -0.001196    -0.079518
    -0.175739     0.000000     0.000000     0.000000     0.000000     0.000000     0.000000     0.000000
     0.000000     0.000000     0.000000     0.000000
     0.486023    -0.267074    -0.205611    -0.010260     0.014368     0.011302    -0.035987     0.513734
     0.950313     1.231151     0.021596    -0.000253    -0.001001     0.000325    -0.000136     0.000396
     0.002235     0.000036     0.001624     0.000440     0.000343     0.004989    -0.005861     0.002220
    -0.002736     0.000000     0.000000     0.000000     0.000000     0.000000     0.000000     0.000000
     0.000000     0.000000     0.000000     0.000000
    -0.959659     0.263344     0.698744     0.010099    -0.016105    -0.024397     0.024598    -2.171003
    -2.094393     0.021596     1.206291    -0.000586     0.000215     0.008637    -0.000262    -0.010787
     0.003745    -0.000649     0.000683    -0.013648     0.009963     0.000449    -0.002532    -0.006860
    -0.011057     0.000000     0.000000     0.000000     0.000000     0.000000     0.000000     0.000000
     0.000000     0.000000     0.000000     0.000000
     0.070926    -0.024811    -0.003439    -0.000621    -0.000640    -0.001552    -0.017304    -0.024728
    -0.027998    -0.000253    -0.000586     9.052019     2.609823    -2.156267     0.057772     0.031043
     1.502029     0.252327     0.277054    -0.160932    -0.179778    -0.035435    -0.008970     0.000477
     0.004553     0.000000     0.000000     0.000000     0.000000     0.000000     0.000000     0.000000
     0.000000     0.000000     0.000000     0.000000
     0.013919     0.017433    -0.031621     0.001739     0.002149    -0.012417     0.007338     0.027188
     0.022040    -0.001001     0.000215     2.609823     8.707422    -0.257181     0.049119     0.171926
     1.209175     0.060611    -0.153904    -0.180481    -0.226375    -0.018282    -0.007384     0.027564
    -0.003019     0.000000     0.000000     0.000000     0.000000     0.000000     0.000000     0.000000
     0.000000     0.000000     0.000000     0.000000
    -0.090539    -0.004366     0.079734     0.000061     0.001482    -0.004738     0.115773    -0.063615
    -0.053991     0.000325     0.008637    -2.156267    -0.257181     7.986004    -0.031520     0.102204
    -0.001525     0.015538    -0.035808    -0.441402     0.589905     0.044779    -0.027789     0.048508
     0.028750     0.000000     0.000000     0.000000     0.000000     0.000000     0.000000     0.000000
     0.000000     0.000000     0.000000     0.000000
    -0.001592     0.002513     0.000831    -0.000400     0.000895    -0.000082     0.003643    -0.002868
    -0.002645    -0.000136    -0.000262     0.057772     0.049119    -0.031520     5.954543     0.045052
    -0.183500    -0.008920    -0.005222    -0.016036     0.018429     0.000707     0.001337     0.000822
     0.003211     0.000000     0.000000     0.000000     0.000000     0.000000     0.000000     0.000000
     0.000000     0.000000     0.000000     0.000000
    -0.000435    -0.011385    -0.007294    -0.000956    -0.000667     0.080057    -0.042960    -0.002585
    -0.010531     0.000396    -0.010787     0.031043     0.171926     0.102204     0.045052     6.026585
     0.189033     0.008110     0.011879    -0.001032    -0.057474    -0.002225    -0.008242    -0.031753
    -0.009435     0.000000     0.000000     0.000000     0.000000     0.000000     0.000000     0.000000
     0.000000     0.000000     0.000000     0.000000
     0.017758    -0.007532    -0.024709     0.001592    -0.000186    -0.007118     0.013313     0.022215
     0.029356     0.002235     0.003745     1.502029     1.209175    -0.001525    -0.183500     0.189033
     3.266324     0.113830     0.713843    -0.419253    -0.214751    -0.010396    -0.031184     0.026250
    -0.030294     0.000000     0.000000     0.000000     0.000000     0.000000     0.000000     0.000000
     0.000000     0.000000     0.000000     0.000000
    -0.003400    -0.000219     0.003337     0.000015     0.000170    -0.001607     0.002096    -0.002094
    -0.001753     0.000036    -0.000649     0.252327     0.060611     0.015538    -0.008920     0.008110
     0.113830     0.607120    -0.023544     0.027217     0.006494     0.000794     0.001222     0.002067
     0.000913     0.000000     0.000000     0.000000     0.000000     0.000000     0.000000     0.000000
     0.000000     0.000000     0.000000     0.000000
     0.003794    -0.001186    -0.002577    -0.000033     0.000052     0.000400    -0.002595     0.000213
     0.001806     0.001624     0.000683     0.277054    -0.153904    -0.035808    -0.005222     0.011879
     0.713843    -0.023544     1.178406     0.015554    -0.035815    -0.000709    -0.003234     0.000275
    -0.006847     0.000000     0.000000     0.000000     0.000000     0.000000     0.000000     0.000000
     0.000000     0.000000     0.000000     0.000000
    -0.022529    -0.004428     0.032109    -0.000602    -0.000430    -0.015627    -0.009879    -0.031524
    -0.028884     0.000440    -0.013648    -0.160932    -0.180481    -0.441402    -0.016036    -0.001032
    -0.419253     0.027217     0.015554     1.148151     0.023487     0.004880     0.017097    -0.005724
     0.006998     0.000000     0.000000     0.000000     0.000000     0.000000     0.000000     0.000000
     0.000000     0.000000     0.000000     0.000000
    -0.056455     0.018625     0.089708     0.001628     0.002399    -0.016884     0.134352    -0.099243
    -0.091961     0.000343     0.009963    -0.179778    -0.226375     0.589905     0.018429    -0.057474
    -0.214751     0.006494    -0.035815     0.023487     1.156248     0.014368     0.102843     0.100539
     0.068953     0.000000     0.000000     0.000000     0.000000     0.000000     0.000000     0.000000
     0.000000     0.000000     0.000000     0.000000
     0.053139     0.069216    -0.212362    -0.000449    -0.005574    -0.012296     0.119978     0.166247
     0.162854     0.004989     0.000449    -0.035435    -0.018282     0.044779     0.000707    -0.002225
    -0.010396     0.000794    -0.000709     0.004880     0.014368     0.606596     0.107223    -0.018817
     0.101661     0.000000     0.000000     0.000000     0.000000     0.000000     0.000000     0.000000
     0.000000     0.000000     0.000000     0.000000
    -0.010408     0.011878    -0.043289     0.001148     0.000727     0.007435    -0.295395     0.024693
    -0.001196    -0.005861    -0.002532    -0.008970    -0.007384    -0.027789     0.001337    -0.008242
    -0.031184     0.001222    -0.003234     0.017097     0.102843     0.107223     6.675377     0.056300
     0.240627     0.000000     0.000000     0.000000     0.000000     0.000000     0.000000     0.000000
     0.000000     0.000000     0.000000     0.000000
    -0.077819     0.010776     0.085766     0.001694    -0.000080    -0.031127     0.106716    -0.102561
    -0.079518     0.002220    -0.006860     0.000477     0.027564     0.048508     0.000822    -0.031753
     0.026250     0.002067     0.000275    -0.005724     0.100539    -0.018817     0.056300     0.167143
    -0.019433     0.000000     0.000000     0.000000     0.000000     0.000000     0.000000     0.000000
     0.000000     0.000000     0.000000     0.000000
    -0.092341     0.013940     0.104400    -0.001046     0.000261     0.011384     0.494456    -0.177666
    -0.175739    -0.002736    -0.011057     0.004553    -0.003019     0.028750     0.003211    -0.009435
    -0.030294     0.000913    -0.006847     0.006998     0.068953     0.101661     0.240627    -0.019433
     0.818757     0.000000     0.000000     0.000000     0.000000     0.000000     0.000000     0.000000
     0.000000     0.000000     0.000000     0.000000
     0.000000     0.000000     0.000000     0.000000     0.000000     0.000000     0.000000     0.000000
     0.000000     0.000000     0.000000     0.000000     0.000000     0.000000     0.000000     0.000000
     0.000000     0.000000     0.000000     0.000000     0.000000     0.000000     0.000000     0.000000
     0.000000     0.343783    -0.217696     0.183746     0.141937     0.229557    -0.311972    -0.002861
    -0.004061     0.026380    -0.013775     0.008485
     0.000000     0.000000     0.000000     0.000000     0.000000     0.000000     0.000000     0.000000
     0.000000     0.000000     0.000000     0.000000     0.000000     0.000000     0.000000     0.000000
     0.000000     0.000000     0.000000     0.000000     0.000000     0.000000     0.000000     0.000000
     0.000000    -0.217696     0.992284    -0.142134     0.049694    -0.004977     0.008247     0.007349
     0.005783    -0.003510    -0.000365     0.003627
     0.000000     0.000000     0.000000     0.000000     0.000000     0.000000     0.000000     0.000000
     0.000000     0.000000     0.000000     0.000000     0.000000     0.000000     0.000000     0.000000
     0.000000     0.000000     0.000000     0.000000     0.000000     0.000000     0.000000     0.000000
     0.000000     0.183746    -0.142134     1.980122    -0.477749    -0.335577    -0.080228     0.005188
     0.003480    -0.005631     0.017281    -0.006127
     0.000000     0.000000     0.000000     0.000000     0.000000     0.000000     0.000000     0.000000
     0.000000     0.000000     0.000000     0.000000     0.000000     0.000000     0.000000     0.000000
     0.000000     0.000000     0.000000     0.000000     0.000000     0.000000     0.000000     0.000000
     0.000000     0.141937     0.049694    -0.477749     1.884123     0.107860    -0.277508     0.021527
    -0.005645     0.082958    -0.012526     0.007055
     0.000000     0.000000     0.000000     0.000000     0.000000     0.000000     0.000000     0.000000
     0.000000     0.000000     0.000000     0.000000     0.000000     0.000000     0.000000     0.000000
     0.000000     0.000000     0.000000     0.000000     0.000000     0.000000     0.000000     0.000000
     0.000000     0.229557    -0.004977    -0.335577     0.107860     0.706445    -0.461028    -0.004418
    -0.002867     0.029854    -0.028702     0.019180
     0.000000     0.000000     0.000000     0.000000     0.000000     0.000000     0.000000     0.000000
     0.000000     0.000000     0.000000     0.000000     0.000000     0.000000     0.000000     0.000000
     0.000000     0.000000     0.000000     0.000000     0.000000     0.000000     0.000000     0.000000
     0.000000    -0.311972     0.008247    -0.080228    -0.277508    -0.461028     2.110770    -0.066145
    -0.059571    -0.101461    -0.045222    -0.289987
     0.000000     0.000000     0.000000     0.000000     0.000000     0.000000     0.000000     0.000000
     0.000000     0.000000     0.000000     0.000000     0.000000     0.000000     0.000000     0.000000
     0.000000     0.000000     0.000000     0.000000     0.000000     0.000000     0.000000     0.000000
     0.000000    -0.002861     0.007349     0.005188     0.021527    -0.004418    -0.066145     1.571406
     0.754899     0.415356    -0.040095     0.008383
     0.000000     0.000000     0.000000     0.000000     0.000000     0.000000     0.000000     0.000000
     0.000000     0.000000     0.000000     0.000000     0.000000     0.000000     0.000000     0.000000
     0.000000     0.000000     0.000000     0.000000     0.000000     0.000000     0.000000     0.000000
     0.000000    -0.004061     0.005783     0.003480    -0.005645    -0.002867    -0.059571     0.754899
     1.914862    -0.377374    -0.031325     0.015897
     0.000000     0.000000     0.000000     0.000000     0.000000     0.000000     0.000000     0.000000
     0.000000     0.000000     0.000000     0.000000     0.000000     0.000000     0.000000     0.000000
     0.000000     0.000000     0.000000     0.000000     0.000000     0.000000     0.000000     0.000000
     0.000000     0.026380    -0.003510    -0.005631     0.082958     0.029854    -0.101461     0.415356
    -0.377374     1.865896    -0.010227     0.010464
     0.000000     0.000000     0.000000     0.000000     0.000000     0.000000     0.000000     0.000000
     0.000000     0.000000     0.000000     0.000000     0.000000     0.000000     0.000000     0.000000
     0.000000     0.000000     0.000000     0.000000     0.000000     0.000000     0.000000     0.000000
     0.000000    -0.013775    -0.000365     0.017281    -0.012526    -0.028702    -0.045222    -0.040095
    -0.031325    -0.010227    -0.071340    -0.074236
     0.000000     0.000000     0.000000     0.000000     0.000000     0.000000     0.000000     0.000000
     0.000000     0.000000     0.000000     0.000000     0.000000     0.000000     0.000000     0.000000
     0.000000     0.000000     0.000000     0.000000     0.000000     0.000000     0.000000     0.000000
     0.000000     0.008485     0.003627    -0.006127     0.007055     0.019180    -0.289987     0.008383
     0.015897     0.010464    -0.074236     0.192689
