   1.298149E-01  -5.309217E-03   4.174460E-07
  -5.827592E-01  -2.488768E-02  -3.947867E-07
   2.286134E-01  -4.469184E-01  -7.153041E-07
   1.914769E-01   4.805176E-01   3.028467E-07
   2.515460E-01   4.526761E-01  -6.499597E-07
   2.831970E-01  -4.376005E-01   1.068887E-06
  -6.090840E-01  -2.279219E-02   2.310397E-07
   3.277673E-03   7.538608E-03  -2.779966E-07
  -9.214009E-04  -3.368433E-03   1.182405E-07
   8.629590E-03  -5.668030E-03   5.708823E-07
   8.075022E-03   7.383583E-03  -2.657849E-07
   5.639011E-03   1.101224E-02  -1.343128E-07
   6.868867E-03  -1.041350E-02  -3.309360E-07
  -2.781430E-03  -3.281324E-04  -2.785145E-08
   1.280306E-01  -5.325003E-03  -9.034257E-08
  -5.792144E-01  -2.449076E-02  -2.072634E-07
   2.276474E-01  -4.473520E-01   8.084181E-08
   1.901597E-01   4.803944E-01   5.932582E-08
   2.517860E-01   4.516705E-01   7.514279E-08
   2.834705E-01  -4.363292E-01   8.482238E-08
  -6.078989E-01  -2.280554E-02  -2.243096E-08
   3.268860E-03   7.434509E-03  -6.670603E-09
  -9.043158E-04  -3.333940E-03   1.705816E-08
   8.649889E-03  -5.713675E-03   1.373163E-08
   8.089472E-03   7.416566E-03   8.514786E-09
   5.566844E-03   1.093177E-02   9.154741E-09
   6.774191E-03  -1.033628E-02   7.062457E-09
  -2.977778E-03  -3.285566E-04  -6.248865E-09
  -8.921650E-08   1.648734E-07   2.087579E-02
   1.124266E-07   2.384245E-08  -2.276492E-02
   7.405337E-08   2.308242E-07  -3.265647E-02
  -3.667186E-08  -3.042171E-07   1.541809E-02
  -1.119369E-07  -2.846247E-07  -2.920555E-02
  -6.585853E-08   7.146006E-08   4.940129E-02
   1.647211E-07   6.492603E-08   1.231880E-02
  -1.047699E-08  -2.353057E-08  -1.333478E-02
   5.508139E-09   9.050896E-09   5.625419E-03
  -1.072597E-08  -5.697907E-09   2.733327E-02
  -5.408213E-09   5.819320E-09  -1.369970E-02
  -2.144413E-08   1.631125E-08  -7.033266E-03
   5.184968E-09   1.082863E-08  -1.575498E-02
  -9.572862E-09  -2.573521E-09  -7.826131E-04
   3.448744E-08  -1.084503E-08   2.054162E-02
  -3.192949E-08   2.877347E-08  -2.300435E-02
   4.508834E-09  -8.422278E-08  -3.270536E-02
  -1.828933E-08   8.344319E-08   1.576041E-02
   2.584000E-08   5.134930E-08  -2.907682E-02
   4.895524E-08  -1.157051E-07   4.866928E-02
  -4.731481E-08   3.109291E-08   1.272043E-02
   2.222882E-09   3.578969E-09  -1.310393E-02
   1.161682E-09  -4.957780E-09   5.516979E-03
  -1.118152E-08   1.908274E-08   2.755123E-02
   6.063995E-10  -1.152714E-08  -1.329939E-02
  -7.443049E-10   4.726552E-09  -7.318963E-03
   2.574228E-09   1.313392E-10  -1.577456E-02
  -8.506506E-09   5.098227E-09  -7.783205E-04
   1.301994E-01  -5.581352E-03  -1.513229E-08
  -5.856251E-01  -2.481938E-02   1.799246E-08
   2.299662E-01  -4.456645E-01  -1.274084E-08
   1.926484E-01   4.792313E-01   2.998085E-08
   2.521933E-01   4.515685E-01  -3.567216E-08
   2.837644E-01  -4.362867E-01   2.161558E-08
  -6.094132E-01  -2.292994E-02  -1.532137E-08
   3.270810E-03   7.557002E-03  -9.574697E-10
  -9.576161E-04  -3.398449E-03  -3.451622E-09
   8.610677E-03  -5.614842E-03  -2.606015E-09
   8.060916E-03   7.344629E-03   9.710778E-09
   5.613390E-03   1.108659E-02   6.824577E-09
   6.842288E-03  -1.047784E-02  -6.553176E-10
  -2.692971E-03  -3.197150E-04   1.791837E-10
   2.891579E-08  -1.296867E-07  -2.127011E-02
  -8.923952E-08  -4.212613E-08   2.373354E-02
   8.027398E-10  -3.065940E-08   3.267037E-02
   3.039393E-08   1.049112E-07  -1.644959E-02
   7.752917E-08   9.978448E-08   2.958854E-02
   1.140310E-07   2.749987E-08  -4.966282E-02
  -1.577511E-07  -1.012330E-08  -1.223102E-02
   3.878650E-09   1.917317E-08   1.342306E-02
  -1.019247E-08   1.215923E-09  -5.615057E-03
  -2.137470E-09  -1.791529E-09  -2.724425E-02
   6.586542E-09  -1.014102E-08   1.401151E-02
   5.092677E-09  -5.382060E-09   6.969092E-03
  -1.132016E-08  -7.528886E-09   1.556209E-02
   1.196946E-09   1.847096E-08   7.992622E-04
   1.272042E-01  -5.219780E-03   9.011726E-09
  -5.783980E-01  -2.442735E-02  -3.740964E-07
   2.272631E-01  -4.500161E-01  -1.006256E-07
   1.897325E-01   4.830681E-01   7.901522E-08
   2.526496E-01   4.545189E-01  -1.319352E-07
   2.845228E-01  -4.392535E-01   1.026616E-07
  -6.092542E-01  -2.280926E-02   4.307216E-07
   3.231123E-03   7.524622E-03  -1.030305E-08
  -9.527389E-04  -3.401442E-03   7.016973E-11
   8.794830E-03  -5.764964E-03  -9.506348E-09
   8.228201E-03   7.467208E-03   1.444594E-08
   5.612464E-03   1.095492E-02  -8.642401E-09
   6.831901E-03  -1.036867E-02  -8.626894E-09
  -2.903396E-03  -3.315853E-04  -3.116313E-09
   1.297912E-01  -5.308576E-03   7.727457E-08
  -5.827621E-01  -2.488757E-02  -1.603000E-07
   2.286413E-01  -4.469219E-01  -3.501254E-08
   1.915042E-01   4.805262E-01   1.364612E-07
   2.514705E-01   4.526698E-01  -4.641418E-08
   2.831261E-01  -4.376070E-01  -2.755457E-08
  -6.087070E-01  -2.276640E-02   8.344169E-08
   3.277200E-03   7.536786E-03  -1.832151E-08
  -9.212116E-04  -3.367523E-03   1.218275E-08
   8.625199E-03  -5.669618E-03   3.830023E-08
   8.070854E-03   7.383997E-03  -3.665871E-08
   5.645323E-03   1.101332E-02  -1.481073E-08
   6.875696E-03  -1.041420E-02  -1.512810E-08
  -2.994043E-03  -3.413614E-04   1.061463E-09
   1.208506E-07  -3.801562E-08   2.086947E-02
  -6.529109E-07   3.156468E-08  -2.293898E-02
   2.617115E-07  -3.657491E-07  -3.273267E-02
   3.007397E-07   4.226122E-07   1.526072E-02
   2.640613E-07   4.567783E-07  -2.921896E-02
   3.381816E-07  -4.429353E-07   4.928521E-02
  -7.225554E-07  -3.792158E-08   1.250291E-02
  -5.033975E-09   3.563457E-09  -1.333594E-02
  -1.745520E-08  -8.818001E-09   5.562032E-03
   6.236246E-09  -5.631965E-09   2.757399E-02
   1.617475E-08   8.363841E-09  -1.335177E-02
   1.448324E-08  -1.913836E-09  -7.180376E-03
  -2.088665E-09  -1.276414E-08  -1.577682E-02
   9.938596E-09  -7.538818E-09  -7.805246E-04
  -5.544373E-07   3.077108E-08  -2.086847E-02
   2.533371E-06   1.806770E-07   2.297649E-02
  -8.951470E-07   1.951791E-06   3.273113E-02
  -9.930763E-07  -2.268088E-06  -1.532530E-02
  -1.081380E-06  -2.014901E-06   2.922815E-02
  -1.175572E-06   2.008326E-06  -4.935477E-02
   2.564644E-06   1.455888E-07  -1.255324E-02
   2.762394E-09  -2.130244E-08   1.333745E-02
   1.860609E-08   4.562530E-09  -5.564591E-03
  -1.438718E-08   2.774820E-08  -2.759558E-02
  -2.651075E-08  -3.263435E-08   1.335683E-02
  -2.849544E-08  -5.715343E-08   7.213303E-03
  -3.030090E-08   2.706301E-08   1.587921E-02
   4.117767E-09   1.003100E-08   7.841771E-04
   1.297872E-01  -5.305975E-03   7.834567E-08
  -5.826836E-01  -2.488388E-02  -1.558208E-07
   2.285735E-01  -4.469603E-01  -5.738694E-08
   1.914370E-01   4.805501E-01   1.075223E-07
   2.516457E-01   4.528774E-01  -3.292334E-08
   2.833230E-01  -4.377875E-01   2.855093E-08
  -6.090645E-01  -2.279151E-02   5.487017E-08
   3.274175E-03   7.534177E-03  -3.207273E-08
  -9.218152E-04  -3.364782E-03   2.570823E-08
   8.630933E-03  -5.666150E-03   8.250886E-08
   8.076347E-03   7.381975E-03  -4.023726E-08
   5.559578E-03   1.086378E-02  -1.109859E-08
   6.771897E-03  -1.027598E-02  -4.345956E-08
  -2.790955E-03  -3.287188E-04  -1.486939E-08
   1.298407E-01  -5.299076E-03  -8.656520E-08
  -5.828169E-01  -2.488815E-02   6.999864E-08
   2.284035E-01  -4.468394E-01  -3.501769E-08
   1.912755E-01   4.804099E-01  -9.956835E-08
   2.516066E-01   4.526769E-01  -1.887948E-09
   2.832585E-01  -4.375828E-01   4.096914E-08
  -6.091189E-01  -2.279881E-02   5.386617E-08
   3.278514E-03   7.534391E-03   5.351329E-09
  -9.192228E-04  -3.372113E-03   2.269420E-08
   8.784745E-03  -5.764125E-03   1.102729E-08
   8.220517E-03   7.494829E-03   8.157390E-09
   5.638885E-03   1.101624E-02   1.597895E-09
   6.869067E-03  -1.041698E-02   5.755120E-09
  -2.769678E-03  -3.272315E-04   4.718766E-09
  -3.791815E-08   2.666963E-09   2.088534E-02
   3.978876E-08  -1.958552E-09  -2.297286E-02
  -5.246592E-08   1.224523E-07  -3.215214E-02
   3.615982E-08  -1.380414E-07   1.488955E-02
   4.530880E-08  -7.323775E-08  -2.920411E-02
   1.124451E-08   1.211726E-07   4.925949E-02
  -1.971277E-08  -2.439062E-08   1.256118E-02
  -9.561094E-10  -3.031995E-09  -1.334161E-02
  -1.288471E-08   8.011225E-09   5.544350E-03
   1.101180E-08  -6.084662E-09   2.715944E-02
  -1.536408E-08   2.418535E-09  -1.308244E-02
  -4.717767E-09   2.227728E-09  -7.256160E-03
  -4.122171E-09  -1.054838E-08  -1.575498E-02
   4.050995E-10  -1.541795E-09  -7.846190E-04
  -1.322855E-01   4.963655E-03   8.264050E-08
   5.824927E-01   2.525457E-02  -1.223862E-07
  -2.266491E-01   4.462313E-01   6.051561E-09
  -1.899128E-01  -4.800202E-01   2.266505E-09
  -2.512208E-01  -4.514218E-01   1.063791E-08
  -2.826457E-01   4.365203E-01   3.222889E-08
   6.103345E-01   2.276789E-02   1.784632E-08
  -3.351910E-03  -7.755502E-03  -3.654885E-09
   9.046040E-04   3.469581E-03  -1.439629E-08
  -8.756907E-03   5.683541E-03   4.502289E-10
  -8.198400E-03  -7.424135E-03   2.721178E-09
  -5.697942E-03  -1.106887E-02  -2.221747E-09
  -6.941255E-03   1.047519E-02  -7.543748E-09
   2.632091E-03   3.241309E-04  -4.788506E-09
   8.160807E-09  -1.793039E-08  -2.000684E-02
   1.621900E-08   6.995367E-09   2.207211E-02
  -3.784553E-09   1.322437E-08   3.283902E-02
  -8.369897E-09  -7.153988E-09  -1.584303E-02
   2.441151E-10   1.919929E-09   2.960313E-02
  -6.560116E-11   1.021780E-08  -4.936570E-02
  -4.282289E-09  -7.103554E-09  -1.211883E-02
  -3.710829E-09  -1.991143E-09   1.289702E-02
  -2.775609E-09   4.888433E-09  -5.507801E-03
  -1.701611E-09  -1.129253E-09  -2.717336E-02
  -9.127334E-10  -8.582302E-10   1.360832E-02
  -6.939124E-10  -1.706550E-09   6.732295E-03
   5.060709E-10   3.018470E-10   1.560462E-02
   1.469533E-09   2.371611E-10   7.767109E-04
   1.260091E-01  -5.432421E-03  -4.892718E-08
  -5.785337E-01  -2.420789E-02  -4.081803E-07
   2.296806E-01  -4.506915E-01  -4.257027E-08
   1.916709E-01   4.836383E-01   9.502019E-08
   2.500462E-01   4.547674E-01  -1.190000E-07
   2.819977E-01  -4.394154E-01   1.739120E-07
  -6.052248E-01  -2.274070E-02   3.538170E-07
   3.198649E-03   7.315532E-03  -1.034093E-08
  -9.261932E-04  -3.294775E-03   1.706164E-08
   8.715810E-03  -5.707931E-03  -1.271574E-08
   8.164317E-03   7.397307E-03   1.895491E-08
   5.520031E-03   1.090808E-02  -1.214898E-08
   6.724606E-03  -1.033064E-02  -9.234247E-09
  -2.963043E-03  -3.324779E-04  -5.826729E-09
   4.761513E-08   9.378079E-08   2.110139E-02
  -1.776551E-07   6.164091E-08  -2.283461E-02
   7.911637E-08  -8.712317E-08  -3.280481E-02
   7.518797E-08   1.536602E-08   1.584965E-02
   2.304871E-08   7.544233E-08  -2.948245E-02
   2.167036E-09  -1.476862E-07   4.960216E-02
  -1.035872E-07  -3.618591E-08   1.236118E-02
  -1.073222E-08  -1.934795E-08  -1.336620E-02
   7.968120E-09   3.447013E-10   5.610839E-03
   1.136267E-08  -5.962887E-09   2.712492E-02
   3.920529E-09   1.224666E-08  -1.401960E-02
  -1.166450E-08   6.496000E-09  -6.831194E-03
   1.340250E-08   7.753484E-09  -1.579755E-02
   1.448918E-09  -1.061995E-09  -8.065547E-04
   1.266250E-01  -5.469339E-03   1.477422E-10
  -5.796651E-01  -2.427512E-02  -4.145897E-07
   2.301224E-01  -4.503496E-01  -8.911849E-08
   1.921351E-01   4.833694E-01   6.318873E-08
   2.503718E-01   4.538175E-01  -1.389501E-07
   2.822142E-01  -4.384460E-01   1.566338E-07
  -6.069458E-01  -2.281979E-02   4.347659E-07
   3.221910E-03   7.367396E-03  -1.247453E-08
  -9.316432E-04  -3.322299E-03   1.046355E-08
   8.764071E-03  -5.721636E-03  -1.828854E-08
   8.210676E-03   7.428151E-03   2.974316E-08
   5.620504E-03   1.087481E-02  -1.847688E-08
   6.822716E-03  -1.028202E-02  -1.160458E-08
  -2.980950E-03  -3.318069E-04  -3.737630E-09
   5.254404E-08  -2.336534E-08   2.120797E-02
  -4.022307E-07   9.711289E-08  -2.299708E-02
   1.776113E-07  -4.247763E-07  -3.276799E-02
   1.294747E-07   3.625695E-07   1.595924E-02
   1.638624E-07   3.663732E-07  -2.957527E-02
   1.809885E-07  -3.668186E-07   4.966496E-02
  -4.035466E-07  -1.205220E-08   1.235498E-02
  -4.376602E-09   4.946558E-09  -1.345197E-02
   1.220908E-08  -2.042077E-08   5.617336E-03
   3.010531E-08   4.356243E-09   2.720502E-02
   4.062350E-09   7.405378E-09  -1.395791E-02
  -1.310176E-08   1.525513E-08  -6.925824E-03
   1.756990E-08   1.211840E-09  -1.582293E-02
  -8.333183E-09  -1.294495E-08  -8.117994E-04
   1.298166E-01  -5.322284E-03  -4.740218E-08
  -5.828946E-01  -2.487730E-02  -4.066384E-07
   2.287029E-01  -4.469831E-01  -3.411278E-08
   1.915485E-01   4.805638E-01   6.922984E-08
   2.513628E-01   4.527548E-01  -9.150172E-08
   2.830201E-01  -4.376885E-01   8.362914E-08
  -6.091705E-01  -2.280275E-02   4.356853E-07
   3.271970E-03   7.534635E-03  -3.562193E-09
  -9.247053E-04  -3.366894E-03   4.623646E-09
   8.628198E-03  -5.672542E-03  -3.484727E-08
   8.072822E-03   7.388546E-03   3.616098E-08
   5.837801E-03   1.098780E-02  -2.021579E-08
   7.058639E-03  -1.036324E-02   1.311193E-09
  -2.780329E-03  -3.277162E-04  -2.837714E-09
  -2.068620E-05   8.840144E-07   2.085542E-02
   9.278141E-05   3.959774E-06  -2.300612E-02
  -3.637456E-05   7.119324E-05  -3.270302E-02
  -3.049767E-05  -7.653505E-05   1.540110E-02
  -4.013081E-05  -7.215447E-05  -2.923321E-02
  -4.517679E-05   6.969254E-05   4.920930E-02
   9.707252E-05   3.653786E-06   1.245122E-02
  -5.162080E-07  -1.211971E-06  -1.333024E-02
   1.653051E-07   5.233972E-07   5.562967E-03
  -1.368618E-06   9.000323E-07   2.758349E-02
  -1.281766E-06  -1.176646E-06  -1.333800E-02
  -8.690034E-07  -1.756544E-06  -7.176463E-03
  -1.058161E-06   1.665743E-06  -1.575209E-02
   4.376650E-07   5.419052E-08  -7.917121E-04
   7.295247E-08  -7.370380E-08   2.084935E-02
  -2.543774E-07   7.027113E-08  -2.277606E-02
   1.501885E-07  -2.033998E-07  -3.307108E-02
   3.266350E-08   2.719997E-07   1.538673E-02
   1.479566E-07   2.565676E-07  -2.930214E-02
   2.631853E-07  -2.319093E-07   4.938438E-02
  -4.467913E-07  -8.706882E-08   1.244155E-02
  -9.291820E-09  -4.278578E-09  -1.331840E-02
  -1.536922E-08  -9.980308E-10   5.560504E-03
   4.703211E-09  -1.593383E-08   2.774565E-02
   1.922584E-08   1.215884E-08  -1.348755E-02
   4.585479E-09   9.363111E-09  -7.115897E-03
  -1.389930E-08  -1.719761E-08  -1.577659E-02
   5.634796E-09   1.498659E-08  -7.881569E-04
   1.299064E-01  -5.329775E-03   1.324865E-08
  -5.827794E-01  -2.489141E-02  -4.143824E-07
   2.284299E-01  -4.468556E-01  -1.059792E-07
   1.912844E-01   4.804493E-01   7.729543E-08
   2.515151E-01   4.524926E-01  -1.774254E-07
   2.831543E-01  -4.374360E-01   2.012010E-07
  -6.091149E-01  -2.278899E-02   4.559048E-07
   3.296076E-03   7.559396E-03  -3.630507E-08
  -9.194538E-04  -3.376082E-03   1.988140E-08
   8.752080E-03  -5.517339E-03   2.414769E-08
   8.219971E-03   7.260785E-03  -4.289655E-09
   5.635324E-03   1.101561E-02  -3.367366E-08
   6.865581E-03  -1.041724E-02  -3.668061E-08
  -2.778701E-03  -3.283017E-04  -3.325597E-09
   2.864588E-08  -1.986524E-08   2.617292E-02
  -2.567798E-08   7.520867E-09  -2.527405E-02
  -9.073465E-09  -8.678763E-08  -3.223920E-02
  -2.073203E-08   1.033801E-07   1.562950E-02
   4.188814E-08   8.750758E-08  -2.886846E-02
   5.484396E-08  -1.190561E-07   4.997704E-02
  -6.890671E-08   1.411093E-08   1.240021E-02
   9.563658E-10   1.918558E-09  -1.667967E-02
   3.633829E-09  -3.244344E-09   4.050064E-03
  -8.737384E-09   1.902626E-08   2.721487E-02
   5.455380E-09  -1.377977E-08  -1.340672E-02
  -3.428690E-10   6.333084E-09  -7.131175E-03
   1.926990E-09  -1.441497E-10  -1.590008E-02
  -1.381749E-09   3.018173E-09  -8.455808E-04
   1.298129E-01  -6.741415E-03   3.040548E-07
  -5.824781E-01  -2.465514E-02  -1.398660E-06
   2.305309E-01  -4.455145E-01  -6.509300E-07
   1.893940E-01   4.807356E-01   1.952724E-07
   2.503807E-01   4.518740E-01   2.315161E-07
   2.836410E-01  -4.373095E-01   7.203617E-07
  -6.084474E-01  -2.220941E-02   7.790307E-07
   3.415746E-03   7.558099E-03  -1.909550E-07
  -1.100616E-03  -3.405879E-03   1.528777E-07
   8.594375E-03  -5.691909E-03   4.920311E-07
   8.091620E-03   7.369905E-03  -2.275589E-07
   5.698254E-03   1.095623E-02  -1.523301E-07
   6.802547E-03  -1.045160E-02  -3.119671E-07
  -2.779139E-03  -3.954386E-04  -2.024522E-09
   1.296633E-01  -5.863759E-03   1.892868E-07
  -5.823552E-01  -2.302291E-02  -6.301979E-07
   2.297594E-01  -4.471657E-01  -3.769004E-07
   1.900272E-01   4.793531E-01   2.020292E-07
   2.512132E-01   4.534717E-01  -4.412672E-07
   2.827562E-01  -4.357734E-01   6.503837E-07
  -6.083781E-01  -2.373553E-02   5.472330E-07
   3.432146E-03   7.588049E-03  -1.423216E-07
  -9.521200E-04  -3.371590E-03   6.543556E-08
   8.680573E-03  -5.779110E-03   2.562164E-07
   8.012188E-03   7.246510E-03  -1.004161E-07
   5.573151E-03   1.092250E-02  -9.975331E-08
   6.926862E-03  -1.046796E-02  -1.661477E-07
  -2.775588E-03  -4.234167E-04  -8.768124E-09
   6.947689E-07  -4.505639E-08  -2.187971E-02
  -3.208867E-06  -2.276416E-07   2.305022E-02
   1.165532E-06  -2.417774E-06   3.273700E-02
   1.118294E-06   2.675191E-06  -1.559970E-02
   1.411992E-06   2.509695E-06   2.918188E-02
   1.587353E-06  -2.415925E-06  -4.899836E-02
  -3.382640E-06  -1.020713E-07  -1.220004E-02
   2.945488E-08   6.155363E-08   1.400049E-02
  -4.650120E-09  -2.305561E-08  -5.271256E-03
   4.702340E-08  -2.446388E-08  -2.744902E-02
   5.316984E-08   4.398107E-08   1.360289E-02
   3.827697E-08   5.540125E-08   6.947860E-03
   3.296717E-08  -5.994271E-08   1.554943E-02
  -8.598440E-09  -5.507231E-09   1.010788E-03
   1.300172E-01  -1.068349E-02  -1.177460E-09
  -5.831841E-01  -1.934405E-02  -4.129493E-07
   2.320985E-01  -4.494852E-01  -9.263839E-08
   1.883468E-01   4.779877E-01   6.045200E-08
   2.492195E-01   4.543407E-01  -1.882802E-07
   2.857115E-01  -4.362205E-01   2.212933E-07
  -6.092470E-01  -2.385494E-02   4.551523E-07
   3.396496E-03   7.491756E-03  -2.970971E-08
  -1.362987E-03  -3.398543E-03   1.064315E-08
   8.587591E-03  -5.582313E-03   2.233832E-08
   8.135901E-03   7.472028E-03   7.945198E-09
   5.685155E-03   1.112909E-02  -2.486252E-08
   6.817410E-03  -1.031381E-02  -3.917744E-08
  -2.779019E-03  -3.274777E-04  -7.865745E-09
  -1.203064E-06  -1.028981E-08  -2.469856E-02
   5.332281E-06   1.296849E-07   2.432933E-02
  -2.059582E-06   4.054680E-06   3.318041E-02
  -1.748200E-06  -4.302679E-06  -1.631647E-02
  -2.338442E-06  -4.079754E-06   2.927652E-02
  -2.517805E-06   4.040691E-06  -4.941297E-02
   5.491212E-06   1.946947E-07  -1.237547E-02
  -1.109218E-08  -4.786789E-08   1.577224E-02
   5.871349E-09   2.923109E-08  -4.475500E-03
  -8.713201E-08   5.668890E-08  -2.764339E-02
  -6.754499E-08  -6.920878E-08   1.385309E-02
  -3.644131E-08  -1.085396E-07   7.166066E-03
  -6.697540E-08   8.255403E-08   1.561421E-02
   2.769006E-08   1.814179E-08   7.177236E-04
  -1.298160E-01   5.365799E-03  -2.461726E-08
   5.827592E-01   2.486903E-02   3.453829E-08
  -2.287102E-01   4.469163E-01   3.733945E-08
  -1.913737E-01  -4.805092E-01  -1.430613E-07
  -2.514137E-01  -4.524414E-01   1.682105E-08
  -2.833631E-01   4.378197E-01   2.407072E-08
   6.090897E-01   2.271552E-02   3.733055E-08
  -3.280010E-03  -7.539489E-03   5.703285E-09
   9.262515E-04   3.369722E-03   7.487281E-09
  -8.624975E-03   5.662829E-03  -1.372823E-08
  -8.079867E-03  -7.389615E-03   2.631599E-08
  -5.722206E-03  -1.117078E-02   6.683924E-10
  -6.767865E-03   1.026806E-02  -9.564090E-09
   2.781377E-03   3.348936E-04   2.491412E-09
   1.146928E-06   5.928660E-08  -2.082897E-02
  -4.646787E-06  -3.710518E-07   2.292119E-02
   1.743599E-06  -3.608553E-06   3.278038E-02
   1.546527E-06   3.977687E-06  -1.530270E-02
   1.955678E-06   3.632378E-06   2.921015E-02
   2.366266E-06  -3.555772E-06  -4.935123E-02
  -4.957444E-06  -1.988375E-07  -1.250727E-02
   1.231507E-08   5.068660E-08   1.331280E-02
  -3.956613E-08  -2.011127E-08  -5.573657E-03
   6.831588E-08  -3.341833E-08  -2.758050E-02
   7.668167E-08   6.037980E-08   1.335595E-02
   4.569780E-08   8.824722E-08   7.161492E-03
   6.795137E-08  -6.636523E-08   1.586159E-02
  -1.121998E-08   1.007756E-09   7.885659E-04
   1.297876E-01  -5.106713E-03   6.993929E-08
  -5.827612E-01  -2.520471E-02  -5.224709E-08
   2.282767E-01  -4.467315E-01   9.912531E-09
   1.918142E-01   4.807461E-01   7.429334E-08
   2.516002E-01   4.527228E-01   1.457537E-08
   2.831451E-01  -4.375805E-01  -3.223584E-08
  -6.090956E-01  -2.279354E-02  -6.062656E-08
   3.304337E-03   7.547203E-03  -5.527961E-09
  -9.135375E-04  -3.369036E-03  -1.322614E-08
   8.790610E-03  -5.771003E-03   8.215267E-09
   7.926427E-03   7.264869E-03  -9.568069E-09
   5.635146E-03   1.100832E-02   6.099503E-11
   6.873536E-03  -1.041746E-02  -7.050163E-09
  -2.781511E-03  -3.236766E-04   2.248031E-09
  -3.602962E-08   3.787099E-08  -2.088172E-02
   4.125524E-08  -1.430171E-07   2.312740E-02
  -8.015326E-08   1.179815E-07   3.218891E-02
  -5.324187E-08  -3.316375E-08  -1.559527E-02
  -5.801009E-08  -2.197680E-08   2.926221E-02
  -4.080571E-08   6.096881E-08  -4.923457E-02
   2.524129E-07  -3.077618E-08  -1.265288E-02
   1.119925E-08   1.347262E-09   1.335406E-02
   2.100992E-08  -1.854461E-08  -5.556377E-03
  -1.102691E-08   5.017472E-09  -2.722516E-02
  -1.784884E-08   4.068934E-09   1.353533E-02
   3.030803E-09   4.754399E-09   7.264791E-03
  -4.411986E-10   1.616093E-08   1.582827E-02
  -1.040232E-08  -1.121677E-09   7.801434E-04
   3.103376E-06  -2.447581E-07  -2.209173E-02
  -1.392937E-05  -4.885089E-07   2.391300E-02
   5.521698E-06  -1.081772E-05   3.257519E-02
   4.449246E-06   1.152599E-05  -1.549613E-02
   5.990988E-06   1.086302E-05   2.904829E-02
   6.889447E-06  -1.051103E-05  -4.930867E-02
  -1.461866E-05  -4.438388E-07  -1.265995E-02
   7.946740E-08   1.954890E-07   1.411015E-02
  -1.378474E-08  -9.123421E-08  -5.215681E-03
   2.037844E-07  -1.372027E-07  -2.752657E-02
   1.969969E-07   1.736427E-07   1.316337E-02
   1.464274E-07   2.500938E-07   7.285096E-03
   1.605054E-07  -2.433042E-07   1.585415E-02
  -6.037159E-08  -1.985588E-08   7.722055E-04
   1.296897E-01  -3.323580E-03   7.639258E-08
  -5.826504E-01  -2.782605E-02  -1.062483E-07
   2.264620E-01  -4.455483E-01  -7.571112E-08
   1.936407E-01   4.819969E-01   4.476887E-08
   2.525138E-01   4.535082E-01  -3.005779E-08
   2.820548E-01  -4.368850E-01   7.372439E-08
  -6.090534E-01  -2.414778E-02   5.155522E-08
   3.314714E-03   7.593031E-03  -4.372273E-08
  -7.691687E-04  -3.367599E-03   3.151909E-08
   8.609259E-03  -5.745909E-03   8.598858E-08
   8.095002E-03   7.320350E-03  -3.506319E-08
   5.547753E-03   1.096630E-02  -3.742428E-08
   6.967650E-03  -1.044893E-02  -3.946510E-08
  -2.778680E-03  -3.627474E-04  -9.959639E-09
  -1.298147E-01   5.365957E-03   4.043943E-06
   5.827581E-01   2.482101E-02  -4.141212E-06
  -2.285806E-01   4.468619E-01  -6.416277E-06
  -1.915054E-01  -4.805753E-01   2.942220E-06
  -2.516191E-01  -4.526480E-01  -5.796166E-06
  -2.831185E-01   4.376313E-01   9.450511E-06
   6.090848E-01   2.264458E-02   2.451279E-06
  -3.277927E-03  -7.536748E-03  -2.585572E-06
   9.238680E-04   3.369577E-03   1.064872E-06
  -8.624292E-03   5.672438E-03   5.338715E-06
  -8.080731E-03  -7.379869E-03  -2.598563E-06
  -5.635156E-03  -1.101306E-02  -1.394436E-06
  -6.872902E-03   1.041211E-02  -3.056510E-06
   2.772616E-03   4.883422E-04  -1.543486E-07
  -1.298148E-01   5.252524E-03   6.608391E-07
   5.827611E-01   2.495451E-02  -3.103095E-07
  -2.286449E-01   4.469732E-01  -9.788407E-07
  -1.914479E-01  -4.804583E-01   4.075338E-07
  -2.514710E-01  -4.527038E-01  -7.754631E-07
  -2.832743E-01   4.375706E-01   1.422390E-06
   6.090784E-01   2.293961E-02  -1.404926E-08
  -3.277442E-03  -7.540533E-03  -4.093830E-07
   9.189090E-04   3.367333E-03   1.698468E-07
  -8.634940E-03   5.663535E-03   8.786284E-07
  -8.069426E-03  -7.387192E-03  -4.494452E-07
  -5.642814E-03  -1.101138E-02  -2.089083E-07
  -6.864781E-03   1.041484E-02  -4.826365E-07
   2.791634E-03   1.679244E-04  -3.122635E-08
  -1.435911E-07   4.080292E-08   2.089925E-02
   6.107645E-07   1.148774E-07  -2.299327E-02
  -1.877830E-07   4.695267E-07  -3.279856E-02
  -1.660210E-07  -5.569265E-07   1.539592E-02
  -2.920280E-07  -5.269015E-07  -2.921038E-02
  -3.705680E-07   4.169138E-07   4.922930E-02
   6.590876E-07  -7.987946E-09   1.249925E-02
  -1.313444E-08  -2.504454E-08  -1.336195E-02
   5.489915E-09   8.882432E-09   5.554265E-03
  -9.737969E-09   5.629606E-10   2.758850E-02
  -1.730417E-08  -4.341245E-09  -1.334208E-02
  -2.593122E-08   1.523208E-08  -7.168350E-03
   1.010959E-08   2.143350E-08  -1.576863E-02
   1.044744E-08   4.047685E-09  -7.910390E-04
   1.298219E-01  -5.510709E-03   5.823321E-07
  -5.827406E-01  -2.470971E-02  -1.078978E-06
   2.286472E-01  -4.468630E-01  -9.622348E-07
   1.914334E-01   4.805374E-01   4.961723E-07
   2.517744E-01   4.526026E-01  -9.658921E-07
   2.829549E-01  -4.376698E-01   1.546048E-06
  -6.090580E-01  -2.284506E-02   7.767438E-07
   3.273724E-03   7.529295E-03  -3.899229E-07
  -9.373182E-04  -3.372383E-03   1.609961E-07
   8.624808E-03  -5.670784E-03   7.602520E-07
   8.080002E-03   7.382434E-03  -3.513728E-07
   5.449221E-03   1.103195E-02  -2.194915E-07
   7.050390E-03  -1.036736E-02  -4.653024E-07
  -2.781743E-03  -3.204194E-04  -2.541042E-08
   5.255303E-06  -1.397161E-07   2.084898E-02
  -2.346082E-05  -9.434050E-07  -2.267956E-02
   9.235641E-06  -1.800065E-05  -3.308164E-02
   7.712934E-06   1.924182E-05   1.528326E-02
   1.012534E-05   1.821778E-05  -2.928727E-02
   1.139899E-05  -1.766659E-05   4.929618E-02
  -2.455019E-05  -9.115259E-07   1.245693E-02
   1.151197E-07   2.810874E-07  -1.331989E-02
  -5.105213E-08  -1.173188E-07   5.573821E-03
   3.394748E-07  -2.410292E-07   2.773584E-02
   3.338422E-07   2.933555E-07  -1.339195E-02
   2.091382E-07   4.584086E-07  -7.119055E-03
   2.882925E-07  -4.152616E-07  -1.577684E-02
  -1.209458E-07  -9.078272E-09  -7.858819E-04
   1.298066E-01  -5.288602E-03  -6.464456E-08
  -5.827654E-01  -2.509303E-02  -5.820972E-07
   2.284285E-01  -4.469891E-01   1.143360E-07
   1.916748E-01   4.804846E-01   3.921532E-09
   2.515156E-01   4.526698E-01   1.606328E-07
   2.832462E-01  -4.376319E-01   1.464318E-07
  -6.090900E-01  -2.282360E-02   1.828367E-07
   3.298646E-03   7.556972E-03   3.791557E-08
  -9.240687E-04  -3.356609E-03  -3.070696E-09
   8.742060E-03  -5.523287E-03  -1.204797E-07
   7.940724E-03   7.503524E-03   7.723240E-08
   5.643114E-03   1.101486E-02   1.439066E-08
   6.864568E-03  -1.041064E-02   5.184725E-08
  -2.781940E-03  -3.248358E-04  -5.578761E-09
   1.299945E-01  -6.067238E-03  -6.981397E-08
  -5.826429E-01  -2.578806E-02  -2.496670E-07
   2.288843E-01  -4.456292E-01   1.470061E-07
   1.909754E-01   4.815857E-01   1.126865E-08
   2.512219E-01   4.525647E-01   1.272204E-07
   2.834311E-01  -4.375340E-01   4.334909E-08
  -6.089932E-01  -2.341765E-02  -6.086424E-08
   3.247644E-03   7.548038E-03   2.753238E-08
  -9.333795E-04  -3.320636E-03   3.124649E-08
   8.604834E-03  -5.641037E-03  -1.061831E-08
   8.085658E-03   7.401660E-03   2.359295E-08
   5.601834E-03   1.101379E-02   1.587769E-08
   6.903490E-03  -1.040345E-02   9.642311E-09
  -2.779518E-03  -3.424152E-04  -9.781934E-09
   1.192291E-07   8.009176E-08   2.066303E-02
  -5.331591E-07   5.167442E-08  -2.278327E-02
   2.255349E-07  -4.463531E-07  -3.301104E-02
   1.876774E-07   3.547115E-07   1.557572E-02
   1.757643E-07   3.909356E-07  -2.929965E-02
   2.024048E-07  -4.233862E-07   4.946278E-02
  -4.576844E-07  -7.495306E-08   1.226687E-02
  -7.948253E-09  -9.915602E-09  -1.314873E-02
  -8.400533E-09   8.733307E-09   5.614091E-03
   2.423821E-08  -2.134530E-09   2.754262E-02
   4.085621E-09   1.482527E-08  -1.362138E-02
  -1.460927E-08   3.300226E-08  -6.982367E-03
   7.052131E-09   5.993190E-10  -1.573499E-02
  -2.702890E-09  -4.271246E-09  -7.647393E-04
  -4.645810E-08  -9.649854E-08  -1.987229E-02
   1.876842E-07  -6.530117E-08   2.162978E-02
  -1.411488E-07   8.987129E-08   3.411283E-02
  -3.407867E-08  -2.101080E-08  -1.707407E-02
  -9.312903E-09  -4.758265E-08   3.058262E-02
  -2.797172E-09   1.409163E-07  -4.981312E-02
   5.334557E-08   1.003274E-08  -1.209844E-02
   1.507763E-08   1.783717E-08   1.298055E-02
  -7.135938E-09  -7.063548E-09  -5.511121E-03
  -5.756644E-09   1.652460E-08  -2.718929E-02
   4.561614E-09  -1.363775E-09   1.359447E-02
   2.357524E-08  -1.323468E-08   6.836552E-03
  -1.064327E-08  -2.214255E-09   1.537149E-02
   3.225541E-09   5.759458E-09   7.657853E-04
   1.298286E-01  -5.320331E-03  -1.815135E-08
  -5.822156E-01  -2.489505E-02  -7.654866E-09
   2.285028E-01  -4.468718E-01   2.380812E-08
   1.912612E-01   4.805273E-01   6.359451E-09
   2.515621E-01   4.526927E-01   4.777864E-09
   2.832658E-01  -4.376945E-01   1.459539E-08
  -6.091595E-01  -2.279324E-02  -2.361065E-08
   3.302271E-03   7.512546E-03  -6.543510E-10
  -9.096059E-04  -3.303948E-03   5.403051E-09
   8.604844E-03  -5.643378E-03   2.080080E-09
   8.060317E-03   7.384787E-03  -1.174674E-08
   5.631990E-03   1.101775E-02  -7.717614E-09
   6.866777E-03  -1.040654E-02   6.461514E-09
  -2.780250E-03  -3.281643E-04   6.086367E-09
   5.232177E-08  -6.117286E-08  -2.103503E-02
  -2.141342E-07  -1.034136E-07   2.305004E-02
   4.094157E-08  -1.007551E-07   3.273677E-02
   6.190078E-08   2.600182E-07  -1.506000E-02
   8.627590E-08   1.680345E-07   2.897029E-02
   2.306581E-07  -1.552805E-07  -4.918053E-02
  -3.121325E-07   2.585850E-08  -1.260448E-02
   9.654459E-09   2.143823E-08   1.338234E-02
   2.512815E-09  -1.350856E-08  -5.544185E-03
  -3.413480E-09   1.373727E-09  -2.751440E-02
   2.046585E-09   1.301398E-09   1.317463E-02
   3.503376E-08  -1.522869E-08   7.303014E-03
  -7.597969E-09  -1.488884E-08   1.583363E-02
  -9.590441E-09   1.497285E-08   7.904078E-04
   1.299209E-01  -5.247862E-03   1.078919E-07
  -5.824315E-01  -2.484705E-02  -4.438959E-07
   2.283181E-01  -4.467753E-01  -1.685987E-07
   1.912581E-01   4.803320E-01   7.331628E-08
   2.515257E-01   4.524913E-01  -1.733543E-07
   2.831015E-01  -4.374577E-01   2.318989E-07
  -6.091544E-01  -2.276175E-02   4.580692E-07
   3.337130E-03   7.526811E-03  -7.454104E-08
  -8.110740E-04  -3.435787E-03  -1.509697E-08
   8.635052E-03  -5.663874E-03   3.336185E-08
   8.077131E-03   7.378551E-03  -3.940713E-10
   5.645330E-03   1.101392E-02  -2.220985E-08
   6.873485E-03  -1.041955E-02  -4.067311E-08
  -2.769526E-03  -3.274609E-04  -2.213010E-09
   1.300331E-01  -5.147863E-03   2.058992E-09
  -5.827139E-01  -2.526987E-02  -4.162497E-07
   2.284097E-01  -4.468457E-01  -8.870018E-08
   1.914721E-01   4.805794E-01   4.924932E-08
   2.514347E-01   4.526787E-01  -1.300526E-07
   2.832105E-01  -4.374558E-01   1.494681E-07
  -6.091274E-01  -2.286894E-02   4.494445E-07
   3.316252E-03   7.662346E-03  -1.859256E-08
  -9.424300E-04  -3.317695E-03   7.055963E-09
   8.631567E-03  -5.686229E-03  -2.490990E-09
   8.072034E-03   7.383268E-03   2.527888E-08
   5.641852E-03   1.101185E-02  -1.645558E-08
   6.873734E-03  -1.041880E-02  -2.308504E-08
  -2.773761E-03  -3.281593E-04  -2.098395E-09
   9.994839E-07  -5.216634E-09   2.079548E-02
  -4.503129E-06  -7.877790E-08  -2.300355E-02
   1.808458E-06  -3.449829E-06  -3.292944E-02
   1.477208E-06   3.596544E-06   1.535301E-02
   1.968847E-06   3.485424E-06  -2.887517E-02
   2.081907E-06  -3.388487E-06   4.947211E-02
  -4.662988E-06  -2.162502E-07   1.233008E-02
   1.153174E-08   3.818422E-08  -1.301593E-02
   3.229760E-09  -1.995642E-08   5.522322E-03
   6.448384E-08  -4.695960E-08   2.723818E-02
   6.362260E-08   5.527063E-08  -1.337965E-02
   3.756139E-08   9.533244E-08  -7.045996E-03
   5.888407E-08  -6.991617E-08  -1.587179E-02
  -2.105179E-08  -9.908924E-09  -7.933502E-04
   1.301649E-01  -5.314342E-03  -4.952445E-08
  -5.827356E-01  -2.468593E-02  -2.870024E-07
   2.285303E-01  -4.469139E-01   1.145861E-07
   1.913272E-01   4.804535E-01   2.848317E-08
   2.515534E-01   4.525377E-01   1.126559E-07
   2.831046E-01  -4.375773E-01   6.624432E-08
  -6.091361E-01  -2.273051E-02  -2.367457E-08
   3.231715E-03   7.525130E-03   7.751785E-09
  -1.004777E-03  -3.487213E-03   1.589022E-08
   8.630506E-03  -5.671562E-03  -3.000841E-09
   8.083766E-03   7.394263E-03   1.959093E-08
   5.641716E-03   1.101759E-02   2.559846E-08
   6.873031E-03  -1.041483E-02   1.263738E-08
  -2.772759E-03  -3.280217E-04  -1.124523E-08
   5.387272E-09  -7.123235E-08  -2.081874E-02
   3.070425E-09  -3.749983E-08   2.280201E-02
  -6.941870E-08  -6.970630E-08   3.298800E-02
   1.266337E-09   1.102261E-07  -1.547133E-02
   7.832174E-08   9.870533E-08   2.925354E-02
   1.060137E-07   2.544470E-08  -4.935258E-02
  -1.531204E-07  -2.476716E-09  -1.248623E-02
   1.020574E-08   2.074435E-08   1.322045E-02
   8.912630E-09  -1.681790E-08  -5.437971E-03
  -3.529197E-09   2.859902E-09  -2.747054E-02
   5.761072E-09  -3.325409E-09   1.328844E-02
   2.885751E-08  -1.913675E-08   7.165413E-03
  -1.640571E-08  -1.379275E-08   1.579015E-02
  -6.292818E-09   4.111483E-09   7.844705E-04
   9.154273E-02  -3.711371E-03  -1.494507E-02
  -4.113285E-01  -1.713419E-02   1.620510E-02
   1.614592E-01  -3.152161E-01   2.421190E-02
   1.352300E-01   3.386444E-01  -1.181053E-02
   1.774647E-01   3.191259E-01   1.984934E-02
   1.997939E-01  -3.085588E-01  -3.410315E-02
  -4.295991E-01  -1.609386E-02  -8.846294E-03
   2.242825E-03   5.082342E-03   9.379767E-03
  -6.883120E-04  -2.396117E-03  -3.727219E-03
   6.017951E-03  -3.958362E-03  -1.983398E-02
   5.670303E-03   5.201199E-03   9.800818E-03
   4.008014E-03   7.786146E-03   4.574076E-03
   4.789171E-03  -7.322909E-03   1.170663E-02
  -1.941071E-03  -2.247208E-04   5.637801E-04
   8.914895E-02  -3.674831E-03   1.520286E-02
  -4.000915E-01  -1.707680E-02  -1.670826E-02
   1.569523E-01  -3.067460E-01  -2.451744E-02
   1.314452E-01   3.298570E-01   1.179736E-02
   1.726740E-01   3.107532E-01  -2.124824E-02
   1.944642E-01  -3.004656E-01   3.594734E-02
  -4.183235E-01  -1.563025E-02   8.988858E-03
   2.289314E-03   5.206924E-03  -9.725205E-03
  -6.252614E-04  -2.310064E-03   4.069691E-03
   5.908770E-03  -3.900446E-03   1.993071E-02
   5.533698E-03   5.070956E-03  -9.599892E-03
   3.878275E-03   7.559617E-03  -4.602733E-03
   4.712151E-03  -7.143054E-03  -1.208239E-02
  -1.857583E-03  -2.118399E-04  -5.585803E-04
  -8.639741E-02   4.614547E-03  -1.573869E-02
   3.896077E-01   1.530662E-02   1.710841E-02
  -1.527779E-01   2.994779E-01   2.438827E-02
  -1.274751E-01  -3.209784E-01  -1.144531E-02
  -1.681347E-01  -3.028400E-01   2.115915E-02
  -1.893740E-01   2.925728E-01  -3.616442E-02
   4.071657E-01   1.537216E-02  -9.273883E-03
  -2.857641E-03  -5.368582E-03   9.983120E-03
   4.666306E-04   2.271812E-03  -3.966304E-03
  -5.864990E-03   3.547087E-03  -2.008574E-02
  -5.492078E-03  -4.879695E-03   9.532483E-03
  -3.675307E-03  -7.419737E-03   5.279539E-03
  -4.721579E-03   6.817209E-03   1.183444E-02
   1.852092E-03   2.106780E-04   5.854364E-04
   9.145040E-02  -4.998884E-03  -1.471043E-02
  -4.129458E-01  -1.537871E-02   1.606302E-02
   1.621889E-01  -3.168800E-01   2.246423E-02
   1.352397E-01   3.396557E-01  -1.007127E-02
   1.784458E-01   3.208710E-01   2.092634E-02
   2.010097E-01  -3.098468E-01  -3.500965E-02
  -4.315321E-01  -1.638359E-02  -8.867585E-03
   2.893496E-03   5.304621E-03   9.351102E-03
  -5.857247E-04  -2.462856E-03  -3.927735E-03
   5.971549E-03  -3.882255E-03  -1.897316E-02
   5.690008E-03   5.230682E-03   8.954154E-03
   3.977353E-03   7.811065E-03   4.647429E-03
   4.848156E-03  -7.349630E-03   1.158213E-02
  -1.941520E-03  -2.192918E-04   5.337283E-04
  -9.433165E-02   3.969239E-03   1.471081E-02
   4.246054E-01   1.731677E-02  -1.566627E-02
  -1.665920E-01   3.257584E-01  -2.438973E-02
  -1.394629E-01  -3.492425E-01   1.253262E-02
  -1.831876E-01  -3.293756E-01  -1.863113E-02
  -2.062021E-01   3.183419E-01   3.239579E-02
   4.432681E-01   1.659886E-02   8.528823E-03
  -2.409252E-03  -5.209659E-03  -9.042555E-03
   6.939968E-04   2.488178E-03   3.242631E-03
  -6.339016E-03   3.896859E-03   1.928039E-02
  -5.950522E-03  -5.316580E-03  -9.625509E-03
  -4.092758E-03  -8.071426E-03  -4.574709E-03
  -4.982101E-03   7.473672E-03  -1.119175E-02
   2.012765E-03   2.340192E-04  -5.458322E-04
  -9.158561E-02   4.381968E-03   1.454316E-02
   4.070707E-01   1.787978E-02  -1.634487E-02
  -1.580261E-01   3.111138E-01  -2.138900E-02
  -1.328206E-01  -3.350993E-01   8.908955E-03
  -1.747400E-01  -3.139195E-01  -2.140211E-02
  -1.968840E-01   3.034282E-01   3.574721E-02
   4.247433E-01   1.580082E-02   9.032366E-03
  -3.072108E-03  -6.339319E-03  -9.367070E-03
   3.306422E-04   2.418284E-03   4.201907E-03
  -6.081963E-03   3.896264E-03   1.901697E-02
  -5.720130E-03  -5.121040E-03  -9.024088E-03
  -3.956275E-03  -7.671896E-03  -5.018001E-03
  -4.820026E-03   7.344399E-03  -1.136737E-02
   1.848085E-03   2.289327E-04  -5.734374E-04
   8.174496E-02  -3.341562E-03  -1.513110E-02
  -3.666112E-01  -1.579610E-02   1.807346E-02
   1.439938E-01  -2.803887E-01   2.353674E-02
   1.201042E-01   3.020784E-01  -1.409225E-02
   1.579308E-01   2.840057E-01   2.288978E-02
   1.778410E-01  -2.746941E-01  -3.799571E-02
  -3.828177E-01  -1.423770E-02  -8.374674E-03
   2.175096E-03   4.883129E-03   1.004596E-02
  -6.746819E-04  -2.138875E-03  -4.498897E-03
   5.193688E-03  -3.892136E-03  -2.151940E-02
   5.264105E-03   4.551332E-03   1.030341E-02
   3.598988E-03   6.854482E-03   5.728302E-03
   4.370947E-03  -6.404377E-03   1.245032E-02
  -1.723184E-03  -1.809232E-04   1.457243E-03
  -8.222793E-02   3.268624E-03   1.617986E-02
   3.684280E-01   1.588731E-02  -1.868355E-02
  -1.446668E-01   2.824413E-01  -2.541893E-02
  -1.207482E-01  -3.041746E-01   1.174948E-02
  -1.590130E-01  -2.859796E-01  -2.223579E-02
  -1.790128E-01   2.769880E-01   3.862249E-02
   3.853442E-01   1.431723E-02   1.008583E-02
  -2.238344E-03  -4.992502E-03  -1.037635E-02
   7.227567E-04   2.136616E-03   4.296393E-03
  -5.394105E-03   3.723801E-03   2.172325E-02
  -5.157244E-03  -4.642343E-03  -9.962390E-03
  -3.626595E-03  -6.922319E-03  -5.565125E-03
  -4.454583E-03   6.479299E-03  -1.227692E-02
   1.754474E-03   1.875702E-04  -1.377671E-03
   6.933082E-02  -4.012286E-03  -1.660924E-02
  -3.140911E-01  -1.277373E-02   1.935765E-02
   1.237988E-01  -2.398360E-01   2.661230E-02
   1.030663E-01   2.594952E-01  -1.406591E-02
   1.353317E-01   2.438209E-01   2.492742E-02
   1.524328E-01  -2.350631E-01  -4.123459E-02
  -3.277914E-01  -1.268935E-02  -9.611180E-03
   2.404678E-03   3.983787E-03   1.089376E-02
  -9.540689E-04  -2.000763E-03  -4.683970E-03
   4.377820E-03  -3.336746E-03  -2.302390E-02
   4.570116E-03   3.849336E-03   1.155278E-02
   3.022337E-03   5.920210E-03   5.663364E-03
   3.693575E-03  -5.651907E-03   1.292591E-02
  -1.490103E-03  -1.267969E-04   6.075689E-04
  -9.225442E-02   3.176026E-03   1.424796E-02
   4.116256E-01   1.807516E-02  -1.563992E-02
  -1.606465E-01   3.152090E-01  -2.303542E-02
  -1.349955E-01  -3.384762E-01   1.110619E-02
  -1.772158E-01  -3.182170E-01  -2.080237E-02
  -1.992677E-01   3.077939E-01   3.471993E-02
   4.295448E-01   1.584086E-02   8.892563E-03
  -2.197037E-03  -5.491543E-03  -9.339333E-03
   5.435403E-04   2.343015E-03   3.826251E-03
  -6.147151E-03   4.001068E-03   1.936025E-02
  -5.716894E-03  -5.218902E-03  -9.464833E-03
  -3.987981E-03  -7.783925E-03  -5.100275E-03
  -4.858667E-03   7.352869E-03  -1.122235E-02
   1.909605E-03   2.366536E-04  -5.635374E-04
   9.160566E-02  -3.856339E-03   1.514358E-02
  -4.106446E-01  -1.746438E-02  -1.652517E-02
   1.609766E-01  -3.145371E-01  -2.351973E-02
   1.346976E-01   3.384257E-01   1.083650E-02
   1.770387E-01   3.185301E-01  -2.056266E-02
   1.993813E-01  -3.078711E-01   3.505015E-02
  -4.289687E-01  -1.613315E-02   8.829302E-03
   2.410412E-03   5.345286E-03  -9.299691E-03
  -6.725470E-04  -2.452511E-03   3.699255E-03
   6.080912E-03  -3.993608E-03   1.950105E-02
   5.709742E-03   5.201176E-03  -9.437753E-03
   3.976199E-03   7.758018E-03  -5.032617E-03
   4.842298E-03  -7.341384E-03  -1.118634E-02
  -1.942763E-03  -2.279022E-04  -5.674004E-04
