  -0.353359e-02  -0.502809e-02  -0.987605e-06
  -0.137023e-02   0.491197e-02   0.117016e-06
  -0.366784e-03  -0.561859e-03  -0.165662e-06
   0.869090e-03  -0.897429e-03   0.272745e-06
  -0.165009e-02  -0.126563e-03   0.533559e-07
   0.189992e-02  -0.497143e-03   0.411895e-07
  -0.453307e-03  -0.287281e-03  -0.367144e-07
   0.561719e-02   0.300680e-02   0.487258e-06
  -0.964224e-03  -0.451011e-03   0.194570e-06
  -0.198954e-03  -0.393392e-04   0.233017e-07
   0.120712e-03  -0.648288e-04   0.255120e-07
   0.257996e-04   0.240935e-04   0.109860e-07
  -0.128321e-05  -0.497342e-04  -0.175132e-07
   0.574570e-05   0.604117e-04  -0.184409e-07
  -0.344005e-02  -0.568704e-02  -0.751314e-07
  -0.126428e-02   0.752418e-03   0.921827e-07
   0.162158e-02   0.264676e-02   0.877820e-08
  -0.140075e-02   0.202730e-02  -0.294426e-07
   0.346797e-02   0.325261e-02   0.142562e-07
  -0.376382e-02   0.252430e-02   0.232034e-07
   0.135479e-03  -0.724856e-02  -0.302651e-07
   0.558501e-02   0.289209e-02  -0.391139e-08
  -0.942814e-03  -0.536989e-03  -0.121189e-07
   0.442490e-03  -0.558038e-03   0.839856e-09
  -0.451489e-03  -0.601392e-03   0.312076e-08
   0.199942e-03   0.339947e-03  -0.154732e-08
  -0.202653e-03   0.251304e-03  -0.177557e-09
   0.133857e-04  -0.547130e-04   0.102130e-07
   0.603986e-01   0.905514e-01   0.292725e-07
   0.284021e-01  -0.829148e-01  -0.242688e-07
   0.207245e-02   0.698357e-02   0.164967e-06
  -0.109377e-01   0.145997e-01   0.500078e-07
   0.227822e-01   0.614129e-03   0.181552e-07
  -0.255053e-01   0.679612e-02  -0.775680e-07
   0.603409e-02   0.881790e-02  -0.149992e-06
  -0.101801e+00  -0.558507e-01  -0.533771e-08
   0.176335e-01   0.941780e-02  -0.929944e-08
   0.289218e-02   0.561010e-03  -0.152347e-08
  -0.164904e-02   0.106114e-02   0.209027e-08
  -0.560926e-03  -0.453763e-03   0.959163e-08
   0.134935e-03   0.883063e-03  -0.612265e-08
   0.103848e-03  -0.106650e-02   0.283145e-10
   0.604793e-01   0.897985e-01   0.237846e-07
   0.284788e-01  -0.862372e-01  -0.151977e-07
   0.474145e-02   0.155455e-01  -0.261904e-08
  -0.144204e-01   0.225575e-01  -0.458282e-08
   0.282017e-01  -0.148955e-02   0.183132e-08
  -0.310285e-01   0.450912e-02   0.108667e-07
   0.661636e-02   0.132697e-02  -0.979052e-08
  -0.101737e+00  -0.558943e-01  -0.473664e-09
   0.177025e-01   0.932740e-02  -0.478519e-08
   0.347979e-02   0.338464e-03  -0.212652e-09
  -0.219367e-02   0.740053e-03  -0.173342e-09
  -0.435565e-03  -0.339165e-03   0.136656e-08
   0.301767e-05   0.976164e-03  -0.724917e-09
   0.112562e-03  -0.115949e-02   0.710663e-09
  -0.342825e-02  -0.494394e-02  -0.138580e-07
  -0.138866e-02   0.448058e-02   0.127624e-07
  -0.361426e-03  -0.624145e-02   0.392611e-08
   0.133411e-02  -0.628113e-02  -0.153230e-07
  -0.191105e-02   0.521510e-02   0.164131e-07
   0.175727e-02   0.455876e-02   0.308061e-08
  -0.523945e-03   0.820105e-03  -0.983027e-08
   0.553008e-02   0.294865e-02   0.227618e-09
  -0.977543e-03  -0.450329e-03   0.381953e-08
  -0.104670e-03  -0.244502e-03  -0.731446e-09
   0.627630e-04  -0.283404e-03   0.147336e-08
   0.842678e-04   0.238353e-03  -0.254468e-08
  -0.790327e-04   0.153587e-03  -0.680387e-09
   0.609528e-05   0.296170e-04   0.126514e-08
   0.601859e-01   0.909029e-01   0.386065e-08
   0.282459e-01  -0.780487e-01  -0.277381e-07
   0.748987e-02   0.512270e-02   0.671464e-07
  -0.161251e-01   0.124679e-01   0.354245e-07
   0.287748e-01   0.335150e-02   0.719011e-07
  -0.319651e-01   0.914591e-02  -0.678676e-07
   0.654366e-02   0.253704e-02  -0.801060e-07
  -0.101645e+00  -0.557825e-01   0.849466e-09
   0.175922e-01   0.940849e-02  -0.102686e-07
   0.303311e-02   0.394128e-03   0.125659e-08
  -0.179766e-02   0.911058e-03   0.923155e-09
  -0.406748e-03  -0.278683e-03   0.684843e-08
  -0.344923e-04   0.104186e-02  -0.133891e-08
   0.108829e-03  -0.117355e-02  -0.891018e-09
  -0.398229e-02  -0.741100e-02  -0.671376e-07
  -0.113678e-02  -0.335094e-02   0.259428e-07
  -0.286332e-02   0.467353e-02   0.483016e-07
   0.289244e-02   0.412930e-02  -0.664856e-08
  -0.269323e-02   0.106740e-03   0.581387e-07
   0.275386e-02  -0.277774e-04  -0.380525e-07
  -0.296413e-03  -0.319936e-03  -0.156984e-07
   0.637415e-02   0.332614e-02  -0.233839e-08
  -0.103497e-02  -0.644167e-03  -0.728635e-08
   0.312488e-03  -0.382746e-03  -0.660869e-08
  -0.343681e-03  -0.398511e-03   0.757093e-08
   0.681323e-04   0.165400e-03   0.942404e-09
  -0.594154e-04   0.804465e-04  -0.805516e-08
   0.901271e-05   0.535325e-04   0.109293e-07
  -0.352454e-02  -0.502490e-02  -0.641338e-07
  -0.136824e-02   0.490431e-02   0.267223e-08
  -0.333455e-03  -0.589962e-03   0.699969e-09
   0.839144e-03  -0.933128e-03   0.353783e-08
  -0.176640e-02   0.108659e-03  -0.707168e-08
   0.199433e-02  -0.248959e-03   0.113978e-07
  -0.769241e-03   0.692982e-02   0.269000e-08
   0.560830e-02   0.300511e-02   0.342339e-07
  -0.963969e-03  -0.449796e-03   0.128428e-07
  -0.191967e-03  -0.277417e-04   0.378535e-08
   0.111127e-03  -0.520092e-04   0.287670e-08
   0.658034e-04  -0.497765e-05  -0.145481e-08
  -0.393197e-04  -0.833024e-04  -0.996826e-09
   0.338419e-03  -0.753314e-02  -0.107945e-08
   0.605287e-01   0.899432e-01  -0.388812e-07
   0.285145e-01  -0.867608e-01   0.647837e-08
   0.488920e-02   0.100379e-01  -0.119051e-07
  -0.141410e-01   0.171915e-01  -0.640475e-08
   0.278689e-01   0.351302e-02  -0.108814e-07
  -0.310595e-01   0.933216e-02   0.806638e-08
   0.683335e-02  -0.446196e-02   0.159335e-07
  -0.101761e+00  -0.558987e-01   0.226610e-07
   0.176829e-01   0.933693e-02   0.955639e-08
   0.353742e-02   0.109106e-03   0.947262e-09
  -0.222622e-02   0.507760e-03   0.312398e-08
  -0.412807e-03  -0.828645e-04  -0.232338e-08
  -0.466457e-04   0.122905e-02   0.957604e-09
  -0.207468e-03   0.600374e-02   0.267135e-08
   0.605181e-01   0.899593e-01  -0.203493e-06
   0.285209e-01  -0.867352e-01   0.805644e-08
   0.472649e-02   0.100119e-01  -0.342742e-07
  -0.139862e-01   0.171841e-01   0.682774e-07
   0.233586e-01   0.588026e-02   0.910164e-08
  -0.267413e-01   0.120609e-01   0.976485e-09
   0.651778e-02   0.264061e-02  -0.400638e-08
  -0.101760e+00  -0.558981e-01   0.107863e-06
   0.176862e-01   0.933647e-02   0.446970e-07
   0.358951e-02   0.139809e-03   0.875879e-08
  -0.227955e-02   0.532703e-03   0.215921e-08
   0.431245e-02  -0.240200e-02   0.116513e-08
  -0.457674e-02  -0.146627e-02  -0.744545e-08
   0.113462e-03  -0.124451e-02  -0.183642e-08
  -0.356164e-02  -0.506141e-02  -0.115006e-06
  -0.138015e-02   0.490865e-02  -0.112963e-09
  -0.187203e-03  -0.580319e-03  -0.171429e-07
   0.693903e-03  -0.924233e-03   0.325811e-07
   0.263917e-02  -0.219403e-02  -0.720816e-08
  -0.220141e-02  -0.291937e-02   0.151766e-07
  -0.444755e-03  -0.593935e-03   0.295690e-08
   0.565384e-02   0.302665e-02   0.624106e-07
  -0.963584e-03  -0.457374e-03   0.232840e-07
  -0.237198e-03  -0.489841e-04   0.612655e-08
   0.161347e-03  -0.738784e-04   0.196242e-08
  -0.451750e-02   0.224818e-02   0.137915e-09
   0.434186e-02   0.254119e-02  -0.267694e-08
   0.332753e-05   0.128856e-03  -0.248936e-08
  -0.351738e-02  -0.496593e-02   0.266109e-07
  -0.134395e-02   0.458274e-02  -0.744136e-08
  -0.485149e-02  -0.311309e-02   0.131028e-07
   0.545966e-02  -0.299016e-02  -0.259027e-07
  -0.180358e-02  -0.133760e-03   0.287053e-08
   0.207085e-02  -0.480932e-03   0.877127e-09
  -0.443549e-03  -0.300250e-03   0.354858e-08
   0.557679e-02   0.295993e-02  -0.580663e-08
  -0.970288e-03  -0.436498e-03  -0.776567e-08
   0.449126e-02   0.269168e-02  -0.812525e-09
  -0.470206e-02   0.219464e-02   0.171417e-08
   0.641959e-04   0.138823e-04  -0.106052e-08
  -0.395604e-04  -0.648679e-04   0.617088e-09
   0.909350e-05   0.426019e-04  -0.551819e-09
   0.605284e-01   0.899201e-01  -0.240662e-07
   0.285020e-01  -0.864111e-01   0.276797e-07
   0.907908e-02   0.124286e-01  -0.417869e-08
  -0.184629e-01   0.191414e-01   0.593060e-09
   0.279521e-01   0.375324e-02   0.184062e-08
  -0.311650e-01   0.957130e-02   0.948451e-08
   0.653287e-02   0.235554e-02  -0.884847e-08
  -0.101764e+00  -0.559165e-01   0.521509e-09
   0.176598e-01   0.931679e-02   0.587008e-08
  -0.890893e-03  -0.250485e-02  -0.150769e-08
   0.237740e-02  -0.161318e-02  -0.426756e-08
  -0.414852e-03  -0.101015e-03  -0.186217e-08
  -0.434450e-04   0.120947e-02  -0.795087e-09
   0.109619e-03  -0.114982e-02  -0.463612e-09
  -0.528210e-02   0.558691e-02   0.187423e-07
  -0.131090e-02  -0.457890e-02  -0.126399e-07
   0.330945e-03  -0.156390e-02   0.681248e-08
   0.435866e-03  -0.174343e-02  -0.145052e-07
  -0.159088e-02  -0.641202e-04   0.248738e-08
   0.183814e-02  -0.491741e-03   0.525790e-08
  -0.471775e-03  -0.313545e-03  -0.433832e-08
   0.644599e-02   0.359515e-02  -0.329231e-09
  -0.265996e-03  -0.376417e-03  -0.243121e-08
  -0.230108e-03  -0.276083e-04   0.129163e-08
   0.727056e-04  -0.156776e-04   0.210024e-08
   0.330643e-04   0.165772e-05  -0.652353e-09
  -0.510503e-05  -0.652192e-04  -0.634794e-09
   0.146041e-06   0.568419e-04  -0.116094e-08
   0.611809e-01   0.790354e-01  -0.171812e-07
   0.283153e-01  -0.764172e-01   0.280561e-07
   0.480982e-02   0.107318e-01   0.404256e-08
  -0.142047e-01   0.176148e-01  -0.897995e-09
   0.277025e-01   0.363069e-02  -0.602261e-08
  -0.309467e-01   0.956669e-02  -0.881748e-08
   0.658306e-02   0.221840e-02   0.678034e-09
  -0.101766e+00  -0.560134e-01   0.668688e-09
   0.173497e-01   0.918540e-02   0.333168e-08
   0.354183e-02   0.496381e-04  -0.435516e-08
  -0.221794e-02   0.451888e-03   0.138986e-10
  -0.374642e-03  -0.930626e-04  -0.139571e-08
  -0.846691e-04   0.120804e-02   0.145975e-08
   0.112052e-03  -0.116912e-02   0.419452e-09
  -0.352315e-02  -0.643952e-02  -0.539572e-07
  -0.119765e-02  -0.358622e-02   0.328410e-07
   0.336019e-02   0.509625e-02   0.415416e-07
  -0.335115e-02   0.409051e-02  -0.150624e-07
  -0.253125e-02  -0.443528e-03   0.428117e-07
   0.271291e-02  -0.685051e-03  -0.331573e-07
  -0.411724e-03   0.129510e-02  -0.320368e-08
   0.585238e-02   0.296628e-02  -0.452674e-08
  -0.984210e-03  -0.642350e-03  -0.850982e-08
   0.126999e-02  -0.124408e-02  -0.824083e-08
  -0.119452e-02  -0.134901e-02   0.763027e-08
   0.197051e-03   0.399408e-03  -0.409215e-09
  -0.202519e-03   0.309231e-03  -0.827710e-08
   0.366220e-05   0.232988e-03   0.105196e-07
   0.602609e-01   0.910057e-01  -0.130912e-07
   0.282403e-01  -0.786983e-01  -0.308316e-07
   0.310230e-03   0.485463e-02   0.867012e-07
  -0.888448e-02   0.128017e-01   0.215945e-07
   0.281223e-01   0.345727e-02   0.688100e-07
  -0.313004e-01   0.927586e-02  -0.101217e-06
   0.657450e-02   0.157350e-02  -0.273541e-07
  -0.101734e+00  -0.557722e-01   0.655999e-08
   0.175562e-01   0.948804e-02  -0.634898e-08
   0.207499e-02   0.123128e-02   0.998683e-09
  -0.910704e-03   0.183386e-02  -0.143310e-08
  -0.532179e-03  -0.514111e-03   0.295626e-08
   0.104895e-03   0.833672e-03  -0.758962e-08
   0.117743e-03  -0.137093e-02   0.245395e-09
  -0.356739e-02  -0.643433e-02  -0.657035e-07
  -0.117659e-02  -0.383531e-02   0.380615e-07
   0.453652e-02   0.535756e-02   0.470595e-07
  -0.455213e-02   0.422745e-02  -0.199304e-08
  -0.489155e-02   0.422966e-03   0.465710e-07
   0.495839e-02   0.399670e-03  -0.314018e-07
  -0.279993e-03  -0.157988e-02  -0.251910e-07
   0.590261e-02   0.302371e-02  -0.127577e-08
  -0.967835e-03  -0.656456e-03  -0.778176e-08
   0.127797e-02  -0.115645e-02  -0.516749e-08
  -0.121761e-02  -0.126014e-02   0.675871e-08
   0.177018e-03   0.803009e-03  -0.998459e-09
  -0.212595e-03   0.707838e-03  -0.976792e-08
   0.131955e-04  -0.196462e-04   0.108301e-07
   0.602712e-01   0.909952e-01  -0.490377e-07
   0.282534e-01  -0.783379e-01   0.236703e-07
  -0.743273e-03   0.472653e-02   0.511293e-07
  -0.788753e-02   0.127229e-01  -0.197979e-07
   0.305090e-01   0.254569e-02  -0.148575e-09
  -0.335963e-01   0.819793e-02  -0.217682e-07
   0.645724e-02   0.415021e-02   0.102513e-07
  -0.101743e+00  -0.557636e-01   0.165672e-07
   0.175765e-01   0.950414e-02  -0.883620e-08
   0.204464e-02   0.114124e-02   0.737549e-09
  -0.864339e-03   0.173619e-02  -0.372032e-09
  -0.478509e-03  -0.936054e-03   0.567032e-09
   0.957612e-04   0.414963e-03  -0.276455e-09
   0.104925e-03  -0.109742e-02  -0.268569e-08
  -0.356069e-02  -0.505932e-02  -0.274187e-07
  -0.136869e-02   0.476377e-02   0.261442e-07
   0.985498e-04  -0.718111e-03   0.551461e-07
   0.422551e-03  -0.109428e-02  -0.184053e-07
  -0.203069e-02  -0.109217e-02   0.581455e-07
   0.234860e-02  -0.143357e-02  -0.484771e-07
  -0.478650e-03   0.367292e-03  -0.153590e-07
   0.564745e-02   0.302593e-02  -0.185957e-07
  -0.958576e-03  -0.460877e-03  -0.160627e-07
  -0.200480e-03  -0.202443e-04  -0.731443e-08
   0.121699e-03  -0.454478e-04   0.775083e-08
   0.478557e-03   0.906269e-03   0.206415e-08
  -0.525233e-03   0.786653e-03  -0.829983e-08
   0.560746e-05   0.740981e-04   0.106818e-07
   0.605217e-01   0.899578e-01   0.784670e-05
   0.285138e-01  -0.865987e-01  -0.302753e-06
   0.446703e-02   0.101725e-01   0.129992e-05
  -0.137440e-01   0.173752e-01  -0.244219e-05
   0.280931e-01   0.471243e-02  -0.315411e-06
  -0.313873e-01   0.104965e-01  -0.313572e-06
   0.655794e-02   0.166800e-02   0.273987e-06
  -0.101759e+00  -0.558936e-01  -0.413258e-05
   0.176843e-01   0.934299e-02  -0.167934e-05
   0.354911e-02   0.106197e-03  -0.304420e-06
  -0.223591e-02   0.503175e-03  -0.162104e-06
  -0.817962e-03  -0.100527e-02  -0.574490e-07
   0.445932e-03   0.351205e-03   0.199749e-06
   0.110804e-03  -0.118833e-02   0.894645e-07
   0.605359e-01   0.900633e-01  -0.364557e-07
   0.284819e-01  -0.862599e-01   0.202927e-07
   0.535613e-02   0.914036e-02  -0.273508e-08
  -0.145463e-01   0.162366e-01   0.129854e-07
   0.273072e-01   0.357768e-02   0.517627e-08
  -0.304973e-01   0.944749e-02  -0.855743e-09
   0.653918e-02   0.211213e-02  -0.135515e-07
  -0.101757e+00  -0.559109e-01   0.129356e-07
   0.176838e-01   0.932600e-02   0.834501e-08
   0.304853e-02   0.943967e-03   0.890823e-09
  -0.180424e-02   0.138789e-02  -0.117071e-08
  -0.374087e-03  -0.925173e-04  -0.254679e-08
  -0.845785e-04   0.121545e-02  -0.561660e-09
   0.111291e-03  -0.118753e-02  -0.274862e-08
  -0.354894e-02  -0.507958e-02  -0.138637e-06
  -0.133587e-02   0.432865e-02   0.265711e-07
  -0.864528e-03   0.297460e-03   0.353250e-07
   0.124052e-02   0.268114e-04   0.142513e-07
  -0.119001e-02   0.770485e-04   0.607147e-07
   0.142565e-02  -0.349073e-03  -0.363753e-07
  -0.468588e-03  -0.111784e-03  -0.207816e-07
   0.563632e-02   0.301110e-02   0.407094e-07
  -0.960319e-03  -0.443107e-03   0.820008e-08
   0.345467e-03  -0.824985e-03  -0.329150e-08
  -0.312425e-03  -0.936812e-03   0.102629e-07
   0.291922e-04   0.273020e-05   0.355142e-08
  -0.742997e-06  -0.698274e-04  -0.100164e-07
   0.426250e-05   0.713742e-04   0.951565e-08
   0.608005e-01   0.898636e-01   0.235811e-07
   0.278568e-01  -0.868745e-01  -0.168883e-07
   0.538847e-02   0.993528e-02  -0.383431e-08
  -0.137007e-01   0.172605e-01   0.780696e-08
   0.322355e-01   0.765074e-02   0.124424e-07
  -0.260875e-01   0.610856e-02  -0.108198e-07
  -0.356124e-02   0.189157e-02  -0.625797e-08
  -0.101837e+00  -0.556839e-01  -0.637442e-09
   0.176976e-01   0.928051e-02  -0.655426e-08
   0.370410e-02   0.274001e-04   0.139585e-08
  -0.208328e-02   0.635070e-03   0.637332e-09
  -0.212728e-03   0.607341e-04   0.190356e-09
   0.856237e-04   0.103667e-02  -0.103661e-08
  -0.285907e-03  -0.119230e-02  -0.253295e-10
  -0.323124e-02  -0.497576e-02  -0.988353e-06
  -0.622198e-03   0.482638e-02   0.430351e-07
  -0.157460e-02   0.176063e-03  -0.180588e-06
  -0.204658e-03  -0.158871e-02   0.238358e-06
  -0.596864e-02  -0.466629e-02   0.106042e-06
  -0.320725e-02   0.389534e-02   0.264146e-07
   0.999784e-02  -0.134849e-03   0.564719e-07
   0.567097e-02   0.299755e-02   0.482590e-06
  -0.942525e-03  -0.475210e-03   0.184504e-06
  -0.278437e-03   0.781548e-04   0.294896e-07
   0.428627e-04  -0.177593e-03   0.265400e-07
  -0.846692e-04  -0.109176e-03   0.755388e-08
  -0.127256e-03   0.730142e-04  -0.325087e-07
   0.529796e-03   0.810870e-04   0.450602e-09
  -0.320849e-02  -0.498460e-02  -0.548171e-06
  -0.255443e-02   0.483017e-02   0.448615e-07
   0.702150e-04   0.482525e-02  -0.409820e-07
   0.178312e-02  -0.577930e-02   0.135760e-06
  -0.234267e-02  -0.508848e-02   0.807280e-07
   0.849788e-03   0.397896e-02  -0.251095e-07
   0.622802e-03  -0.233763e-03  -0.284122e-07
   0.558087e-02   0.297478e-02   0.258763e-06
  -0.946998e-03  -0.468635e-03   0.975778e-07
  -0.166456e-04  -0.546112e-04   0.151983e-07
   0.301520e-03  -0.131830e-04   0.186766e-07
  -0.106924e-04  -0.122429e-03   0.724001e-08
  -0.558471e-04   0.819812e-04  -0.210532e-07
  -0.725410e-04   0.538595e-04   0.492336e-08
   0.602516e-01   0.901635e-01   0.262328e-06
   0.289377e-01  -0.867266e-01  -0.591536e-08
   0.456464e-02   0.442333e-02   0.864436e-07
  -0.149638e-01   0.227514e-01  -0.104911e-06
   0.286991e-01   0.848816e-02  -0.113242e-10
  -0.296709e-01   0.494922e-02  -0.349665e-07
   0.544349e-02   0.221215e-02   0.620176e-08
  -0.101597e+00  -0.562125e-01  -0.139602e-06
   0.176439e-01   0.940239e-02  -0.678231e-07
   0.333675e-02   0.177938e-03  -0.818947e-08
  -0.245684e-02   0.469810e-03  -0.711514e-08
  -0.339446e-03   0.599380e-04   0.890620e-09
  -0.254851e-04   0.101398e-02   0.103492e-07
   0.176021e-03  -0.117265e-02   0.232067e-08
  -0.390488e-02  -0.494859e-02  -0.131675e-06
  -0.870107e-02   0.459588e-02   0.276461e-07
   0.349829e-02  -0.245947e-02   0.349506e-07
   0.439944e-02   0.104323e-02   0.174863e-07
  -0.124521e-02   0.159642e-03   0.624108e-07
   0.227168e-02  -0.704621e-03  -0.490374e-07
  -0.143712e-02  -0.318974e-03  -0.851430e-08
   0.566798e-02   0.306807e-02   0.371050e-07
  -0.910988e-03  -0.413553e-03   0.608824e-08
   0.361773e-04  -0.276590e-03  -0.471374e-08
   0.317578e-03   0.225612e-03   0.858597e-08
   0.149735e-04   0.501661e-04   0.863859e-09
  -0.875430e-05  -0.819584e-04  -0.112048e-07
   0.190834e-05   0.611464e-04   0.100083e-07
   0.608397e-01   0.899006e-01  -0.437530e-06
   0.371328e-01  -0.863519e-01  -0.332815e-07
   0.839535e-03   0.125079e-01  -0.251665e-08
  -0.181309e-01   0.143869e-01   0.151059e-06
   0.274970e-01   0.359982e-02   0.812410e-07
  -0.312442e-01   0.975376e-02  -0.746203e-07
   0.675633e-02   0.232023e-02  -0.181590e-07
  -0.101691e+00  -0.560339e-01   0.235126e-06
   0.176394e-01   0.935630e-02   0.876857e-07
   0.324804e-02   0.404324e-03   0.190951e-07
  -0.255103e-02   0.249109e-03   0.102083e-07
  -0.361527e-03  -0.134461e-03   0.448088e-08
  -0.710832e-04   0.121518e-02  -0.177181e-07
   0.969776e-04  -0.117371e-02  -0.507078e-08
  -0.356769e-02  -0.503573e-02  -0.295893e-07
  -0.130377e-02   0.491433e-02   0.108409e-07
  -0.531602e-03  -0.543428e-03  -0.715642e-08
   0.701982e-03  -0.928551e-03   0.165118e-07
  -0.614777e-02   0.210353e-02   0.989303e-08
  -0.222239e-02  -0.298829e-02   0.678495e-09
  -0.646008e-03  -0.296948e-03  -0.134452e-07
   0.563321e-02   0.301705e-02   0.106753e-07
  -0.965444e-03  -0.450407e-03   0.725847e-08
  -0.161096e-03  -0.310060e-04   0.206321e-08
   0.158182e-03  -0.720181e-04  -0.536843e-09
   0.471937e-02  -0.229091e-02  -0.815307e-09
   0.431300e-02   0.254159e-02  -0.172015e-08
   0.200220e-04   0.607936e-04  -0.465798e-08
   0.605501e-01   0.899464e-01   0.384698e-06
   0.284456e-01  -0.867664e-01   0.254586e-09
   0.512366e-02   0.997649e-02   0.553195e-07
  -0.139902e-01   0.172128e-01  -0.124363e-06
   0.319466e-01   0.166881e-02  -0.148697e-07
  -0.267415e-01   0.121137e-01  -0.122027e-07
   0.679456e-02   0.231751e-02   0.136599e-07
  -0.101760e+00  -0.558956e-01  -0.206542e-06
   0.176842e-01   0.933170e-02  -0.844202e-07
   0.350873e-02   0.114286e-03  -0.138496e-07
  -0.227610e-02   0.531112e-03  -0.775690e-08
  -0.484268e-02   0.209105e-02  -0.400123e-08
  -0.454097e-02  -0.146693e-02   0.915963e-08
   0.978236e-04  -0.117503e-02   0.491434e-08
  -0.352652e-02  -0.507372e-02  -0.215205e-07
  -0.157026e-02   0.497495e-02   0.128380e-07
  -0.486366e-02  -0.317120e-02  -0.326433e-08
  -0.354631e-02   0.113919e-02   0.180246e-07
  -0.179734e-02  -0.169358e-03   0.863163e-08
   0.171370e-02  -0.461336e-03  -0.538740e-08
  -0.368446e-03  -0.275422e-03  -0.147238e-07
   0.566181e-02   0.300659e-02   0.636948e-08
  -0.963082e-03  -0.465775e-03   0.200173e-08
   0.444736e-02   0.269601e-02   0.888540e-09
   0.471969e-02  -0.224011e-02  -0.130494e-08
   0.613738e-04   0.149194e-04  -0.386275e-08
   0.343518e-04  -0.358192e-04   0.105829e-08
  -0.265696e-05   0.610848e-04   0.251441e-09
   0.604642e-01   0.899556e-01  -0.194434e-07
   0.288141e-01  -0.867169e-01  -0.462032e-10
   0.905230e-02   0.125051e-01  -0.948948e-08
  -0.971095e-02   0.150101e-01   0.239903e-07
   0.279302e-01   0.374055e-02   0.148218e-07
  -0.307646e-01   0.961343e-02  -0.985578e-08
   0.651014e-02   0.230191e-02  -0.209010e-08
  -0.101757e+00  -0.559073e-01   0.671282e-08
   0.176907e-01   0.934039e-02   0.697090e-08
  -0.841028e-03  -0.249587e-02  -0.349319e-08
  -0.698227e-02   0.274611e-02  -0.240843e-08
  -0.411009e-03  -0.103218e-03  -0.544935e-08
  -0.122128e-03   0.118263e-02   0.652528e-09
   0.127611e-03  -0.117256e-02  -0.872329e-09
   0.609099e-01   0.898396e-01   0.119605e-05
   0.277191e-01  -0.868027e-01  -0.686673e-07
   0.620596e-02   0.110832e-01   0.213149e-06
  -0.128129e-01   0.161679e-01  -0.389024e-06
   0.261649e-01   0.364049e-02  -0.342292e-07
  -0.325263e-01   0.958814e-02  -0.454786e-07
   0.678511e-02   0.229961e-02   0.340733e-07
  -0.101858e+00  -0.556522e-01  -0.620531e-06
   0.177138e-01   0.925048e-02  -0.248738e-06
   0.388132e-02  -0.532632e-04  -0.460197e-07
  -0.190238e-02   0.726433e-03  -0.238895e-07
  -0.283456e-03   0.475000e-03  -0.102610e-07
   0.579554e-04   0.617454e-03   0.291457e-07
  -0.552805e-04  -0.118013e-02   0.144210e-07
  -0.381120e-02  -0.510364e-02  -0.170062e-06
  -0.246198e-03   0.499470e-02   0.186296e-07
  -0.220665e-02  -0.118776e-02  -0.264104e-07
  -0.105041e-02  -0.380548e-03   0.471131e-07
   0.149777e-03  -0.851845e-03   0.243734e-08
   0.359515e-02   0.347843e-03   0.431208e-08
  -0.437422e-03  -0.300056e-03  -0.698780e-08
   0.569649e-02   0.303617e-02   0.874299e-07
  -0.962520e-03  -0.423328e-03   0.361391e-07
  -0.479197e-03   0.156389e-03   0.104268e-07
  -0.143683e-03  -0.303537e-03   0.237781e-08
  -0.107650e-03  -0.567691e-03  -0.987286e-09
  -0.180017e-03   0.513258e-03  -0.250189e-08
   0.183528e-03   0.700419e-04  -0.191629e-08
  -0.353757e-02  -0.502644e-02   0.945029e-05
  -0.136133e-02   0.490995e-02  -0.269510e-06
  -0.278151e-03  -0.543038e-03   0.159045e-05
   0.957292e-03  -0.909750e-03  -0.296904e-05
  -0.173390e-02   0.373303e-03  -0.380179e-06
   0.185813e-02  -0.996532e-03  -0.362122e-06
   0.479235e-03  -0.242620e-03   0.305941e-06
   0.561439e-02   0.300711e-02  -0.503088e-05
  -0.964969e-03  -0.449046e-03  -0.205805e-05
  -0.206745e-03  -0.200386e-04  -0.372084e-06
   0.116786e-03  -0.867215e-04  -0.193759e-06
   0.116591e-04   0.117688e-04  -0.718604e-07
  -0.170054e-04  -0.391605e-04   0.243584e-06
  -0.937811e-03   0.112200e-04   0.117218e-06
  -0.353032e-02  -0.503154e-02   0.149728e-05
  -0.137876e-02   0.491556e-02  -0.401147e-07
  -0.455857e-03  -0.580753e-03   0.300617e-06
   0.780917e-03  -0.885683e-03  -0.486310e-06
  -0.156606e-02  -0.621776e-03   0.208099e-08
   0.194136e-02   0.723037e-05  -0.104967e-06
  -0.138611e-02  -0.327131e-03   0.349867e-07
   0.562051e-02   0.300679e-02  -0.819557e-06
  -0.963552e-03  -0.452890e-03  -0.343414e-06
  -0.190756e-03  -0.585389e-04  -0.666158e-07
   0.124402e-03  -0.427955e-04  -0.228848e-07
   0.402351e-04   0.366567e-04  -0.109194e-07
   0.140821e-04  -0.601625e-04   0.314403e-07
   0.949914e-03   0.950329e-04   0.283800e-07
   0.605741e-01   0.899547e-01   0.518479e-07
   0.284131e-01  -0.867589e-01  -0.527344e-07
   0.539140e-02   0.983560e-02   0.792742e-07
  -0.137372e-01   0.173846e-01  -0.514030e-09
   0.272567e-01   0.295636e-02   0.689481e-07
  -0.315031e-01   0.103342e-01  -0.995538e-07
   0.575352e-02   0.227361e-02   0.259185e-09
  -0.101750e+00  -0.559080e-01  -0.241344e-07
   0.176827e-01   0.932974e-02  -0.201041e-07
   0.354784e-02   0.141258e-03  -0.155684e-08
  -0.223307e-02   0.508608e-03   0.141507e-09
   0.487925e-04   0.741022e-03   0.211541e-08
   0.405524e-03   0.378454e-03  -0.464294e-08
   0.149303e-03  -0.117130e-02   0.654210e-09
  -0.358637e-02  -0.503246e-02  -0.144835e-05
  -0.127564e-02   0.491348e-02   0.712593e-07
  -0.849833e-03  -0.400481e-03  -0.180085e-06
   0.407925e-03  -0.109229e-02   0.418385e-06
  -0.109956e-02   0.725788e-03   0.125286e-06
   0.251359e-02  -0.129986e-02   0.168905e-07
   0.199064e-03  -0.257744e-03  -0.713615e-07
   0.562494e-02   0.300848e-02   0.732485e-06
  -0.959452e-03  -0.444868e-03   0.287933e-06
  -0.198702e-03  -0.549816e-04   0.481134e-07
   0.120141e-03  -0.496068e-04   0.382399e-07
  -0.379233e-03  -0.833026e-03   0.109791e-07
  -0.488066e-03   0.757803e-03  -0.451189e-07
  -0.288043e-04   0.597662e-04  -0.465461e-08
   0.604896e-01   0.899648e-01  -0.196957e-05
   0.292670e-01  -0.867621e-01   0.183605e-07
   0.546146e-02   0.929181e-02  -0.250303e-06
  -0.136771e-01   0.179557e-01   0.620627e-06
   0.272908e-01   0.358365e-02   0.152714e-06
  -0.314241e-01   0.971263e-02  -0.180280e-07
   0.661806e-02   0.230966e-02  -0.744210e-07
  -0.101751e+00  -0.559239e-01   0.104598e-05
   0.176757e-01   0.934684e-02   0.416237e-06
   0.309210e-02   0.916041e-03   0.766268e-07
  -0.264539e-02  -0.300909e-03   0.433032e-07
  -0.376834e-03  -0.983563e-04   0.166495e-07
  -0.873460e-04   0.117896e-02  -0.561766e-07
   0.668895e-04  -0.117479e-02  -0.219983e-07
  -0.352750e-02  -0.501284e-02   0.323686e-07
  -0.203085e-02   0.485601e-02   0.129778e-07
  -0.994152e-03   0.158665e-03   0.744356e-07
   0.348278e-03  -0.168688e-02  -0.410000e-07
  -0.122372e-02   0.648258e-04   0.417501e-07
   0.235679e-02  -0.645991e-03  -0.101523e-07
  -0.495905e-03  -0.294334e-03  -0.487734e-07
   0.563747e-02   0.300762e-02  -0.795867e-07
  -0.949635e-03  -0.471048e-03   0.173675e-07
   0.304057e-03  -0.796456e-03  -0.541936e-08
   0.495330e-03   0.785146e-03  -0.249423e-08
   0.315963e-04   0.646281e-05   0.126555e-08
   0.526583e-06  -0.327843e-04  -0.367528e-08
   0.477214e-04   0.616101e-04   0.109363e-07
  -0.500748e-02  -0.505070e-02  -0.179854e-07
   0.297518e-03   0.490310e-02   0.755653e-07
  -0.512672e-03  -0.146024e-02   0.301388e-07
   0.637684e-03  -0.185328e-03  -0.471272e-07
  -0.134549e-02   0.203740e-03   0.147034e-07
   0.222345e-02  -0.795689e-03   0.227660e-07
  -0.965027e-03  -0.321713e-03  -0.400104e-07
   0.577808e-02   0.315565e-02  -0.255401e-07
  -0.948483e-03  -0.387829e-03  -0.269892e-07
  -0.256964e-03  -0.294887e-04  -0.206208e-08
   0.747469e-04  -0.577422e-04   0.356228e-08
   0.322260e-04  -0.295596e-05   0.383528e-10
  -0.261250e-05  -0.292408e-04   0.122093e-08
  -0.497070e-05   0.584246e-04   0.117194e-07
   0.612249e-01   0.901730e-01  -0.351884e-07
   0.272166e-01  -0.867464e-01  -0.440522e-07
   0.502531e-02   0.107339e-01   0.650020e-07
  -0.139772e-01   0.166734e-01   0.261307e-07
   0.276973e-01   0.374722e-02   0.720186e-07
  -0.309948e-01   0.959769e-02  -0.986824e-07
   0.647901e-02   0.228472e-02  -0.822528e-08
  -0.101347e+00  -0.563824e-01   0.236381e-07
   0.176532e-01   0.931750e-02  -0.874298e-09
   0.358296e-02   0.145375e-03   0.228190e-08
  -0.222592e-02   0.542082e-03   0.180927e-08
  -0.372838e-03  -0.745858e-04   0.310623e-08
  -0.761213e-04   0.116049e-02  -0.711716e-08
   0.114913e-03  -0.117206e-02   0.153004e-09
   0.603690e-01   0.899991e-01  -0.567301e-09
   0.281571e-01  -0.867350e-01  -0.472329e-07
   0.502503e-02   0.100262e-01   0.728117e-07
  -0.141603e-01   0.170683e-01   0.198129e-07
   0.277748e-01   0.378449e-02   0.680347e-07
  -0.309882e-01   0.958283e-02  -0.105572e-06
   0.650431e-02   0.224901e-02  -0.591202e-08
  -0.101323e+00  -0.556535e-01   0.636831e-08
   0.176770e-01   0.912149e-02  -0.655102e-08
   0.355307e-02   0.128672e-03  -0.408836e-09
  -0.224254e-02   0.526307e-03   0.160512e-08
  -0.373101e-03  -0.111890e-03   0.294210e-08
  -0.837428e-04   0.118527e-02  -0.594589e-08
   0.110799e-03  -0.117137e-02   0.615046e-09
  -0.497785e-02  -0.647788e-02  -0.121304e-07
  -0.201153e-02   0.647977e-02   0.711119e-08
   0.506867e-04  -0.797502e-03   0.252999e-08
   0.669571e-03  -0.144328e-02   0.471301e-08
  -0.155225e-02   0.174276e-04   0.121726e-08
   0.170406e-02  -0.357005e-03   0.468498e-09
  -0.434393e-03  -0.365326e-03  -0.714867e-08
   0.767823e-02   0.410781e-02  -0.731204e-11
  -0.100301e-02  -0.107268e-02   0.210218e-08
  -0.196454e-03  -0.153291e-04  -0.680019e-09
   0.606697e-04  -0.359851e-04   0.112203e-08
   0.313107e-04   0.107278e-05  -0.357153e-09
  -0.220885e-04  -0.931386e-04   0.472003e-09
   0.304073e-05   0.520519e-04   0.587411e-09
   0.679868e-01   0.854127e-01   0.350786e-07
   0.288464e-01  -0.864417e-01  -0.535781e-07
   0.486641e-02   0.992176e-02   0.708479e-07
  -0.142104e-01   0.171494e-01   0.896865e-08
   0.277694e-01   0.377887e-02   0.701424e-07
  -0.309564e-01   0.961042e-02  -0.931198e-07
   0.653039e-02   0.228342e-02  -0.721341e-08
  -0.101825e+00  -0.559748e-01  -0.915499e-08
   0.100300e-01   0.137164e-01  -0.164898e-07
   0.353974e-02   0.126035e-03  -0.216491e-08
  -0.223024e-02   0.509663e-03  -0.188578e-09
  -0.374612e-03  -0.117654e-03   0.293477e-08
  -0.827140e-04   0.119693e-02  -0.580883e-08
   0.110352e-03  -0.117157e-02  -0.253918e-09
  -0.997259e-02  -0.374808e-03  -0.141445e-06
  -0.157655e-02   0.431685e-02   0.370599e-07
  -0.325114e-03  -0.517595e-03   0.295101e-07
   0.833854e-03  -0.898638e-03   0.170705e-07
  -0.167230e-02  -0.151594e-03   0.580964e-07
   0.189008e-02  -0.474093e-03  -0.461896e-07
  -0.410593e-03  -0.313998e-03  -0.140389e-07
   0.544735e-02   0.280561e-02   0.404211e-07
   0.581105e-02  -0.432953e-02   0.957509e-08
  -0.193956e-03  -0.537929e-04   0.101257e-09
   0.140071e-03  -0.572424e-04   0.801994e-08
   0.251396e-04   0.303536e-04   0.226542e-08
  -0.407243e-05  -0.427339e-04  -0.108086e-07
   0.762723e-05   0.612035e-04   0.103630e-07
  -0.320703e-02  -0.526435e-02  -0.753331e-07
  -0.156257e-02   0.488438e-02   0.211680e-07
  -0.302162e-03  -0.659644e-03   0.481005e-07
   0.897752e-03  -0.881588e-03  -0.980138e-09
  -0.166936e-02  -0.950869e-04   0.553584e-07
   0.192506e-02  -0.525938e-03  -0.402036e-07
  -0.507298e-03  -0.307945e-03  -0.204234e-07
   0.557933e-02   0.329341e-02   0.738340e-08
  -0.105812e-02  -0.358815e-03  -0.507590e-08
  -0.242689e-03  -0.506659e-04  -0.361000e-08
   0.117986e-03  -0.665177e-04   0.976596e-08
   0.287621e-04   0.260079e-04   0.271047e-08
  -0.151118e-05  -0.495847e-04  -0.918633e-08
   0.185670e-05   0.563310e-04   0.103257e-07
   0.593612e-01   0.916878e-01  -0.376084e-06
   0.290414e-01  -0.866902e-01  -0.376218e-07
   0.495949e-02   0.100346e-01   0.126713e-07
  -0.142625e-01   0.171935e-01   0.128409e-06
   0.277222e-01   0.372466e-02   0.842364e-07
  -0.309353e-01   0.962549e-02  -0.759707e-07
   0.655957e-02   0.228111e-02  -0.221626e-07
  -0.100858e+00  -0.574526e-01   0.203780e-06
   0.174826e-01   0.902621e-02   0.710783e-07
   0.351611e-02   0.133076e-03   0.148372e-07
  -0.223444e-02   0.521896e-03   0.933254e-08
  -0.372918e-03  -0.112694e-03   0.610462e-08
  -0.870636e-04   0.120152e-02  -0.152970e-07
   0.108001e-03  -0.117436e-02  -0.331433e-08
  -0.477938e-02  -0.580110e-02  -0.423826e-07
  -0.763422e-03   0.467252e-02   0.936780e-07
  -0.321653e-03  -0.693120e-03   0.242270e-07
   0.874906e-03  -0.916382e-03  -0.446950e-07
  -0.159268e-02  -0.108126e-03   0.749389e-08
   0.188568e-02  -0.496683e-03   0.138790e-07
  -0.473565e-03  -0.304668e-03  -0.224976e-07
   0.613417e-02   0.333085e-02  -0.217331e-07
  -0.887033e-03   0.403314e-03  -0.199945e-07
  -0.201197e-03  -0.388883e-04  -0.157360e-08
   0.999976e-04  -0.701035e-04   0.285864e-08
   0.253074e-04   0.139901e-04   0.191078e-09
  -0.515144e-05  -0.509221e-04   0.391647e-09
   0.402360e-05   0.593162e-04   0.101571e-07
   0.611401e-01   0.910189e-01   0.162874e-07
   0.278211e-01  -0.864756e-01  -0.527749e-07
   0.500973e-02   0.100739e-01   0.683157e-07
  -0.142071e-01   0.171240e-01   0.184495e-07
   0.277077e-01   0.377873e-02   0.707625e-07
  -0.309431e-01   0.958021e-02  -0.967431e-07
   0.652023e-02   0.227908e-02  -0.825986e-08
  -0.101455e+00  -0.560400e-01  -0.117895e-08
   0.174276e-01   0.810223e-02  -0.110622e-07
   0.353292e-02   0.121174e-03  -0.121709e-08
  -0.220986e-02   0.520570e-03   0.780413e-09
  -0.371549e-03  -0.103445e-03   0.278953e-08
  -0.850794e-04   0.119373e-02  -0.644179e-08
   0.111988e-03  -0.117340e-02   0.292705e-09
   0.286378e-01   0.424740e-01   0.242410e-01
   0.136007e-01  -0.410347e-01  -0.477386e-03
   0.225832e-02   0.468683e-02   0.387480e-02
  -0.664487e-02   0.817302e-02  -0.768072e-02
   0.130698e-01   0.183630e-02  -0.101201e-02
  -0.145495e-01   0.459619e-02  -0.952375e-03
   0.306014e-02   0.102948e-02   0.802403e-03
  -0.482459e-01  -0.265279e-01  -0.130235e-01
   0.835052e-02   0.447303e-02  -0.522693e-02
   0.167950e-02   0.724402e-04  -0.857343e-03
  -0.106002e-02   0.242693e-03  -0.461470e-03
  -0.171610e-03  -0.454336e-04  -0.376536e-04
  -0.432399e-04   0.582934e-03   0.773688e-03
   0.582864e-04  -0.558876e-03   0.375291e-04
   0.303302e-01   0.452090e-01  -0.245925e-01
   0.144168e-01  -0.435641e-01   0.979798e-03
   0.241244e-02   0.501253e-02  -0.384021e-02
  -0.705530e-02   0.867108e-02   0.777191e-02
   0.138933e-01   0.194604e-02   0.109890e-02
  -0.154606e-01   0.483364e-02   0.108362e-02
   0.322932e-02   0.106687e-02  -0.217779e-02
  -0.511528e-01  -0.281396e-01   0.129578e-01
   0.889488e-02   0.472340e-02   0.527100e-02
   0.178495e-02   0.521682e-04   0.981383e-03
  -0.112802e-02   0.247162e-03   0.522845e-03
  -0.182830e-03  -0.497879e-04   0.463375e-04
  -0.441896e-04   0.609766e-03  -0.775265e-03
   0.619581e-04  -0.618177e-03   0.672159e-03
   0.319214e-01   0.475188e-01  -0.246333e-01
   0.150523e-01  -0.458247e-01   0.136125e-02
   0.262684e-02   0.530770e-02  -0.399447e-02
  -0.738839e-02   0.910766e-02   0.758337e-02
   0.145985e-01   0.201629e-02   0.147736e-03
  -0.163092e-01   0.510118e-02   0.140899e-03
   0.341903e-02   0.113312e-02  -0.499004e-03
  -0.537879e-01  -0.295633e-01   0.129168e-01
   0.935522e-02   0.496656e-02   0.526983e-02
   0.186719e-02   0.406367e-04   0.959077e-03
  -0.118187e-02   0.259140e-03   0.473724e-03
  -0.190080e-03  -0.641034e-04   0.777401e-03
  -0.474019e-04   0.621550e-03  -0.317870e-04
   0.644261e-04  -0.620500e-03  -0.471473e-03
   0.283089e-01   0.420608e-01   0.242040e-01
   0.133949e-01  -0.405803e-01  -0.299443e-03
   0.233673e-02   0.462292e-02   0.341760e-02
  -0.656538e-02   0.813369e-02  -0.813244e-02
   0.129578e-01   0.184415e-02  -0.104639e-02
  -0.144336e-01   0.448237e-02  -0.983915e-03
   0.300570e-02   0.103047e-02   0.100428e-02
  -0.477170e-01  -0.263003e-01  -0.129416e-01
   0.826070e-02   0.440567e-02  -0.524329e-02
   0.166580e-02   0.799047e-04  -0.547438e-03
  -0.106098e-02   0.243734e-03  -0.150559e-03
  -0.171534e-03  -0.415638e-04  -0.196376e-03
  -0.389013e-04   0.572404e-03   0.612555e-03
   0.568962e-04  -0.554048e-03   0.303007e-03
   0.265736e-01   0.392623e-01   0.240544e-01
   0.125657e-01  -0.380503e-01  -0.478038e-03
   0.213019e-02   0.435722e-02   0.425632e-02
  -0.615440e-02   0.755467e-02  -0.725330e-02
   0.120816e-01   0.169528e-02  -0.132486e-02
  -0.134857e-01   0.433166e-02  -0.122429e-02
   0.285929e-02   0.976671e-03   0.878320e-03
  -0.447258e-01  -0.245624e-01  -0.130326e-01
   0.772304e-02   0.416120e-02  -0.520357e-02
   0.155816e-02   0.626616e-04  -0.886117e-03
  -0.982233e-03   0.221179e-03  -0.510437e-03
  -0.159946e-03  -0.416731e-04  -0.188347e-03
  -0.398448e-04   0.547033e-03   0.607506e-03
   0.562033e-04  -0.515379e-03   0.305066e-03
   0.295081e-01   0.441907e-01   0.257268e-01
   0.136043e-01  -0.421035e-01  -0.465165e-02
   0.232657e-02   0.463347e-02   0.501789e-02
  -0.662475e-02   0.802189e-02  -0.701460e-02
   0.130844e-01   0.198650e-02  -0.409825e-03
  -0.145961e-01   0.470475e-02  -0.561215e-03
   0.303309e-02   0.117350e-02   0.909905e-03
  -0.491377e-01  -0.271704e-01  -0.123202e-01
   0.833640e-02   0.437946e-02  -0.533282e-02
   0.169883e-02   0.327988e-05  -0.126064e-02
  -0.107056e-02   0.231382e-03  -0.575704e-03
  -0.174470e-03  -0.432639e-04  -0.301571e-03
  -0.472196e-04   0.558953e-03   0.550745e-03
   0.590888e-04  -0.566711e-03   0.222834e-03
   0.350168e-01   0.522883e-01   0.241669e-01
   0.166441e-01  -0.503499e-01  -0.770792e-03
   0.281121e-02   0.574520e-02   0.338253e-02
  -0.817629e-02   0.997706e-02  -0.686346e-02
   0.161213e-01   0.222532e-02  -0.109475e-02
  -0.179699e-01   0.563484e-02  -0.867779e-03
   0.378906e-02   0.126063e-02   0.827139e-03
  -0.591451e-01  -0.325696e-01  -0.129383e-01
   0.103370e-01   0.545197e-02  -0.512133e-02
   0.206374e-02   0.929394e-04  -0.797682e-03
  -0.129425e-02   0.280086e-03  -0.635170e-03
  -0.213349e-03  -0.578279e-04   0.412660e-04
  -0.520850e-04   0.705921e-03   0.397842e-03
   0.676153e-04  -0.685027e-03   0.273547e-03
   0.348271e-01   0.518751e-01   0.240755e-01
   0.165019e-01  -0.499998e-01  -0.837583e-03
   0.279743e-02   0.574765e-02   0.404654e-02
  -0.811514e-02   0.992667e-02  -0.750035e-02
   0.159721e-01   0.223455e-02  -0.209054e-02
  -0.178006e-01   0.556210e-02   0.962029e-04
   0.372493e-02   0.124544e-02   0.854524e-03
  -0.587104e-01  -0.322870e-01  -0.127407e-01
   0.102266e-01   0.541217e-02  -0.517781e-02
   0.205262e-02   0.671982e-04  -0.964337e-03
  -0.128963e-02   0.285855e-03  -0.472855e-03
  -0.203475e-03  -0.722522e-04   0.403009e-03
  -0.522288e-04   0.680487e-03   0.340479e-04
   0.686841e-04  -0.678142e-03   0.274347e-03
   0.419465e-01   0.624177e-01   0.221757e-01
   0.196736e-01  -0.601925e-01  -0.533620e-03
   0.348905e-02   0.680270e-02   0.312954e-02
  -0.971640e-02   0.120612e-01  -0.642880e-02
   0.192288e-01   0.272032e-02  -0.918383e-03
  -0.213965e-01   0.659310e-02  -0.985756e-03
   0.446279e-02   0.156966e-02   0.768790e-03
  -0.706274e-01  -0.388618e-01  -0.118047e-01
   0.122808e-01   0.649583e-02  -0.479366e-02
   0.246317e-02   0.108632e-03  -0.594518e-03
  -0.156206e-02   0.337613e-03  -0.717786e-03
  -0.256016e-03  -0.721488e-04  -0.169256e-03
  -0.631985e-04   0.836027e-03   0.617725e-03
   0.769938e-04  -0.816267e-03   0.254819e-03
   0.284409e-01   0.421941e-01   0.242008e-01
   0.134635e-01  -0.406343e-01  -0.861204e-03
   0.229704e-02   0.476353e-02   0.399278e-02
  -0.672131e-02   0.797483e-02  -0.755841e-02
   0.130053e-01   0.173634e-02  -0.105209e-02
  -0.145292e-01   0.459567e-02  -0.972225e-03
   0.307930e-02   0.100124e-02   0.861718e-03
  -0.478137e-01  -0.262369e-01  -0.125131e-01
   0.832220e-02   0.437252e-02  -0.538534e-02
   0.167558e-02   0.389349e-04  -0.940206e-03
  -0.106205e-02   0.229079e-03  -0.504625e-03
  -0.172218e-03  -0.463922e-04  -0.173352e-03
  -0.451162e-04   0.566636e-03   0.630037e-03
   0.598527e-04  -0.555286e-03   0.275197e-03
   0.286187e-01   0.427659e-01  -0.243980e-01
   0.136697e-01  -0.411764e-01   0.825639e-03
   0.233004e-02   0.471327e-02  -0.411327e-02
  -0.670226e-02   0.820917e-02   0.764837e-02
   0.131238e-01   0.183959e-02   0.101481e-02
  -0.146149e-01   0.457008e-02   0.100542e-02
   0.306487e-02   0.101320e-02  -0.859517e-03
  -0.482642e-01  -0.266215e-01   0.130505e-01
   0.832085e-02   0.443961e-02   0.510997e-02
   0.168051e-02   0.424732e-04   0.952096e-03
  -0.106550e-02   0.230267e-03   0.497407e-03
  -0.174895e-03  -0.440029e-04   0.181182e-03
  -0.442884e-04   0.577896e-03  -0.639073e-03
   0.574717e-04  -0.559551e-03  -0.275512e-03
