  -5.613676E-02  -1.859959E-02   1.141482E-02
   4.376596E-01   8.008519E-03  -4.106319E-02
  -1.480467E-01   2.765883E-01   2.251884E-02
  -1.721408E-01  -2.842582E-01  -1.484244E-02
  -1.654181E-01  -2.313413E-01   2.612843E-02
  -1.552499E-01   2.578530E-01  -4.193367E-03
   3.925387E-01  -1.524287E-02  -2.121150E-02
  -8.646414E-03   2.391847E-03   5.573372E-04
  -7.959603E-03   5.889629E-03  -2.127541E-03
  -5.308492E-03   2.820480E-03  -1.565818E-03
  -4.529770E-03  -4.400021E-03   1.850922E-03
  -3.914825E-03  -6.691873E-03   2.170821E-04
  -3.888791E-03   6.567874E-03   8.999450E-03
   1.456280E-03   1.942939E-04   6.723193E-04
