-285.8633995354
-285.8629236493
-285.8637714605
-285.8637525564
-285.8629933582
-285.8629710298
-285.8637394938
-285.8633837301
-285.8633768572
-285.8634031174
-285.8633575125
-285.8634224053
-285.8633374300
-285.8636908415
-285.8630793428
-285.8632298938
-285.8635294404
-285.8625818891
-285.8635488539
-285.8627762461
-285.8633361386
-285.8633775107
-285.8633931168
-285.8633451412
-285.8634265371
-285.8634058218
-285.8633710164
-285.8634323143
-285.8633629888
-285.8633801854
-285.8633708272
-285.8633613427
-285.8634108791
-285.8633811007
-285.8633795260
-285.8633678045
-285.8633912286
-285.8634013321
-285.8633392462
-285.8633931383
-285.8633904703
-285.8633832892
-285.8633873007
-285.8633795734
-285.8633915230
-285.8634577039
-285.8633196600
-285.8634284269
-285.8633479986
-285.8633947097
-285.8633947392
-285.8633917757
-285.8633933577
-285.8633927084
-285.8633941766
-285.8633784754
-285.8633918156
-285.8633806676
-285.8633927485
-285.8633929405
-285.8634029005
