    1.99194804361984    1.99214540435632    2.01829286087591
    1.07342060702504    1.51478724133059    1.51349413067627
    1.37695875742812    1.44217725898447    2.11675231077971
    2.96250372369103    2.95940322308066    2.99814189095954
    2.89824285847592   -0.00451150435677   -0.00351740522118
    0.00040189756763   -0.00993021871417   -0.00670665642504
   -0.04646140837328    0.37486221877834    0.00000032254933
   -0.00000009393240   -0.00000057481921   -0.00000027333476
    0.00000070075792    0.00000022404666   -0.00000017346814
    0.00000022890311   -0.00000009864576    0.00000017848973
    0.00000090807785   -0.00000031986989    0.00000019743178
   -0.42801786071800
