  -1.378924E-02   6.015721E-03   6.915034E-08
   9.394667E-02  -7.167477E-03   1.997403E-07
   1.475174E-02  -3.462033E-01  -5.515855E-08
   9.074569E-03   3.127794E-01  -1.126549E-07
   3.573600E-01   6.956016E-01  -1.364650E-06
   3.384473E-01  -6.627776E-01   4.040947E-07
  -7.440047E-01  -2.969955E-03   1.084390E-06
  -1.603140E-02  -4.145452E-03  -1.126779E-08
  -6.853959E-03   1.026109E-02  -2.094648E-09
  -9.554602E-04  -4.816613E-03  -3.298482E-08
   3.245970E-04   1.595647E-03   1.429921E-08
   5.308569E-03   3.572892E-03  -7.996843E-08
   5.796593E-03  -2.632627E-03  -8.216235E-08
  -1.326602E-02  -4.138621E-04   5.878229E-09
  -9.573172E-03   5.678969E-03   1.372033E-07
   8.898712E-02  -4.940320E-03   1.469182E-07
   1.549598E-02  -3.439489E-01   1.468274E-07
   8.702800E-03   3.094043E-01   3.163166E-08
   3.512821E-01   6.824070E-01  -1.278175E-06
   3.312193E-01  -6.478363E-01   4.113349E-07
  -7.284338E-01  -3.789148E-03   6.546826E-07
  -1.808810E-02  -5.349031E-03  -4.319035E-08
  -6.895741E-03   1.032795E-02  -1.774932E-08
  -8.655787E-04  -4.891053E-03  -2.672655E-08
   4.302165E-04   1.585876E-03  -1.030207E-09
   5.204727E-03   3.517704E-03  -5.912838E-08
   5.770675E-03  -2.593338E-03  -6.801713E-08
  -1.284833E-02  -4.195061E-04   3.762042E-09
  -9.859169E-03   6.081820E-03   7.249223E-09
   9.062226E-02  -5.463773E-03   4.288829E-08
   1.480437E-02  -3.405336E-01   2.030226E-08
   8.456236E-03   3.062593E-01   1.453542E-08
   3.497281E-01   6.811153E-01  -1.166801E-08
   3.301317E-01  -6.468550E-01  -6.855873E-08
  -7.258544E-01  -3.704035E-03  -5.654080E-10
  -1.824014E-02  -5.406652E-03   1.057198E-09
  -6.844374E-03   1.039570E-02  -2.977071E-09
  -8.692804E-04  -4.748625E-03   3.223441E-08
   4.295774E-04   1.473948E-03  -2.579252E-08
   5.234841E-03   3.574710E-03  -2.518079E-08
   5.778225E-03  -2.656572E-03   9.985686E-09
  -1.283038E-02  -3.996797E-04   6.502379E-09
   1.349891E-02  -5.657713E-03  -1.588346E-08
  -9.229561E-02   6.706736E-03  -1.983654E-08
  -1.541767E-02   3.495574E-01  -1.232894E-08
  -9.336185E-03  -3.159410E-01  -1.617192E-08
  -3.588797E-01  -6.968109E-01  -1.848718E-08
  -3.395580E-01   6.637688E-01   4.629445E-08
   7.465168E-01   3.028169E-03   2.468784E-08
   1.589296E-02   4.094719E-03  -2.539790E-10
   6.912576E-03  -1.019734E-02  -4.927066E-09
   9.531573E-04   4.966140E-03   9.485929E-09
  -3.251429E-04  -1.716183E-03  -3.298556E-09
  -5.278751E-03  -3.513609E-03  -7.571449E-09
  -5.788265E-03   2.563677E-03   1.491823E-08
   1.328112E-02   4.330990E-04   3.361088E-09
   1.076526E-02  -6.139610E-03  -6.142536E-08
  -9.100230E-02   5.900096E-03  -1.879777E-07
  -1.557411E-02   3.435524E-01  -1.786603E-07
  -9.108641E-03  -3.094642E-01  -7.601266E-08
  -3.515366E-01  -6.838131E-01   1.358268E-06
  -3.318178E-01   6.500075E-01  -4.236866E-07
   7.305603E-01   3.358733E-03  -6.179083E-07
   1.809321E-02   5.206495E-03  -1.048238E-09
   6.976112E-03  -1.040247E-02  -5.084843E-09
   8.340768E-04   5.042529E-03   3.331426E-08
  -4.672174E-04  -1.682211E-03   1.630709E-09
  -5.208760E-03  -3.488374E-03   6.103242E-08
  -5.753170E-03   2.540206E-03   6.531773E-08
   1.295624E-02   4.153285E-04  -3.363347E-09
   1.260907E-02  -5.595076E-03   1.182950E-07
  -9.186574E-02   6.280126E-03  -1.913062E-07
  -1.465314E-02   3.464485E-01  -6.471317E-08
  -8.716763E-03  -3.126956E-01  -6.576949E-09
  -3.569343E-01  -6.938556E-01   1.167741E-06
  -3.377689E-01   6.604181E-01  -1.939541E-07
   7.415845E-01   3.355690E-03  -8.966457E-07
   1.602162E-02   4.288185E-03  -6.148728E-08
   6.766671E-03  -1.018372E-02  -4.293593E-08
   9.874514E-04   4.669680E-03   2.354610E-08
  -2.863585E-04  -1.503180E-03  -1.705864E-08
  -5.305162E-03  -3.604143E-03   8.402678E-08
  -5.814642E-03   2.687248E-03   6.998140E-08
   1.314600E-02   4.178937E-04  -2.286776E-09
  -1.174189E-02   5.869984E-03  -8.524217E-09
   9.158770E-02  -6.110907E-03   4.357800E-08
   1.508160E-02  -3.450276E-01   1.538369E-08
   8.897157E-03   3.110988E-01  -9.254766E-09
   3.541881E-01   6.890460E-01  -2.600841E-08
   3.347515E-01  -6.554315E-01   6.279653E-09
  -7.357173E-01  -3.317067E-03  -3.443042E-08
  -1.703847E-02  -4.733977E-03   5.930073E-10
  -6.875557E-03   1.029518E-02   3.073393E-09
  -9.135575E-04  -4.846479E-03   4.795218E-09
   3.725423E-04   1.582895E-03   2.534681E-09
   5.262942E-03   3.532989E-03   8.160116E-09
   5.790562E-03  -2.602410E-03  -7.184124E-09
  -1.337914E-02  -4.387698E-04   1.067029E-09
  -1.168659E-02   5.858022E-03  -3.255194E-08
   9.132749E-02  -6.106660E-03  -8.625348E-09
   1.508839E-02  -3.449687E-01  -3.560035E-08
   8.903491E-03   3.110759E-01   5.965455E-10
   3.543536E-01   6.887491E-01   8.643934E-09
   3.349166E-01  -6.551398E-01   1.834599E-09
  -7.365591E-01  -3.394404E-03   8.480998E-10
  -1.699899E-02  -4.718926E-03   4.918958E-09
  -6.872990E-03   1.027871E-02  -2.374142E-10
  -9.065502E-04  -4.861865E-03   2.145035E-08
   3.798662E-04   1.603540E-03   3.248088E-09
   5.252373E-03   3.556651E-03  -1.305621E-08
   5.776827E-03  -2.624283E-03   3.001458E-08
  -1.273108E-02  -3.947753E-04   1.849344E-08
   1.162985E-02  -5.884574E-03   2.486513E-08
  -9.134912E-02   6.102504E-03   1.198065E-08
  -1.517260E-02   3.450086E-01   4.268926E-08
  -8.985942E-03  -3.111172E-01  -5.924229E-08
  -3.541179E-01  -6.886464E-01   5.912264E-09
  -3.346607E-01   6.550786E-01  -1.657106E-08
   7.361493E-01   3.350486E-03  -3.422375E-09
   1.707926E-02   4.762057E-03   6.043099E-10
   6.873466E-03  -1.029315E-02   3.999814E-09
   9.076203E-04   4.857672E-03  -4.171810E-09
  -3.790567E-04  -1.598668E-03  -1.216015E-08
  -5.366332E-03  -3.713995E-03   1.583569E-09
  -5.905369E-03   2.759350E-03   3.669016E-09
   1.305093E-02   4.160232E-04   2.747773E-10
  -1.179671E-02   5.843038E-03  -2.862027E-09
   9.155974E-02  -6.114313E-03  -2.091715E-08
   1.499905E-02  -3.449871E-01  -4.658668E-08
   8.815576E-03   3.110582E-01   4.178679E-09
   3.544201E-01   6.891441E-01   1.516679E-09
   3.350049E-01  -6.554884E-01   2.320917E-08
  -7.361259E-01  -3.360755E-03   5.978636E-08
  -1.695795E-02  -4.690892E-03  -4.003844E-10
  -6.874842E-03   1.028038E-02  -5.605009E-09
  -9.123850E-04  -4.850602E-03   1.053107E-08
   3.734820E-04   1.587756E-03  -9.657782E-09
   5.150118E-03   3.377560E-03  -9.588271E-09
   5.663125E-03  -2.469094E-03   7.971468E-09
  -1.305435E-02  -4.175199E-04  -1.155208E-08
  -1.161736E-02   5.926807E-03  -6.637900E-09
   9.158874E-02  -6.135404E-03  -5.108923E-09
   1.506242E-02  -3.448611E-01   4.751556E-08
   8.921307E-03   3.109861E-01   6.878518E-10
   3.543628E-01   6.889968E-01   1.420868E-08
   3.349856E-01  -6.554405E-01   3.724824E-08
  -7.364122E-01  -3.352359E-03  -5.519262E-08
  -1.714323E-02  -4.810392E-03  -4.527253E-09
  -6.863221E-03   1.030563E-02   2.302589E-09
  -9.494380E-04  -4.899627E-03  -2.270425E-08
   3.349114E-04   1.691608E-03  -5.887978E-09
   5.254544E-03   3.542251E-03   4.884799E-09
   5.780826E-03  -2.612266E-03  -2.007330E-08
  -1.305596E-02  -4.164896E-04   1.333092E-08
  -1.181152E-02   5.799803E-03   3.852127E-08
   9.132345E-02  -6.080663E-03  -1.499771E-08
   1.510842E-02  -3.451362E-01  -4.949613E-08
   8.878881E-03   3.111888E-01   2.299755E-08
   3.541758E-01   6.887983E-01  -1.288654E-08
   3.346796E-01  -6.551288E-01  -1.344060E-08
  -7.358639E-01  -3.359022E-03   1.020198E-08
  -1.689304E-02  -4.641557E-03  -1.194738E-09
  -6.885405E-03   1.026788E-02  -8.868118E-10
  -8.700415E-04  -4.809515E-03   1.260750E-08
   4.183575E-04   1.495166E-03  -1.426372E-08
   5.261048E-03   3.547481E-03  -9.053363E-09
   5.786882E-03  -2.614459E-03   2.452276E-08
  -1.304960E-02  -4.170332E-04   7.351774E-09
  -1.139993E-02   5.619351E-03  -9.087410E-09
   9.046702E-02  -6.020907E-03  -5.848656E-09
   1.549122E-02  -3.484180E-01  -5.405516E-08
   9.218505E-03   3.142443E-01  -6.025443E-09
   3.574005E-01   6.938125E-01  -2.797526E-08
   3.376442E-01  -6.600131E-01   2.187204E-08
  -7.421479E-01  -3.278782E-03   3.975594E-08
  -1.673880E-02  -4.563520E-03   3.644503E-10
  -7.010088E-03   1.030261E-02   7.788731E-10
  -8.750601E-04  -4.850737E-03   1.100449E-08
   4.282893E-04   1.562581E-03   2.569162E-09
   5.288789E-03   3.625499E-03   1.818322E-08
   5.822323E-03  -2.684006E-03   1.611760E-08
  -1.315311E-02  -4.216044E-04  -7.636722E-09
  -1.201233E-02   6.089429E-03  -2.549504E-09
   9.238281E-02  -6.180267E-03  -4.723930E-08
   1.468569E-02  -3.415204E-01  -6.747508E-08
   8.588992E-03   3.078816E-01  -2.147973E-09
   3.510995E-01   6.838423E-01  -2.901017E-09
   3.319823E-01  -6.504309E-01   4.468048E-08
  -7.300392E-01  -3.428442E-03   7.368953E-08
  -1.727874E-02  -4.880903E-03   4.777638E-10
  -6.738356E-03   1.026744E-02   4.275863E-09
  -9.436647E-04  -4.855536E-03   1.735616E-08
   3.252688E-04   1.623376E-03   7.810305E-09
   5.225365E-03   3.465150E-03  -1.465695E-08
   5.744094E-03  -2.544078E-03  -3.886895E-09
  -1.295056E-02  -4.121005E-04  -7.440058E-09
   1.459403E-02  -5.606576E-03   9.244283E-08
  -9.607674E-02   6.451831E-03  -1.406505E-07
  -1.559955E-02   3.435907E-01  -2.288181E-09
  -9.557394E-03  -3.092512E-01   1.024938E-07
  -3.522691E-01  -6.950754E-01   1.239137E-06
  -3.329084E-01   6.609891E-01  -3.568766E-07
   7.369133E-01   3.500105E-03  -9.745324E-07
   1.579960E-02   3.996830E-03  -3.723981E-08
   6.785574E-03  -1.022679E-02  -5.281561E-08
   9.526108E-04   4.808454E-03   6.480135E-08
  -3.353308E-04  -1.521284E-03  -8.597544E-09
  -5.284439E-03  -3.488069E-03   8.254569E-08
  -5.790413E-03   2.581139E-03   3.408713E-08
   1.299828E-02   4.264977E-04  -2.646003E-08
   8.651482E-03  -6.146661E-03   2.126716E-08
  -8.686420E-02   5.729553E-03  -2.120802E-07
  -1.462933E-02   3.465783E-01  -1.085724E-07
  -8.257193E-03  -3.130493E-01   2.681179E-08
  -3.564627E-01  -6.831282E-01   1.377573E-06
  -3.369167E-01   6.499368E-01  -3.734010E-07
   7.359353E-01   3.210217E-03  -8.151719E-07
   1.836737E-02   5.528138E-03  -4.628325E-08
   6.956535E-03  -1.036867E-02  -4.883425E-08
   8.579757E-04   4.899493E-03   1.653392E-08
  -4.255761E-04  -1.662482E-03  -3.887591E-10
  -5.233390E-03  -3.607203E-03   6.959861E-08
  -5.783556E-03   2.647676E-03   6.657865E-08
   1.310907E-02   4.063137E-04  -8.086404E-09
   1.367819E-02  -5.530099E-03  -7.141410E-08
  -9.373402E-02   6.196099E-03   2.811753E-07
  -1.665533E-02   3.429704E-01  -7.222184E-07
  -1.049288E-02  -3.089718E-01  -6.841610E-07
  -3.520282E-01  -6.912076E-01   1.099798E-06
  -3.328451E-01   6.575844E-01  -9.496787E-07
   7.374618E-01   3.393993E-03   1.048477E-06
   1.585859E-02   4.105048E-03  -7.705133E-09
   6.744908E-03  -1.013663E-02   2.259477E-08
   8.750204E-04   4.823053E-03  -2.519293E-09
  -4.165046E-04  -1.552910E-03  -2.422733E-08
  -5.318887E-03  -3.353432E-03  -7.229800E-08
  -5.823998E-03   2.441653E-03   5.087062E-08
   1.306472E-02   4.162120E-04   1.452588E-09
   9.604147E-03  -6.235660E-03  -4.102994E-07
  -8.922133E-02   6.004640E-03  -4.384220E-08
  -1.354783E-02   3.470392E-01  -1.185769E-07
  -7.318263E-03  -3.131879E-01   6.209457E-08
  -3.565617E-01  -6.866786E-01   1.349333E-06
  -3.368509E-01   6.530399E-01  -4.569770E-07
   7.350236E-01   3.319716E-03  -8.406976E-07
   1.831209E-02   5.418388E-03   1.485993E-07
   7.003092E-03  -1.046114E-02   8.528779E-08
   9.373802E-04   4.886185E-03   4.282487E-08
  -3.417729E-04  -1.631235E-03   6.775055E-09
  -5.196380E-03  -3.738830E-03   6.914280E-08
  -5.746918E-03   2.784619E-03   7.294370E-08
   1.304084E-02   4.172160E-04  -1.525797E-08
   1.178049E-02  -5.844818E-03  -6.977635E-08
  -9.161291E-02   6.097661E-03  -1.714689E-07
  -1.496096E-02   3.447853E-01  -4.247343E-09
  -8.777447E-03  -3.108274E-01  -1.241577E-08
  -3.542240E-01  -6.888712E-01   1.327838E-06
  -3.347582E-01   6.552174E-01  -3.819661E-07
   7.362685E-01   3.369998E-03  -9.269553E-07
   1.697344E-02   4.704344E-03   1.230103E-08
   6.870582E-03  -1.027773E-02   4.416541E-09
   9.169969E-04   4.862239E-03   2.691641E-08
  -3.690582E-04  -1.598840E-03   9.676777E-09
  -5.432273E-03  -3.401176E-03   8.006208E-08
  -5.933164E-03   2.456691E-03   7.113147E-08
   1.303788E-02   4.152999E-04  -9.950303E-10
   1.164631E-02  -5.883919E-03  -1.045791E-07
  -9.130079E-02   6.120193E-03  -1.262165E-07
  -1.521249E-02   3.452107E-01  -1.088066E-07
  -9.026369E-03  -3.113482E-01   1.106996E-09
  -3.543117E-01  -6.889192E-01   1.332614E-06
  -3.349040E-01   6.553492E-01  -3.945161E-07
   7.360084E-01   3.340843E-03  -8.434103E-07
   1.706510E-02   4.749018E-03   2.630773E-08
   6.877953E-03  -1.029628E-02   9.840573E-09
   9.032885E-04   4.845826E-03   2.408169E-08
  -3.834511E-04  -1.587606E-03   5.643965E-09
  -5.083799E-03  -3.690872E-03   6.241388E-08
  -5.634594E-03   2.772295E-03   8.087284E-08
   1.306736E-02   4.183215E-04  -1.563287E-09
   1.169428E-02  -5.907943E-03  -1.211931E-07
  -9.172957E-02   6.129195E-03  -1.469744E-07
  -1.490698E-02   3.446277E-01  -6.092556E-08
  -8.808621E-03  -3.107133E-01   2.772747E-08
  -3.541924E-01  -6.886397E-01   1.294843E-06
  -3.347409E-01   6.549908E-01  -3.546118E-07
   7.358925E-01   3.385956E-03  -9.028462E-07
   1.707517E-02   4.783291E-03   2.840544E-08
   6.857530E-03  -1.028464E-02   2.145760E-08
   9.193447E-04   4.889419E-03   2.400533E-08
  -3.337946E-04  -1.668235E-03  -1.318252E-09
  -5.256011E-03  -3.539934E-03   8.490452E-08
  -5.781574E-03   2.611306E-03   7.288351E-08
   1.304705E-02   4.151441E-04  -2.731753E-09
   1.173227E-02  -5.820079E-03  -7.806653E-08
  -9.118438E-02   6.087841E-03  -1.249485E-07
  -1.526287E-02   3.453630E-01  -5.099052E-08
  -8.992021E-03  -3.114580E-01  -2.289901E-08
  -3.543445E-01  -6.891510E-01   1.252377E-06
  -3.349215E-01   6.555761E-01  -3.694273E-07
   7.363790E-01   3.325369E-03  -8.348487E-07
   1.696279E-02   4.670004E-03   1.260226E-08
   6.891042E-03  -1.028912E-02  -8.470501E-10
   9.013525E-04   4.820431E-03   3.274186E-08
  -4.182201E-04  -1.518748E-03   2.843469E-09
  -5.259585E-03  -3.549731E-03   8.119195E-08
  -5.786144E-03   2.615244E-03   7.444023E-08
   1.305837E-02   4.184704E-04  -9.156118E-09
   1.628670E-02  -1.536328E-02  -2.840060E-08
  -8.981850E-02   2.944464E-02  -2.141857E-07
  -9.519983E-03   3.423634E-01  -3.980103E-08
  -1.445268E-02  -3.117787E-01   8.377301E-08
  -3.543890E-01  -6.901657E-01   1.218688E-06
  -3.333725E-01   6.514967E-01  -2.998507E-07
   7.350418E-01   2.422794E-03  -9.212296E-07
   1.076953E-02   1.295610E-03  -8.677700E-09
   7.039558E-03  -9.820814E-03  -7.614867E-09
   5.035592E-04   4.769871E-03   2.166191E-08
   4.468098E-05  -1.724018E-03   1.677054E-09
  -5.287426E-03  -3.574448E-03   7.616483E-08
  -5.772334E-03   2.633656E-03   8.163152E-08
   1.297071E-02   5.674922E-04   3.272479E-09
   7.027465E-03   3.595906E-03   1.336123E-08
  -9.351636E-02  -1.719899E-02  -9.593249E-08
  -2.027757E-02   3.466069E-01  -6.963575E-08
  -3.069924E-03  -3.095124E-01  -1.242393E-07
  -3.534950E-01  -6.863250E-01   1.407192E-06
  -3.357185E-01   6.579352E-01  -3.756587E-07
   7.360283E-01   4.255127E-03  -8.772797E-07
   2.322529E-02   8.173997E-03  -2.915296E-08
   6.697891E-03  -1.073940E-02  -3.789748E-08
   1.313017E-03   4.921100E-03   3.243456E-08
  -7.968972E-04  -1.451485E-03  -9.113550E-09
  -5.224679E-03  -3.507798E-03   7.580704E-08
  -5.791362E-03   2.589033E-03   6.807514E-08
   1.309877E-02   2.651947E-04  -7.097896E-09
   1.417811E-02  -6.339007E-03   1.361353E-08
  -9.117749E-02   7.757097E-03  -2.489471E-07
  -1.604211E-02   3.355024E-01  -3.900181E-08
  -8.138509E-03  -3.207350E-01  -1.311670E-08
  -3.444525E-01  -6.758249E-01   1.299683E-06
  -3.452216E-01   6.693077E-01  -2.715784E-07
   7.368752E-01  -2.074039E-03  -9.145561E-07
   1.425489E-02   3.216680E-03  -2.810956E-08
   6.925276E-03  -9.967902E-03  -1.817439E-08
   9.713700E-04   4.608523E-03   1.694883E-08
  -3.662014E-04  -1.948520E-03   1.166867E-08
  -5.365018E-03  -3.675250E-03   7.373295E-08
  -5.668308E-03   2.471037E-03   8.410843E-08
   1.305420E-02   4.835352E-04  -5.259902E-10
  -9.234555E-03   5.391206E-03   4.712566E-07
   9.162860E-02  -4.441354E-03  -3.310006E-07
   1.409855E-02  -3.542503E-01   7.306338E-07
   9.616884E-03   3.012266E-01   4.538632E-07
   3.638848E-01   7.014659E-01   2.052002E-07
   3.242876E-01  -6.407952E-01   2.138701E-08
  -7.349302E-01  -8.793355E-03  -1.299524E-06
  -1.974761E-02  -6.245893E-03  -1.651653E-07
  -6.822053E-03   1.059531E-02  -1.184311E-07
  -8.469280E-04  -5.100054E-03  -2.032051E-08
   3.876629E-04   1.244251E-03  -6.049178E-09
   5.146589E-03   3.411532E-03   7.489165E-08
   5.893625E-03  -2.749437E-03   3.109588E-08
  -1.304129E-02  -3.489039E-04  -7.787485E-09
   7.187683E-03   2.691738E-03   5.329131E-07
  -9.249332E-02  -1.415751E-02  -4.158119E-07
  -2.212583E-02   3.530784E-01  -1.485354E-08
  -2.049643E-03  -3.032590E-01  -1.939400E-08
  -3.566725E-01  -6.969614E-01   1.426241E-06
  -3.320789E-01   6.468420E-01  -3.842036E-07
   7.357171E-01   1.078643E-02  -8.219312E-07
   2.286778E-02   7.885568E-03  -2.430124E-07
   6.706697E-03  -1.067190E-02  -1.831030E-07
   1.118294E-03   5.134646E-03  -1.781502E-08
  -6.090203E-04  -1.375171E-03  -1.148709E-08
  -5.225048E-03  -3.563448E-03   7.787795E-08
  -5.819623E-03   2.564406E-03   6.787432E-08
   1.305878E-02   2.958406E-04  -1.734398E-08
  -1.632237E-02   1.441920E-02   5.302233E-08
   8.988167E-02  -2.642077E-02   1.898390E-07
   8.324445E-03  -3.371003E-01   7.698833E-08
   1.606612E-02   3.191504E-01  -1.274432E-07
   3.517812E-01   6.807666E-01  -1.302489E-06
   3.375397E-01  -6.637149E-01   3.299479E-07
  -7.365204E-01   4.088047E-03   9.868587E-07
  -1.109940E-02  -1.522331E-03   1.496292E-09
  -7.036082E-03   9.879919E-03   2.926568E-09
  -7.020596E-04  -4.582339E-03  -1.951717E-08
   1.418309E-04   1.823490E-03  -1.191400E-08
   5.292797E-03   3.529973E-03  -6.475603E-08
   5.749076E-03  -2.667167E-03  -7.900685E-08
  -1.304193E-02  -5.378919E-04  -3.998694E-09
  -1.182887E-02   5.806338E-03   1.418108E-08
   9.141070E-02  -6.146291E-03   3.724024E-08
   1.518264E-02  -3.450249E-01   3.243393E-08
   8.822161E-03   3.110586E-01   5.693481E-08
   3.541166E-01   6.886891E-01  -4.722297E-08
   3.350192E-01  -6.554595E-01  -3.624614E-08
  -7.361552E-01  -3.216273E-03  -6.511886E-08
  -1.687345E-02  -4.647818E-03   2.363350E-09
  -6.880233E-03   1.026794E-02  -7.397272E-09
  -9.111702E-04  -4.855191E-03  -4.918611E-09
   3.751398E-04   1.593190E-03   1.481821E-08
   5.370668E-03   3.719759E-03   4.073054E-09
   5.658705E-03  -2.462650E-03   6.290465E-09
  -1.305379E-02  -4.325920E-04  -7.395375E-09
  -1.159758E-02   5.921135E-03   2.633331E-09
   9.149783E-02  -6.070403E-03   2.997147E-08
   1.498898E-02  -3.449716E-01  -3.551654E-08
   8.979444E-03   3.111167E-01   5.006226E-08
   3.544212E-01   6.891014E-01  -2.609236E-08
   3.346462E-01  -6.551074E-01  -9.135316E-09
  -7.361208E-01  -3.494892E-03   2.949730E-09
  -1.716365E-02  -4.805071E-03   2.598534E-10
  -6.868094E-03   1.030555E-02   1.029289E-09
  -9.088142E-04  -4.853093E-03   2.553788E-10
   3.774108E-04   1.593207E-03   4.802990E-09
   5.145640E-03   3.371991E-03  -1.799417E-08
   5.909625E-03  -2.766009E-03   3.086939E-09
  -1.305149E-02  -4.009286E-04  -6.309317E-09
  -1.161638E-02   5.952392E-03   1.721028E-08
   9.140695E-02  -6.154503E-03   9.016263E-09
   1.515130E-02  -3.449244E-01  -4.106798E-08
   8.846295E-03   3.112903E-01   7.203888E-08
   3.542774E-01   6.889393E-01  -6.133365E-08
   3.348718E-01  -6.552908E-01   1.130426E-08
  -7.361861E-01  -3.448256E-03  -1.490866E-08
  -1.711293E-02  -4.785221E-03   6.441094E-10
  -6.825101E-03   1.029850E-02  -7.009120E-09
  -9.534523E-04  -4.904955E-03   7.870167E-09
   4.111218E-04   1.490451E-03   3.070489E-09
   5.252223E-03   3.538483E-03   8.923567E-10
   5.789594E-03  -2.621273E-03   1.055854E-09
  -1.305401E-02  -4.196092E-04   1.203714E-09
   1.181235E-02  -5.774461E-03   4.420736E-08
  -9.150490E-02   6.061678E-03  -7.453366E-08
  -1.501941E-02   3.450737E-01   9.673992E-09
  -8.954184E-03  -3.108856E-01  -1.549227E-08
  -3.542610E-01  -6.888552E-01   5.058511E-08
  -3.347920E-01   6.552790E-01   3.883740E-08
   7.360895E-01   3.263088E-03  -3.916134E-08
   1.692334E-02   4.666942E-03  -5.238555E-09
   6.923541E-03  -1.027497E-02  -7.771698E-09
   8.659841E-04   4.804337E-03   8.349061E-09
  -3.421772E-04  -1.696311E-03   3.816361E-09
  -5.263370E-03  -3.551226E-03  -9.458258E-09
  -5.778047E-03   2.605461E-03  -9.107344E-09
   1.305155E-02   4.139270E-04   5.290212E-09
   1.378717E-02  -6.213192E-03  -8.860752E-08
  -9.103330E-02   9.339593E-03  -2.853397E-07
  -1.666142E-02   3.443279E-01  -2.511389E-08
  -7.590807E-03  -3.113411E-01   1.236833E-08
  -3.530695E-01  -6.877378E-01   1.415452E-06
  -3.357363E-01   6.560980E-01  -3.618734E-07
   7.360057E-01   1.068168E-03  -9.301984E-07
   1.446856E-02   3.289542E-03   2.762506E-08
   7.006469E-03  -1.001080E-02   1.587112E-08
   8.333097E-04   4.838031E-03   2.362530E-08
  -2.415687E-04  -1.695203E-03   2.686491E-09
  -5.294841E-03  -3.421153E-03   7.048102E-08
  -5.724445E-03   2.739713E-03   8.496263E-08
   1.305121E-02   4.637960E-04   3.024807E-09
   9.652165E-03  -5.511465E-03  -9.922867E-08
  -9.188045E-02   2.867910E-03   5.348950E-07
  -1.351006E-02   3.456124E-01  -8.578840E-07
  -1.021059E-02  -3.107805E-01  -2.051844E-07
  -3.554487E-01  -6.899985E-01  -1.365120E-06
  -3.339067E-01   6.544195E-01   1.192936E-06
   7.362453E-01   5.645039E-03   7.029335E-07
   1.954124E-02   6.161903E-03   1.515709E-08
   6.741970E-03  -1.055884E-02  -3.230974E-08
   9.863253E-04   4.868119E-03   2.668310E-08
  -5.119644E-04  -1.488732E-03   1.402471E-08
  -5.218353E-03  -3.671921E-03   4.422246E-08
  -5.840610E-03   2.491003E-03   1.800895E-08
   1.305305E-02   3.698620E-04  -3.001605E-08
   1.164642E-02  -5.867118E-03  -8.671029E-08
  -9.147463E-02   6.069126E-03  -1.923683E-07
  -1.505504E-02   3.452137E-01  -5.472082E-08
  -8.921178E-03  -3.108567E-01   2.683782E-08
  -3.544798E-01  -6.892325E-01   1.372019E-06
  -3.345626E-01   6.548892E-01  -3.776775E-07
   7.360856E-01   3.341163E-03  -9.259539E-07
   1.709831E-02   4.767418E-03   1.854682E-08
   6.874460E-03  -1.029766E-02   8.757315E-09
   9.081831E-04   4.857263E-03   2.916262E-08
  -3.756973E-04  -1.588394E-03   3.242159E-09
  -5.253020E-03  -3.538273E-03   7.103434E-08
  -5.789282E-03   2.618028E-03   7.321780E-08
   1.304163E-02   6.601392E-04  -1.426679E-09
   1.177970E-02  -5.861109E-03  -1.059214E-07
  -9.143614E-02   6.148279E-03  -1.167894E-07
  -1.511651E-02   3.447819E-01  -1.055624E-07
  -8.880751E-03  -3.113196E-01   4.195601E-10
  -3.540574E-01  -6.885631E-01   1.348559E-06
  -3.351011E-01   6.556827E-01  -3.964028E-07
   7.361883E-01   3.369845E-03  -8.820773E-07
   1.693969E-02   4.685785E-03   1.960718E-08
   6.873977E-03  -1.027612E-02   8.041448E-09
   9.119084E-04   4.850910E-03   3.542349E-08
  -3.769915E-04  -1.598158E-03   8.999798E-09
  -5.262492E-03  -3.551364E-03   7.365145E-08
  -5.778365E-03   2.608533E-03   7.123163E-08
   1.306455E-02   1.732538E-04   5.364816E-09
   1.166773E-02  -6.104565E-03  -6.394197E-08
  -9.143966E-02   6.525050E-03  -1.671250E-07
  -1.492296E-02   3.448299E-01  -1.461523E-07
  -9.053323E-03  -3.112760E-01  -1.451933E-08
  -3.541402E-01  -6.889795E-01   1.243882E-06
  -3.350063E-01   6.552153E-01  -2.679714E-07
   7.362015E-01   3.376168E-03  -8.068391E-07
   1.705565E-02   4.748508E-03   1.525589E-08
   6.870881E-03  -1.029634E-02  -4.520877E-10
   9.070348E-04   4.859271E-03   2.581306E-08
  -3.767750E-04  -1.591193E-03   5.954036E-09
  -5.423940E-03  -3.406438E-03   6.787069E-08
  -5.641787E-03   2.767506E-03   7.103225E-08
   1.305162E-02   4.111140E-04   3.698391E-09
   1.175929E-02  -5.624122E-03   2.787043E-08
  -9.147464E-02   5.692680E-03   2.097485E-07
  -1.525023E-02   3.451665E-01   9.964645E-08
  -8.750214E-03  -3.108989E-01  -7.066391E-08
  -3.543957E-01  -6.888111E-01  -2.377184E-07
  -3.346571E-01   6.553525E-01  -6.090855E-08
   7.360756E-01   3.334638E-03   2.126851E-08
   1.698302E-02   4.704992E-03  -6.386457E-09
   6.877636E-03  -1.027766E-02   1.335351E-08
   9.132044E-04   4.848821E-03   7.302588E-09
  -3.756929E-04  -1.595172E-03  -1.870706E-08
  -5.091979E-03  -3.685562E-03   5.672054E-09
  -5.925723E-03   2.461386E-03  -6.000116E-09
   1.305374E-02   4.224844E-04   4.975165E-09
   1.166414E-02  -5.949796E-03  -6.124494E-08
  -9.149375E-02   6.304842E-03  -1.917682E-07
  -1.489981E-02   3.448061E-01  -4.622543E-08
  -9.006087E-03  -3.113404E-01  -1.328313E-08
  -3.542945E-01  -6.888366E-01   1.376344E-06
  -3.348111E-01   6.553510E-01  -3.802006E-07
   7.361202E-01   3.373180E-03  -8.815533E-07
   1.708112E-02   4.798681E-03   1.588850E-08
   6.868272E-03  -1.030619E-02  -1.487129E-09
   9.138954E-04   4.880824E-03   1.565765E-08
  -4.137600E-04  -1.512966E-03   9.191292E-09
  -5.250176E-03  -3.544290E-03   6.250139E-08
  -5.790018E-03   2.611368E-03   6.955993E-08
   1.305303E-02   4.321745E-04  -8.342835E-09
   1.176231E-02  -5.778531E-03  -1.124521E-07
  -9.142004E-02   5.912602E-03  -1.545662E-07
  -1.527045E-02   3.451866E-01  -9.513661E-08
  -8.794850E-03  -3.108309E-01   6.585899E-09
  -3.542435E-01  -6.889550E-01   1.320500E-06
  -3.348511E-01   6.552169E-01  -3.572211E-07
   7.361512E-01   3.338095E-03  -9.039094E-07
   1.695695E-02   4.654548E-03   2.335476E-08
   6.880356E-03  -1.026763E-02   1.579973E-08
   9.073060E-04   4.829181E-03   3.945299E-08
  -3.378951E-04  -1.674190E-03   9.610621E-09
  -5.265442E-03  -3.545364E-03   7.887840E-08
  -5.777689E-03   2.615161E-03   8.498492E-08
   1.305239E-02   4.014439E-04   7.937610E-09
   1.186932E-02  -4.517843E-03   1.879078E-08
  -9.134943E-02   3.327880E-03  -2.301227E-07
  -1.649381E-02   3.466500E-01  -6.429290E-08
  -7.721917E-03  -3.091618E-01  -1.775930E-08
  -3.542531E-01  -6.902782E-01   1.340833E-06
  -3.343735E-01   6.534801E-01  -3.157107E-07
   7.356636E-01   4.470224E-03  -9.064883E-07
   1.689667E-02   4.549483E-03  -2.185586E-08
   6.864171E-03  -1.022541E-02  -1.514969E-08
   9.460818E-04   4.909282E-03   2.719440E-08
  -3.689044E-04  -1.607797E-03   3.972892E-09
  -5.233345E-03  -3.572974E-03   8.070011E-08
  -5.790930E-03   2.575189E-03   6.423445E-08
   1.305686E-02   4.549662E-04   1.253848E-09
   1.156967E-02  -7.213700E-03  -4.038843E-07
  -9.157632E-02   8.883952E-03  -6.991440E-08
  -1.368637E-02   3.433355E-01  -5.524516E-09
  -1.008309E-02  -3.129973E-01  -1.179771E-08
  -3.542680E-01  -6.874953E-01   1.302882E-06
  -3.352712E-01   6.570680E-01  -3.946033E-07
   7.365782E-01   2.239044E-03  -9.247988E-07
   1.714722E-02   4.909678E-03   1.500037E-07
   6.885385E-03  -1.035019E-02   1.005635E-07
   8.755925E-04   4.800301E-03   4.725486E-08
  -3.838882E-04  -1.578706E-03   1.491383E-08
  -5.281795E-03  -3.516606E-03   7.411096E-08
  -5.776353E-03   2.651208E-03   7.287817E-08
   1.304852E-02   3.787015E-04   5.489937E-09
   7.638400E-03  -8.384967E-03   4.349325E-09
  -9.684156E-02   6.696849E-03  -1.625843E-07
  -1.357958E-02   3.430511E-01  -2.652904E-09
  -7.342819E-03  -3.090236E-01  -1.948366E-09
  -3.543322E-01  -6.897175E-01   1.338447E-06
  -3.344909E-01   6.554396E-01  -4.111700E-07
   7.364579E-01   3.488045E-03  -9.161093E-07
   2.293551E-02   7.817690E-03  -2.595702E-08
   6.915483E-03  -1.136670E-02  -2.068120E-08
   9.970246E-04   5.003953E-03   1.815832E-08
  -4.352882E-04  -1.539701E-03   2.673389E-09
  -5.251361E-03  -3.503208E-03   7.100877E-08
  -5.849273E-03   2.457457E-03   7.293395E-08
   1.301945E-02   3.877175E-04   8.947981E-11
   1.496463E-02  -3.870313E-03   1.142014E-08
  -8.667364E-02   5.671541E-03  -1.743297E-07
  -1.639256E-02   3.466871E-01  -1.694214E-07
  -1.034095E-02  -3.130306E-01   2.256927E-08
  -3.541393E-01  -6.879969E-01   1.192033E-06
  -3.351368E-01   6.550759E-01  -2.256480E-07
   7.357318E-01   3.215152E-03  -8.473676E-07
   1.227726E-02   2.263407E-03  -1.270931E-08
   6.774056E-03  -9.395506E-03  -1.046085E-08
   8.215110E-04   4.720641E-03   2.756716E-08
  -3.327094E-04  -1.642588E-03   5.026203E-09
  -5.258225E-03  -3.585673E-03   7.395916E-08
  -5.729866E-03   2.745744E-03   7.557116E-08
   1.307906E-02   4.396558E-04  -3.320257E-09
   1.245864E-02  -5.726763E-03  -5.818536E-07
  -9.169932E-02   6.182949E-03   1.821702E-08
  -1.499711E-02   3.449920E-01  -3.644254E-08
  -8.834313E-03  -3.108195E-01  -1.448122E-08
  -3.543202E-01  -6.891385E-01   1.298181E-06
  -3.347479E-01   6.552404E-01  -4.027267E-07
   7.361668E-01   3.401234E-03  -9.392445E-07
   1.667620E-02   4.412743E-03   2.196300E-07
   6.412563E-03  -1.019932E-02   1.556889E-07
   9.265903E-04   4.872718E-03   5.374459E-08
  -3.433579E-04  -1.594334E-03   2.957390E-08
  -5.257950E-03  -3.535958E-03   7.230378E-08
  -5.782906E-03   2.612887E-03   7.099691E-08
   1.305782E-02   4.218575E-04   9.692945E-09
   1.092002E-02  -6.007004E-03  -2.600330E-09
  -9.123557E-02   6.030051E-03  -2.100744E-07
  -1.517107E-02   3.449982E-01  -9.704727E-09
  -8.960294E-03  -3.113560E-01   1.484698E-08
  -3.542159E-01  -6.886510E-01   1.329469E-06
  -3.349187E-01   6.553310E-01  -3.870834E-07
   7.361092E-01   3.311909E-03  -8.999563E-07
   1.739521E-02   5.066055E-03  -1.209072E-08
   7.368133E-03  -1.039148E-02  -1.081702E-08
   8.933131E-04   4.835393E-03   1.362268E-08
  -4.103416E-04  -1.592303E-03   3.040611E-09
  -5.257657E-03  -3.553770E-03   7.121778E-08
  -5.784970E-03   2.613246E-03   7.768475E-08
   1.304736E-02   4.116010E-04  -1.052768E-08
   1.140388E-02  -5.594701E-03  -5.105385E-08
  -9.143558E-02   5.936033E-03  -1.320509E-07
  -1.517322E-02   3.451148E-01  -9.462894E-08
  -8.769452E-03  -3.109243E-01  -2.343191E-08
  -3.543086E-01  -6.890549E-01   1.288764E-06
  -3.347781E-01   6.551560E-01  -3.420760E-07
   7.360808E-01   3.451375E-03  -8.788170E-07
   1.720224E-02   4.574467E-03   5.993883E-09
   7.007642E-03  -1.037527E-02  -8.114257E-09
   8.969044E-04   4.893514E-03   3.445190E-08
  -3.887407E-04  -1.591083E-03   7.997203E-09
  -5.254321E-03  -3.545412E-03   7.493780E-08
  -5.787316E-03   2.610009E-03   8.082991E-08
   1.305285E-02   4.197594E-04   2.532833E-09
   1.203947E-02  -6.116338E-03  -2.161236E-08
  -9.145437E-02   6.270368E-03   2.907714E-07
  -1.500534E-02   3.448887E-01   3.594406E-08
  -9.036562E-03  -3.112563E-01  -4.342259E-08
  -3.542305E-01  -6.887320E-01  -2.327825E-07
  -3.348836E-01   6.554113E-01  -9.909151E-08
   7.361896E-01   3.258856E-03   2.844370E-08
   1.680943E-02   4.868387E-03   5.389530E-09
   6.744573E-03  -1.019506E-02   1.866981E-08
   9.217628E-04   4.812499E-03   1.837023E-08
  -3.636742E-04  -1.595795E-03  -2.123249E-08
  -5.261255E-03  -3.544521E-03   5.181800E-09
  -5.780125E-03   2.617340E-03   8.740057E-10
   1.305282E-02   4.139274E-04   3.528487E-09
   1.217345E-02  -5.470995E-03  -8.663398E-12
  -9.087879E-02   6.157254E-03  -1.980286E-07
  -1.513689E-02   3.452546E-01  -6.285344E-08
  -9.118666E-03  -3.113641E-01   1.777391E-08
  -3.544596E-01  -6.888968E-01   1.327784E-06
  -3.348307E-01   6.553880E-01  -3.602071E-07
   7.362536E-01   3.244855E-03  -8.934650E-07
   1.617266E-02   4.283946E-03  -2.042781E-08
   7.026037E-03  -1.020492E-02  -6.630162E-09
   8.872964E-04   4.823457E-03   2.880448E-08
  -3.723455E-04  -1.584890E-03  -3.765411E-09
  -5.258207E-03  -3.550740E-03   6.867446E-08
  -5.778412E-03   2.633481E-03   7.246423E-08
   1.305719E-02   4.230651E-04  -2.998050E-09
   1.123877E-02  -6.279836E-03  -2.087282E-07
  -9.204123E-02   6.072242E-03  -1.188630E-07
  -1.502993E-02   3.447369E-01  -4.928670E-08
  -8.683437E-03  -3.108131E-01  -2.319532E-08
  -3.540755E-01  -6.888919E-01   1.344089E-06
  -3.348323E-01   6.551800E-01  -3.655765E-07
   7.360162E-01   3.465042E-03  -9.290084E-07
   1.788508E-02   5.183590E-03   6.875874E-08
   6.722421E-03  -1.036736E-02   3.731604E-08
   9.327434E-04   4.884991E-03   3.689026E-08
  -3.804979E-04  -1.601267E-03   1.420055E-08
  -5.257203E-03  -3.539236E-03   7.456777E-08
  -5.789556E-03   2.592750E-03   7.904925E-08
   1.304825E-02   4.104555E-04   1.196111E-09
   1.170571E-02  -5.868667E-03   3.402665E-04
  -9.145219E-02   6.099939E-03  -2.362296E-04
  -1.508958E-02   3.450006E-01  -1.196468E-03
  -8.900946E-03  -3.110768E-01   9.033649E-04
  -3.542715E-01  -6.888942E-01   2.111156E-03
  -3.348279E-01   6.552707E-01  -1.681661E-03
   7.361270E-01   3.358858E-03  -6.835475E-05
   1.702540E-02   4.735354E-03  -2.728080E-04
   6.875819E-03  -1.028837E-02   1.252843E-04
   9.113517E-04   4.853851E-03   2.658446E-04
  -3.752802E-04  -1.593367E-03  -2.179147E-04
  -5.254286E-03  -3.542425E-03   7.297767E-04
  -5.780522E-03   2.610803E-03  -7.165917E-04
   1.305221E-02   4.162211E-04  -6.286492E-05
  -1.171065E-02   5.862031E-03   2.734959E-05
   9.147239E-02  -6.097259E-03   1.562307E-05
   1.508180E-02  -3.449890E-01  -1.488462E-03
   8.891961E-03   3.110590E-01   1.367808E-03
   3.542559E-01   6.888779E-01  -6.395878E-04
   3.348050E-01  -6.552457E-01   9.702778E-04
  -7.360769E-01  -3.360274E-03  -2.494942E-04
  -1.702648E-02  -4.730590E-03  -9.856915E-06
  -6.875632E-03   1.028825E-02  -1.707391E-06
  -9.108465E-04  -4.853522E-03   2.459688E-04
   3.757614E-04   1.591814E-03  -2.862464E-04
   5.256546E-03   3.544486E-03   1.112359E-03
   5.782630E-03  -2.612873E-03  -1.026729E-03
  -1.306612E-02  -4.160176E-04  -4.041445E-05
   1.171196E-02  -5.866863E-03   5.323739E-04
  -9.143653E-02   6.114837E-03  -2.505613E-04
  -1.509709E-02   3.450131E-01  -5.735681E-04
  -8.917273E-03  -3.111096E-01   6.659073E-04
  -3.542661E-01  -6.889043E-01  -4.499362E-04
  -3.348262E-01   6.553002E-01   2.067564E-04
   7.361433E-01   3.352451E-03   2.310187E-04
   1.701748E-02   4.725422E-03  -6.451006E-04
   6.874137E-03  -1.028643E-02   4.066780E-04
   9.098169E-04   4.854415E-03   8.947862E-04
  -3.765386E-04  -1.593398E-03  -9.475332E-04
  -5.257165E-03  -3.546963E-03  -3.291790E-05
  -5.783522E-03   2.615314E-03   2.833346E-05
   1.305321E-02   4.168684E-04  -4.500178E-05
   1.172047E-02  -5.857176E-03  -2.713802E-04
  -9.143839E-02   6.096971E-03  -1.254268E-04
  -1.508363E-02   3.450395E-01   1.751229E-04
  -8.899175E-03  -3.111187E-01  -8.184250E-05
  -3.543008E-01  -6.889629E-01   8.687619E-04
  -3.348632E-01   6.553494E-01  -5.882817E-04
   7.362171E-01   3.357827E-03  -1.421722E-04
   1.700733E-02   4.724836E-03  -3.330473E-06
   6.873164E-03  -1.028563E-02   1.888242E-04
   8.956577E-04   4.842573E-03  -1.172393E-03
  -3.888603E-04  -1.585943E-03   1.048186E-03
  -5.258550E-03  -3.545852E-03   5.264752E-04
  -5.784745E-03   2.613605E-03  -4.830637E-04
   1.305481E-02   4.168504E-04  -4.625137E-07
   1.170128E-02  -5.874729E-03   1.577667E-04
  -9.143859E-02   6.107639E-03  -1.988875E-04
  -1.509504E-02   3.450189E-01  -1.250843E-03
  -8.910428E-03  -3.110967E-01   9.335037E-04
  -3.542893E-01  -6.889280E-01   3.848158E-03
  -3.348502E-01   6.553062E-01  -3.501020E-03
   7.361822E-01   3.358590E-03  -8.084384E-05
   1.702501E-02   4.736697E-03   1.343334E-05
   6.877917E-03  -1.028824E-02  -6.555781E-05
   9.098110E-04   4.850301E-03  -3.249561E-04
  -3.772010E-04  -1.590864E-03   4.686562E-04
  -5.258076E-03  -3.544791E-03   1.327805E-04
  -5.784217E-03   2.612137E-03  -1.172746E-04
   1.305321E-02   4.167406E-04   7.782828E-06
   1.150932E-02  -5.762444E-03   4.468758E-03
  -9.140553E-02   6.164465E-03  -2.236557E-03
  -1.500935E-02   3.448348E-01  -6.249984E-04
  -8.869957E-03  -3.110084E-01  -2.224733E-03
  -3.540807E-01  -6.884411E-01  -4.906333E-03
  -3.346352E-01   6.548677E-01   5.910282E-03
   7.357068E-01   3.357333E-03  -2.832420E-04
   1.715078E-02   4.636409E-03  -2.538242E-03
   6.905960E-03  -1.029834E-02   6.993020E-04
   9.046852E-04   4.845738E-03   2.126952E-03
  -3.865154E-04  -1.587279E-03  -1.247133E-03
  -5.255177E-03  -3.552603E-03   1.024832E-03
  -5.783410E-03   2.611808E-03  -1.031777E-04
   1.304116E-02   4.162458E-04  -3.263429E-06
   1.166343E-02  -5.881082E-03   5.887373E-04
  -9.143030E-02   6.104466E-03  -2.873870E-03
  -1.509739E-02   3.450236E-01   1.203656E-03
  -8.909443E-03  -3.111078E-01   1.149702E-03
  -3.542969E-01  -6.889200E-01   3.219654E-04
  -3.348516E-01   6.552912E-01   4.764576E-04
   7.361906E-01   3.361241E-03  -1.317667E-03
   1.706365E-02   4.752118E-03  -3.728897E-05
   6.875155E-03  -1.029282E-02   4.351554E-04
   9.133505E-04   4.856885E-03   9.676952E-04
  -3.763429E-04  -1.592168E-03   5.880009E-04
  -5.257419E-03  -3.545741E-03   7.799160E-05
  -5.783726E-03   2.613163E-03   1.111717E-04
   1.304430E-02   4.168146E-04  -1.904384E-03
  -1.170486E-02   5.858321E-03  -4.521357E-04
   9.141211E-02  -6.094940E-03   3.207315E-03
   1.510319E-02  -3.450222E-01   8.125940E-04
   8.915421E-03   3.111054E-01   8.520333E-04
   3.542730E-01   6.888958E-01  -1.800876E-03
   3.348275E-01  -6.552784E-01  -2.400245E-03
  -7.361511E-01  -3.359542E-03  -3.110443E-04
  -1.701604E-02  -4.727593E-03  -8.153496E-05
  -6.874572E-03   1.028471E-02  -4.285747E-04
  -9.085119E-04  -4.853498E-03  -7.468872E-04
   3.774372E-04   1.593290E-03  -4.764023E-04
   5.260319E-03   3.553594E-03  -3.280898E-05
   5.788158E-03  -2.620857E-03   1.035525E-04
  -1.305341E-02  -4.168269E-04   1.736192E-03
   1.169492E-02  -5.875784E-03  -1.039570E-03
  -9.143128E-02   6.126832E-03   1.008608E-03
  -1.508495E-02   3.450271E-01  -4.393075E-04
  -8.910211E-03  -3.111331E-01   1.748656E-04
  -3.542849E-01  -6.889343E-01   9.979362E-04
  -3.348501E-01   6.553298E-01   1.099164E-03
   7.362003E-01   3.354846E-03  -1.434011E-03
   1.702911E-02   4.733338E-03   3.103143E-04
   6.874368E-03  -1.028803E-02   3.388425E-04
   8.937882E-04   4.844259E-03  -1.136959E-03
  -3.930632E-04  -1.584037E-03  -1.136628E-03
  -5.259196E-03  -3.546142E-03   8.314577E-04
  -5.785070E-03   2.614565E-03   6.884579E-04
   1.305544E-02   4.167872E-04  -5.872212E-04
   1.159758E-02  -5.901888E-03   3.076870E-03
  -9.143301E-02   6.140928E-03  -1.704316E-03
  -1.506165E-02   3.449694E-01  -4.009472E-04
  -8.895846E-03  -3.110212E-01  -1.143592E-03
  -3.542029E-01  -6.887732E-01  -5.031615E-04
  -3.347670E-01   6.551326E-01   1.267582E-03
   7.359944E-01   3.354041E-03   3.575948E-06
   1.710042E-02   4.731579E-03  -1.793514E-03
   6.887121E-03  -1.030948E-02   4.994990E-04
   9.082920E-04   4.856062E-03   1.321467E-03
  -3.806930E-04  -1.591642E-03  -7.073342E-04
  -5.257268E-03  -3.546032E-03   3.125686E-05
  -5.784537E-03   2.612358E-03   1.509861E-04
   1.304876E-02   4.161746E-04   2.030252E-05
   1.168925E-02  -5.874381E-03  -7.865193E-04
  -9.146337E-02   6.105316E-03   2.695907E-04
  -1.508648E-02   3.449891E-01   4.360588E-04
  -8.896148E-03  -3.110735E-01   4.216294E-04
  -3.542627E-01  -6.888870E-01   2.509562E-04
  -3.348179E-01   6.552627E-01  -5.517207E-04
   7.361180E-01   3.361205E-03   2.268234E-04
   1.704036E-02   4.740982E-03   5.101772E-04
   6.883671E-03  -1.028806E-02  -2.088809E-04
   9.103089E-04   4.854856E-03  -4.433937E-04
  -3.769695E-04  -1.593292E-03   2.679186E-04
  -5.257668E-03  -3.544882E-03  -2.510801E-04
  -5.783910E-03   2.612834E-03  -1.491029E-04
   1.305219E-02   4.166763E-04   1.684969E-05
