  -1.277986E-07   3.670715E-07   4.626123E-01
   3.763042E-07  -6.318712E-07  -1.070440E-01
  -2.287969E-07  -2.673069E-07   7.605875E-02
   1.739271E-07   8.610210E-08  -7.470723E-02
  -2.262613E-07  -1.475807E-08   2.698617E-02
  -2.955745E-07   3.113668E-07   4.858381E-02
   2.482889E-07   1.105168E-07  -1.280869E-02
  -4.718425E-09  -2.091923E-08  -2.570468E-01
   3.177191E-08   6.891952E-09  -1.173465E-01
   6.127613E-08   4.441740E-08  -4.383975E-02
   3.484497E-08  -2.472394E-09  -2.331519E-02
  -2.562726E-09   1.710645E-08  -2.004043E-03
  -7.244091E-09   1.393773E-08   8.674126E-03
   1.918039E-08  -1.698248E-08  -1.351857E-02
   1.795122E-07  -3.331072E-07  -4.660476E-01
  -2.903598E-07   4.899033E-07   1.104192E-01
   1.299565E-07   3.072540E-07  -7.509241E-02
  -1.427783E-07  -1.989848E-07   7.273947E-02
   2.884496E-07  -2.712821E-08  -2.687455E-02
   3.598852E-07  -9.880522E-08  -4.865612E-02
  -3.550900E-07  -1.249748E-07   1.262150E-02
   9.227209E-10   2.555532E-08   2.568509E-01
  -1.246296E-08  -1.145836E-08   1.181908E-01
  -8.230541E-08  -6.702673E-08   4.386214E-02
  -5.836957E-08   2.765917E-08   2.427231E-02
  -1.575801E-08  -1.025856E-08   1.894526E-03
  -4.871652E-08  -4.760577E-08  -8.982310E-03
  -1.138260E-08   6.852776E-08   1.359478E-02
  -2.954355E-08  -3.228394E-08  -4.656788E-01
   4.741584E-08   1.084156E-08   1.087005E-01
  -2.511442E-08   2.281402E-08  -7.566057E-02
  -6.505890E-09  -5.170785E-08   7.473279E-02
   7.741571E-09   1.496961E-08  -2.719402E-02
  -7.230433E-09   1.187755E-08  -4.896676E-02
  -2.661528E-09   3.031771E-09   1.288654E-02
   6.169147E-09   5.807855E-09   2.573998E-01
   7.089911E-09   1.125216E-08   1.180202E-01
   7.684990E-10   1.948668E-09   4.401562E-02
   1.340381E-09  -4.936606E-09   2.384122E-02
  -3.506753E-09  -3.589705E-10   2.032275E-03
   5.505132E-09   3.223556E-09  -8.931373E-03
  -1.465749E-09   3.512038E-09   1.354772E-02
  -3.908173E-09  -1.049143E-09   4.630080E-01
   1.506233E-09  -2.921219E-08  -1.087112E-01
   4.171806E-09  -9.504209E-09   7.547813E-02
   2.326383E-08   4.280006E-08  -7.274184E-02
  -2.088020E-09  -3.325194E-09   2.666741E-02
  -2.423902E-08   3.303229E-09   4.827757E-02
   6.085520E-09  -1.132117E-08  -1.254523E-02
   3.572038E-09  -2.017772E-09  -2.565366E-01
  -3.651652E-09  -1.323512E-09  -1.175283E-01
  -7.142958E-09   7.531638E-09  -4.367778E-02
   3.195915E-09   1.409622E-09  -2.374295E-02
  -3.063986E-09   3.899717E-11  -1.869842E-03
   2.723762E-09   1.897814E-11   8.721802E-03
  -4.493424E-10   2.631131E-09  -1.356550E-02
  -1.695948E-07   3.665869E-07   4.640814E-01
   2.158688E-07  -4.916004E-07  -1.115160E-01
  -9.982133E-08  -3.276916E-07   7.457122E-02
   3.318879E-07   7.173306E-08  -6.996346E-02
  -2.745265E-07  -3.902603E-08   2.697572E-02
  -4.333131E-07   2.000794E-07   4.846963E-02
   3.012198E-07   1.718936E-07  -1.298139E-02
   1.257605E-08  -1.304572E-08  -2.561996E-01
   2.478002E-08   1.724475E-08  -1.182052E-01
   9.233533E-08   4.394875E-08  -4.342229E-02
   3.461273E-08   6.775980E-09  -2.438300E-02
  -5.581358E-09   1.975151E-08  -1.843028E-03
   1.052572E-08   1.357893E-08   8.694833E-03
   1.458937E-08  -3.004182E-08  -1.353297E-02
   1.984662E-07  -4.718466E-07  -4.646317E-01
  -4.452635E-07   7.131254E-07   1.059250E-01
   2.419760E-07   2.462883E-07  -7.661785E-02
  -1.013162E-07  -1.625565E-07   7.755885E-02
   1.826667E-07   4.159714E-08  -2.688435E-02
   4.731354E-07  -2.430458E-07  -4.879294E-02
  -4.102771E-07  -1.334541E-07   1.246545E-02
  -4.815305E-08   3.391108E-09   2.577691E-01
  -3.025803E-08   1.652459E-08   1.173378E-01
  -6.011886E-08  -5.323460E-08   4.427979E-02
  -5.437236E-08   1.945399E-08   2.318748E-02
   1.365658E-08  -4.634263E-09   2.054842E-03
  -5.032642E-08  -5.181799E-08  -8.964272E-03
  -4.551695E-09   7.611111E-08   1.357914E-02
  -2.117249E-08  -8.363346E-09   4.643147E-01
  -8.785588E-09   3.623294E-08  -1.087016E-01
   1.146584E-08  -1.166117E-08   7.556929E-02
  -3.603982E-09  -7.843813E-09  -7.372084E-02
   3.436279E-09  -4.750660E-09   2.698584E-02
   1.406527E-08  -2.357222E-09   4.867432E-02
  -8.706636E-09   5.186372E-10  -1.272609E-02
  -5.528887E-09  -4.237775E-09  -2.569471E-01
   7.747195E-09  -5.669736E-09  -1.177719E-01
   5.545197E-09   8.387849E-09  -4.386607E-02
   4.571522E-10  -3.812854E-09  -2.380545E-02
   2.909138E-09   1.902709E-09  -1.943400E-03
   3.688602E-10   4.298692E-10   8.830234E-03
   1.802068E-09   1.246801E-09  -1.364296E-02
  -7.217077E-09   1.313165E-08   4.643380E-01
   2.561832E-08   1.012989E-08  -1.087384E-01
   2.320215E-09  -1.515839E-08   7.557018E-02
  -3.382162E-09  -8.217856E-09  -7.371500E-02
  -7.799748E-09  -1.327385E-08   2.687064E-02
  -5.460598E-09   2.410205E-08   4.856433E-02
  -9.811869E-09  -1.153818E-08  -1.269552E-02
   3.051058E-09  -3.498855E-09  -2.569666E-01
   4.999527E-09  -2.979270E-09  -1.177704E-01
  -1.267042E-09   5.089362E-09  -4.382491E-02
   9.903358E-10   1.522023E-10  -2.377852E-02
   1.139231E-09   7.368989E-10  -1.957375E-03
  -3.557527E-09   7.811012E-10   8.818655E-03
   3.909631E-10   5.293475E-10  -1.347555E-02
  -1.082718E-08  -4.372719E-08   4.643317E-01
   3.150751E-08   1.123925E-08  -1.087269E-01
  -9.347711E-09   3.455993E-08   7.556112E-02
   1.145410E-08  -3.707883E-09  -7.369576E-02
  -7.141993E-09   1.561151E-08   2.694150E-02
   1.235909E-09  -1.262454E-08   4.858203E-02
  -1.505556E-08   2.031452E-09  -1.270918E-02
  -7.876404E-10  -7.375025E-09  -2.569314E-01
  -2.453221E-09   1.062521E-08  -1.178013E-01
   1.012864E-09  -8.351569E-09  -4.386652E-02
  -5.276382E-09  -6.243997E-09  -2.379650E-02
   2.309697E-09   1.444190E-09  -1.950286E-03
   4.050561E-09   4.272012E-09   8.873708E-03
  -6.340803E-10   2.301530E-09  -1.357460E-02
   2.272346E-08   1.620709E-08   4.643232E-01
  -2.468973E-08  -3.181449E-08  -1.087121E-01
   7.464249E-09   1.183086E-09   7.557846E-02
   3.141927E-09   9.511814E-09  -7.374065E-02
  -1.813034E-08  -1.056002E-08   2.691566E-02
   8.214256E-09   4.105484E-09   4.865610E-02
   7.228354E-09   1.003890E-08  -1.271638E-02
   1.536412E-09   1.642569E-09  -2.569854E-01
  -9.232618E-09   3.561572E-09  -1.177416E-01
   4.906659E-09  -3.511524E-09  -4.382444E-02
  -4.433172E-09  -7.872609E-10  -2.378826E-02
   1.078266E-09  -4.331446E-10  -1.950577E-03
  -3.166358E-10   2.358810E-09   8.776660E-03
   4.950346E-10  -1.443645E-09  -1.354131E-02
  -6.344823E-09   2.211463E-08   4.644665E-01
  -4.993997E-08  -5.339118E-08  -1.087543E-01
   1.022612E-08  -1.352735E-09   7.649362E-02
   1.665385E-08   2.665342E-08  -7.320733E-02
   3.424818E-09   1.743220E-08   2.671497E-02
   9.291423E-09  -5.211937E-09   4.855460E-02
  -5.956064E-10  -3.414310E-09  -1.285552E-02
   8.760407E-09   1.792047E-09  -2.570212E-01
  -1.914042E-09  -4.681450E-10  -1.178818E-01
   3.925959E-09  -4.194752E-09  -4.449153E-02
  -4.172553E-10  -4.500539E-09  -2.419568E-02
   8.057076E-10   1.780198E-09  -1.923987E-03
   4.601179E-09   1.194159E-10   8.844657E-03
   1.594690E-09   2.695196E-09  -1.346999E-02
   2.851454E-09   3.475238E-10   4.641805E-01
  -6.293796E-09   1.181169E-08  -1.086822E-01
   3.795208E-09  -1.712923E-08   7.465080E-02
   2.878014E-08   3.182307E-08  -7.422298E-02
  -2.767204E-09  -1.816575E-08   2.714363E-02
  -1.451199E-08  -1.855497E-09   4.868357E-02
  -1.217356E-09  -1.406990E-08  -1.257061E-02
  -1.025883E-10   6.108785E-10  -2.568912E-01
   5.078307E-10  -6.666964E-10  -1.176594E-01
  -3.759350E-09   5.918264E-09  -4.320588E-02
  -3.203199E-09   1.692100E-12  -2.339311E-02
  -4.323486E-10  -2.868556E-10  -1.976635E-03
  -5.501223E-10  -1.066379E-09   8.804622E-03
  -3.131159E-09   2.707417E-09  -1.364636E-02
  -1.753054E-08  -1.477105E-08  -4.682696E-01
  -2.016286E-08   5.692965E-08   1.115593E-01
   1.469512E-08  -3.267380E-08  -7.796690E-02
   2.124208E-08  -3.874895E-08   7.645376E-02
   1.046910E-08   5.927644E-09  -2.743105E-02
  -1.264514E-08   2.743327E-08  -4.962245E-02
   4.751294E-09  -9.128999E-09   1.258760E-02
  -7.424468E-09  -5.949182E-09   2.573450E-01
   4.647783E-09   3.342934E-09   1.173615E-01
   1.479565E-09   1.107275E-08   4.506443E-02
  -4.783735E-10  -3.911939E-09   2.387326E-02
  -1.779288E-09  -1.501606E-09   2.151485E-03
   1.182823E-09  -1.314293E-09  -9.049949E-03
   1.525786E-09   3.251328E-09   1.391793E-02
  -4.324749E-09  -6.097952E-09  -4.606674E-01
  -4.321898E-08   1.947254E-08   1.060509E-01
   1.765237E-08  -2.051090E-08  -7.325239E-02
   1.291620E-08  -8.464128E-09   7.108666E-02
   1.360494E-08   2.475579E-09  -2.645641E-02
  -5.794227E-09   6.741597E-09  -4.766352E-02
   7.058187E-09  -8.346124E-09   1.283915E-02
  -4.806097E-10  -1.915067E-09   2.566268E-01
   3.391817E-09   5.449325E-09   1.182330E-01
  -3.113364E-10   1.089095E-08   4.268895E-02
  -1.124418E-09  -5.460354E-09   2.370714E-02
  -1.640303E-09   9.128403E-10   1.757531E-03
   2.375031E-09   2.366860E-09  -8.607672E-03
  -1.292155E-10   2.441859E-09   1.320880E-02
   1.569495E-07  -3.105582E-07  -4.619231E-01
  -6.542556E-07   5.517294E-07   1.049575E-01
   2.303658E-07   3.238196E-07  -7.636632E-02
   4.823454E-08   4.670091E-08   7.646719E-02
   1.253397E-07  -1.390055E-07  -2.639476E-02
   3.629300E-07  -3.240623E-07  -4.791972E-02
  -2.817893E-07  -1.365295E-07   1.200296E-02
   7.147977E-08   5.554655E-08   2.572026E-01
  -2.198317E-08  -1.144098E-08   1.170109E-01
  -9.133936E-08  -6.955250E-08   4.376825E-02
  -4.984631E-08   2.146079E-08   2.298045E-02
   9.205580E-09  -1.020510E-08   2.101740E-03
  -1.535829E-08  -2.556297E-08  -8.729430E-03
  -1.260251E-09   3.416125E-08   1.354871E-02
   4.344760E-07  -3.758906E-07  -4.666969E-01
  -1.892513E-07   6.303854E-07   1.125523E-01
   8.762569E-08   2.560026E-07  -7.482516E-02
  -2.502319E-07  -2.662633E-07   7.095783E-02
   2.417193E-07   5.028247E-08  -2.749203E-02
   3.543644E-07  -1.392585E-07  -4.932799E-02
  -4.137091E-07  -8.000344E-08   1.345115E-02
  -1.595902E-07  -8.000595E-08   2.566501E-01
  -5.379668E-08   3.058824E-08   1.185274E-01
  -5.134269E-08  -3.130239E-08   4.396675E-02
  -4.214771E-08   4.283009E-09   2.461301E-02
   8.911648E-09  -1.143328E-08   1.796428E-03
  -5.572059E-09  -2.907996E-08  -8.931583E-03
   5.228800E-10   3.851179E-08   1.355563E-02
   3.585176E-07   4.204519E-07   4.630459E-01
  -2.159094E-07  -1.488389E-06  -1.048891E-01
  -1.258034E-08  -5.204333E-07   7.647694E-02
   2.470684E-07   1.694754E-06  -7.673240E-02
   9.224334E-08   2.284216E-07   2.646245E-02
  -4.726268E-07  -7.488560E-08   4.798251E-02
   7.206470E-08  -8.508275E-08  -1.214864E-02
  -1.590856E-07  -1.105434E-07  -2.578040E-01
   4.744873E-09  -1.949708E-08  -1.171844E-01
   7.234552E-08   7.563942E-08  -4.387110E-02
   8.671405E-08  -5.921621E-09  -2.320263E-02
  -1.313511E-08  -5.230103E-08  -2.129657E-03
   2.944532E-08   4.677367E-08   8.834355E-03
   1.702399E-08  -7.235706E-08  -1.359086E-02
   2.054834E-07  -3.171276E-07  -4.655542E-01
  -3.105967E-07   5.926871E-07   1.126263E-01
   1.486080E-07   1.781798E-07  -7.470703E-02
  -2.159490E-07  -1.442476E-07   7.068411E-02
   2.733623E-07   5.140239E-08  -2.743727E-02
   3.149955E-07  -2.728187E-07  -4.926990E-02
  -3.856230E-07  -8.427595E-08   1.330183E-02
   8.686119E-08   6.942348E-08   2.560456E-01
  -3.588909E-08  -2.759682E-08   1.183514E-01
  -5.999104E-08  -3.641377E-08   4.386189E-02
  -5.510943E-08   2.040504E-08   2.438685E-02
  -5.648463E-09  -1.010220E-08   1.767513E-03
   2.409543E-09  -1.916620E-08  -8.822543E-03
  -1.371436E-08   2.783111E-08   1.352087E-02
  -2.127238E-07   3.486932E-07   4.643989E-01
   3.177331E-07  -5.775789E-07  -1.086382E-01
  -4.405624E-08  -3.455562E-07   7.558520E-02
   1.235234E-07   2.998513E-08  -7.372712E-02
  -3.400758E-07   1.592326E-07   2.697450E-02
  -2.483955E-07   1.900764E-07   4.841136E-02
   3.028278E-07   2.089941E-07  -1.274936E-02
   4.766502E-09  -2.589996E-08  -2.570465E-01
   1.781502E-08   1.987070E-08  -1.177462E-01
   6.325114E-08   5.936574E-08  -4.383174E-02
   3.055608E-08  -9.663060E-09  -2.382451E-02
   5.369277E-09  -1.633676E-08  -1.996099E-03
   1.651778E-08   1.281724E-08   8.947795E-03
   2.364320E-08  -4.833248E-08  -1.353187E-02
   1.851650E-07  -3.703758E-07  -4.642541E-01
  -4.161063E-07   5.712740E-07   1.087988E-01
   9.531630E-08   3.478691E-07  -7.555480E-02
  -4.796388E-08  -9.529732E-08   7.371084E-02
   3.411853E-07  -1.244091E-07  -2.688450E-02
   2.449093E-07  -2.368691E-07  -4.882742E-02
  -3.496518E-07  -8.147369E-08   1.267866E-02
   2.415855E-08   3.743365E-08   2.568683E-01
  -9.093011E-09  -3.955183E-08   1.177960E-01
  -5.437735E-08  -5.367906E-08   4.385987E-02
  -4.684371E-08   1.051402E-08   2.375907E-02
  -3.625960E-09   1.408170E-08   1.904649E-03
  -1.566245E-08  -3.311669E-08  -8.702071E-03
  -7.812015E-09   5.079530E-08   1.358404E-02
   1.163818E-07  -4.085262E-07  -4.640933E-01
  -3.314259E-07   5.883216E-07   1.089598E-01
   9.680774E-08   3.433087E-07  -7.585348E-02
  -1.299257E-07  -4.116940E-08   7.358342E-02
   3.429211E-07  -8.350790E-08  -2.689498E-02
   2.945241E-07  -2.804148E-07  -4.868700E-02
  -3.301282E-07  -1.333000E-07   1.273173E-02
   2.734401E-08   3.954474E-08   2.569255E-01
   4.414998E-09  -2.627675E-08   1.177120E-01
  -5.420867E-08  -4.365994E-08   4.391284E-02
  -5.505536E-08   6.304993E-09   2.381014E-02
  -5.719593E-09   4.181643E-09   1.934461E-03
  -2.407757E-08  -2.889079E-08  -8.812459E-03
  -1.609715E-08   5.676850E-08   1.354203E-02
  -1.175048E-07   3.991254E-07   4.645664E-01
   2.842762E-07  -5.089687E-07  -1.084786E-01
  -1.902156E-07  -3.073857E-07   7.528423E-02
   2.100531E-07   1.289544E-07  -7.385734E-02
  -3.322800E-07  -4.900293E-08   2.696623E-02
  -3.611395E-07   1.344236E-07   4.855469E-02
   4.021606E-07   1.398268E-07  -1.269387E-02
  -1.770716E-08  -3.598335E-08  -2.569945E-01
   1.018503E-08   2.144460E-08  -1.178310E-01
   9.203603E-08   4.970321E-08  -4.377895E-02
   3.619754E-08  -5.173350E-09  -2.377516E-02
   5.526485E-10   1.012267E-08  -1.966600E-03
   2.297258E-08   3.267443E-08   8.836906E-03
   1.849546E-08  -5.723209E-09  -1.357494E-02
   2.630956E-07  -4.968228E-07  -4.633249E-01
  -2.683806E-07   6.645619E-07   1.079296E-01
   4.147778E-08   4.193299E-07  -7.636105E-02
  -1.283673E-07  -1.349305E-07   7.389915E-02
   3.009336E-07  -2.891515E-07  -2.760259E-02
   2.574034E-07  -1.299580E-07  -4.745601E-02
  -3.084037E-07  -2.751520E-08   1.303671E-02
  -5.194047E-08  -5.051025E-09   2.563159E-01
  -2.641330E-08  -6.813127E-09   1.180024E-01
  -4.468815E-08  -3.680610E-08   4.466706E-02
  -5.629314E-08   2.738258E-08   2.319254E-02
   9.018829E-09  -5.853668E-09   1.926911E-03
  -1.876995E-08  -3.752328E-08  -9.024286E-03
  -1.932471E-08   4.768745E-08   1.347332E-02
  -1.709316E-07   4.061530E-07   4.653737E-01
   4.018486E-07  -5.682242E-07  -1.095047E-01
  -2.056531E-07  -2.460591E-07   7.478052E-02
   7.321688E-08   2.461283E-08  -7.356022E-02
  -1.627409E-07   9.821779E-08   2.625247E-02
  -2.808638E-07   1.813722E-07   4.979144E-02
   2.404125E-07   1.212812E-07  -1.239237E-02
   2.047519E-08  -1.165013E-08  -2.576142E-01
   2.616565E-08   1.392915E-08  -1.175452E-01
   6.838733E-08   3.743607E-08  -4.302442E-02
   4.835876E-08   3.850261E-09  -2.439818E-02
  -6.956878E-09  -9.255303E-09  -1.973573E-03
   2.100781E-08   3.105867E-08   8.625213E-03
   4.018638E-09  -7.223419E-08  -1.364187E-02
  -2.888402E-07   2.925954E-07   4.647138E-01
   4.055105E-07  -4.131602E-07  -1.095023E-01
  -1.054633E-07  -2.746242E-07   7.482916E-02
   2.501992E-08   3.588598E-08  -7.320996E-02
  -2.921556E-07   1.046603E-07   2.686449E-02
  -3.064129E-07   1.451266E-07   4.895208E-02
   3.087847E-07   1.100644E-07  -1.247114E-02
   1.227219E-07   4.935710E-08  -2.571834E-01
   4.386866E-08  -2.203804E-08  -1.175005E-01
   5.347844E-08   4.601846E-08  -4.327932E-02
   4.518088E-08  -1.623698E-08  -2.393265E-02
   7.763565E-09  -1.205504E-08  -2.061649E-03
   1.480504E-08   2.438958E-08   8.807077E-03
   1.524759E-08  -5.407947E-08  -1.379722E-02
  -1.437910E-07  -3.643881E-07  -4.639737E-01
   1.359198E-07   9.452672E-07   1.079729E-01
   2.774454E-07   4.209573E-07  -7.631809E-02
  -2.681881E-07  -1.202967E-06   7.422540E-02
   6.019962E-09   3.001781E-07  -2.699757E-02
   3.716775E-07   4.233585E-08  -4.828878E-02
  -3.663341E-07  -1.519505E-07   1.294699E-02
   1.457362E-07   1.171975E-07   2.567397E-01
   1.161638E-08  -5.118453E-08   1.180493E-01
  -9.860857E-08  -3.930959E-08   4.441387E-02
  -3.464038E-08  -2.293179E-08   2.364519E-02
   6.210965E-09   3.654036E-08   1.841890E-03
  -4.232023E-08  -3.792784E-08  -8.839451E-03
  -2.434699E-08   8.159579E-08   1.331881E-02
   4.552474E-07  -1.193525E-07  -4.640273E-01
  -3.598519E-07   3.365537E-07   1.074882E-01
   1.606533E-07   2.717022E-07  -7.566543E-02
  -1.177330E-07  -5.719334E-08   7.513224E-02
   2.368036E-07  -1.038085E-07  -2.688654E-02
   4.119298E-07  -1.637946E-07  -4.851348E-02
  -3.539736E-07  -1.300713E-07   1.275141E-02
  -2.269824E-07  -1.120673E-07   2.570841E-01
  -9.394089E-08   3.886884E-08   1.178714E-01
  -6.986239E-08  -5.743317E-08   4.397267E-02
  -3.232621E-08   4.008459E-09   2.295137E-02
  -9.815408E-09   8.512281E-09   2.000410E-03
  -3.255176E-08  -2.379117E-08  -8.800838E-03
  -6.738340E-09   7.481382E-08   1.342723E-02
   1.697782E-07  -3.195314E-07  -4.646048E-01
  -2.727546E-07   5.469037E-07   1.099616E-01
   1.027343E-07   3.106659E-07  -7.546952E-02
  -9.928438E-08  -5.753418E-08   7.229205E-02
   2.328828E-07  -6.587588E-08  -2.696028E-02
   2.812494E-07  -2.246860E-07  -4.871755E-02
  -2.771619E-07  -1.537532E-07   1.266870E-02
  -2.403889E-08   2.608944E-09   2.568326E-01
  -2.015722E-08  -2.117285E-08   1.176562E-01
  -6.060014E-08  -6.061146E-08   4.370546E-02
  -5.459797E-08   1.010452E-08   2.462735E-02
   1.558272E-08   3.661875E-09   1.900440E-03
  -3.256651E-08  -4.219825E-08  -8.843837E-03
  -1.261953E-08   6.034343E-08   1.368446E-02
   2.113336E-08   2.536781E-08  -4.643669E-01
   3.654440E-08  -4.295270E-09   1.086407E-01
  -2.392231E-08   2.728856E-08  -7.559511E-02
  -1.620274E-08  -2.770669E-08   7.375115E-02
  -1.469243E-08  -1.720718E-08  -2.688063E-02
   2.555422E-08  -1.239570E-08  -4.860755E-02
  -1.299658E-08   7.788111E-09   1.269396E-02
  -5.050379E-09  -3.719623E-09   2.569868E-01
  -4.418908E-09   1.506278E-09   1.177922E-01
  -7.186066E-09  -1.365632E-09   4.387132E-02
   5.778148E-10   5.523241E-09   2.378860E-02
  -2.762337E-10  -3.152454E-11   1.938388E-03
  -1.670124E-10   1.054505E-09  -8.790180E-03
   1.100410E-09  -1.808984E-09   1.353041E-02
   1.419381E-08  -1.466034E-08  -4.642879E-01
  -5.379136E-08   1.706046E-08   1.087991E-01
   2.090554E-08  -1.868121E-08  -7.554429E-02
  -3.399721E-10  -1.689693E-08   7.368605E-02
   1.989061E-08   1.674491E-08  -2.697631E-02
   6.701143E-09   4.190011E-08  -4.863069E-02
  -9.960861E-10  -1.814854E-08   1.273086E-02
  -7.079707E-10  -2.884817E-09   2.569299E-01
  -5.948711E-10  -2.764925E-09   1.177508E-01
  -1.589465E-09   2.007888E-10   4.381960E-02
  -3.405499E-09  -9.977225E-10   2.379615E-02
   4.069066E-10  -1.428572E-09   1.962344E-03
  -1.241923E-09  -7.928882E-10  -8.859961E-03
   5.553675E-10   1.388354E-09   1.358575E-02
  -2.659566E-08   4.538668E-09   4.644626E-01
   2.268758E-09   2.735690E-08  -1.087650E-01
   2.145933E-08  -1.023386E-08   7.639652E-02
  -1.389826E-08  -2.553510E-08  -7.408258E-02
  -4.730609E-09   8.556426E-09   2.665928E-02
   5.808791E-09   1.306984E-08   4.874234E-02
   2.359631E-09  -4.264844E-09  -1.275175E-02
  -3.709805E-11  -7.580769E-09  -2.570263E-01
   5.572911E-09  -9.616375E-10  -1.178455E-01
   9.547771E-10  -3.602773E-09  -4.439571E-02
   2.230808E-09  -4.703554E-10  -2.350964E-02
   1.857768E-09   2.536461E-09  -1.921050E-03
   9.952583E-10  -2.652745E-09   8.799961E-03
   1.789584E-09  -7.729535E-10  -1.351381E-02
   2.816582E-08   3.003904E-08  -4.641854E-01
   2.736916E-09  -3.522579E-08   1.086721E-01
  -1.726027E-08   6.007322E-09  -7.474618E-02
   1.890338E-08   3.150172E-08   7.334690E-02
  -4.677113E-09  -1.895220E-08  -2.719914E-02
   8.528598E-09   1.778274E-09  -4.849490E-02
  -1.933990E-08   8.659895E-09   1.267449E-02
   5.114569E-09  -1.844146E-09   2.568860E-01
  -1.298269E-08  -6.802034E-09   1.176961E-01
   1.996205E-11  -1.334180E-08   4.330003E-02
  -4.805940E-09   1.692102E-09   2.407830E-02
  -9.829689E-10  -2.191124E-09   1.979585E-03
  -3.605553E-09  -1.218628E-09  -8.849348E-03
   1.943230E-10  -9.234264E-11   1.360217E-02
   1.982815E-07  -3.680087E-07  -4.637003E-01
  -3.051086E-07   5.937490E-07   1.088270E-01
  -1.413714E-09   3.830258E-07  -7.563110E-02
  -1.858257E-07  -2.280587E-07   7.370562E-02
   3.031176E-07  -8.552135E-08  -2.722191E-02
   3.619708E-07  -1.624342E-07  -4.856387E-02
  -3.108980E-07  -1.077140E-07   1.279178E-02
   4.040877E-08   5.327045E-08   2.564867E-01
  -2.233706E-09  -2.764612E-08   1.177654E-01
  -7.162581E-08  -6.627259E-08   4.404833E-02
  -5.072743E-08   1.092843E-08   2.335155E-02
   9.120166E-09  -2.653964E-09   1.989450E-03
  -3.588478E-08  -3.581079E-08  -8.891910E-03
  -9.834969E-09   3.877190E-08   1.376788E-02
   3.536711E-07  -5.014616E-07  -4.649657E-01
  -6.914892E-07   5.062959E-07   1.086076E-01
   2.231318E-07   8.164004E-07  -7.550899E-02
   2.215064E-07  -5.294739E-07   7.374060E-02
   1.329796E-07  -1.691992E-07  -2.663713E-02
   2.302218E-07  -1.779913E-07  -4.868287E-02
  -3.075477E-07   7.694410E-08   1.263778E-02
  -6.379600E-08   1.647618E-08   2.574346E-01
  -6.787455E-08   2.069469E-08   1.177759E-01
  -5.202229E-08  -8.098397E-08   4.364461E-02
  -5.581674E-08   6.037431E-10   2.423737E-02
   1.851692E-09   5.373794E-09   1.909464E-03
  -1.939095E-08  -2.486799E-08  -8.757614E-03
  -1.330052E-08   5.277195E-08   1.335144E-02
  -1.593193E-07   3.592744E-07   4.642994E-01
   3.495012E-07  -6.013139E-07  -1.086947E-01
  -7.260107E-08  -3.872937E-07   7.557558E-02
   4.468523E-08   1.941959E-08  -7.371944E-02
  -2.405422E-07   1.845791E-07   2.700530E-02
  -3.057261E-07   2.353779E-07   4.855903E-02
   3.216226E-07   1.588309E-07  -1.276287E-02
  -8.814255E-09  -2.853133E-08  -2.569505E-01
   1.049493E-08   2.581879E-08  -1.177654E-01
   5.510683E-08   5.405970E-08  -4.386484E-02
   3.906684E-08  -1.145855E-08  -2.378192E-02
  -8.913396E-09   9.595755E-10  -1.945196E-03
   1.698572E-08   4.236628E-08   8.827061E-03
   1.978269E-08  -4.770295E-08  -1.353935E-02
  -1.422406E-07   3.629221E-07   4.643556E-01
   3.092450E-07  -5.442296E-07  -1.087426E-01
  -1.305433E-07  -3.049542E-07   7.556498E-02
   1.563752E-07  -7.258061E-09  -7.371893E-02
  -3.028386E-07   9.756596E-08   2.685298E-02
  -2.619125E-07   2.234116E-07   4.868090E-02
   2.996914E-07   1.187667E-07  -1.266465E-02
  -7.815599E-09  -2.741341E-08  -2.569662E-01
   9.510579E-09   3.692974E-08  -1.177761E-01
   6.787412E-08   6.895641E-08  -4.382655E-02
   5.152589E-08   1.245091E-08  -2.380251E-02
  -8.785338E-09   1.453032E-09  -1.955443E-03
   1.764791E-08   2.870015E-08   8.822251E-03
   4.080235E-09  -6.230906E-08  -1.357672E-02
   1.148570E-07  -5.377272E-07  -4.642748E-01
  -3.806157E-07   8.139682E-07   1.088403E-01
   1.562115E-07   3.252864E-07  -7.556903E-02
  -3.187155E-08  -2.043728E-07   7.372365E-02
   2.644449E-07  -1.935342E-07  -2.700408E-02
   3.308938E-07  -1.649844E-07  -4.876037E-02
  -3.606779E-07  -2.433288E-08   1.266697E-02
   3.303556E-09   2.740150E-08   2.568996E-01
   3.013603E-09  -2.403220E-08   1.177770E-01
  -6.264124E-08  -5.345132E-08   4.384968E-02
  -5.824733E-08   8.753059E-09   2.374610E-02
   2.243863E-09   2.793139E-10   1.996036E-03
  -4.155715E-08  -2.853715E-08  -8.710445E-03
  -1.215454E-08   4.254425E-08   1.356783E-02
   1.240431E-07   1.083455E-07  -4.643777E-01
  -2.630845E-08  -3.715602E-08   1.085982E-01
  -7.295838E-08   4.117599E-07  -7.557084E-02
  -1.380044E-07  -1.945746E-07   7.371347E-02
  -6.785019E-08  -1.334583E-07  -2.685456E-02
   1.575349E-07  -1.866390E-07  -4.847806E-02
  -3.942385E-08  -6.353282E-10   1.276035E-02
  -1.207281E-08   1.965362E-08   2.570151E-01
   1.974508E-08  -5.726556E-08   1.177649E-01
   4.292874E-09   3.593977E-09   4.384202E-02
   2.913562E-08  -3.248869E-09   2.383760E-02
   3.411815E-08  -2.809824E-09   1.904604E-03
  -1.445562E-09  -9.415810E-09  -8.939466E-03
  -5.254909E-09   8.747034E-08   1.354825E-02
  -1.424920E-07   3.780453E-07   4.641919E-01
   2.588747E-07  -4.885151E-07  -1.087790E-01
  -1.644227E-07  -3.956644E-07   7.574223E-02
   2.014776E-07  -1.412297E-08  -7.353261E-02
  -2.676568E-07   1.282263E-07   2.690794E-02
  -2.820116E-07   2.652063E-07   4.857274E-02
   3.047886E-07   1.259537E-07  -1.275591E-02
  -7.272060E-09  -2.951132E-08  -2.569965E-01
   8.422903E-09   2.886532E-08  -1.176809E-01
   8.822067E-08   4.798387E-08  -4.387952E-02
   3.745669E-08  -6.221994E-09  -2.392758E-02
  -2.632662E-09  -7.009860E-09  -1.925628E-03
   8.983219E-09   2.214865E-08   8.825398E-03
   2.043848E-08  -5.025122E-08  -1.352761E-02
   1.375025E-07  -3.906273E-07  -4.644690E-01
  -3.959790E-07   5.738846E-07   1.086577E-01
   2.660887E-07   2.924718E-07  -7.539380E-02
  -1.652334E-07  -2.933727E-08   7.391008E-02
   1.902736E-07  -8.767478E-08  -2.695311E-02
   3.048700E-07  -2.580337E-07  -4.866827E-02
  -2.919655E-07  -4.690652E-08   1.266950E-02
   2.865093E-08   3.947008E-08   2.569231E-01
   1.079564E-09  -2.110063E-08   1.178619E-01
  -7.984176E-08  -4.729766E-08   4.381143E-02
  -4.031564E-08   1.447996E-08   2.365716E-02
   5.685083E-09  -3.072885E-08   1.975526E-03
  -1.502853E-08  -2.381781E-08  -8.823902E-03
  -4.584245E-09   1.215929E-08   1.358933E-02
  -2.127488E-07   3.354679E-07   4.650526E-01
   3.689836E-07  -4.978526E-07  -1.084981E-01
  -1.719657E-07  -3.449262E-07   7.623814E-02
   1.044311E-07   9.959384E-08  -7.466276E-02
  -1.737411E-07   1.310282E-07   2.708745E-02
  -3.909425E-07   1.957545E-07   4.846073E-02
   3.549271E-07   6.014757E-08  -1.273766E-02
   2.756229E-08  -6.330128E-09  -2.576672E-01
   2.076483E-08   1.167839E-08  -1.177787E-01
   7.014047E-08   6.101663E-08  -4.415276E-02
   4.927860E-08  -1.284113E-08  -2.345290E-02
  -1.050623E-08   2.589117E-09  -1.975706E-03
   1.880169E-08   2.824754E-08   8.944656E-03
   6.794369E-09  -5.435849E-08  -1.359001E-02
   8.114131E-10  -4.907282E-07  -4.635978E-01
  -3.252177E-07   6.411638E-07   1.089327E-01
   1.297179E-10   4.226047E-07  -7.490600E-02
  -6.463894E-08   9.503610E-09   7.278192E-02
   3.364028E-07  -1.337547E-07  -2.677258E-02
   2.269842E-07  -3.175965E-07  -4.877995E-02
  -3.046781E-07  -1.864468E-07   1.269179E-02
   1.722232E-07   1.246387E-07   2.562453E-01
   5.102725E-08  -7.383223E-08   1.177661E-01
  -5.275034E-08  -5.346263E-08   4.354211E-02
  -7.079377E-08   1.601277E-08   2.412830E-02
   1.039362E-08   4.914524E-09   1.923706E-03
  -3.371314E-08  -3.283382E-08  -8.705647E-03
  -1.006068E-08   6.628540E-08   1.352756E-02
   1.699997E-07  -3.714621E-07  -4.396779E-01
  -3.152678E-07   5.347762E-07   1.005400E-01
  -4.662377E-09   3.183720E-07  -7.432394E-02
   1.770126E-08  -1.274770E-08   6.799412E-02
   3.032572E-07  -3.720133E-08  -2.631894E-02
   3.016288E-07  -2.320029E-07  -4.672774E-02
  -3.387236E-07  -1.894431E-07   1.385523E-02
  -1.007243E-08   1.673681E-08   2.482668E-01
  -2.232264E-08  -7.310019E-09   1.127201E-01
  -6.551359E-08  -6.415987E-08   4.275042E-02
  -7.221266E-08   4.137472E-09   2.360034E-02
   1.350622E-08   3.480233E-09   1.781027E-03
  -2.280301E-08  -3.422745E-08  -8.510143E-03
  -9.182192E-09   6.521476E-08   1.331091E-02
  -2.075448E-07   5.296506E-07   4.894190E-01
   2.598917E-07  -7.489128E-07  -1.170597E-01
  -5.190109E-08  -2.492193E-07   7.698208E-02
   1.500760E-07   2.036486E-07  -7.944618E-02
  -2.374747E-07   8.017746E-08   2.751679E-02
  -2.497075E-07   5.710563E-08   5.055110E-02
   2.206692E-07   8.646084E-08  -1.168316E-02
   4.705910E-08   5.268012E-09  -2.657264E-01
   2.031883E-08   1.133273E-08  -1.230322E-01
   5.117181E-08   6.783547E-08  -4.495446E-02
   3.088095E-08  -6.687111E-09  -2.401657E-02
  -1.354804E-08  -3.153955E-09  -2.117677E-03
   3.663571E-08   4.000538E-08   9.148462E-03
   9.591552E-09  -5.703938E-08  -1.381266E-02
  -3.297246E-07  -6.631383E-07  -4.603944E-01
  -3.375533E-07   7.419451E-07   1.071035E-01
   1.680931E-07   3.553147E-07  -7.617656E-02
  -1.024091E-07   5.847428E-09   7.422165E-02
   3.277858E-07  -3.966088E-08  -2.646833E-02
   2.247866E-07  -3.365637E-07  -4.827450E-02
  -3.386822E-07  -1.499938E-07   1.269276E-02
   3.753343E-07   2.528889E-07   2.561733E-01
   9.899688E-08  -1.213130E-07   1.161126E-01
  -7.769470E-08  -6.058413E-08   4.360613E-02
  -7.065487E-08   2.058800E-08   2.341613E-02
   6.887543E-09   3.355636E-09   1.998208E-03
  -3.050808E-08  -3.344032E-08  -8.850351E-03
   2.713221E-10   3.835010E-08   1.344415E-02
  -2.511501E-07   3.758742E-07   4.683944E-01
   4.327609E-07  -5.003932E-07  -1.103795E-01
  -1.102670E-07  -3.393196E-07   7.493364E-02
   6.858159E-08   1.393788E-07  -7.319684E-02
  -4.102067E-07   9.427243E-08   2.740542E-02
  -2.283725E-07   5.752304E-08   4.897168E-02
   3.440166E-07   1.485205E-07  -1.273207E-02
   2.687092E-08  -1.174984E-08  -2.577570E-01
   2.978392E-08   1.598169E-08  -1.194998E-01
   7.144934E-08   6.825802E-08  -4.409064E-02
   3.092260E-08   1.449461E-09  -2.417884E-02
   5.701020E-09  -1.060958E-08  -1.900635E-03
   2.882208E-08   2.079202E-08   8.797110E-03
   1.988651E-08  -5.110563E-08  -1.367520E-02
  -1.436057E-07   3.668433E-07   4.645591E-01
   2.532619E-07  -4.994678E-07  -1.072350E-01
  -1.316367E-07  -2.972883E-07   7.550152E-02
   1.525758E-07   5.575021E-08  -7.354793E-02
  -2.042027E-07  -2.425280E-08   2.770301E-02
  -2.888322E-07   2.466510E-07   4.867567E-02
   3.002093E-07   9.910898E-08  -1.244856E-02
  -2.719781E-09  -2.484244E-08  -2.562407E-01
   1.592890E-08   1.576322E-08  -1.201061E-01
   7.299166E-08   5.971611E-08  -4.465210E-02
   2.697447E-08  -3.965166E-09  -2.382867E-02
  -6.521267E-10   1.014512E-08  -1.995757E-03
   1.534506E-08   2.490306E-08   8.779529E-03
  -8.120848E-09  -2.476261E-08  -1.381708E-02
   7.389953E-08   1.303852E-07  -4.642227E-01
   1.479655E-08  -8.311462E-08   1.102456E-01
  -1.485060E-08   4.318035E-07  -7.562233E-02
  -1.580001E-07  -1.638088E-07   7.390556E-02
  -1.455826E-07  -2.763952E-07  -2.617586E-02
   1.700467E-07  -8.322507E-08  -4.857120E-02
  -3.245097E-09   2.834133E-08   1.296908E-02
  -6.039172E-09   2.181669E-08   2.577192E-01
   2.038941E-08  -5.937158E-08   1.154553E-01
  -2.350342E-09   1.553694E-08   4.305626E-02
   2.156753E-08  -1.615732E-08   2.375687E-02
   2.166591E-08   1.133446E-08   1.905701E-03
   1.325944E-08  -2.406574E-08  -8.870291E-03
  -1.832523E-10   7.219294E-08   1.330384E-02
  -2.096561E-07   3.552375E-07   4.702806E-01
   4.040765E-07  -5.013000E-07  -1.098104E-01
  -1.522708E-07  -3.507252E-07   7.544909E-02
   2.151605E-08   1.093387E-07  -7.425283E-02
  -2.510588E-07   1.123959E-07   2.728312E-02
  -2.813940E-07   1.360411E-07   4.899260E-02
   3.121466E-07   1.504338E-07  -1.250525E-02
   3.743228E-08  -2.769311E-09  -2.588763E-01
   3.025040E-08   1.316949E-08  -1.202356E-01
   5.922186E-08   5.907585E-08  -4.417113E-02
   5.691208E-08  -1.518967E-08  -2.398975E-02
   5.753661E-09  -1.641900E-08  -1.961887E-03
   1.918078E-08   2.545748E-08   8.843239E-03
   7.694984E-09  -6.484731E-08  -1.367798E-02
   1.063982E-07  -4.130917E-07  -4.584400E-01
  -3.597415E-07   5.355408E-07   1.076262E-01
   1.062465E-07   3.345463E-07  -7.569983E-02
  -9.400043E-08  -2.967090E-08   7.319955E-02
   2.185652E-07  -1.077179E-07  -2.657664E-02
   2.999321E-07  -2.009012E-07  -4.825480E-02
  -2.288915E-07  -1.049601E-07   1.292064E-02
   3.761007E-08   4.728722E-08   2.550771E-01
   3.743501E-09  -3.440938E-08   1.153312E-01
  -6.888221E-08  -5.369038E-08   4.352478E-02
  -6.049825E-08   8.696754E-09   2.359903E-02
   5.822112E-09  -5.866231E-09   1.939422E-03
  -2.687314E-08  -3.002487E-08  -8.806744E-03
  -4.771265E-09   5.079487E-08   1.343998E-02
   1.172168E-03   3.476603E-03  -4.643185E-01
   6.902930E-05  -1.595361E-03   1.087155E-01
  -1.075365E-03   2.013217E-04  -7.556639E-02
   2.513221E-04  -2.873996E-04   7.371575E-02
  -1.723924E-05  -4.275933E-04  -2.692837E-02
   3.028364E-04  -1.255376E-04  -4.861864E-02
   5.299498E-05  -8.360047E-05   1.271405E-02
  -1.845516E-03  -1.527627E-03   2.569516E-01
   8.725411E-04  -2.135843E-04   1.177710E-01
   2.405204E-04   2.148837E-05   4.384437E-02
  -1.972473E-04  -4.221482E-06   2.379259E-02
   3.505099E-05  -9.842736E-06   1.950271E-03
   2.215635E-05  -1.013438E-05  -8.825649E-03
   2.555676E-07   1.353881E-04   1.355666E-02
  -5.302600E-04  -7.092782E-04   4.643167E-01
  -1.546817E-04   7.470833E-04  -1.087128E-01
  -7.413097E-05  -5.382782E-04   7.556573E-02
  -3.884464E-05   4.226216E-04  -7.372191E-02
   5.219618E-04   2.119116E-04   2.692942E-02
   3.504918E-04  -3.488087E-04   4.861872E-02
  -4.137543E-04  -1.290483E-04  -1.271222E-02
   7.022109E-04  -1.014805E-05  -2.569523E-01
  -3.196583E-04  -1.424645E-04  -1.177680E-01
   1.725858E-04   1.929883E-04  -4.384475E-02
  -9.813639E-05   3.199940E-05  -2.379170E-02
   2.387988E-05   1.101909E-05  -1.949972E-03
   5.317823E-06   9.403568E-05   8.824889E-03
  -4.366929E-05   2.403721E-04  -1.355776E-02
  -1.917405E-04   3.179588E-04   4.643219E-01
   8.671689E-04  -5.627586E-05  -1.087194E-01
  -3.530526E-04   4.045222E-04   7.556881E-02
  -6.267707E-05  -5.034051E-04  -7.372054E-02
  -3.946735E-04  -3.093273E-04   2.692826E-02
  -5.191118E-05   2.534847E-04   4.862470E-02
   7.194360E-04   8.305911E-05  -1.271187E-02
  -2.556253E-04  -3.005992E-04  -2.569546E-01
   6.169044E-05  -1.886455E-05  -1.177703E-01
   2.137170E-05   5.022637E-05  -4.384403E-02
  -5.943224E-05  -4.105863E-06  -2.379202E-02
  -3.985233E-05  -8.393787E-05  -1.950450E-03
  -2.040249E-04   1.448494E-04   8.822002E-03
  -6.425588E-06  -2.000738E-05  -1.355815E-02
  -1.829402E-03  -2.860810E-03   4.642875E-01
  -4.745717E-04   2.202547E-03  -1.086902E-01
   1.798062E-03   7.443465E-04   7.553382E-02
  -4.368962E-04   1.349731E-04  -7.373094E-02
   6.397181E-05  -2.622697E-04   2.693090E-02
  -6.730870E-04   6.389406E-04   4.862004E-02
   6.232919E-04   2.438210E-04  -1.271128E-02
   2.391713E-03   4.428965E-04  -2.569417E-01
  -1.113205E-03  -3.114536E-04  -1.177614E-01
  -8.571775E-04  -5.304706E-04  -4.382233E-02
   6.161523E-04  -1.945170E-04  -2.378112E-02
  -3.127270E-05   3.787583E-05  -1.951147E-03
   3.493209E-05  -3.018687E-05   8.823098E-03
   1.306519E-05   5.594533E-05  -1.355804E-02
  -1.821300E-03  -6.297579E-03   4.642869E-01
  -7.443657E-04   2.974605E-03  -1.086990E-01
   1.716984E-03  -1.456870E-03   7.557352E-02
  -5.154107E-04   1.002163E-03  -7.372153E-02
   5.526089E-04   1.300300E-03   2.692503E-02
   2.675446E-04  -4.053088E-04   4.862256E-02
  -1.225295E-03   1.616679E-04  -1.271567E-02
   3.475128E-03   2.801833E-03  -2.569384E-01
  -1.622905E-03   3.318520E-04  -1.177637E-01
  -1.165379E-05   2.444214E-04  -4.384673E-02
   1.101529E-04   8.892979E-05  -2.379174E-02
   2.036887E-06   5.304952E-05  -1.951149E-03
   5.283242E-05   4.407839E-05   8.826320E-03
  -2.748413E-07  -6.291292E-05  -1.355752E-02
   6.410680E-04  -9.453752E-03  -4.640998E-01
   3.535826E-03   1.788695E-03   1.085145E-01
   1.596201E-03   2.961374E-04  -7.555272E-02
  -1.324443E-03   4.814603E-03   7.373173E-02
  -1.061859E-03   6.907706E-05  -2.691098E-02
   2.959398E-03  -1.451023E-03  -4.860501E-02
  -9.983475E-04  -5.858834E-04   1.271357E-02
  -7.571008E-03  -1.060479E-03   2.570308E-01
   1.286303E-03   3.553847E-03   1.176520E-01
   3.280958E-04   1.721829E-04   4.382659E-02
   1.300056E-06   2.198960E-05   2.378502E-02
   9.119788E-05   9.570848E-06   1.948001E-03
  -3.411787E-05   3.469367E-04  -8.820896E-03
  -2.625008E-06  -4.984267E-05   1.355331E-02
   3.254630E-03   2.765113E-03  -4.643100E-01
  -2.716287E-04  -2.820820E-03   1.087256E-01
  -2.588234E-04   1.381438E-04  -7.555562E-02
   4.546271E-05   7.742642E-04   7.370748E-02
  -4.065535E-04  -1.194708E-04  -2.693112E-02
   2.317883E-04  -2.600723E-04  -4.862239E-02
   2.594117E-04  -6.328063E-05   1.271600E-02
  -3.036881E-03  -1.191082E-03   2.569375E-01
  -6.702265E-04   1.787403E-04   1.177696E-01
   3.988634E-04   2.094350E-04   4.383976E-02
   2.110821E-04  -6.195253E-06   2.379467E-02
   3.545856E-05   1.298934E-05   1.950005E-03
  -1.048725E-04   2.097286E-05  -8.825224E-03
   7.247629E-05   7.021095E-06   1.355771E-02
   6.940645E-04   7.342068E-04  -4.643214E-01
   3.373659E-04  -7.409440E-04   1.087190E-01
   9.796284E-05   4.893629E-04  -7.556835E-02
  -2.084938E-05  -8.467339E-05   7.372069E-02
  -3.149782E-04  -3.896247E-04  -2.693051E-02
   2.552915E-04  -8.148494E-05  -4.862285E-02
   1.645658E-04   6.628282E-05   1.271246E-02
  -8.121926E-04  -3.428417E-04   2.569554E-01
  -1.533943E-04   6.114870E-05   1.177698E-01
  -7.110185E-05  -9.823774E-05   4.384475E-02
  -7.613396E-05   3.452765E-05   2.379139E-02
   6.031344E-05   7.069592E-05   1.950798E-03
  -2.087591E-04   1.227046E-04  -8.822557E-03
  -3.098453E-06   5.053507E-06   1.355799E-02
  -2.012971E-03  -1.629779E-03   4.642965E-01
   2.723711E-03   3.262933E-03  -1.086956E-01
  -3.597001E-04   2.045032E-03   7.555128E-02
  -1.536468E-03  -3.500582E-03  -7.371976E-02
  -7.856563E-04  -1.986870E-03   2.692904E-02
  -7.184883E-04   2.231826E-03   4.861571E-02
   2.776411E-03  -4.088231E-05  -1.272031E-02
   1.398475E-03  -1.534294E-04  -2.569476E-01
   8.124403E-05  -1.964910E-04  -1.177650E-01
  -7.542799E-04  -1.107300E-04  -4.383051E-02
  -4.460845E-04   3.216586E-06  -2.378771E-02
  -6.242508E-05  -2.123298E-07  -1.948003E-03
  -8.110881E-05   1.012942E-04   8.827336E-03
   5.927577E-05   1.407841E-05  -1.355704E-02
  -3.079728E-04   2.139231E-03  -4.642857E-01
   4.306958E-03  -1.685217E-03   1.086827E-01
  -4.270922E-04   1.584585E-03  -7.557058E-02
  -7.538924E-04   6.363019E-04   7.371177E-02
  -1.406869E-03  -1.637507E-03  -2.692467E-02
   7.736778E-04   4.296397E-04  -4.860971E-02
   1.380448E-03  -4.341815E-04   1.271493E-02
  -5.646098E-03  -3.957893E-03   2.569995E-01
   1.980405E-03   1.208318E-03   1.177330E-01
   6.713838E-05   1.228168E-04   4.383777E-02
  -9.210847E-05  -3.796073E-05   2.378943E-02
   1.375666E-05   7.483463E-06   1.949902E-03
  -5.811530E-05   1.334721E-04  -8.824511E-03
   2.110470E-06   7.996088E-06   1.355546E-02
  -2.935641E-03   3.037619E-04  -4.642441E-01
   8.025062E-05  -1.671239E-04   1.086951E-01
   8.166034E-05   2.003165E-04  -7.557137E-02
  -1.579836E-04  -6.271797E-04   7.371605E-02
  -5.395142E-05  -1.441562E-04  -2.692434E-02
  -5.021450E-04   6.359396E-04  -4.861559E-02
   5.170473E-04   1.163467E-04   1.271450E-02
   4.898418E-03   1.279460E-03   2.569267E-01
  -1.267453E-03  -1.008098E-03   1.177465E-01
  -1.704557E-04   3.159221E-05   4.384138E-02
  -8.448879E-06  -5.087898E-05   2.378972E-02
  -2.984053E-05   2.120509E-05   1.950426E-03
   5.238901E-07   1.559384E-05  -8.824357E-03
  -9.786848E-06   3.630039E-06   1.355650E-02
