0
    2.972300000000000e-02
1    1,1    
   -4.669248027046606e-05
1    1,2    
   -1.982041054553549e-04
1    1,3    
   -3.163786955159354e-05
1    1,4    
   -1.986070379897826e-04
1    1,5    
    1.291041075921718e-04
1    1,6    
   -3.977105492955016e-04
1    1,7    
   -1.105240782934678e-05
1    1,8    
    3.997310549591455e-05
1    1,9    
    7.220167176044204e-04
1    1,10    
   -1.212141237697080e-04
1    1,11    
   -6.718855852712813e-05
1    1,12    
   -6.572692465669366e-05
1    1,13    
    6.295994147409177e-04
2    1,1    1,1    
   -2.655751746202661e-07
2    1,2    1,1    
   -4.442350719333583e-07
2    1,3    1,1    
    1.148115132912957e-06
2    1,4    1,1    
   -4.297528141072900e-07
2    1,5    1,1    
   -1.404234437392926e-07
2    1,6    1,1    
    3.227353192137856e-07
2    1,7    1,1    
    1.722194682766981e-07
2    1,8    1,1    
    1.225431287259237e-07
2    1,9    1,1    
   -9.303765260032256e-07
2    1,10    1,1    
    1.562005528615199e-07
2    1,11    1,1    
   -5.405870597379721e-07
2    1,12    1,1    
    6.835798434302188e-08
2    1,13    1,1    
    1.397786952655128e-06
2    1,2    1,2    
   -3.082253386699371e-07
2    1,3    1,2    
    1.967683106262933e-06
2    1,4    1,2    
   -7.639449366167192e-07
2    1,5    1,2    
   -8.158414146263101e-07
2    1,6    1,2    
    1.238605762288544e-07
2    1,7    1,2    
   -1.963657400806744e-09
2    1,8    1,2    
   -1.728401263841683e-07
2    1,9    1,2    
   -7.053778977342593e-07
2    1,10    1,2    
   -2.708583407616511e-07
2    1,11    1,2    
   -7.519700489346856e-09
2    1,12    1,2    
   -3.439502637079811e-08
2    1,13    1,2    
    6.375150221694051e-07
2    1,3    1,3    
   -4.348741921218980e-06
2    1,4    1,3    
    3.775096165073857e-06
2    1,5    1,3    
    9.506360980940643e-07
2    1,6    1,3    
    5.175305787704672e-07
2    1,7    1,3    
    1.825528934725841e-06
2    1,8    1,3    
    5.829126734553286e-07
2    1,9    1,3    
    1.065289304777072e-06
2    1,10    1,3    
   -1.054268785071295e-06
2    1,11    1,3    
    8.575936878058571e-07
2    1,12    1,3    
    1.136828073526638e-07
2    1,13    1,3    
    4.659451060478602e-06
2    1,4    1,4    
   -3.445209332515750e-07
2    1,5    1,4    
    1.715636926801083e-07
2    1,6    1,4    
   -8.407089769643690e-07
2    1,7    1,4    
    2.116716720307241e-07
2    1,8    1,4    
    2.398390001954400e-07
2    1,9    1,4    
    7.737217667230843e-07
2    1,10    1,4    
    6.888008154208319e-07
2    1,11    1,4    
    1.909929167203765e-08
2    1,12    1,4    
   -4.401031188591602e-07
2    1,13    1,4    
   -1.688057462231435e-06
2    1,5    1,5    
   -3.598324713041620e-07
2    1,6    1,5    
   -7.988463052909385e-07
2    1,7    1,5    
    8.176600783265663e-09
2    1,8    1,5    
   -9.168933986884982e-07
2    1,9    1,5    
    1.102815403200253e-06
2    1,10    1,5    
    6.108619381978882e-07
2    1,11    1,5    
    8.262815896340429e-07
2    1,12    1,5    
   -3.488078719777176e-07
2    1,13    1,5    
   -8.709869447706923e-07
2    1,6    1,6    
    8.000063241273815e-07
2    1,7    1,6    
   -1.144102836006281e-06
2    1,8    1,6    
   -2.281659928365459e-07
2    1,9    1,6    
   -4.021874069125447e-06
2    1,10    1,6    
    7.473867687548601e-07
2    1,11    1,6    
    5.252399893159297e-07
2    1,12    1,6    
   -3.992188779509161e-07
2    1,13    1,6    
   -8.380479086763252e-07
2    1,7    1,7    
    1.415983779148943e-06
2    1,8    1,7    
    8.799772107999994e-07
2    1,9    1,7    
    1.786570005547024e-06
2    1,10    1,7    
   -4.915856125353477e-07
2    1,11    1,7    
   -4.434829985938732e-07
2    1,12    1,7    
    7.119260034188401e-07
2    1,13    1,7    
   -1.517701725558900e-06
2    1,8    1,8    
    2.533729254942767e-09
2    1,9    1,8    
    2.108778515701970e-07
2    1,10    1,8    
   -1.615506199662581e-08
2    1,11    1,8    
    7.012366629691675e-07
2    1,12    1,8    
    5.915500736971452e-08
2    1,13    1,8    
    2.681953383311433e-07
2    1,9    1,9    
    3.315339418081041e-06
2    1,10    1,9    
   -3.967025664123053e-07
2    1,11    1,9    
   -1.873552064379321e-07
2    1,12    1,9    
    8.197633841782346e-08
2    1,13    1,9    
    4.077851588992728e-07
2    1,10    1,10    
   -7.497689419117199e-07
2    1,11    1,10    
   -3.573721991850457e-08
2    1,12    1,10    
   -2.026319592450497e-07
2    1,13    1,10    
   -2.222331308053943e-06
2    1,11    1,11    
   -9.041491332060321e-07
2    1,12    1,11    
    7.747060189933609e-08
2    1,13    1,11    
   -1.542434973223573e-06
2    1,12    1,12    
   -7.297717251224717e-07
2    1,13    1,12    
    3.874642607786624e-07
2    1,13    1,13    
    8.513785658128864e-06
2    2,1    2,1    
   -1.766932429083973e-08
2    2,2    2,1    
   -1.644237302272106e-08
2    2,3    2,1    
    1.480971922721803e-08
2    2,4    2,1    
   -4.807392386934280e-07
2    2,5    2,1    
   -3.211447418170144e-07
2    2,6    2,1    
    3.021684582549915e-07
2    2,7    2,1    
    1.957954757141930e-07
2    2,2    2,2    
   -7.861506988207367e-07
2    2,3    2,2    
    3.030835489345952e-07
2    2,4    2,2    
   -8.421723607530739e-07
2    2,5    2,2    
    1.723807660042586e-07
2    2,6    2,2    
   -1.118434430759611e-07
2    2,7    2,2    
    1.120955454718916e-06
2    2,3    2,3    
   -6.429703836705631e-06
2    2,4    2,3    
   -9.063565807597776e-07
2    2,5    2,3    
   -8.997792661493694e-07
2    2,6    2,3    
    4.006424142972348e-09
2    2,7    2,3    
    5.292958934484122e-09
2    2,4    2,4    
   -2.213362181408126e-06
2    2,5    2,4    
    3.378932172413314e-08
2    2,6    2,4    
    1.008092177072711e-06
2    2,7    2,4    
    5.029688569946697e-07
2    2,5    2,5    
   -3.225823727174960e-06
2    2,6    2,5    
    1.488337155852539e-06
2    2,7    2,5    
    6.535407737181609e-07
2    2,6    2,6    
   -4.936640031534540e-06
2    2,7    2,6    
    2.459829297591237e-06
2    2,7    2,7    
   -4.662106693494185e-06
2    3,1    3,1    
   -1.140244126473154e-08
2    3,2    3,1    
   -7.128467171163250e-09
2    3,3    3,1    
   -3.734367293427770e-07
2    3,4    3,1    
   -1.508637548122284e-07
2    3,5    3,1    
   -3.186377430877816e-07
2    3,6    3,1    
    7.345131379175472e-07
2    3,7    3,1    
    6.377331135994775e-07
2    3,8    3,1    
    4.494580585610833e-07
2    3,9    3,1    
    1.030038036436513e-07
2    3,10    3,1    
    1.664170093569829e-07
2    3,11    3,1    
    2.604332415965758e-07
2    3,12    3,1    
    8.972222091057230e-07
2    3,2    3,2    
   -6.825970173039994e-07
2    3,3    3,2    
    4.849221124636917e-07
2    3,4    3,2    
    6.385493844134316e-07
2    3,5    3,2    
   -5.109840674941125e-07
2    3,6    3,2    
    1.817964378972726e-06
2    3,7    3,2    
    8.409499260376307e-07
2    3,8    3,2    
   -7.015054252394221e-08
2    3,9    3,2    
    4.720202323419150e-07
2    3,10    3,2    
    1.272255139313881e-06
2    3,11    3,2    
    3.645339907603385e-07
2    3,12    3,2    
   -4.083911742364138e-07
2    3,3    3,3    
   -8.972046766083934e-07
2    3,4    3,3    
    8.308552075141458e-07
2    3,5    3,3    
    2.027842353210654e-07
2    3,6    3,3    
    2.396282583482805e-08
2    3,7    3,3    
   -1.591822153495230e-07
2    3,8    3,3    
   -9.980815747693042e-07
2    3,9    3,3    
    2.425134099237771e-07
2    3,10    3,3    
   -1.153580739283557e-07
2    3,11    3,3    
   -7.867481161705048e-07
2    3,12    3,3    
   -2.407682820842000e-06
2    3,4    3,4    
   -6.972519733611099e-07
2    3,5    3,4    
   -1.785839684123228e-06
2    3,6    3,4    
    3.683088256086744e-06
2    3,7    3,4    
    1.271505318060072e-06
2    3,8    3,4    
    1.690223540636195e-06
2    3,9    3,4    
   -1.873779903189541e-06
2    3,10    3,4    
   -6.306856513594867e-07
2    3,11    3,4    
    1.090508973342567e-06
2    3,12    3,4    
   -1.828382362373807e-06
2    3,5    3,5    
    7.002758049113530e-07
2    3,6    3,5    
   -6.249239071203448e-06
2    3,7    3,5    
   -1.527054790930662e-06
2    3,8    3,5    
   -5.841264808445190e-07
2    3,9    3,5    
    7.606300537996824e-08
2    3,10    3,5    
    8.016361123744259e-08
2    3,11    3,5    
    3.535903871500098e-07
2    3,12    3,5    
   -1.558720724566745e-08
2    3,6    3,6    
    8.684677360234431e-06
2    3,7    3,6    
    5.145870127571591e-06
2    3,8    3,6    
    1.413739886461835e-06
2    3,9    3,6    
   -2.203243264416898e-06
2    3,10    3,6    
   -1.127051969206640e-06
2    3,11    3,6    
   -1.335554667816388e-06
2    3,12    3,6    
    4.922512497950601e-07
2    3,7    3,7    
    5.530035598007353e-07
2    3,8    3,7    
    3.575997709817336e-08
2    3,9    3,7    
   -7.269752046309333e-07
2    3,10    3,7    
   -3.021626082483380e-07
2    3,11    3,7    
   -4.625978059116814e-07
2    3,12    3,7    
    2.005631700172053e-06
2    3,8    3,8    
   -1.086200722757079e-06
2    3,9    3,8    
    1.423803213528967e-07
2    3,10    3,8    
    1.582737420734590e-07
2    3,11    3,8    
   -8.700490349559533e-07
2    3,12    3,8    
    1.893112112986684e-06
2    3,9    3,9    
   -1.516302035731909e-06
2    3,10    3,9    
   -1.979234738655831e-06
2    3,11    3,9    
   -3.032575018307603e-07
2    3,12    3,9    
    1.703029686418385e-06
2    3,10    3,10    
   -1.354990250260264e-06
2    3,11    3,10    
   -2.972658597172244e-07
2    3,12    3,10    
    4.522730490468838e-07
2    3,11    3,11    
   -1.085036862685261e-06
2    3,12    3,11    
    5.013855476411822e-08
2    3,12    3,12    
    4.696908730679027e-06
2    4,1    4,1    
   -1.187520580359777e-06
2    4,2    4,1    
   -7.697023064949023e-07
2    4,3    4,1    
   -5.130964384901435e-08
2    4,4    4,1    
   -4.274469576627488e-08
2    4,2    4,2    
   -2.145694717333118e-06
2    4,3    4,2    
   -1.121125225448142e-06
2    4,4    4,2    
    4.806962786888111e-07
2    4,3    4,3    
   -4.786285025002562e-06
2    4,4    4,3    
    1.625350675782530e-06
2    4,4    4,4    
   -6.660827009805045e-06
4    2,1    2,1    2,1    2,1    
    8.779806733082951e-17
4    2,2    2,1    2,1    2,1    
   -7.016296070186907e-16
4    2,3    2,1    2,1    2,1    
    1.888131307750763e-14
4    2,4    2,1    2,1    2,1    
    1.902443012071361e-15
4    2,5    2,1    2,1    2,1    
    2.052190739453091e-15
4    2,6    2,1    2,1    2,1    
   -6.430858069571902e-16
4    2,7    2,1    2,1    2,1    
    6.289718425132836e-17
4    2,2    2,2    2,1    2,1    
    2.102626460401913e-15
4    2,3    2,2    2,1    2,1    
   -1.131661152458826e-13
4    2,4    2,2    2,1    2,1    
   -1.140238945612624e-14
4    2,5    2,2    2,1    2,1    
   -1.229991011611028e-14
4    2,6    2,2    2,1    2,1    
    3.854367662056441e-15
4    2,7    2,2    2,1    2,1    
   -3.769774894578944e-16
4    2,3    2,3    2,1    2,1    
    1.522687205862093e-12
4    2,4    2,3    2,1    2,1    
    3.068457815906510e-13
4    2,5    2,3    2,1    2,1    
    3.309986514313311e-13
4    2,6    2,3    2,1    2,1    
   -1.037235627104460e-13
4    2,7    2,3    2,1    2,1    
    1.014471158346903e-14
4    2,4    2,4    2,1    2,1    
    1.545858094122991e-14
4    2,5    2,4    2,1    2,1    
    3.335075631846375e-14
4    2,6    2,4    2,1    2,1    
   -1.045097691329004e-14
4    2,7    2,4    2,1    2,1    
    1.022160671888908e-15
4    2,5    2,5    2,1    2,1    
    1.798795360392659e-14
4    2,6    2,5    2,1    2,1    
   -1.127360867243017e-14
4    2,7    2,5    2,1    2,1    
    1.102618397383503e-15
4    2,6    2,6    2,1    2,1    
    1.766380091053679e-15
4    2,7    2,6    2,1    2,1    
   -3.455225814127703e-16
4    2,7    2,7    2,1    2,1    
    1.689696556120724e-17
4    2,2    2,2    2,2    2,1    
   -2.800488708481455e-15
4    2,3    2,2    2,2    2,1    
    2.260889657986800e-13
4    2,4    2,2    2,2    2,1    
    2.278026805257108e-14
4    2,5    2,2    2,2    2,1    
    2.457338003982844e-14
4    2,6    2,2    2,2    2,1    
   -7.700449879619973e-15
4    2,7    2,2    2,2    2,1    
    7.531446187379764e-16
4    2,3    2,3    2,2    2,1    
   -6.084202410946824e-12
4    2,4    2,3    2,2    2,1    
   -1.226063919730462e-12
4    2,5    2,3    2,2    2,1    
   -1.322571559874946e-12
4    2,6    2,3    2,2    2,1    
    4.144483173466979e-13
4    2,7    2,3    2,2    2,1    
   -4.053523168572054e-14
4    2,4    2,4    2,2    2,1    
   -6.176786346556182e-14
4    2,5    2,4    2,2    2,1    
   -1.332596420450088e-13
4    2,6    2,4    2,2    2,1    
    4.175897629387955e-14
4    2,7    2,4    2,2    2,1    
   -4.084248163601347e-15
4    2,5    2,5    2,2    2,1    
   -7.187447971170629e-14
4    2,6    2,5    2,2    2,1    
    4.504596663110255e-14
4    2,7    2,5    2,2    2,1    
   -4.405733157728136e-15
4    2,6    2,6    2,2    2,1    
   -7.057926255151445e-15
4    2,7    2,6    2,2    2,1    
    1.380604837799197e-15
4    2,7    2,7    2,2    2,1    
   -6.751521797083604e-17
4    2,3    2,3    2,3    2,1    
    5.457662628013619e-11
4    2,4    2,3    2,3    2,1    
    1.649709226199340e-11
4    2,5    2,3    2,3    2,1    
    1.779563422039377e-11
4    2,6    2,3    2,3    2,1    
   -5.576538073642593e-12
4    2,7    2,3    2,3    2,1    
    5.454148403026332e-13
4    2,4    2,4    2,3    2,1    
    1.662213732937513e-12
4    2,5    2,4    2,3    2,1    
    3.586104401636778e-12
4    2,6    2,4    2,3    2,1    
   -1.123761450933121e-12
4    2,7    2,4    2,3    2,1    
    1.099097978360232e-13
4    2,5    2,5    2,3    2,1    
    1.934189407265913e-12
4    2,6    2,5    2,3    2,1    
   -1.212216517565161e-12
4    2,7    2,5    2,3    2,1    
    1.185611699604422e-13
4    2,6    2,6    2,3    2,1    
    1.899334263668344e-13
4    2,7    2,6    2,3    2,1    
   -3.715298202647520e-14
4    2,7    2,7    2,3    2,1    
    1.816878813623904e-15
4    2,4    2,4    2,4    2,1    
    5.582710072149015e-14
4    2,5    2,4    2,4    2,1    
    1.806643222175944e-13
4    2,6    2,4    2,4    2,1    
   -5.661396828670918e-14
4    2,7    2,4    2,4    2,1    
    5.537144741813672e-15
4    2,5    2,5    2,4    2,1    
    1.948850223906783e-13
4    2,6    2,5    2,4    2,1    
   -1.221404906264993e-13
4    2,7    2,5    2,4    2,1    
    1.194598428447975e-14
4    2,6    2,6    2,4    2,1    
    1.913730884430902e-14
4    2,7    2,6    2,4    2,1    
   -3.743459511726432e-15
4    2,7    2,7    2,4    2,1    
    1.830650436529686e-16
4    2,5    2,5    2,5    2,1    
    7.007502733249750e-14
4    2,6    2,5    2,5    2,1    
   -6.587729098467127e-14
4    2,7    2,5    2,5    2,1    
    6.443146566469116e-15
4    2,6    2,6    2,5    2,1    
    2.064367118444416e-14
4    2,7    2,6    2,5    2,1    
   -4.038119877829177e-15
4    2,7    2,7    2,5    2,1    
    1.974747127343155e-16
4    2,6    2,6    2,6    2,1    
   -2.156338214082565e-15
4    2,7    2,6    2,6    2,1    
    6.327037566000587e-16
4    2,7    2,7    2,6    2,1    
   -6.188176496022504e-17
4    2,7    2,7    2,7    2,1    
    2.017454348182482e-18
4    2,2    2,2    2,2    2,2    
    1.398739354213385e-15
4    2,3    2,2    2,2    2,2    
   -1.505639750463393e-13
4    2,4    2,2    2,2    2,2    
   -1.517052235831077e-14
4    2,5    2,2    2,2    2,2    
   -1.636464551045571e-14
4    2,6    2,2    2,2    2,2    
    5.128115560283827e-15
4    2,7    2,2    2,2    2,2    
   -5.015567530302335e-16
4    2,3    2,3    2,2    2,2    
    6.077663034610757e-12
4    2,4    2,3    2,2    2,2    
    1.224746130997995e-12
4    2,5    2,3    2,2    2,2    
    1.321150043531926e-12
4    2,6    2,3    2,2    2,2    
   -4.140028631464723e-13
4    2,7    2,3    2,2    2,2    
    4.049166391513066e-14
4    2,4    2,4    2,2    2,2    
    6.170147459855944e-14
4    2,5    2,4    2,2    2,2    
    1.331164129262382e-13
4    2,6    2,4    2,2    2,2    
   -4.171409322738210e-14
4    2,7    2,4    2,2    2,2    
    4.079858362936002e-15
4    2,5    2,5    2,2    2,2    
    7.179722812800682e-14
4    2,6    2,5    2,2    2,2    
   -4.499755066655599e-14
4    2,7    2,5    2,2    2,2    
    4.400997820997254e-15
4    2,6    2,6    2,2    2,2    
    7.050340308330940e-15
4    2,7    2,6    2,2    2,2    
   -1.379120946568110e-15
4    2,7    2,7    2,2    2,2    
    6.744265177581129e-17
4    2,3    2,3    2,3    2,2    
   -1.090359332883966e-10
4    2,4    2,3    2,3    2,2    
   -3.295872196456966e-11
4    2,5    2,3    2,3    2,2    
   -3.555301450331274e-11
4    2,6    2,3    2,3    2,2    
    1.114108868248607e-11
4    2,7    2,3    2,3    2,2    
   -1.089657243313043e-12
4    2,4    2,4    2,3    2,2    
   -3.320854329934941e-12
4    2,5    2,4    2,3    2,2    
   -7.164500024150585e-12
4    2,6    2,4    2,3    2,2    
    2.245107236330067e-12
4    2,7    2,4    2,3    2,2    
   -2.195833308397726e-13
4    2,5    2,5    2,3    2,2    
   -3.864221032924629e-12
4    2,6    2,5    2,3    2,2    
    2.421827224385139e-12
4    2,7    2,5    2,3    2,2    
   -2.368674778841379e-13
4    2,6    2,6    2,3    2,2    
   -3.794585671212188e-13
4    2,7    2,6    2,3    2,2    
    7.422609907967429e-14
4    2,7    2,7    2,3    2,2    
   -3.629852019407432e-15
4    2,4    2,4    2,4    2,2    
   -1.115341941201758e-13
4    2,5    2,4    2,4    2,2    
   -3.609402839193206e-13
4    2,6    2,4    2,4    2,2    
    1.131062377805449e-13
4    2,7    2,4    2,4    2,2    
   -1.106238669971311e-14
4    2,5    2,5    2,4    2,2    
   -3.893511150950654e-13
4    2,6    2,5    2,4    2,2    
    2.440184250196158e-13
4    2,7    2,5    2,4    2,2    
   -2.386628918432877e-14
4    2,6    2,6    2,4    2,2    
   -3.823347965403612e-14
4    2,7    2,6    2,4    2,2    
    7.478871989875554e-15
4    2,7    2,7    2,4    2,2    
   -3.657365661396224e-16
4    2,5    2,5    2,5    2,2    
   -1.399994196451400e-13
4    2,6    2,5    2,5    2,2    
    1.316129705078388e-13
4    2,7    2,5    2,5    2,2    
   -1.287244278499097e-14
4    2,6    2,6    2,5    2,2    
   -4.124296622039262e-14
4    2,7    2,6    2,5    2,2    
    8.067559312836871e-15
4    2,7    2,7    2,5    2,2    
   -3.945249289196330e-16
4    2,6    2,6    2,6    2,2    
    4.308041109963239e-15
4    2,7    2,6    2,6    2,2    
   -1.264047437484619e-15
4    2,7    2,7    2,6    2,2    
    1.236305073409623e-16
4    2,7    2,7    2,7    2,2    
   -4.030571926371953e-18
4    2,3    2,3    2,3    2,3    
    7.335571263391713e-10
4    2,4    2,3    2,3    2,3    
    2.956469443052782e-10
4    2,5    2,3    2,3    2,3    
    3.189183157661584e-10
4    2,6    2,3    2,3    2,3    
   -9.993800210918257e-11
4    2,7    2,3    2,3    2,3    
    9.774463787519635e-12
4    2,4    2,4    2,3    2,3    
    4.468318444736619e-11
4    2,5    2,4    2,3    2,3    
    9.640069820784694e-11
4    2,6    2,4    2,3    2,3    
   -3.020865439376810e-11
4    2,7    2,4    2,3    2,3    
    2.954565752865412e-12
4    2,5    2,5    2,3    2,3    
    5.199436169274724e-11
4    2,6    2,5    2,3    2,3    
   -3.258647980773494e-11
4    2,7    2,5    2,3    2,3    
    3.187129621577445e-12
4    2,6    2,6    2,3    2,3    
    5.105739505635852e-12
4    2,7    2,6    2,3    2,3    
   -9.987365137002389e-13
4    2,7    2,7    2,3    2,3    
    4.884084972887218e-14
4    2,4    2,4    2,4    2,3    
    3.001458343496684e-12
4    2,5    2,4    2,4    2,3    
    9.713139860108040e-12
4    2,6    2,4    2,4    2,3    
   -3.043763069845199e-12
4    2,7    2,4    2,4    2,3    
    2.976960843332476e-13
4    2,5    2,5    2,4    2,3    
    1.047769396793827e-11
4    2,6    2,5    2,4    2,3    
   -6.566695922444091e-12
4    2,7    2,5    2,4    2,3    
    6.422575010801123e-13
4    2,6    2,6    2,4    2,3    
    1.028888023209008e-12
4    2,7    2,6    2,4    2,3    
   -2.012613522788257e-13
4    2,7    2,7    2,4    2,3    
    9.842210961589066e-15
4    2,5    2,5    2,5    2,3    
    3.767476238953588e-12
4    2,6    2,5    2,5    2,3    
   -3.541791390158772e-12
4    2,7    2,5    2,5    2,3    
    3.464058812005694e-13
4    2,6    2,6    2,5    2,3    
    1.109875281291486e-12
4    2,7    2,6    2,5    2,3    
   -2.171033143887519e-13
4    2,7    2,7    2,5    2,3    
    1.061692469259581e-14
4    2,6    2,6    2,6    2,3    
   -1.159322128574636e-13
4    2,7    2,6    2,6    2,3    
    3.401634590846529e-14
4    2,7    2,7    2,6    2,3    
   -3.326978068891027e-15
4    2,7    2,7    2,7    2,3    
    1.084653350741719e-16
4    2,4    2,4    2,4    2,4    
    7.560522178950984e-14
4    2,5    2,4    2,4    2,4    
    3.262254585840057e-13
4    2,6    2,4    2,4    2,4    
   -1.022278086779517e-13
4    2,7    2,4    2,4    2,4    
    9.998418948864628e-15
4    2,5    2,5    2,4    2,4    
    5.278556525730156e-13
4    2,6    2,5    2,4    2,4    
   -3.308235163192453e-13
4    2,7    2,5    2,4    2,4    
    3.235628501748147e-14
4    2,6    2,6    2,4    2,4    
    5.183434070296859e-14
4    2,7    2,6    2,4    2,4    
   -1.013934390238463e-14
4    2,7    2,7    2,4    2,4    
    4.958406597662036e-16
4    2,5    2,5    2,5    2,4    
    3.796033048400813e-13
4    2,6    2,5    2,5    2,4    
   -3.568637548015014e-13
4    2,7    2,5    2,5    2,4    
    3.490315770546170e-14
4    2,6    2,6    2,5    2,4    
    1.118287941360931e-13
4    2,7    2,6    2,5    2,4    
   -2.187489194532930e-14
4    2,7    2,7    2,5    2,4    
    1.069739912060341e-15
4    2,6    2,6    2,6    2,4    
   -1.168109587078383e-14
4    2,7    2,6    2,6    2,4    
    3.427418384733675e-15
4    2,7    2,7    2,6    2,4    
   -3.352195979429147e-16
4    2,7    2,7    2,7    2,4    
    1.092874832999038e-17
4    2,5    2,5    2,5    2,5    
    1.023707913871250e-13
4    2,6    2,5    2,5    2,5    
   -1.283179028584448e-13
4    2,7    2,5    2,5    2,5    
    1.255016778712538e-14
4    2,6    2,6    2,5    2,5    
    6.031560847660444e-14
4    2,7    2,6    2,5    2,5    
   -1.179836935768826e-14
4    2,7    2,7    2,5    2,5    
    5.769713802789195e-16
4    2,6    2,6    2,6    2,5    
   -1.260055445581312e-14
4    2,7    2,6    2,6    2,5    
    3.697202084241924e-15
4    2,7    2,7    2,6    2,5    
   -3.616058668861896e-16
4    2,7    2,7    2,7    2,5    
    1.178898709412612e-17
4    2,6    2,6    2,6    2,6    
    9.871448075635641e-16
4    2,7    2,6    2,6    2,6    
   -3.861918778014690e-16
4    2,7    2,7    2,6    2,6    
    5.665740426470603e-17
4    2,7    2,7    2,7    2,6    
   -3.694262006393432e-18
4    2,7    2,7    2,7    2,7    
    9.032957794086323e-20
