    1    1,1    
0.182624
    1    1,2    
-0.257169
    1    1,3    
-0.039526
    1    1,4    
0.00292482
    1    1,5    
-0.00117538
    1    1,6    
0.000244089
    1    1,7    
-0.0441381
    1    1,8    
0.0285736
    1    1,9    
0.160342
    1    1,10   
0.117755
    1    1,11   
0.00232889
    1    1,12   
-0.00058758
    1    1,13   
-0.00523818
    2    1,1        1,1    
3.43053
    2    1,2        1,1    
0.0334468
    2    1,3        1,1    
-3.36337
    2    1,4        1,1    
0.043686
    2    1,5        1,1    
0.0232198
    2    1,6        1,1    
0.10666
    2    1,7        1,1    
-0.341885
    2    1,8        1,1    
0.0303108
    2    1,9        1,1    
4.70067
    2    1,10       1,1    
4.68104
    2    1,11       1,1    
0.140388
    2    1,12       1,1    
-0.309571
    2    1,13       1,1    
-0.0591806
    2    1,2        1,2    
1.79977
    2    1,3        1,2    
0.218035
    2    1,4        1,2    
-0.00873959
    2    1,5        1,2    
0.014332
    2    1,6        1,2    
0.0196918
    2    1,7        1,2    
0.103682
    2    1,8        1,2    
0.0192015
    2    1,9        1,2    
-0.264357
    2    1,10       1,2    
-0.149409
    2    1,11       1,2    
-0.0859922
    2    1,12       1,2    
0.0958124
    2    1,13       1,2    
-0.0311827
    2    1,3        1,3    
3.29615
    2    1,4        1,3    
-0.0119527
    2    1,5        1,3    
-0.0235206
    2    1,6        1,3    
-0.100394
    2    1,7        1,3    
0.842606
    2    1,8        1,3    
-0.10885
    2    1,9        1,3    
-4.57973
    2    1,10       1,3    
-4.67323
    2    1,11       1,3    
-0.0451419
    2    1,12       1,3    
0.237943
    2    1,13       1,3    
-0.0544034
    2    1,4        1,4    
0.797198
    2    1,5        1,4    
0.0136
    2    1,6        1,4    
0.00601519
    2    1,7        1,4    
-0.00854892
    2    1,8        1,4    
0.00177244
    2    1,9        1,4    
-0.0182905
    2    1,10       1,4    
0.0326311
    2    1,11       1,4    
-0.00251264
    2    1,12       1,4    
0.00152378
    2    1,13       1,4    
-0.000805686
    2    1,5        1,5    
0.80361
    2    1,6        1,5    
0.0187386
    2    1,7        1,5    
-0.0115451
    2    1,8        1,5    
-0.0112027
    2    1,9        1,5    
0.0327845
    2    1,10       1,5    
-0.0178857
    2    1,11       1,5    
-0.00259346
    2    1,12       1,5    
-0.00944869
    2    1,13       1,5    
-0.00575
    2    1,6        1,6    
0.809897
    2    1,7        1,6    
0.0065672
    2    1,8        1,6    
8.42825e-05
    2    1,9        1,6    
0.159311
    2    1,10       1,6    
0.172534
    2    1,11       1,6    
-0.0045092
    2    1,12       1,6    
-0.00533683
    2    1,13       1,6    
-0.00128331
    2    1,7        1,7    
1.67424
    2    1,8        1,7    
-0.134356
    2    1,9        1,7    
-0.438681
    2    1,10       1,7    
-0.440439
    2    1,11       1,7    
0.0157907
    2    1,12       1,7    
-0.0134601
    2    1,13       1,7    
0.374428
    2    1,8        1,8    
0.819518
    2    1,9        1,8    
0.0597365
    2    1,10       1,8    
0.0551903
    2    1,11       1,8    
0.00919387
    2    1,12       1,8    
0.00676762
    2    1,13       1,8    
0.0790359
    2    1,9        1,9    
3.30515
    2    1,10       1,9    
6.41095
    2    1,11       1,9    
0.0978854
    2    1,12       1,9    
-0.501485
    2    1,13       1,9    
-0.0413373
    2    1,10       1,10   
3.42925
    2    1,11       1,10   
0.197174
    2    1,12       1,10   
-0.476022
    2    1,13       1,10   
-0.0472994
    2    1,11       1,11   
0.142303
    2    1,12       1,11   
0.0100979
    2    1,13       1,11   
0.0046558
    2    1,12       1,12   
0.140439
    2    1,13       1,12   
-0.00718382
    2    1,13       1,13   
0.0591418
    2    2,1        2,1    
0.071755
    2    2,2        2,1    
-0.0629439
    2    2,3        2,1    
0.0360453
    2    2,4        2,1    
0.00386815
    2    2,5        2,1    
0.0564282
    2    2,6        2,1    
-0.0416756
    2    2,7        2,1    
-0.00428528
    2    2,2        2,2    
0.0589918
    2    2,3        2,2    
-0.0247566
    2    2,4        2,2    
0.00633814
    2    2,5        2,2    
0.00991516
    2    2,6        2,2    
-0.00126585
    2    2,7        2,2    
-2.42306e-07
    2    2,3        2,3    
0.0495883
    2    2,4        2,3    
-0.000104416
    2    2,5        2,3    
-0.00600577
    2    2,6        2,3    
-0.00314338
    2    2,7        2,3    
-0.000314284
    2    2,4        2,4    
0.0289192
    2    2,5        2,4    
-0.0216945
    2    2,6        2,4    
-0.0184071
    2    2,7        2,4    
-0.00139037
    2    2,5        2,5    
0.0808844
    2    2,6        2,5    
-0.0646791
    2    2,7        2,5    
-0.0069698
    2    2,6        2,6    
0.0758157
    2    2,7        2,6    
0.0142535
    2    2,7        2,7    
-4.27496e-05
    2    3,1        3,1    
1.46446
    2    3,2        3,1    
0.335497
    2    3,3        3,1    
0.164491
    2    3,4        3,1    
0.0116484
    2    3,5        3,1    
0.00890409
    2    3,6        3,1    
-0.00596756
    2    3,7        3,1    
0.325855
    2    3,8        3,1    
0.0955446
    2    3,9        3,1    
0.0738679
    2    3,10       3,1    
-0.0406628
    2    3,11       3,1    
0.0802849
    2    3,12       3,1    
0.00559918
    2    3,2        3,2    
1.31265
    2    3,3        3,2    
0.309709
    2    3,4        3,2    
0.00817189
    2    3,5        3,2    
0.043766
    2    3,6        3,2    
0.0092453
    2    3,7        3,2    
0.346458
    2    3,8        3,2    
0.0254844
    2    3,9        3,2    
-0.0598262
    2    3,10       3,2    
-0.0575382
    2    3,11       3,2    
-0.0580433
    2    3,12       3,2    
-0.00276739
    2    3,3        3,3    
1.44129
    2    3,4        3,3    
-0.0061465
    2    3,5        3,3    
0.0132399
    2    3,6        3,3    
0.0152754
    2    3,7        3,3    
0.158323
    2    3,8        3,3    
0.00110074
    2    3,9        3,3    
-0.00263344
    2    3,10       3,3    
-0.144749
    2    3,11       3,3    
0.0840374
    2    3,12       3,3    
-0.0152846
    2    3,4        3,4    
0.799796
    2    3,5        3,4    
0.0106784
    2    3,6        3,4    
-0.00184348
    2    3,7        3,4    
-0.0388581
    2    3,8        3,4    
-0.00248431
    2    3,9        3,4    
-0.00623941
    2    3,10       3,4    
-0.00335258
    2    3,11       3,4    
0.00371723
    2    3,12       3,4    
-0.000649589
    2    3,5        3,5    
0.799586
    2    3,6        3,5    
0.000625694
    2    3,7        3,5    
0.0356455
    2    3,8        3,5    
0.00094571
    2    3,9        3,5    
0.00267377
    2    3,10       3,5    
0.0011576
    2    3,11       3,5    
-0.00980224
    2    3,12       3,5    
0.000451269
    2    3,6        3,6    
0.801594
    2    3,7        3,6    
0.00586737
    2    3,8        3,6    
1.40179e-05
    2    3,9        3,6    
-0.000846855
    2    3,10       3,6    
-0.00273884
    2    3,11       3,6    
-0.00267967
    2    3,12       3,6    
0.0629868
    2    3,7        3,7    
0.374269
    2    3,8        3,7    
0.0243533
    2    3,9        3,7    
0.168923
    2    3,10       3,7    
-0.0960187
    2    3,11       3,7    
-0.0299879
    2    3,12       3,7    
0.0105859
    2    3,8        3,8    
0.0690942
    2    3,9        3,8    
-0.00416919
    2    3,10       3,8    
0.00643618
    2    3,11       3,8    
-0.000422591
    2    3,12       3,8    
-0.000161945
    2    3,9        3,9    
0.134402
    2    3,10       3,9    
0.00297871
    2    3,11       3,9    
-0.00464273
    2    3,12       3,9    
0.0013874
    2    3,10       3,10   
0.134898
    2    3,11       3,10   
0.00155191
    2    3,12       3,10   
-0.00335119
    2    3,11       3,11   
0.118884
    2    3,12       3,11   
-0.0127653
    2    3,12       3,12   
0.066762
    2    4,1        4,1    
0.210417
    2    4,2        4,1    
0.0743459
    2    4,3        4,1    
0.0842201
    2    4,4        4,1    
-0.00358929
    2    4,2        4,2    
0.0608223
    2    4,3        4,2    
-0.00264991
    2    4,4        4,2    
0.000293549
    2    4,3        4,3    
0.0464977
    2    4,4        4,3    
0.00322719
    2    4,4        4,4    
0.00546207
    4    2,1        2,1        2,1        2,1    
0.0
    4    2,2        2,1        2,1        2,1    
0.0
    4    2,3        2,1        2,1        2,1    
0.0
    4    2,4        2,1        2,1        2,1    
0.0
    4    2,5        2,1        2,1        2,1    
0.0
    4    2,6        2,1        2,1        2,1    
0.0
    4    2,7        2,1        2,1        2,1    
0.0
    4    2,2        2,2        2,1        2,1    
0.0
    4    2,3        2,2        2,1        2,1    
0.0
    4    2,4        2,2        2,1        2,1    
0.0
    4    2,5        2,2        2,1        2,1    
0.0
    4    2,6        2,2        2,1        2,1    
0.0
    4    2,7        2,2        2,1        2,1    
0.0
    4    2,3        2,3        2,1        2,1    
0.0
    4    2,4        2,3        2,1        2,1    
0.0
    4    2,5        2,3        2,1        2,1    
0.0
    4    2,6        2,3        2,1        2,1    
0.0
    4    2,7        2,3        2,1        2,1    
0.0
    4    2,4        2,4        2,1        2,1    
0.0
    4    2,5        2,4        2,1        2,1    
0.0
    4    2,6        2,4        2,1        2,1    
0.0
    4    2,7        2,4        2,1        2,1    
0.0
    4    2,5        2,5        2,1        2,1    
0.0
    4    2,6        2,5        2,1        2,1    
0.0
    4    2,7        2,5        2,1        2,1    
0.0
    4    2,6        2,6        2,1        2,1    
0.0
    4    2,7        2,6        2,1        2,1    
0.0
    4    2,7        2,7        2,1        2,1    
0.0
    4    2,2        2,2        2,2        2,1    
0.0
    4    2,3        2,2        2,2        2,1    
0.0
    4    2,4        2,2        2,2        2,1    
0.0
    4    2,5        2,2        2,2        2,1    
0.0
    4    2,6        2,2        2,2        2,1    
0.0
    4    2,7        2,2        2,2        2,1    
0.0
    4    2,3        2,3        2,2        2,1    
0.0
    4    2,4        2,3        2,2        2,1    
0.0
    4    2,5        2,3        2,2        2,1    
0.0
    4    2,6        2,3        2,2        2,1    
0.0
    4    2,7        2,3        2,2        2,1    
0.0
    4    2,4        2,4        2,2        2,1    
0.0
    4    2,5        2,4        2,2        2,1    
0.0
    4    2,6        2,4        2,2        2,1    
0.0
    4    2,7        2,4        2,2        2,1    
0.0
    4    2,5        2,5        2,2        2,1    
0.0
    4    2,6        2,5        2,2        2,1    
0.0
    4    2,7        2,5        2,2        2,1    
0.0
    4    2,6        2,6        2,2        2,1    
0.0
    4    2,7        2,6        2,2        2,1    
0.0
    4    2,7        2,7        2,2        2,1    
0.0
    4    2,3        2,3        2,3        2,1    
0.0
    4    2,4        2,3        2,3        2,1    
0.0
    4    2,5        2,3        2,3        2,1    
0.0
    4    2,6        2,3        2,3        2,1    
0.0
    4    2,7        2,3        2,3        2,1    
0.0
    4    2,4        2,4        2,3        2,1    
0.0
    4    2,5        2,4        2,3        2,1    
0.0
    4    2,6        2,4        2,3        2,1    
0.0
    4    2,7        2,4        2,3        2,1    
0.0
    4    2,5        2,5        2,3        2,1    
0.0
    4    2,6        2,5        2,3        2,1    
0.0
    4    2,7        2,5        2,3        2,1    
0.0
    4    2,6        2,6        2,3        2,1    
0.0
    4    2,7        2,6        2,3        2,1    
0.0
    4    2,7        2,7        2,3        2,1    
0.0
    4    2,4        2,4        2,4        2,1    
0.0
    4    2,5        2,4        2,4        2,1    
0.0
    4    2,6        2,4        2,4        2,1    
0.0
    4    2,7        2,4        2,4        2,1    
0.0
    4    2,5        2,5        2,4        2,1    
0.0
    4    2,6        2,5        2,4        2,1    
0.0
    4    2,7        2,5        2,4        2,1    
0.0
    4    2,6        2,6        2,4        2,1    
0.0
    4    2,7        2,6        2,4        2,1    
0.0
    4    2,7        2,7        2,4        2,1    
0.0
    4    2,5        2,5        2,5        2,1    
0.0
    4    2,6        2,5        2,5        2,1    
0.0
    4    2,7        2,5        2,5        2,1    
0.0
    4    2,6        2,6        2,5        2,1    
0.0
    4    2,7        2,6        2,5        2,1    
0.0
    4    2,7        2,7        2,5        2,1    
0.0
    4    2,6        2,6        2,6        2,1    
0.0
    4    2,7        2,6        2,6        2,1    
0.0
    4    2,7        2,7        2,6        2,1    
0.0
    4    2,7        2,7        2,7        2,1    
0.0
    4    2,2        2,2        2,2        2,2    
0.0
    4    2,3        2,2        2,2        2,2    
0.0
    4    2,4        2,2        2,2        2,2    
0.0
    4    2,5        2,2        2,2        2,2    
0.0
    4    2,6        2,2        2,2        2,2    
0.0
    4    2,7        2,2        2,2        2,2    
0.0
    4    2,3        2,3        2,2        2,2    
0.0
    4    2,4        2,3        2,2        2,2    
0.0
    4    2,5        2,3        2,2        2,2    
0.0
    4    2,6        2,3        2,2        2,2    
0.0
    4    2,7        2,3        2,2        2,2    
0.0
    4    2,4        2,4        2,2        2,2    
0.0
    4    2,5        2,4        2,2        2,2    
0.0
    4    2,6        2,4        2,2        2,2    
0.0
    4    2,7        2,4        2,2        2,2    
0.0
    4    2,5        2,5        2,2        2,2    
0.0
    4    2,6        2,5        2,2        2,2    
0.0
    4    2,7        2,5        2,2        2,2    
0.0
    4    2,6        2,6        2,2        2,2    
0.0
    4    2,7        2,6        2,2        2,2    
0.0
    4    2,7        2,7        2,2        2,2    
0.0
    4    2,3        2,3        2,3        2,2    
0.0
    4    2,4        2,3        2,3        2,2    
0.0
    4    2,5        2,3        2,3        2,2    
0.0
    4    2,6        2,3        2,3        2,2    
0.0
    4    2,7        2,3        2,3        2,2    
0.0
    4    2,4        2,4        2,3        2,2    
0.0
    4    2,5        2,4        2,3        2,2    
0.0
    4    2,6        2,4        2,3        2,2    
0.0
    4    2,7        2,4        2,3        2,2    
0.0
    4    2,5        2,5        2,3        2,2    
0.0
    4    2,6        2,5        2,3        2,2    
0.0
    4    2,7        2,5        2,3        2,2    
0.0
    4    2,6        2,6        2,3        2,2    
0.0
    4    2,7        2,6        2,3        2,2    
0.0
    4    2,7        2,7        2,3        2,2    
0.0
    4    2,4        2,4        2,4        2,2    
0.0
    4    2,5        2,4        2,4        2,2    
0.0
    4    2,6        2,4        2,4        2,2    
0.0
    4    2,7        2,4        2,4        2,2    
0.0
    4    2,5        2,5        2,4        2,2    
0.0
    4    2,6        2,5        2,4        2,2    
0.0
    4    2,7        2,5        2,4        2,2    
0.0
    4    2,6        2,6        2,4        2,2    
0.0
    4    2,7        2,6        2,4        2,2    
0.0
    4    2,7        2,7        2,4        2,2    
0.0
    4    2,5        2,5        2,5        2,2    
0.0
    4    2,6        2,5        2,5        2,2    
0.0
    4    2,7        2,5        2,5        2,2    
0.0
    4    2,6        2,6        2,5        2,2    
0.0
    4    2,7        2,6        2,5        2,2    
0.0
    4    2,7        2,7        2,5        2,2    
0.0
    4    2,6        2,6        2,6        2,2    
0.0
    4    2,7        2,6        2,6        2,2    
0.0
    4    2,7        2,7        2,6        2,2    
0.0
    4    2,7        2,7        2,7        2,2    
0.0
    4    2,3        2,3        2,3        2,3    
0.0
    4    2,4        2,3        2,3        2,3    
0.0
    4    2,5        2,3        2,3        2,3    
0.0
    4    2,6        2,3        2,3        2,3    
0.0
    4    2,7        2,3        2,3        2,3    
0.0
    4    2,4        2,4        2,3        2,3    
0.0
    4    2,5        2,4        2,3        2,3    
0.0
    4    2,6        2,4        2,3        2,3    
0.0
    4    2,7        2,4        2,3        2,3    
0.0
    4    2,5        2,5        2,3        2,3    
0.0
    4    2,6        2,5        2,3        2,3    
0.0
    4    2,7        2,5        2,3        2,3    
0.0
    4    2,6        2,6        2,3        2,3    
0.0
    4    2,7        2,6        2,3        2,3    
0.0
    4    2,7        2,7        2,3        2,3    
0.0
    4    2,4        2,4        2,4        2,3    
0.0
    4    2,5        2,4        2,4        2,3    
0.0
    4    2,6        2,4        2,4        2,3    
0.0
    4    2,7        2,4        2,4        2,3    
0.0
    4    2,5        2,5        2,4        2,3    
0.0
    4    2,6        2,5        2,4        2,3    
0.0
    4    2,7        2,5        2,4        2,3    
0.0
    4    2,6        2,6        2,4        2,3    
0.0
    4    2,7        2,6        2,4        2,3    
0.0
    4    2,7        2,7        2,4        2,3    
0.0
    4    2,5        2,5        2,5        2,3    
0.0
    4    2,6        2,5        2,5        2,3    
0.0
    4    2,7        2,5        2,5        2,3    
0.0
    4    2,6        2,6        2,5        2,3    
0.0
    4    2,7        2,6        2,5        2,3       
0.0
    4    2,7        2,7        2,5        2,3    
0.0
    4    2,6        2,6        2,6        2,3    
0.0
    4    2,7        2,6        2,6        2,3    
0.0
    4    2,7        2,7        2,6        2,3    
0.0
    4    2,7        2,7        2,7        2,3    
0.0
    4    2,4        2,4        2,4        2,4    
0.0
    4    2,5        2,4        2,4        2,4    
0.0
    4    2,6        2,4        2,4        2,4    
0.0   
    4    2,7        2,4        2,4        2,4    
0.0
    4    2,5        2,5        2,4        2,4    
0.0
    4    2,6        2,5        2,4        2,4    
0.0
    4    2,7        2,5        2,4        2,4    
0.0
    4    2,6        2,6        2,4        2,4    
0.0
    4    2,7        2,6        2,4        2,4    
0.0
    4    2,7        2,7        2,4        2,4    
0.0
    4    2,5        2,5        2,5        2,4    
0.0
    4    2,6        2,5        2,5        2,4    
0.0
    4    2,7        2,5        2,5        2,4    
0.0
    4    2,6        2,6        2,5        2,4    
0.0
    4    2,7        2,6        2,5        2,4    
0.0
    4    2,7        2,7        2,5        2,4    
0.0
    4    2,6        2,6        2,6        2,4    
0.0
    4    2,7        2,6        2,6        2,4    
0.0
    4    2,7        2,7        2,6        2,4    
0.0
    4    2,7        2,7        2,7        2,4    
0.0
    4    2,5        2,5        2,5        2,5    
0.0
    4    2,6        2,5        2,5        2,5    
0.0
    4    2,7        2,5        2,5        2,5    
0.0
    4    2,6        2,6        2,5        2,5    
0.0
    4    2,7        2,6        2,5        2,5    
0.0
    4    2,7        2,7        2,5        2,5    
0.0
    4    2,6        2,6        2,6        2,5    
0.0
    4    2,7        2,6        2,6        2,5    
0.0
    4    2,7        2,7        2,6        2,5    
0.0
    4    2,7        2,7        2,7        2,5    
0.0
    4    2,6        2,6        2,6        2,6    
0.0
    4    2,7        2,6        2,6        2,6    
0.0
    4    2,7        2,7        2,6        2,6    
0.0
    4    2,7        2,7        2,7        2,6    
0.0
    4    2,7        2,7        2,7        2,7    
0.00183663
bias
0.0797161
