    1    1,1    
-0.00393429
    1    1,2    
0.00123725
    1    1,3    
0.00348272
    1    1,4    
0.000558255
    1    1,5    
-0.000417238
    1    1,6    
-0.000466407
    1    1,7    
0.00202187
    1    1,8    
0.000873341
    1    1,9    
-0.00486996
    1    1,10   
-0.00321488
    1    1,11   
0.000135731
    1    1,12   
-0.000554827
    1    1,13   
-0.000373251
    2    1,1        1,1    
3.39838
    2    1,2        1,1    
0.148927
    2    1,3        1,1    
-3.00454
    2    1,4        1,1    
0.0393517
    2    1,5        1,1    
0.0232066
    2    1,6        1,1    
0.114755
    2    1,7        1,1    
-0.305558
    2    1,8        1,1    
0.0641007
    2    1,9        1,1    
4.63147
    2    1,10       1,1    
4.61725
    2    1,11       1,1    
0.149906
    2    1,12       1,1    
-0.304719
    2    1,13       1,1    
-0.0510516
    2    1,2        1,2    
1.52674
    2    1,3        1,2    
0.286563
    2    1,4        1,2    
-0.00835163
    2    1,5        1,2    
0.0148506
    2    1,6        1,2    
0.0210324
    2    1,7        1,2    
-0.00451921
    2    1,8        1,2    
-0.0209499
    2    1,9        1,2    
-0.348201
    2    1,10       1,2    
-0.286821
    2    1,11       1,2    
-0.0894309
    2    1,12       1,2    
0.0856174
    2    1,13       1,2    
-0.059242
    2    1,3        1,3    
2.98465
    2    1,4        1,3    
-0.0131844
    2    1,5        1,3    
-0.0181984
    2    1,6        1,3    
-0.099174
    2    1,7        1,3    
0.894225
    2    1,8        1,3    
-0.0896684
    2    1,9        1,3    
-4.04877
    2    1,10       1,3    
-4.16959
    2    1,11       1,3    
-0.0582448
    2    1,12       1,3    
0.243098
    2    1,13       1,3    
0.0679566
    2    1,4        1,4    
0.799336
    2    1,5        1,4    
0.0139993
    2    1,6        1,4    
0.00608984
    2    1,7        1,4    
-0.00916949
    2    1,8        1,4    
0.00209064
    2    1,9        1,4    
-0.0164023
    2    1,10       1,4    
0.0331313
    2    1,11       1,4    
-0.00311679
    2    1,12       1,4    
0.00295594
    2    1,13       1,4    
0.00217867
    2    1,5        1,5    
0.800728
    2    1,6        1,5    
0.0179262
    2    1,7        1,5    
-0.0129532
    2    1,8        1,5    
-0.0086616
    2    1,9        1,5    
0.0292291
    2    1,10       1,5    
-0.0213041
    2    1,11       1,5    
0.0023991
    2    1,12       1,5    
-0.00766084
    2    1,13       1,5    
-0.00770486
    2    1,6        1,6    
0.8084
    2    1,7        1,6    
-0.00236249
    2    1,8        1,6    
0.00544792
    2    1,9        1,6    
0.164852
    2    1,10       1,6    
0.181771
    2    1,11       1,6    
-0.00347119
    2    1,12       1,6    
-0.00769931
    2    1,13       1,6    
-0.00680581
    2    1,7        1,7    
1.54528
    2    1,8        1,7    
-0.150268
    2    1,9        1,7    
-0.503587
    2    1,10       1,7    
-0.502949
    2    1,11       1,7    
0.0168343
    2    1,12       1,7    
0.00185228
    2    1,13       1,7    
0.250663
    2    1,8        1,8    
0.784106
    2    1,9        1,8    
0.0795066
    2    1,10       1,8    
0.0772146
    2    1,11       1,8    
0.00424918
    2    1,12       1,8    
-0.0011047
    2    1,13       1,8    
0.057555
    2    1,9        1,9    
3.27723
    2    1,10       1,9    
6.28715
    2    1,11       1,9    
0.100316
    2    1,12       1,9    
-0.509238
    2    1,13       1,9    
-0.0748024
    2    1,10       1,10   
3.354
    2    1,11       1,10   
0.194087
    2    1,12       1,10   
-0.482392
    2    1,13       1,10   
-0.0751622
    2    1,11       1,11   
0.142504
    2    1,12       1,11   
0.00849513
    2    1,13       1,11   
0.00490121
    2    1,12       1,12   
0.137107
    2    1,13       1,12   
-0.00551441
    2    1,13       1,13   
0.0679261
    2    2,1        2,1    
0.0521138
    2    2,2        2,1    
-0.0461713
    2    2,3        2,1    
0.0406633
    2    2,4        2,1    
0.0260158
    2    2,5        2,1    
0.0635517
    2    2,6        2,1    
-0.0279302
    2    2,7        2,1    
0.000623976
    2    2,2        2,2    
0.0586859
    2    2,3        2,2    
-0.0196516
    2    2,4        2,2    
-0.00184926
    2    2,5        2,2    
0.00791363
    2    2,6        2,2    
0.000738874
    2    2,7        2,2    
0.000629973
    2    2,3        2,3    
0.063314
    2    2,4        2,3    
-0.0214042
    2    2,5        2,3    
-0.0362628
    2    2,6        2,3    
-0.00743613
    2    2,7        2,3    
-0.00129248
    2    2,4        2,4    
0.0526802
    2    2,5        2,4    
0.0127319
    2    2,6        2,4    
-0.0135087
    2    2,7        2,4    
0.000740886
    2    2,5        2,5    
0.0930859
    2    2,6        2,5    
-0.0380373
    2    2,7        2,5    
0.00309196
    2    2,6        2,6    
0.0564223
    2    2,7        2,6    
0.00669167
    2    2,7        2,7    
0.00927185
    2    3,1        3,1    
1.58295
    2    3,2        3,1    
0.532659
    2    3,3        3,1    
-0.251399
    2    3,4        3,1    
0.0155989
    2    3,5        3,1    
0.0104678
    2    3,6        3,1    
0.00570866
    2    3,7        3,1    
0.361965
    2    3,8        3,1    
0.0904158
    2    3,9        3,1    
0.0706933
    2    3,10       3,1    
-0.0609879
    2    3,11       3,1    
-0.0327647
    2    3,12       3,1    
-0.00468176
    2    3,2        3,2    
1.42474
    2    3,3        3,2    
0.512985
    2    3,4        3,2    
0.0126459
    2    3,5        3,2    
0.0464179
    2    3,6        3,2    
0.0064531
    2    3,7        3,2    
0.281557
    2    3,8        3,2    
0.0160488
    2    3,9        3,2    
-0.0480859
    2    3,10       3,2    
-0.0610568
    2    3,11       3,2    
-0.0373264
    2    3,12       3,2    
0.00811456
    2    3,3        3,3    
1.52749
    2    3,4        3,3    
-0.00565284
    2    3,5        3,3    
0.0238495
    2    3,6        3,3    
0.0156979
    2    3,7        3,3    
0.112121
    2    3,8        3,3    
-0.00734668
    2    3,9        3,3    
-0.00142783
    2    3,10       3,3    
-0.153386
    2    3,11       3,3    
0.108238
    2    3,12       3,3    
-0.00287586
    2    3,4        3,4    
0.796789
    2    3,5        3,4    
0.0105673
    2    3,6        3,4    
-0.00169283
    2    3,7        3,4    
-0.0395566
    2    3,8        3,4    
-0.00229288
    2    3,9        3,4    
-0.00177807
    2    3,10       3,4    
-0.00317044
    2    3,11       3,4    
0.00239125
    2    3,12       3,4    
-0.000664742
    2    3,5        3,5    
0.799483
    2    3,6        3,5    
0.00110207
    2    3,7        3,5    
0.0392188
    2    3,8        3,5    
0.000897159
    2    3,9        3,5    
0.00313664
    2    3,10       3,5    
-0.00274839
    2    3,11       3,5    
-0.00873519
    2    3,12       3,5    
0.00101261
    2    3,6        3,6    
0.780765
    2    3,7        3,6    
0.00574861
    2    3,8        3,6    
-2.41806e-05
    2    3,9        3,6    
-0.00113954
    2    3,10       3,6    
-0.00313242
    2    3,11       3,6    
0.00257906
    2    3,12       3,6    
0.0529415
    2    3,7        3,7    
0.366261
    2    3,8        3,7    
0.0260022
    2    3,9        3,7    
0.16098
    2    3,10       3,7    
-0.101929
    2    3,11       3,7    
-0.0492425
    2    3,12       3,7    
0.00794552
    2    3,8        3,8    
0.0688018
    2    3,9        3,8    
-0.00507833
    2    3,10       3,8    
0.0062883
    2    3,11       3,8    
0.000307974
    2    3,12       3,8    
-0.000671306
    2    3,9        3,9    
0.134712
    2    3,10       3,9    
0.00283
    2    3,11       3,9    
-0.0073844
    2    3,12       3,9    
0.00189323
    2    3,10       3,10   
0.133873
    2    3,11       3,10   
0.0021637
    2    3,12       3,10   
-0.00316666
    2    3,11       3,11   
0.110036
    2    3,12       3,11   
-0.0148265
    2    3,12       3,12   
0.0656104
    2    4,1        4,1    
0.173598
    2    4,2        4,1    
0.103723
    2    4,3        4,1    
0.0625519
    2    4,4        4,1    
0.00636612
    2    4,2        4,2    
0.0621175
    2    4,3        4,2    
-0.0165389
    2    4,4        4,2    
0.00222501
    2    4,3        4,3    
0.0483355
    2    4,4        4,3    
0.00125871
    2    4,4        4,4    
0.00940311
    4    2,1        2,1        2,1        2,1    
0.0
    4    2,2        2,1        2,1        2,1    
0.0
    4    2,3        2,1        2,1        2,1    
0.0
    4    2,4        2,1        2,1        2,1    
0.0
    4    2,5        2,1        2,1        2,1    
0.0
    4    2,6        2,1        2,1        2,1    
0.0
    4    2,7        2,1        2,1        2,1    
0.0
    4    2,2        2,2        2,1        2,1    
0.0
    4    2,3        2,2        2,1        2,1    
0.0
    4    2,4        2,2        2,1        2,1    
0.0
    4    2,5        2,2        2,1        2,1    
0.0
    4    2,6        2,2        2,1        2,1    
0.0
    4    2,7        2,2        2,1        2,1    
0.0
    4    2,3        2,3        2,1        2,1    
0.0
    4    2,4        2,3        2,1        2,1    
0.0
    4    2,5        2,3        2,1        2,1    
0.0
    4    2,6        2,3        2,1        2,1    
0.0
    4    2,7        2,3        2,1        2,1    
0.0
    4    2,4        2,4        2,1        2,1    
0.0
    4    2,5        2,4        2,1        2,1    
0.0
    4    2,6        2,4        2,1        2,1    
0.0
    4    2,7        2,4        2,1        2,1    
0.0
    4    2,5        2,5        2,1        2,1    
0.0
    4    2,6        2,5        2,1        2,1    
0.0
    4    2,7        2,5        2,1        2,1    
0.0
    4    2,6        2,6        2,1        2,1    
0.0
    4    2,7        2,6        2,1        2,1    
0.0
    4    2,7        2,7        2,1        2,1    
0.0
    4    2,2        2,2        2,2        2,1    
0.0
    4    2,3        2,2        2,2        2,1    
0.0
    4    2,4        2,2        2,2        2,1    
0.0
    4    2,5        2,2        2,2        2,1    
0.0
    4    2,6        2,2        2,2        2,1    
0.0
    4    2,7        2,2        2,2        2,1    
0.0
    4    2,3        2,3        2,2        2,1    
0.0
    4    2,4        2,3        2,2        2,1    
0.0
    4    2,5        2,3        2,2        2,1    
0.0
    4    2,6        2,3        2,2        2,1    
0.0
    4    2,7        2,3        2,2        2,1    
0.0
    4    2,4        2,4        2,2        2,1    
0.0
    4    2,5        2,4        2,2        2,1    
0.0
    4    2,6        2,4        2,2        2,1    
0.0
    4    2,7        2,4        2,2        2,1    
0.0
    4    2,5        2,5        2,2        2,1    
0.0
    4    2,6        2,5        2,2        2,1    
0.0
    4    2,7        2,5        2,2        2,1    
0.0
    4    2,6        2,6        2,2        2,1    
0.0
    4    2,7        2,6        2,2        2,1    
0.0
    4    2,7        2,7        2,2        2,1    
0.0
    4    2,3        2,3        2,3        2,1    
0.0
    4    2,4        2,3        2,3        2,1    
0.0
    4    2,5        2,3        2,3        2,1    
0.0
    4    2,6        2,3        2,3        2,1    
0.0
    4    2,7        2,3        2,3        2,1    
0.0
    4    2,4        2,4        2,3        2,1    
0.0
    4    2,5        2,4        2,3        2,1    
0.0
    4    2,6        2,4        2,3        2,1    
0.0
    4    2,7        2,4        2,3        2,1    
0.0
    4    2,5        2,5        2,3        2,1    
0.0
    4    2,6        2,5        2,3        2,1    
0.0
    4    2,7        2,5        2,3        2,1    
0.0
    4    2,6        2,6        2,3        2,1    
0.0
    4    2,7        2,6        2,3        2,1    
0.0
    4    2,7        2,7        2,3        2,1    
0.0
    4    2,4        2,4        2,4        2,1    
0.0
    4    2,5        2,4        2,4        2,1    
0.0
    4    2,6        2,4        2,4        2,1    
0.0
    4    2,7        2,4        2,4        2,1    
0.0
    4    2,5        2,5        2,4        2,1    
0.0
    4    2,6        2,5        2,4        2,1    
0.0
    4    2,7        2,5        2,4        2,1    
0.0
    4    2,6        2,6        2,4        2,1    
0.0
    4    2,7        2,6        2,4        2,1    
0.0
    4    2,7        2,7        2,4        2,1    
0.0
    4    2,5        2,5        2,5        2,1    
0.0
    4    2,6        2,5        2,5        2,1    
0.0
    4    2,7        2,5        2,5        2,1    
0.0
    4    2,6        2,6        2,5        2,1    
0.0
    4    2,7        2,6        2,5        2,1    
0.0
    4    2,7        2,7        2,5        2,1    
0.0
    4    2,6        2,6        2,6        2,1    
0.0
    4    2,7        2,6        2,6        2,1    
0.0
    4    2,7        2,7        2,6        2,1    
0.0
    4    2,7        2,7        2,7        2,1    
0.0
    4    2,2        2,2        2,2        2,2    
0.0
    4    2,3        2,2        2,2        2,2    
0.0
    4    2,4        2,2        2,2        2,2    
0.0
    4    2,5        2,2        2,2        2,2    
0.0
    4    2,6        2,2        2,2        2,2    
0.0
    4    2,7        2,2        2,2        2,2    
0.0
    4    2,3        2,3        2,2        2,2    
0.0
    4    2,4        2,3        2,2        2,2    
0.0
    4    2,5        2,3        2,2        2,2    
0.0
    4    2,6        2,3        2,2        2,2    
0.0
    4    2,7        2,3        2,2        2,2    
0.0
    4    2,4        2,4        2,2        2,2    
0.0
    4    2,5        2,4        2,2        2,2    
0.0
    4    2,6        2,4        2,2        2,2    
0.0
    4    2,7        2,4        2,2        2,2    
0.0
    4    2,5        2,5        2,2        2,2    
0.0
    4    2,6        2,5        2,2        2,2    
0.0
    4    2,7        2,5        2,2        2,2    
0.0
    4    2,6        2,6        2,2        2,2    
0.0
    4    2,7        2,6        2,2        2,2    
0.0
    4    2,7        2,7        2,2        2,2    
0.0
    4    2,3        2,3        2,3        2,2    
0.0
    4    2,4        2,3        2,3        2,2    
0.0
    4    2,5        2,3        2,3        2,2    
0.0
    4    2,6        2,3        2,3        2,2    
0.0
    4    2,7        2,3        2,3        2,2    
0.0
    4    2,4        2,4        2,3        2,2    
0.0
    4    2,5        2,4        2,3        2,2    
0.0
    4    2,6        2,4        2,3        2,2    
0.0
    4    2,7        2,4        2,3        2,2    
0.0
    4    2,5        2,5        2,3        2,2    
0.0
    4    2,6        2,5        2,3        2,2    
0.0
    4    2,7        2,5        2,3        2,2    
0.0
    4    2,6        2,6        2,3        2,2    
0.0
    4    2,7        2,6        2,3        2,2    
0.0
    4    2,7        2,7        2,3        2,2    
0.0
    4    2,4        2,4        2,4        2,2    
0.0
    4    2,5        2,4        2,4        2,2    
0.0
    4    2,6        2,4        2,4        2,2    
0.0
    4    2,7        2,4        2,4        2,2    
0.0
    4    2,5        2,5        2,4        2,2    
0.0
    4    2,6        2,5        2,4        2,2    
0.0
    4    2,7        2,5        2,4        2,2    
0.0
    4    2,6        2,6        2,4        2,2    
0.0
    4    2,7        2,6        2,4        2,2    
0.0
    4    2,7        2,7        2,4        2,2    
0.0
    4    2,5        2,5        2,5        2,2    
0.0
    4    2,6        2,5        2,5        2,2    
0.0
    4    2,7        2,5        2,5        2,2    
0.0
    4    2,6        2,6        2,5        2,2    
0.0
    4    2,7        2,6        2,5        2,2    
0.0
    4    2,7        2,7        2,5        2,2    
0.0
    4    2,6        2,6        2,6        2,2    
0.0
    4    2,7        2,6        2,6        2,2    
0.0
    4    2,7        2,7        2,6        2,2    
0.0
    4    2,7        2,7        2,7        2,2    
0.0
    4    2,3        2,3        2,3        2,3    
0.0
    4    2,4        2,3        2,3        2,3    
0.0
    4    2,5        2,3        2,3        2,3    
0.0
    4    2,6        2,3        2,3        2,3    
0.0
    4    2,7        2,3        2,3        2,3    
0.0
    4    2,4        2,4        2,3        2,3    
0.0
    4    2,5        2,4        2,3        2,3    
0.0
    4    2,6        2,4        2,3        2,3    
0.0
    4    2,7        2,4        2,3        2,3    
0.0
    4    2,5        2,5        2,3        2,3    
0.0
    4    2,6        2,5        2,3        2,3    
0.0
    4    2,7        2,5        2,3        2,3    
0.0
    4    2,6        2,6        2,3        2,3    
0.0
    4    2,7        2,6        2,3        2,3    
0.0
    4    2,7        2,7        2,3        2,3    
0.0
    4    2,4        2,4        2,4        2,3    
0.0
    4    2,5        2,4        2,4        2,3    
0.0
    4    2,6        2,4        2,4        2,3    
0.0
    4    2,7        2,4        2,4        2,3    
0.0
    4    2,5        2,5        2,4        2,3    
0.0
    4    2,6        2,5        2,4        2,3    
0.0
    4    2,7        2,5        2,4        2,3    
0.0
    4    2,6        2,6        2,4        2,3    
0.0
    4    2,7        2,6        2,4        2,3    
0.0
    4    2,7        2,7        2,4        2,3    
0.0
    4    2,5        2,5        2,5        2,3    
0.0
    4    2,6        2,5        2,5        2,3    
0.0
    4    2,7        2,5        2,5        2,3    
0.0
    4    2,6        2,6        2,5        2,3    
0.0
    4    2,7        2,6        2,5        2,3       
0.0
    4    2,7        2,7        2,5        2,3    
0.0
    4    2,6        2,6        2,6        2,3    
0.0
    4    2,7        2,6        2,6        2,3    
0.0
    4    2,7        2,7        2,6        2,3    
0.0
    4    2,7        2,7        2,7        2,3    
0.0
    4    2,4        2,4        2,4        2,4    
0.0
    4    2,5        2,4        2,4        2,4    
0.0
    4    2,6        2,4        2,4        2,4    
0.0   
    4    2,7        2,4        2,4        2,4    
0.0
    4    2,5        2,5        2,4        2,4    
0.0
    4    2,6        2,5        2,4        2,4    
0.0
    4    2,7        2,5        2,4        2,4    
0.0
    4    2,6        2,6        2,4        2,4    
0.0
    4    2,7        2,6        2,4        2,4    
0.0
    4    2,7        2,7        2,4        2,4    
0.0
    4    2,5        2,5        2,5        2,4    
0.0
    4    2,6        2,5        2,5        2,4    
0.0
    4    2,7        2,5        2,5        2,4    
0.0
    4    2,6        2,6        2,5        2,4    
0.0
    4    2,7        2,6        2,5        2,4    
0.0
    4    2,7        2,7        2,5        2,4    
0.0
    4    2,6        2,6        2,6        2,4    
0.0
    4    2,7        2,6        2,6        2,4    
0.0
    4    2,7        2,7        2,6        2,4    
0.0
    4    2,7        2,7        2,7        2,4    
0.0
    4    2,5        2,5        2,5        2,5    
0.0
    4    2,6        2,5        2,5        2,5    
0.0
    4    2,7        2,5        2,5        2,5    
0.0
    4    2,6        2,6        2,5        2,5    
0.0
    4    2,7        2,6        2,5        2,5    
0.0
    4    2,7        2,7        2,5        2,5    
0.0
    4    2,6        2,6        2,6        2,5    
0.0
    4    2,7        2,6        2,6        2,5    
0.0
    4    2,7        2,7        2,6        2,5    
0.0
    4    2,7        2,7        2,7        2,5    
0.0
    4    2,6        2,6        2,6        2,6    
0.0
    4    2,7        2,6        2,6        2,6    
0.0
    4    2,7        2,7        2,6        2,6    
0.0
    4    2,7        2,7        2,7        2,6    
0.0
    4    2,7        2,7        2,7        2,7    
0.00183524
bias
0.000238462
