    1    4,1    
0.00860107
    1    4,2    
-0.00216801
    1    4,3    
0.0073685
    1    4,4    
-0.00216853
    2    4,1        1,1    
0.00241877
    2    4,2        1,1    
-0.0056471
    2    4,3        1,1    
0.00273914
    2    4,4        1,1    
-0.000629117
    2    4,1        1,2    
0.0251566
    2    4,2        1,2    
0.00175946
    2    4,3        1,2    
0.00302051
    2    4,4        1,2    
0.00269512
    2    4,1        1,3    
-0.02814
    2    4,2        1,3    
0.00266656
    2    4,3        1,3    
-0.009157
    2    4,4        1,3    
0.00235642
    2    4,1        1,4    
0.00387899
    2    4,2        1,4    
0.001088
    2    4,3        1,4    
-0.000681471
    2    4,4        1,4    
-7.26528e-05
    2    4,1        1,5    
0.00333871
    2    4,2        1,5    
0.00298703
    2    4,3        1,5    
-0.00031048
    2    4,4        1,5    
-0.000129581
    2    4,1        1,6    
-0.00748773
    2    4,2        1,6    
0.00248516
    2    4,3        1,6    
-0.0136853
    2    4,4        1,6    
0.000426775
    2    4,1        1,7    
-0.00184431
    2    4,2        1,7    
0.000635021
    2    4,3        1,7    
-0.00327861
    2    4,4        1,7    
0.00485858
    2    4,1        1,8    
-0.0228565
    2    4,2        1,8    
-0.00269337
    2    4,3        1,8    
0.00727935
    2    4,4        1,8    
-0.00771952
    2    4,1        1,9    
-0.00406857
    2    4,2        1,9    
-0.00883921
    2    4,3        1,9    
0.00803771
    2    4,4        1,9    
-0.00140553
    2    4,1        1,10   
0.000221732
    2    4,2        1,10   
-0.00685104
    2    4,3        1,10   
0.00487762
    2    4,4        1,10   
-0.0013646
    2    4,1        1,11   
0.00130951
    2    4,2        1,11   
0.00153507
    2    4,3        1,11   
5.36662e-05
    2    4,4        1,11   
3.03947e-05
    2    4,1        1,12   
-0.00898295
    2    4,2        1,12   
0.000661061
    2    4,3        1,12   
-0.00313671
    2    4,4        1,12   
-0.000173587
    2    4,1        1,13   
-0.00429277
    2    4,2        1,13   
-0.000596301
    2    4,3        1,13   
-0.00259362
    2    4,4        1,13   
0.00322197
    2    3,1        2,1    
-0.00676472
    2    3,2        2,1    
0.00837836
    2    3,3        2,1    
0.00106821
    2    3,4        2,1    
-0.00092638
    2    3,5        2,1    
0.00213995
    2    3,6        2,1    
-0.00443759
    2    3,7        2,1    
-0.010749
    2    3,8        2,1    
-0.000264973
    2    3,9        2,1    
-0.00103786
    2    3,10       2,1    
0.00236246
    2    3,11       2,1    
-0.00147969
    2    3,12       2,1    
-0.00390783
    2    3,1        2,2    
0.00545371
    2    3,2        2,2    
-0.0076912
    2    3,3        2,2    
0.00306561
    2    3,4        2,2    
0.000390385
    2    3,5        2,2    
-0.000311234
    2    3,6        2,2    
0.00209453
    2    3,7        2,2    
0.000720474
    2    3,8        2,2    
-0.00223629
    2    3,9        2,2    
-0.00217312
    2    3,10       2,2    
-0.000444402
    2    3,11       2,2    
-4.80294e-05
    2    3,12       2,2    
-0.001245
    2    3,1        2,3    
-0.000173414
    2    3,2        2,3    
-0.00830198
    2    3,3        2,3    
-0.00496841
    2    3,4        2,3    
0.00253328
    2    3,5        2,3    
0.00308074
    2    3,6        2,3    
0.00640228
    2    3,7        2,3    
0.000817308
    2    3,8        2,3    
-0.000354673
    2    3,9        2,3    
0.000804799
    2    3,10       2,3    
0.000590908
    2    3,11       2,3    
-0.00192828
    2    3,12       2,3    
-0.000777265
    2    3,1        2,4    
0.0110656
    2    3,2        2,4    
-0.0069374
    2    3,3        2,4    
0.00109638
    2    3,4        2,4    
-0.00025977
    2    3,5        2,4    
-0.0101488
    2    3,6        2,4    
0.00516106
    2    3,7        2,4    
-0.00045036
    2    3,8        2,4    
-0.00319628
    2    3,9        2,4    
-0.00414921
    2    3,10       2,4    
-0.000944342
    2    3,11       2,4    
-0.00395365
    2    3,12       2,4    
-0.00372145
    2    3,1        2,5    
0.00224328
    2    3,2        2,5    
-0.00894776
    2    3,3        2,5    
0.0132826
    2    3,4        2,5    
-0.00147892
    2    3,5        2,5    
0.00552531
    2    3,6        2,5    
-0.0204298
    2    3,7        2,5    
-0.00627155
    2    3,8        2,5    
-0.000508944
    2    3,9        2,5    
-0.00204437
    2    3,10       2,5    
0.00567489
    2    3,11       2,5    
0.00390124
    2    3,12       2,5    
-0.00453263
    2    3,1        2,6    
-0.0467791
    2    3,2        2,6    
0.0181442
    2    3,3        2,6    
0.00151199
    2    3,4        2,6    
-7.28692e-05
    2    3,5        2,6    
0.000753497
    2    3,6        2,6    
0.0197359
    2    3,7        2,6    
-0.0148436
    2    3,8        2,6    
-0.00398028
    2    3,9        2,6    
-0.00299831
    2    3,10       2,6    
0.000860219
    2    3,11       2,6    
-0.00555153
    2    3,12       2,6    
0.000572248
    2    3,1        2,7    
-0.00518862
    2    3,2        2,7    
0.00188072
    2    3,3        2,7    
-0.00108013
    2    3,4        2,7    
-4.94027e-05
    2    3,5        2,7    
0.000305568
    2    3,6        2,7    
-0.00480467
    2    3,7        2,7    
-0.00149322
    2    3,8        2,7    
-0.000367177
    2    3,9        2,7    
-0.000344497
    2    3,10       2,7    
-0.000136085
    2    3,11       2,7    
0.00151435
    2    3,12       2,7    
0.00213764
    3    2,1        2,1        4,1    
0.0
    3    2,2        2,1        4,1    
0.0
    3    2,3        2,1        4,1    
0.0
    3    2,4        2,1        4,1    
0.0
    3    2,5        2,1        4,1    
0.0
    3    2,6        2,1        4,1    
0.0
    3    2,7        2,1        4,1    
0.0
    3    2,2        2,2        4,1    
0.0
    3    2,3        2,2        4,1    
0.0
    3    2,4        2,2        4,1    
0.0
    3    2,5        2,2        4,1    
0.0
    3    2,6        2,2        4,1    
0.0
    3    2,7        2,2        4,1    
0.0
    3    2,3        2,3        4,1    
0.0
    3    2,4        2,3        4,1    
0.0
    3    2,5        2,3        4,1    
0.0
    3    2,6        2,3        4,1    
0.0
    3    2,7        2,3        4,1    
0.0
    3    2,4        2,4        4,1    
0.0
    3    2,5        2,4        4,1    
0.0
    3    2,6        2,4        4,1    
0.0
    3    2,7        2,4        4,1    
0.0
    3    2,5        2,5        4,1    
0.0
    3    2,6        2,5        4,1    
0.0
    3    2,7        2,5        4,1    
0.0
    3    2,6        2,6        4,1    
0.0
    3    2,7        2,6        4,1    
0.0
    3    2,7        2,7        4,1    
0.00128287
    3    2,1        2,1        4,2    
0.0
    3    2,2        2,1        4,2    
0.0
    3    2,3        2,1        4,2    
0.0
    3    2,4        2,1        4,2    
0.0
    3    2,5        2,1        4,2    
0.0
    3    2,6        2,1        4,2    
0.0
    3    2,7        2,1        4,2    
0.0
    3    2,2        2,2        4,2    
0.0
    3    2,3        2,2        4,2    
0.0
    3    2,4        2,2        4,2    
0.0
    3    2,5        2,2        4,2    
0.0
    3    2,6        2,2        4,2    
0.0
    3    2,7        2,2        4,2    
0.0
    3    2,3        2,3        4,2    
0.0
    3    2,4        2,3        4,2    
0.0
    3    2,5        2,3        4,2    
0.0
    3    2,6        2,3        4,2    
0.0
    3    2,7        2,3        4,2    
0.0
    3    2,4        2,4        4,2    
0.0
    3    2,5        2,4        4,2    
0.0
    3    2,6        2,4        4,2    
0.0
    3    2,7        2,4        4,2    
0.0
    3    2,5        2,5        4,2    
0.0
    3    2,6        2,5        4,2    
0.0
    3    2,7        2,5        4,2    
0.0
    3    2,6        2,6        4,2    
0.0
    3    2,7        2,6        4,2    
0.0
    3    2,7        2,7        4,2    
0.000166651
    3    2,1        2,1        4,3    
0.0
    3    2,2        2,1        4,3    
0.0
    3    2,3        2,1        4,3    
0.0
    3    2,4        2,1        4,3    
0.0
    3    2,5        2,1        4,3    
0.0
    3    2,6        2,1        4,3    
0.0
    3    2,7        2,1        4,3    
0.0
    3    2,2        2,2        4,3    
0.0
    3    2,3        2,2        4,3    
0.0
    3    2,4        2,2        4,3    
0.0
    3    2,5        2,2        4,3    
0.0
    3    2,6        2,2        4,3    
0.0
    3    2,7        2,2        4,3    
0.0
    3    2,3        2,3        4,3    
0.0
    3    2,4        2,3        4,3    
0.0
    3    2,5        2,3        4,3    
0.0
    3    2,6        2,3        4,3    
0.0
    3    2,7        2,3        4,3    
0.0
    3    2,4        2,4        4,3    
0.0
    3    2,5        2,4        4,3    
0.0
    3    2,6        2,4        4,3    
0.0
    3    2,7        2,4        4,3    
0.0
    3    2,5        2,5        4,3    
0.0
    3    2,6        2,5        4,3    
0.0
    3    2,7        2,5        4,3    
0.0
    3    2,6        2,6        4,3    
0.0
    3    2,7        2,6        4,3    
0.0
    3    2,7        2,7        4,3    
-0.00119351
    3    2,1        2,1        4,4    
0.0
    3    2,2        2,1        4,4    
0.0
    3    2,3        2,1        4,4    
0.0
    3    2,4        2,1        4,4    
0.0
    3    2,5        2,1        4,4    
0.0
    3    2,6        2,1        4,4    
0.0
    3    2,7        2,1        4,4    
0.0
    3    2,2        2,2        4,4    
0.0
    3    2,3        2,2        4,4    
0.0
    3    2,4        2,2        4,4    
0.0
    3    2,5        2,2        4,4    
0.0
    3    2,6        2,2        4,4    
0.0
    3    2,7        2,2        4,4    
0.0
    3    2,3        2,3        4,4    
0.0
    3    2,4        2,3        4,4    
0.0
    3    2,5        2,3        4,4    
0.0
    3    2,6        2,3        4,4    
0.0
    3    2,7        2,3        4,4    
0.0
    3    2,4        2,4        4,4    
0.0
    3    2,5        2,4        4,4    
0.0
    3    2,6        2,4        4,4    
0.0
    3    2,7        2,4        4,4    
0.0
    3    2,5        2,5        4,4    
0.0
    3    2,6        2,5        4,4    
0.0
    3    2,7        2,5        4,4    
0.0
    3    2,6        2,6        4,4    
0.0
    3    2,7        2,6        4,4    
0.0
    3    2,7        2,7        4,4    
0.00148365
