     2.647899   -21.230248     0.190592    -6.166223    -6.295369    -6.400552   -14.330412    10.147193
     5.540295     6.565699     7.027912     5.330391     8.017053    -6.376184    -0.004534    -0.034988
     0.116384    -6.551301    -9.833714    -9.001987     0.000000     0.000000     0.000000     0.000000
     0.000000     0.000000     0.000000     0.000000     0.000000     0.000000     0.000000     0.000000
     0.000000     0.000000     0.000000     0.000000
   -21.230248   -23.372225    16.996358   -15.112961   -15.078123   -15.514728   -22.363568    18.846660
   -20.270428   -19.294204    15.076543    15.419330    16.903384   -15.140573     0.007003    -0.043715
     0.118450   -15.314228   -18.478731   -17.865223     0.000000     0.000000     0.000000     0.000000
     0.000000     0.000000     0.000000     0.000000     0.000000     0.000000     0.000000     0.000000
     0.000000     0.000000     0.000000     0.000000
     0.190592    16.996358    11.007514     1.262933     1.335692     1.423668     9.965588    -5.148395
    -8.940575   -10.218523    -1.761273    -0.597915    -2.972594     1.373378    -0.002644     0.048512
    -0.131986     1.532333     4.855491     3.979189     0.000000     0.000000     0.000000     0.000000
     0.000000     0.000000     0.000000     0.000000     0.000000     0.000000     0.000000     0.000000
     0.000000     0.000000     0.000000     0.000000
    -6.166223   -15.112961     1.262933     5.847132    -0.116983    -0.595443    -7.346223     3.993507
    -3.986546    -2.932922     0.386575     0.232138     1.967081    -0.206527     0.004840    -0.033407
     0.110134    -0.398306    -3.595185    -2.980199     0.000000     0.000000     0.000000     0.000000
     0.000000     0.000000     0.000000     0.000000     0.000000     0.000000     0.000000     0.000000
     0.000000     0.000000     0.000000     0.000000
    -6.295369   -15.078123     1.335692    -0.116983     5.909780    -0.583471    -7.361651     4.010081
    -3.922667    -3.303022     0.423300     0.234432     1.989978    -0.228593     0.000706    -0.034398
     0.106289    -0.421754    -3.610251    -3.001427     0.000000     0.000000     0.000000     0.000000
     0.000000     0.000000     0.000000     0.000000     0.000000     0.000000     0.000000     0.000000
     0.000000     0.000000     0.000000     0.000000
    -6.400552   -15.514728     1.423668    -0.595443    -0.583471     5.040100    -7.782772     4.462246
    -3.659909    -2.739499     0.866851     0.660002     2.441103    -0.669606    -0.000279    -0.034597
     0.115208    -0.863791    -4.044645    -3.431281     0.000000     0.000000     0.000000     0.000000
     0.000000     0.000000     0.000000     0.000000     0.000000     0.000000     0.000000     0.000000
     0.000000     0.000000     0.000000     0.000000
   -14.330412   -22.363568     9.965588    -7.346223    -7.361651    -7.782772    -8.018349    11.040085
   -12.727586   -11.887220     7.567531     7.461793     9.649523    -7.378462     0.008796    -0.057363
     0.096369    -7.535184   -10.882536   -10.299760     0.000000     0.000000     0.000000     0.000000
     0.000000     0.000000     0.000000     0.000000     0.000000     0.000000     0.000000     0.000000
     0.000000     0.000000     0.000000     0.000000
    10.147193    18.846660    -5.148395     3.993507     4.010081     4.462246    11.040085    -0.969021
     7.758950     6.912328    -4.239440    -4.067501    -5.844773     4.024731     0.001558     0.036579
    -0.119189     4.207772     7.093869     6.543997     0.000000     0.000000     0.000000     0.000000
     0.000000     0.000000     0.000000     0.000000     0.000000     0.000000     0.000000     0.000000
     0.000000     0.000000     0.000000     0.000000
     5.540295   -20.270428    -8.940575    -3.986546    -3.922667    -3.659909   -12.727586     7.758950
    22.613962    22.834641     4.671788     1.642450     5.521441    -4.026663    -0.005446    -0.041210
     0.133274    -4.177060    -7.440459    -6.472007     0.000000     0.000000     0.000000     0.000000
     0.000000     0.000000     0.000000     0.000000     0.000000     0.000000     0.000000     0.000000
     0.000000     0.000000     0.000000     0.000000
     6.565699   -19.294204   -10.218523    -2.932922    -3.303022    -2.739499   -11.887220     6.912328
    22.834641    25.992483     4.250730     0.868401     4.669697    -3.187410    -0.003884    -0.038689
     0.130794    -3.341741    -6.611557    -5.644835     0.000000     0.000000     0.000000     0.000000
     0.000000     0.000000     0.000000     0.000000     0.000000     0.000000     0.000000     0.000000
     0.000000     0.000000     0.000000     0.000000
     7.027912    15.076543    -1.761273     0.386575     0.423300     0.866851     7.567531    -4.239440
     4.671788     4.250730     0.550906    -0.441923    -2.218959     0.450237    -0.000465     0.035553
    -0.110071     0.644719     3.835110     3.226660     0.000000     0.000000     0.000000     0.000000
     0.000000     0.000000     0.000000     0.000000     0.000000     0.000000     0.000000     0.000000
     0.000000     0.000000     0.000000     0.000000
     5.330391    15.419330    -0.597915     0.232138     0.234432     0.660002     7.461793    -4.067501
     1.642450     0.868401    -0.441923     0.894998    -2.048305     0.293984    -0.002268     0.033289
    -0.105787     0.488990     3.645764     3.041062     0.000000     0.000000     0.000000     0.000000
     0.000000     0.000000     0.000000     0.000000     0.000000     0.000000     0.000000     0.000000
     0.000000     0.000000     0.000000     0.000000
     8.017053    16.903384    -2.972594     1.967081     1.989978     2.441103     9.649523    -5.844773
     5.521441     4.669697    -2.218959    -2.048305    -2.611393     2.012610    -0.001662     0.030503
    -0.125153     2.201325     6.107845     5.283247     0.000000     0.000000     0.000000     0.000000
     0.000000     0.000000     0.000000     0.000000     0.000000     0.000000     0.000000     0.000000
     0.000000     0.000000     0.000000     0.000000
    -6.376184   -15.140573     1.373378    -0.206527    -0.228593    -0.669606    -7.378462     4.024731
    -4.026663    -3.187410     0.450237     0.293984     2.012610     0.256218    -0.344855     0.265535
     0.359169    -0.107508    -3.903699    -3.038483     0.000000     0.000000     0.000000     0.000000
     0.000000     0.000000     0.000000     0.000000     0.000000     0.000000     0.000000     0.000000
     0.000000     0.000000     0.000000     0.000000
    -0.004534     0.007003    -0.002644     0.004840     0.000706    -0.000279     0.008796     0.001558
    -0.005446    -0.003884    -0.000465    -0.002268    -0.001662    -0.344855     1.476191    -0.264719
    -0.047035     0.029354    -0.012083     0.003252     0.000000     0.000000     0.000000     0.000000
     0.000000     0.000000     0.000000     0.000000     0.000000     0.000000     0.000000     0.000000
     0.000000     0.000000     0.000000     0.000000
    -0.034988    -0.043715     0.048512    -0.033407    -0.034398    -0.034597    -0.057363     0.036579
    -0.041210    -0.038689     0.035553     0.033289     0.030503     0.265535    -0.264719     1.202546
    -0.083746    -0.215445    -0.079490    -0.037690     0.000000     0.000000     0.000000     0.000000
     0.000000     0.000000     0.000000     0.000000     0.000000     0.000000     0.000000     0.000000
     0.000000     0.000000     0.000000     0.000000
     0.116384     0.118450    -0.131986     0.110134     0.106289     0.115208     0.096369    -0.119189
     0.133274     0.130794    -0.110071    -0.105787    -0.125153     0.359169    -0.047035    -0.083746
     0.926597     0.320448    -0.033226     0.115348     0.000000     0.000000     0.000000     0.000000
     0.000000     0.000000     0.000000     0.000000     0.000000     0.000000     0.000000     0.000000
     0.000000     0.000000     0.000000     0.000000
    -6.551301   -15.314228     1.532333    -0.398306    -0.421754    -0.863791    -7.535184     4.207772
    -4.177060    -3.341741     0.644719     0.488990     2.201325    -0.107508     0.029354    -0.215445
     0.320448     0.188225    -4.261076    -3.227741     0.000000     0.000000     0.000000     0.000000
     0.000000     0.000000     0.000000     0.000000     0.000000     0.000000     0.000000     0.000000
     0.000000     0.000000     0.000000     0.000000
    -9.833714   -18.478731     4.855491    -3.595185    -3.610251    -4.044645   -10.882536     7.093869
    -7.440459    -6.611557     3.835110     3.645764     6.107845    -3.903699    -0.012083    -0.079490
    -0.033226    -4.261076    -4.311405    -5.593451     0.000000     0.000000     0.000000     0.000000
     0.000000     0.000000     0.000000     0.000000     0.000000     0.000000     0.000000     0.000000
     0.000000     0.000000     0.000000     0.000000
    -9.001987   -17.865223     3.979189    -2.980199    -3.001427    -3.431281   -10.299760     6.543997
    -6.472007    -5.644835     3.226660     3.041062     5.283247    -3.038483     0.003252    -0.037690
     0.115348    -3.227741    -5.593451    -5.259806     0.000000     0.000000     0.000000     0.000000
     0.000000     0.000000     0.000000     0.000000     0.000000     0.000000     0.000000     0.000000
     0.000000     0.000000     0.000000     0.000000
     0.000000     0.000000     0.000000     0.000000     0.000000     0.000000     0.000000     0.000000
     0.000000     0.000000     0.000000     0.000000     0.000000     0.000000     0.000000     0.000000
     0.000000     0.000000     0.000000     0.000000     4.829744     1.903495    -0.358946     0.093267
     0.354526    -1.124170     0.735943     0.155440     0.078943    -0.436462     0.497894     0.592116
     2.298116    -0.818456     2.604423    -0.533868
     0.000000     0.000000     0.000000     0.000000     0.000000     0.000000     0.000000     0.000000
     0.000000     0.000000     0.000000     0.000000     0.000000     0.000000     0.000000     0.000000
     0.000000     0.000000     0.000000     0.000000     1.903495     5.535428     0.967921     0.019956
    -0.025674     1.012841     1.110740     0.116608    -0.076322    -0.045242    -0.403329    -0.432640
    -2.187976     0.682894    -2.473524     0.412303
     0.000000     0.000000     0.000000     0.000000     0.000000     0.000000     0.000000     0.000000
     0.000000     0.000000     0.000000     0.000000     0.000000     0.000000     0.000000     0.000000
     0.000000     0.000000     0.000000     0.000000    -0.358946     0.967921     6.135036     0.015874
     0.332672    -1.240794     0.237942    -0.072674    -0.104461    -0.630883     1.009516     0.606164
     2.889906    -0.862815     3.291405    -0.481467
     0.000000     0.000000     0.000000     0.000000     0.000000     0.000000     0.000000     0.000000
     0.000000     0.000000     0.000000     0.000000     0.000000     0.000000     0.000000     0.000000
     0.000000     0.000000     0.000000     0.000000     0.093267     0.019956     0.015874     6.058865
     0.024893     0.220579    -0.202923    -0.005121    -0.008501     0.005684    -0.066825    -0.087492
    -0.514746     0.148206    -0.594939     0.077904
     0.000000     0.000000     0.000000     0.000000     0.000000     0.000000     0.000000     0.000000
     0.000000     0.000000     0.000000     0.000000     0.000000     0.000000     0.000000     0.000000
     0.000000     0.000000     0.000000     0.000000     0.354526    -0.025674     0.332672     0.024893
     5.927927     1.233781     0.229027     0.046431     0.078982     0.127567    -0.492016    -0.484487
    -2.735723     0.829846    -3.142962     0.457585
     0.000000     0.000000     0.000000     0.000000     0.000000     0.000000     0.000000     0.000000
     0.000000     0.000000     0.000000     0.000000     0.000000     0.000000     0.000000     0.000000
     0.000000     0.000000     0.000000     0.000000    -1.124170     1.012841    -1.240794     0.220579
     1.233781     4.540660    -0.148810    -0.495545    -0.901962    -1.234428     1.602690     1.836149
     3.953511    -1.965848     4.457774    -1.621096
     0.000000     0.000000     0.000000     0.000000     0.000000     0.000000     0.000000     0.000000
     0.000000     0.000000     0.000000     0.000000     0.000000     0.000000     0.000000     0.000000
     0.000000     0.000000     0.000000     0.000000     0.735943     1.110740     0.237942    -0.202923
     0.229027    -0.148810     2.720313     0.110117     0.683377    -0.421108    -0.105358     0.127189
     0.358602    -0.110506     0.421985    -0.073748
     0.000000     0.000000     0.000000     0.000000     0.000000     0.000000     0.000000     0.000000
     0.000000     0.000000     0.000000     0.000000     0.000000     0.000000     0.000000     0.000000
     0.000000     0.000000     0.000000     0.000000     0.155440     0.116608    -0.072674    -0.005121
     0.046431    -0.495545     0.110117     0.590592    -0.034311    -0.003367     0.188395     0.183374
     1.134240    -0.326641     1.307262    -0.169376
     0.000000     0.000000     0.000000     0.000000     0.000000     0.000000     0.000000     0.000000
     0.000000     0.000000     0.000000     0.000000     0.000000     0.000000     0.000000     0.000000
     0.000000     0.000000     0.000000     0.000000     0.078943    -0.076322    -0.104461    -0.008501
     0.078982    -0.901962     0.683377    -0.034311     1.114971    -0.044072     0.306030     0.348678
     2.071114    -0.596541     2.384262    -0.310446
     0.000000     0.000000     0.000000     0.000000     0.000000     0.000000     0.000000     0.000000
     0.000000     0.000000     0.000000     0.000000     0.000000     0.000000     0.000000     0.000000
     0.000000     0.000000     0.000000     0.000000    -0.436462    -0.045242    -0.630883     0.005684
     0.127567    -1.234428    -0.421108    -0.003367    -0.044072     1.006985     0.511424     0.469283
     2.743166    -0.824897     3.164949    -0.453608
     0.000000     0.000000     0.000000     0.000000     0.000000     0.000000     0.000000     0.000000
     0.000000     0.000000     0.000000     0.000000     0.000000     0.000000     0.000000     0.000000
     0.000000     0.000000     0.000000     0.000000     0.497894    -0.403329     1.009516    -0.066825
    -0.492016     1.602690    -0.105358     0.188395     0.306030     0.511424     0.223273    -0.930398
    -3.151057     1.228454    -3.567786     0.895022
     0.000000     0.000000     0.000000     0.000000     0.000000     0.000000     0.000000     0.000000
     0.000000     0.000000     0.000000     0.000000     0.000000     0.000000     0.000000     0.000000
     0.000000     0.000000     0.000000     0.000000     0.592116    -0.432640     0.606164    -0.087492
    -0.484487     1.836149     0.127189     0.183374     0.348678     0.469283    -0.930398    -0.211958
    -3.209480     1.205005    -3.638492     0.797436
     0.000000     0.000000     0.000000     0.000000     0.000000     0.000000     0.000000     0.000000
     0.000000     0.000000     0.000000     0.000000     0.000000     0.000000     0.000000     0.000000
     0.000000     0.000000     0.000000     0.000000     2.298116    -2.187976     2.889906    -0.514746
    -2.735723     3.953511     0.358602     1.134240     2.071114     2.743166    -3.151057    -3.209480
    -4.266983     4.143312    -5.548035     3.191912
     0.000000     0.000000     0.000000     0.000000     0.000000     0.000000     0.000000     0.000000
     0.000000     0.000000     0.000000     0.000000     0.000000     0.000000     0.000000     0.000000
     0.000000     0.000000     0.000000     0.000000    -0.818456     0.682894    -0.862815     0.148206
     0.829846    -1.965848    -0.110506    -0.326641    -0.596541    -0.824897     1.228454     1.205005
     4.143312    -0.077171     3.777864    -1.160299
     0.000000     0.000000     0.000000     0.000000     0.000000     0.000000     0.000000     0.000000
     0.000000     0.000000     0.000000     0.000000     0.000000     0.000000     0.000000     0.000000
     0.000000     0.000000     0.000000     0.000000     2.604423    -2.473524     3.291405    -0.594939
    -3.142962     4.457774     0.421985     1.307262     2.384262     3.164949    -3.567786    -3.638492
    -5.548035     3.777864    -5.240254     3.625474
     0.000000     0.000000     0.000000     0.000000     0.000000     0.000000     0.000000     0.000000
     0.000000     0.000000     0.000000     0.000000     0.000000     0.000000     0.000000     0.000000
     0.000000     0.000000     0.000000     0.000000    -0.533868     0.412303    -0.481467     0.077904
     0.457585    -1.621096    -0.073748    -0.169376    -0.310446    -0.453608     0.895022     0.797436
     3.191912    -1.160299     3.625474    -0.676601
