 N     7.0   -0.05177657   -4.30898449    0.00000001   14.00307401
 C     6.0    0.06475381   -1.77832465   -0.00000002   12.00000000
 C     6.0   -2.26787663   -0.39833278   -0.00000002   12.00000000
 C     6.0    2.35934681   -0.33885417   -0.00000004   12.00000000
 C     6.0   -2.26788190    2.18476868   -0.00000001   12.00000000
 C     6.0    2.30866409    2.24433440    0.00000001   12.00000000
 C     6.0    0.00594382    3.53558618    0.00000001   12.00000000
 H     1.0   -3.60069270   -6.81819302    0.00000007    1.00782504
 H     1.0    1.75090001   -5.03881574    0.00000001    1.00782504
 H     1.0   -3.99649144   -1.45152090   -0.00000004    1.00782504
 H     1.0    4.12943590   -1.33210658   -0.00000004    1.00782504
 H     1.0   -4.02728551    3.19610687   -0.00000003    1.00782504
 H     1.0    4.04517210    3.29436200    0.00000004    1.00782504
 H     1.0   -0.01944399    5.56329859    0.00000004    1.00782504
