    1,1    # no NH
   -4.473889058805025e-05
    1,2    
   -1.178192648888104e-05
    1,5    
    9.878689065229845e-05
    1,6    
   -2.533428617382261e-05
    1,7    
   -2.019851824761471e-04
    1,8    
   -1.941884798429758e-04
    1,9    
   -1.896835316413867e-04
    1,10   
   -1.935029242148417e-05
    1,11   
   -2.039484148824841e-05
    1,12   
   -4.974499955609502e-06
    1,13   
   -2.783856660498740e-06
    1,1        1,1    
    1.860499232786347e+00
    1,2        1,1    
   -4.478754266489707e-03
    1,5        1,1    
   -3.330289760813894e-01
    1,6        1,1    
   -7.124561706268970e-02
    1,7        1,1    
    9.617673486541056e-01
    1,8        1,1    
    6.965528674895771e-01
    1,9        1,1    
    6.484113605584886e-01
    1,10       1,1    
    2.181088681195556e-03
    1,11       1,1    
    5.468409937081128e-03
    1,12       1,1    
    4.278700518483981e-03
    1,13       1,1    
   -1.125019682276495e-02
    1,2        1,2    
    7.973495542494661e-01
    1,5        1,2    
    3.623677591968570e-02
    1,6        1,2    
   -4.939497703577454e-03
    1,7        1,2    
   -6.363901114342090e-03
    1,8        1,2    
    2.748945270978150e-02
    1,9        1,2    
   -2.925074815271479e-02
    1,10       1,2    
    1.564512104126351e-02
    1,11       1,2    
    4.875246707871504e-03
    1,12       1,2    
    2.831826802622718e-03
    1,13       1,2    
   -2.257532472596441e-03
    1,5        1,5    
    3.357761964248844e+00
    1,6        1,5    
    8.634876489051242e-02
    1,7        1,5    
   -3.260849317044610e+00
    1,8        1,5    
   -5.416648404476224e+00
    1,9        1,5    
   -5.375582982479068e+00
    1,10       1,5    
    4.523102808370101e-03
    1,11       1,5    
    1.029412040180765e-01
    1,12       1,5    
   -1.850845699950618e-01
    1,13       1,5    
    3.746739455932431e-01
    1,6        1,6    
    1.847621738567602e+00
    1,7        1,6    
    3.946917134904202e-01
    1,8        1,6    
    4.974076961470495e-01
    1,9        1,6    
    4.197144996210870e-01
    1,10       1,6    
    1.975592460471116e-02
    1,11       1,6    
    1.694117809446294e-02
    1,12       1,6    
    1.030974078563039e-01
    1,13       1,6    
   -9.234996635954348e-02
    1,7        1,7    
    3.059249792654008e+00
    1,8        1,7    
    5.022592999862195e+00
    1,9        1,7    
    5.084005635773908e+00
    1,10       1,7    
    1.156603910810737e-02
    1,11       1,7    
   -9.287643532938106e-02
    1,12       1,7    
    8.818525685529155e-02
    1,13       1,7    
   -2.670520216506892e-01
    1,8        1,8    
    4.395713405719336e+00
    1,9        1,8    
    8.404862660684701e+00
    1,10       1,8    
    3.656858379046594e-03
    1,11       1,8    
   -1.694762530311251e-01
    1,12       1,8    
    1.631506732738844e-01
    1,13       1,8    
   -7.003184652319777e-01
    1,9        1,9    
    4.483527781706004e+00
    1,10       1,9    
    6.678630271371823e-02
    1,11       1,9    
   -1.892029933842775e-01
    1,12       1,9    
    2.979675868550732e-01
    1,13       1,9    
   -6.767016018390049e-01
    1,10       1,10   
    7.992400691111551e-01
    1,11       1,10   
    1.373364982114126e-02
    1,12       1,10   
    6.466629967848921e-04
    1,13       1,10   
    4.501893961869841e-03
    1,11       1,11   
    8.067367845490019e-01
    1,12       1,11   
   -3.456365250935858e-03
    1,13       1,11   
    7.310010620714180e-03
    1,12       1,12   
    1.883696526939279e-01
    1,13       1,12   
    6.239169728120351e-03
    1,13       1,13   
    1.954106200189938e-01
    3,1        3,1    
    1.295043356855836e+00
    3,2        3,1    
    8.839751525071876e-01
    3,3        3,1    
   -6.938587613687837e-02
    3,4        3,1    
   -3.212358897259924e-01
    3,5        3,1    
    1.495209881217661e-02
    3,6        3,1    
    1.807165592951859e-02
    3,7        3,1    
   -9.458991394731160e-02
    3,8        3,1    
   -9.208826550303228e-02
    3,9        3,1    
    6.201740433512055e-02
    3,10       3,1    
    4.469724420892236e-02
    3,2        3,2    
    1.679794732972459e+00
    3,3        3,2    
    4.296532645808166e-01
    3,4        3,2    
   -4.134737076103097e-01
    3,5        3,2    
    1.757672704737081e-02
    3,6        3,2    
    4.681195082337590e-02
    3,7        3,2    
   -2.913181300132057e-02
    3,8        3,2    
    6.349261879042933e-02
    3,9        3,2    
    7.567454619120745e-02
    3,10       3,2    
    3.252239760565936e-02
    3,3        3,3    
    1.439406715474855e+00
    3,4        3,3    
   -1.659555522913497e-01
    3,5        3,3    
   -4.843313389339687e-03
    3,6        3,3    
    2.301401028536946e-02
    3,7        3,3    
    4.596747234957389e-03
    3,8        3,3    
    5.971709889519807e-03
    3,9        3,3    
    1.875145798186587e-01
    3,10       3,3    
   -1.391275824081241e-01
    3,4        3,4    
    4.910710395252855e-01
    3,5        3,4    
    4.880272200795224e-02
    3,6        3,4    
   -4.855413222836441e-02
    3,7        3,4    
    3.401316479755666e-02
    3,8        3,4    
    2.198433808615096e-01
    3,9        3,4    
   -1.396221249997940e-01
    3,10       3,4    
   -6.775889180193115e-02
    3,5        3,5    
    7.957139060784877e-01
    3,6        3,5    
    1.116157006712731e-02
    3,7        3,5    
    2.756745729171478e-03
    3,8        3,5    
    4.990469598556740e-03
    3,9        3,5    
    4.457995965453288e-03
    3,10       3,5    
   -3.767912611047981e-03
    3,6        3,6    
    8.021946203146819e-01
    3,7        3,6    
   -1.819954091139473e-03
    3,8        3,6    
   -3.616542665562592e-03
    3,9        3,6    
    9.682758463545518e-04
    3,10       3,6    
    9.468229772462387e-03
    3,7        3,7    
    9.211699876658117e-02
    3,8        3,7    
   -6.643672732200991e-03
    3,9        3,7    
    8.557980736197804e-03
    3,10       3,7    
    8.144484805822708e-04
    3,8        3,8    
    1.803156760209386e-01
    3,9        3,8    
    3.817917651799792e-03
    3,10       3,8    
   -9.883003038144897e-03
    3,9        3,9    
    1.865459461644578e-01
    3,10       3,9    
    1.207774530557489e-03
    3,10       3,10   
    1.556468291054793e-01
    4,1        4,1    
    1.857028371114589e-01
    4,2        4,1    
    1.059499289661822e-01
    4,3        4,1    
    5.324007560787472e-02
    4,2        4,2    
    6.402077090881488e-02
    4,3        4,2    
   -1.783575056227467e-02
    4,3        4,3    
    4.961761119411572e-02
    7,1        7,1    
    5.323711183267717e-02
    7,2        7,1    
   -1.059882800275760e-03
    7,3        7,1    
   -4.514694953099267e-02
    7,4        7,1    
   -1.904252135073918e-02
    7,5        7,1    
   -3.363967065549776e-03
    7,6        7,1    
    4.481651991097938e-03
    7,2        7,2    
    6.274169845854397e-02
    7,3        7,2    
   -2.747402455974098e-02
    7,4        7,2    
   -7.708036428148324e-03
    7,5        7,2    
   -9.557157287667019e-03
    7,6        7,2    
   -4.001070936927055e-02
    7,3        7,3    
    5.398137248660791e-02
    7,4        7,3    
    3.581440913009150e-02
    7,5        7,3    
    2.306503795963148e-02
    7,6        7,3    
    6.322907358320999e-02
    7,4        7,4    
    6.513082118177521e-02
    7,5        7,4    
   -2.637396146005466e-02
    7,6        7,4    
   -4.216063848456315e-02
    7,5        7,5    
    5.589412071865107e-02
    7,6        7,5    
    1.196255760605521e-02
    7,6        7,6    
    9.580950105741798e-02
    6,1    # 8th-order Morse
    1.947100491963027e-02
    6,1        6,1    
    3.848212790346679e-01
    6,1        6,1        6,1    
   -7.722808243415784e-01
    6,1        6,1        6,1        6,1    
   -9.873704618248667e-01
    6,1        6,1        6,1        6,1        6,1    
    2.088880179382613e+00
    6,1        6,1        6,1        6,1        6,1        6,1    
    1.052053822556445e+00
    6,1        6,1        6,1        6,1        6,1        6,1        6,1    
   -3.181483564123482e+00
    6,1        6,1        6,1        6,1        6,1        6,1        6,1        6,1    
    1.377507638695533e+00
    6,2    
    1.947100491963027e-02
    6,2        6,2    
    3.848212790346679e-01
    6,2        6,2        6,2    
   -7.722808243415784e-01
    6,2        6,2        6,2        6,2    
   -9.873704618248667e-01
    6,2        6,2        6,2        6,2        6,2    
    2.088880179382613e+00
    6,2        6,2        6,2        6,2        6,2        6,2    
    1.052053822556445e+00
    6,2        6,2        6,2        6,2        6,2        6,2        6,2    
   -3.181483564123482e+00
    6,2        6,2        6,2        6,2        6,2        6,2        6,2        6,2    
    1.377507638695533e+00
bias
    1.622014524639297e-01
