1    3,1    
   -4.319079172443658e-04
1    3,2    
    1.279702146635508e-04
1    3,3    
   -9.856096932856882e-05
1    3,4    
    3.335846327325192e-05
1    3,5    
    2.954741481022768e-05
1    3,6    
    3.859747469625271e-04
1    3,7    
    5.004099246898435e-06
1    3,8    
    2.129319103061142e-04
1    3,9    
   -3.724230831482889e-04
1    3,10    
    7.463674569665062e-05
1    3,11    
    6.396152221182090e-05
1    3,12    
    1.642277400674297e-06
2    3,1    1,1    
   -1.025892934081116e-05
2    3,2    1,1    
   -4.108650199153559e-07
2    3,3    1,1    
    8.296052313795021e-07
2    3,4    1,1    
   -1.650108957953259e-06
2    3,5    1,1    
    5.931776030885223e-07
2    3,6    1,1    
    2.657315406800042e-06
2    3,7    1,1    
   -1.422070715568734e-07
2    3,8    1,1    
    6.639851006197417e-07
2    3,9    1,1    
    5.323028927094432e-06
2    3,10    1,1    
   -4.162418831809856e-06
2    3,11    1,1    
   -2.040486769021407e-06
2    3,12    1,1    
    2.536424485651733e-07
2    3,1    1,2    
   -3.631670524153416e-07
2    3,2    1,2    
    1.755341134268292e-06
2    3,3    1,2    
   -3.579027678269817e-07
2    3,4    1,2    
    1.833321144277973e-06
2    3,5    1,2    
    6.286223520737422e-07
2    3,6    1,2    
    2.857450466356895e-06
2    3,7    1,2    
    9.321483061540960e-08
2    3,8    1,2    
    5.518112912233955e-06
2    3,9    1,2    
   -3.693969472574051e-06
2    3,10    1,2    
    1.664491783423357e-06
2    3,11    1,2    
    8.273532480444216e-07
2    3,12    1,2    
    4.079946646777072e-07
2    3,1    1,3    
    2.999371229641661e-06
2    3,2    1,3    
    1.965146259534276e-06
2    3,3    1,3    
   -4.686116397786394e-07
2    3,4    1,3    
    1.636146549853330e-06
2    3,5    1,3    
   -5.005064167268961e-07
2    3,6    1,3    
   -5.881333818640998e-08
2    3,7    1,3    
    1.479668635108300e-07
2    3,8    1,3    
    2.442278227809250e-06
2    3,9    1,3    
   -4.790735844823224e-06
2    3,10    1,3    
    2.628597023583973e-06
2    3,11    1,3    
    1.705084000063455e-06
2    3,12    1,3    
    4.334025652057313e-07
2    3,1    1,4    
    1.489052366444117e-05
2    3,2    1,4    
   -1.536758529452786e-06
2    3,3    1,4    
    2.770740356711946e-07
2    3,4    1,4    
    8.392427042954833e-07
2    3,5    1,4    
    1.717056641301266e-07
2    3,6    1,4    
   -5.774895174057140e-06
2    3,7    1,4    
    5.441553291150699e-07
2    3,8    1,4    
   -1.473362711479900e-06
2    3,9    1,4    
    1.194040219115315e-06
2    3,10    1,4    
    2.936150352841295e-06
2    3,11    1,4    
    5.254549415129389e-07
2    3,12    1,4    
    1.549924751504666e-07
2    3,1    1,5    
   -9.519586577388394e-06
2    3,2    1,5    
   -4.933237058751443e-07
2    3,3    1,5    
    5.169866159388636e-07
2    3,4    1,5    
   -2.116262961726082e-06
2    3,5    1,5    
   -2.036460761385065e-08
2    3,6    1,5    
    1.760230303904746e-06
2    3,7    1,5    
   -3.872106711246499e-07
2    3,8    1,5    
    2.482444913647709e-07
2    3,9    1,5    
    3.898219897449367e-06
2    3,10    1,5    
   -2.479601950179988e-06
2    3,11    1,5    
   -9.274494624730650e-07
2    3,12    1,5    
    6.934107462505910e-07
2    3,1    1,6    
    3.347000073140193e-05
2    3,2    1,6    
    4.358657100011208e-06
2    3,3    1,6    
   -3.258492878992978e-06
2    3,4    1,6    
    6.495480737813586e-06
2    3,5    1,6    
   -2.512482943110943e-06
2    3,6    1,6    
   -7.345452418335917e-06
2    3,7    1,6    
    7.707727024633147e-07
2    3,8    1,6    
    4.752732726668287e-06
2    3,9    1,6    
   -2.358638181726079e-05
2    3,10    1,6    
    1.922612394263618e-05
2    3,11    1,6    
    1.004947019252106e-05
2    3,12    1,6    
   -2.154758841606212e-07
2    3,1    1,7    
   -1.007065723171254e-05
2    3,2    1,7    
    1.109377333989986e-06
2    3,3    1,7    
   -9.916703703997309e-08
2    3,4    1,7    
    2.031027909453501e-06
2    3,5    1,7    
   -2.920245250968431e-06
2    3,6    1,7    
   -3.374550962501229e-07
2    3,7    1,7    
   -7.045501177635250e-07
2    3,8    1,7    
    6.628238827729374e-07
2    3,9    1,7    
   -3.931768118206262e-06
2    3,10    1,7    
    1.097328102503762e-06
2    3,11    1,7    
    2.887826133848552e-06
2    3,12    1,7    
   -1.630937704839788e-06
2    3,1    1,8    
   -3.109379628142980e-06
2    3,2    1,8    
   -3.305398507035731e-06
2    3,3    1,8    
    3.825137791077246e-06
2    3,4    1,8    
   -8.062407545891616e-06
2    3,5    1,8    
    3.882701915605243e-06
2    3,6    1,8    
   -1.198337433608068e-06
2    3,7    1,8    
   -1.169969959442303e-07
2    3,8    1,8    
   -1.718605493496999e-06
2    3,9    1,8    
    2.029699743658509e-05
2    3,10    1,8    
   -9.810820046328974e-06
2    3,11    1,8    
   -8.881994175786573e-06
2    3,12    1,8    
    2.663952822934553e-06
2    3,1    1,9    
   -4.296640582953157e-06
2    3,2    1,9    
   -2.122734145535701e-06
2    3,3    1,9    
    7.315563464634672e-07
2    3,4    1,9    
   -7.947795362479105e-07
2    3,5    1,9    
    1.458027116573395e-06
2    3,6    1,9    
    2.792684316825358e-06
2    3,7    1,9    
    6.794740083043330e-07
2    3,8    1,9    
   -1.349522279567670e-06
2    3,9    1,9    
    9.243725320781019e-06
2    3,10    1,9    
   -6.846943980969383e-06
2    3,11    1,9    
   -4.769051534355617e-06
2    3,12    1,9    
   -1.567230357514654e-06
2    3,1    1,10    
    2.384824791117333e-05
2    3,2    1,10    
    1.558249811982495e-06
2    3,3    1,10    
   -3.343122666060969e-06
2    3,4    1,10    
    7.289488006180462e-06
2    3,5    1,10    
   -2.124399739396738e-06
2    3,6    1,10    
   -4.712481088146450e-06
2    3,7    1,10    
    5.983880451715332e-07
2    3,8    1,10    
    2.857713842899177e-06
2    3,9    1,10    
   -1.830230934481511e-05
2    3,10    1,10    
    1.364693138505041e-05
2    3,11    1,10    
    7.945705671371585e-06
2    3,12    1,10    
   -2.415979692380178e-06
2    3,1    1,11    
   -1.631258604929480e-05
2    3,2    1,11    
   -1.425235020709647e-06
2    3,3    1,11    
    1.755158753357725e-06
2    3,4    1,11    
   -3.012278602521564e-06
2    3,5    1,11    
    1.545662397545481e-06
2    3,6    1,11    
    2.372013614137341e-06
2    3,7    1,11    
   -1.321399515279048e-06
2    3,8    1,11    
   -2.666365701504832e-06
2    3,9    1,11    
    1.119745283092733e-05
2    3,10    1,11    
   -8.842155459943071e-06
2    3,11    1,11    
   -4.804638304431511e-06
2    3,12    1,11    
    5.064237752654748e-07
2    3,1    1,12    
    7.030852852884132e-05
2    3,2    1,12    
   -4.924987840421884e-06
2    3,3    1,12    
   -9.398193379277695e-06
2    3,4    1,12    
    1.117352335373619e-05
2    3,5    1,12    
   -1.998016084434901e-06
2    3,6    1,12    
   -1.001644052097008e-05
2    3,7    1,12    
    4.360056757967847e-06
2    3,8    1,12    
    6.905920794848262e-06
2    3,9    1,12    
   -3.909692172677677e-05
2    3,10    1,12    
    4.429982947195317e-05
2    3,11    1,12    
    2.700093403467747e-05
2    3,12    1,12    
   -5.912399486850598e-06
2    3,1    1,13    
   -3.599106570605280e-05
2    3,2    1,13    
   -9.244151307772334e-07
2    3,3    1,13    
    6.640018864305859e-06
2    3,4    1,13    
   -1.029265685480406e-05
2    3,5    1,13    
    2.272418543792259e-06
2    3,6    1,13    
    1.800667486351928e-06
2    3,7    1,13    
   -3.110461148529819e-06
2    3,8    1,13    
   -2.892658253166652e-06
2    3,9    1,13    
    3.233745115323571e-05
2    3,10    1,13    
   -2.222378112674021e-05
2    3,11    1,13    
   -1.314712146493143e-05
2    3,12    1,13    
    9.067559078590780e-06
2    4,1    2,1    
   -1.145097767731574e-07
2    4,2    2,1    
    2.200121124661328e-06
2    4,3    2,1    
    2.997723812383989e-06
2    4,4    2,1    
   -2.860905944058702e-06
2    4,1    2,2    
   -9.348087785476576e-07
2    4,2    2,2    
   -3.214290059677624e-07
2    4,3    2,2    
    1.952559789818564e-07
2    4,4    2,2    
   -7.813558670489912e-08
2    4,1    2,3    
    2.341435250261323e-06
2    4,2    2,3    
    1.760483097369669e-06
2    4,3    2,3    
   -1.248257543926744e-06
2    4,4    2,3    
   -1.125351141619637e-06
2    4,1    2,4    
   -7.886673185881245e-07
2    4,2    2,4    
   -1.800842964667879e-07
2    4,3    2,4    
   -1.485572540970254e-07
2    4,4    2,4    
    7.230179142154721e-07
2    4,1    2,5    
    1.508173218126878e-05
2    4,2    2,5    
    3.086515408326882e-06
2    4,3    2,5    
   -1.189593311479248e-05
2    4,4    2,5    
   -6.450900626193588e-06
2    4,1    2,6    
    1.222388680089803e-05
2    4,2    2,6    
    3.005231422341198e-06
2    4,3    2,6    
   -9.614872163823882e-06
2    4,4    2,6    
   -5.662102682085539e-06
2    4,1    2,7    
    3.908134037689272e-06
2    4,2    2,7    
    1.083034520704800e-06
2    4,3    2,7    
   -6.870052836580239e-06
2    4,4    2,7    
   -1.800872884398861e-06
