    1,21                                    # 4th-order Morse
    2.678309748289553e-02
    1,21       1,21   
    7.007066696513738e-02
    2,5        2,5    
   -5.318842884638297e-01
    1,21       1,21       1,21   
   -1.802163884320735e-01
    2,5        2,5        1,21   
    1.064239350382646e-01
    1,21       1,21       1,21       1,21   
    6.167872862027984e-02
    2,5        2,5        1,21       1,21   
    2.540375031840399e-01
    2,5        2,5        2,5        2,5    
   -6.227731089291974e-02
    1,22                                    # 1st-scaling bias
   -2.542371381009004e-01
    1,22       1,22   
   -2.850145900121591e-01
    2,6        2,6    
   -2.254008072394425e-01
    1,22       1,1                          # 1st-scaling bias replacing an irred-1 HN coord
    2.121899315786213e-01
    1,22       1,2    
   -8.617104364546673e-03
    1,22       1,3    
   -8.089077894443481e-03
    1,22       1,4    
   -2.196558425912585e-01
    1,22       1,5    
   -3.276487803611652e-02
    1,22       1,6    
   -1.758279191939028e-02
    1,22       1,7    
   -5.697161184487347e-02
    1,22       1,8    
   -4.388872480083513e-03
    1,22       1,9    
   -1.777613817005767e-02
    1,22       1,10   
   -5.667031115482142e-03
    1,22       1,11   
   -1.943495415333311e-02
    1,22       1,12   
   -6.485001592082637e-03
    1,22       1,13   
    2.649812862387611e-03
    1,22       1,14   
    3.118272874035581e-01
    2,6        2,1                          # 1st-scaling bias replacing an irred-2 HN coord
   -1.455962794449497e-01
    2,6        2,2    
   -2.955946344887571e-01
    2,6        5,1        3,1    
    5.415311863045302e-02
    2,6        5,1        3,2    
   -1.461076505603917e-02
    2,6        5,1        3,3    
   -2.179289941309923e-02
    2,6        5,1        3,4    
   -3.066146837757303e-03
    2,6        5,1        3,5    
    2.434489760140695e-02
    2,6        5,1        3,6    
    6.018198955714593e-02
    2,6        5,1        3,7    
   -3.907510134343732e-03
    2,6        5,1        3,8    
    1.059231181236222e-02
    2,6        5,1        3,9    
    8.907990990391801e-03
    2,6        5,1        3,10   
   -1.028503834915659e-02
    1,23                                    # 1st-scaling redundancy bias
   -3.905762794146112e-02
    1,23       1,23   
    2.118734441258474e-01
    1,23       1,1                          # 1st-scaling redundancy bias replacing an irred-1 HN coord
   -3.059062329396405e-01
    1,23       1,2    
    1.379517489113778e-02
    1,23       1,3    
    6.154693380004085e-02
    1,23       1,4    
    3.075389264202958e-01
    1,23       1,5    
    7.144161094845492e-03
    1,23       1,6    
    3.148736527467009e-02
    1,23       1,7    
    1.453311247435617e-01
    1,23       1,8    
    2.859692981882213e-02
    1,23       1,9    
    3.181331084064994e-02
    1,23       1,10   
    7.753466679853003e-03
    1,23       1,11   
    2.216662730385430e-02
    1,23       1,12   
    1.311018624905818e-02
    1,23       1,13   
   -3.716276104268260e-03
    1,23       1,14   
   -4.418938727624689e-01
    1,24                                    # 2nd-scaling bias
   -2.169339440533004e-01
    1,24       1,24   
    1.279252640792013e-02
    2,7        2,7    
   -7.592898621047571e-02
    1,18                                    # 2nd-scaling harmonic with-HN
   -7.320265401028767e-02
    1,19   
    3.197357498054857e-01
    1,18       1,1    
    7.049645894509339e-03
    1,18       1,2    
   -5.467901549020870e-04
    1,18       1,18   
    7.374649632108200e-02
    1,18       1,19   
    1.902496408850737e-01
    1,18       1,5    
   -2.945133626209652e-02
    1,18       1,6    
    1.170689929252929e-02
    1,18       1,7    
    3.353249499180198e-02
    1,18       1,8    
    1.508526471966377e-02
    1,18       1,9    
    3.876795028404209e-03
    1,18       1,10   
   -1.331872262733707e-03
    1,18       1,11   
   -8.155257581603665e-03
    1,18       1,12   
    2.571195377569333e-03
    1,18       1,13   
    7.390871369009008e-05
    1,19       1,1    
   -2.121597143600363e-03
    1,19       1,2    
   -4.007894979589749e-02
    1,19       1,19   
    1.626385018957809e-01
    1,19       1,5    
    3.980315288423860e-03
    1,19       1,6    
    2.887816686433373e-02
    1,19       1,7    
   -1.256430731230361e-01
    1,19       1,8    
   -3.130886799048591e-02
    1,19       1,9    
   -2.334766095438892e-02
    1,19       1,10   
   -2.928931794765896e-02
    1,19       1,11   
   -9.409155708309724e-02
    1,19       1,12   
   -6.645538700633688e-03
    1,19       1,13   
   -8.530990538118786e-03
    2,3        2,3    
   -7.708173840344881e-02
    2,4        2,3    
   -1.374070951756113e-01
    2,4        2,4    
    7.303424233434642e-02
    3,14       3,1    
    3.991967156767720e-04
    3,14       3,2    
    1.685149890157729e-02
    3,14       3,3    
    1.894404969663119e-02
    3,14       3,4    
   -1.409355165097211e-03
    3,14       3,5    
   -1.107007654516219e-02
    3,14       3,6    
   -4.934686012974297e-02
    3,14       3,7    
    2.052318559539076e-04
    3,14       3,8    
   -2.891635966712586e-03
    3,14       3,9    
   -7.462666314222856e-03
    3,14       3,10   
   -2.361421253322601e-02
    3,14       3,14   
    5.797235284294025e-02
    7,8        7,1    
    2.859786088778709e-03
    7,8        7,2    
    2.258142010976538e-04
    7,8        7,3    
   -1.359810196585725e-03
    7,8        7,4    
   -1.302570601945626e-04
    7,8        7,5    
   -1.551656433600843e-03
    7,8        7,6    
    3.447413326100483e-03
    7,8        7,8    
    3.481775291803410e-03
    5,2        2,3        3,1               # 2nd-scaling C2v-planar B2 x B2 <- G8 irred-5 x irred-2 x irred-3
    6.180147381624127e-03
    5,2        2,3        3,2    
    3.918227602272384e-03
    5,2        2,3        3,3    
   -7.921836873949220e-03
    5,2        2,3        3,4    
    2.448217512229072e-04
    5,2        2,3        3,5    
    6.389058953652121e-03
    5,2        2,3        3,6    
    1.808906198494716e-02
    5,2        2,3        3,7    
   -8.798017298322669e-04
    5,2        2,3        3,8    
    6.160750145044639e-03
    5,2        2,3        3,9    
    1.014355670601068e-02
    5,2        2,3        3,10   
   -4.923253086823851e-02
    5,2        2,4        3,1    
    8.834134087708741e-02
    5,2        2,4        3,2    
   -1.490918336735986e-02
    5,2        2,4        3,3    
   -8.028267265710926e-02
    5,2        2,4        3,4    
    6.079168110716918e-02
    5,2        2,4        3,5    
    3.721556917558733e-03
    5,2        2,4        3,6    
   -2.660913431978922e-03
    5,2        2,4        3,7    
    5.270189263430283e-03
    5,2        2,4        3,8    
    4.276550030642354e-02
    5,2        2,4        3,9    
    9.140951346753362e-02
    5,2        2,4        3,10   
   -4.383273151907758e-01
    5,2        8,2        4,1               # 2nd-scaling C2v-planar / C2v-perpendicular A2 x A2 <- G8 irred-4 x irred-5 x irred-8
    2.138375625586565e-01
    5,2        8,2        4,2    
   -1.940491505274450e-01
    5,2        8,2        4,3    
   -5.032662752897468e-02
    8,2        8,2                          # 2nd-scaling NH2 rotation
   -2.135464141721184e-02
    1,24       1,1                          # 2nd-scaling bias replacing an irred-1 HN coord
    8.597199063998494e-02
    1,24       1,2    
   -7.213087337454009e-03
    1,24       1,18   
    1.272817641002648e-01
    1,24       1,19   
   -2.616907830800302e-01
    1,24       1,5    
   -7.293512033330322e-03
    1,24       1,6    
    5.171285499072580e-02
    1,24       1,7    
   -7.203708480145110e-02
    1,24       1,8    
   -9.379602712948729e-04
    1,24       1,9    
   -3.788716821976186e-03
    1,24       1,10   
   -4.140268581787209e-03
    1,24       1,11   
   -2.223878380648080e-02
    1,24       1,12   
   -1.029215553095575e-03
    1,24       1,13   
    2.199820250559993e-03
    2,7        2,3                          # 2nd-scaling bias replacing an irred-2 HN coord
    1.770671817325956e-01
    2,7        2,4    
    8.980188908633802e-02
    2,7        5,2        3,1    
   -6.454833567953294e-03
    2,7        5,2        3,2    
   -3.767583199002817e-04
    2,7        5,2        3,3    
    1.781248125358308e-02
    2,7        5,2        3,4    
    1.042017403859229e-02
    2,7        5,2        3,5    
    7.977014155397012e-03
    2,7        5,2        3,6    
    3.210073624258945e-02
    2,7        5,2        3,7    
   -3.416878833874790e-05
    2,7        5,2        3,8    
    3.997984345028403e-03
    2,7        5,2        3,9    
    9.462590423292290e-03
    2,7        5,2        3,10   
    2.447727229714020e-02
bias
    6.713044078597905e-01
