    1,21                                    # 4th-order Morse
    8.093675035192360e-02
    1,21       1,21   
    7.087223939568109e-02
    2,5        2,5    
   -5.376757149338270e-01
    1,21       1,21       1,21   
   -2.765655328582033e-01
    2,5        2,5        1,21   
   -2.580242875889903e-02
    1,21       1,21       1,21       1,21   
    8.784213738824444e-02
    2,5        2,5        1,21       1,21   
    2.955494636540722e-01
    2,5        2,5        2,5        2,5    
   -1.322704886780488e-02
    1,22                                    # 1st-scaling bias
   -2.908004262714049e-01
    1,22       1,22   
   -4.391908609238650e-01
    2,6        2,6    
   -3.276194427863866e-01
    1,22       1,1                          # 1st-scaling bias replacing an irred-1 HN coord
    3.071146265643561e-02
    1,22       1,2    
    5.076555094943393e-03
    1,22       1,3    
   -9.445020542681874e-02
    1,22       1,4    
   -3.325207590769539e-01
    1,22       1,5    
    6.004745391824954e-02
    1,22       1,6    
   -1.734668020991252e-02
    1,22       1,7    
    4.925465773058492e-02
    1,22       1,8    
   -2.390604918231463e-02
    1,22       1,9    
   -1.719732090734787e-02
    1,22       1,10   
    3.945305889400150e-03
    1,22       1,11   
   -1.497533656092713e-02
    1,22       1,12   
   -3.855957620513321e-03
    1,22       1,13   
   -5.043176305765855e-03
    1,22       1,14   
    3.042674478161175e-01
    2,6        2,1                          # 1st-scaling bias replacing an irred-2 HN coord
   -1.436698395401373e-03
    2,6        2,2    
   -3.265602032258020e-01
    2,6        5,1        3,1    
   -5.664295578039118e-02
    2,6        5,1        3,2    
    4.253077525879034e-02
    2,6        5,1        3,3    
    1.470719277889466e-02
    2,6        5,1        3,4    
   -7.762506737855433e-03
    2,6        5,1        3,5    
    1.557220156072139e-02
    2,6        5,1        3,6    
    4.139017311631461e-02
    2,6        5,1        3,7    
   -1.226776584817628e-03
    2,6        5,1        3,8    
    1.044538119308421e-02
    2,6        5,1        3,9    
    7.082156881291199e-03
    2,6        5,1        3,10   
   -3.988505463240459e-03
    1,23                                    # 1st-scaling redundancy bias
   -6.112916195360295e-02
    1,23       1,23   
    1.531329389781866e-01
    1,23       1,1                          # 1st-scaling redundancy bias replacing an irred-1 HN coord
   -7.548179687377830e-02
    1,23       1,2    
   -5.128833073655864e-03
    1,23       1,3    
    1.342210191648280e-01
    1,23       1,4    
    4.655548877653131e-01
    1,23       1,5    
   -1.169148272347668e-01
    1,23       1,6    
    1.047368599801370e-02
    1,23       1,7    
    8.856873625707525e-03
    1,23       1,8    
    5.628267438015348e-02
    1,23       1,9    
    3.394321343402319e-02
    1,23       1,10   
   -5.016932788224721e-03
    1,23       1,11   
    1.649809217870749e-02
    1,23       1,12   
    1.124757174011036e-02
    1,23       1,13   
    6.215070203331166e-03
    1,23       1,14   
   -4.332637590382732e-01
    1,24                                    # 2nd-scaling bias
   -3.651518915652142e-01
    1,24       1,24   
    2.477299247204106e-02
    2,7        2,7    
   -1.304608828013741e-01
    1,18                                    # 2nd-scaling harmonic with-HN
   -9.993057520444848e-02
    1,19   
    3.349804217507858e-01
    1,18       1,1    
   -1.819933993694430e-02
    1,18       1,2    
    2.831478540039864e-03
    1,18       1,18   
    1.272362290592422e-01
    1,18       1,19   
    2.083214319842459e-01
    1,18       1,5    
   -2.068432154678590e-02
    1,18       1,6    
   -8.919757834929395e-03
    1,18       1,7    
    4.472706757937896e-02
    1,18       1,8    
    1.330125309146494e-02
    1,18       1,9    
    5.273625522491695e-03
    1,18       1,10   
    1.025836724482983e-03
    1,18       1,11   
   -6.955871569856893e-03
    1,18       1,12   
    3.151482360013366e-03
    1,18       1,13   
    1.893881776146339e-04
    1,19       1,1    
   -8.163568627234423e-02
    1,19       1,2    
    1.790775136830510e-02
    1,19       1,19   
    1.729947741859310e-01
    1,19       1,5    
    1.721536624623815e-02
    1,19       1,6    
   -5.275731693926683e-02
    1,19       1,7    
   -2.316105410565320e-01
    1,19       1,8    
   -5.571475540484424e-02
    1,19       1,9    
   -1.939239358992572e-02
    1,19       1,10   
    1.576135314940092e-02
    1,19       1,11   
   -7.983658878044779e-02
    1,19       1,12   
   -1.194739291444347e-02
    1,19       1,13   
   -1.590837569112985e-03
    2,3        2,3    
   -1.325817392013889e-01
    2,4        2,3    
   -1.705463870718344e-01
    2,4        2,4    
    2.038230179472248e-02
    3,14       3,1    
    2.513097724800297e-02
    3,14       3,2    
   -4.191657409341867e-02
    3,14       3,3    
    1.412750285871238e-02
    3,14       3,4    
   -1.997734864401416e-03
    3,14       3,5    
   -7.870413949860525e-03
    3,14       3,6    
   -4.197333495615584e-02
    3,14       3,7    
    2.520435817343979e-03
    3,14       3,8    
   -5.535750706778223e-03
    3,14       3,9    
   -8.238819606575973e-03
    3,14       3,10   
   -7.065925741964116e-03
    3,14       3,14   
    1.358787999600706e-01
    7,8        7,1    
    1.691741293259878e-02
    7,8        7,2    
   -7.426863158040265e-03
    7,8        7,3    
   -1.328458795680201e-03
    7,8        7,4    
    1.602220587635745e-03
    7,8        7,5    
   -7.671434814941313e-03
    7,8        7,6    
    4.362292474074229e-02
    7,8        7,8    
    3.005646374015827e-02
    5,2        2,3        3,1               # 2nd-scaling C2v-planar B2 x B2 <- G8 irred-5 x irred-2 x irred-3
   -9.138415132441584e-03
    5,2        2,3        3,2    
    1.088556353550991e-02
    5,2        2,3        3,3    
    9.248199006199966e-03
    5,2        2,3        3,4    
   -4.332750504099987e-03
    5,2        2,3        3,5    
    5.085363984968277e-03
    5,2        2,3        3,6    
    1.573385024519930e-02
    5,2        2,3        3,7    
   -8.766885959545848e-04
    5,2        2,3        3,8    
    5.693264408613770e-03
    5,2        2,3        3,9    
    8.001355924280343e-03
    5,2        2,3        3,10   
   -3.655307270508616e-02
    5,2        2,4        3,1    
   -8.449343643020095e-02
    5,2        2,4        3,2    
   -4.821232423577764e-02
    5,2        2,4        3,3    
   -4.733930365184816e-02
    5,2        2,4        3,4    
   -2.018562811604951e-02
    5,2        2,4        3,5    
    1.005841159804367e-02
    5,2        2,4        3,6    
    8.942590889657591e-03
    5,2        2,4        3,7    
    7.230003923207370e-03
    5,2        2,4        3,8    
    3.523051562344170e-02
    5,2        2,4        3,9    
    3.769302325198576e-02
    5,2        2,4        3,10   
   -1.870900919214858e-01
    5,2        8,2        4,1               # 2nd-scaling C2v-planar / C2v-perpendicular A2 x A2 <- G8 irred-4 x irred-5 x irred-8
   -4.439030188577839e-01
    5,2        8,2        4,2    
    1.688774615493635e-01
    5,2        8,2        4,3    
    2.634156365855972e-01
    8,2        8,2                          # 2nd-scaling NH2 rotation
   -2.471536278819491e-02
    1,24       1,1                          # 2nd-scaling bias replacing an irred-1 HN coord
    5.112566603956147e-02
    1,24       1,2    
    9.910872924354497e-03
    1,24       1,18   
    1.870056064688796e-01
    1,24       1,19   
   -2.597994942764468e-01
    1,24       1,5    
    1.836572221601224e-02
    1,24       1,6    
    2.846948692939740e-02
    1,24       1,7    
   -4.998527422422520e-02
    1,24       1,8    
   -1.337044367013272e-02
    1,24       1,9    
   -7.937019980065536e-03
    1,24       1,10   
    6.385223239882379e-03
    1,24       1,11   
   -1.784015799429930e-02
    1,24       1,12   
   -2.215211114404967e-03
    1,24       1,13   
    3.328450077920862e-03
    2,7        2,3                          # 2nd-scaling bias replacing an irred-2 HN coord
    2.949433323661896e-01
    2,7        2,4    
    3.245338806849723e-02
    2,7        5,2        3,1    
   -1.287590668874468e-02
    2,7        5,2        3,2    
    3.937775293797251e-02
    2,7        5,2        3,3    
    2.419218439836566e-02
    2,7        5,2        3,4    
    1.350511570218016e-02
    2,7        5,2        3,5    
    7.978817758072843e-03
    2,7        5,2        3,6    
    2.823005767266920e-02
    2,7        5,2        3,7    
   -3.584320429231366e-03
    2,7        5,2        3,8    
    7.814822791390627e-03
    2,7        5,2        3,9    
    9.766475844473248e-03
    2,7        5,2        3,10   
   -3.932376265371904e-03
bias
    1.105605617062883e+00
