    3.776610814874221e-02
    3.682355551271153e-02
    3.597687772381421e-02
    3.522680880079194e-02
    3.457416842923297e-02
    3.401983490100545e-02
    3.356470459661373e-02
    3.320963892490122e-02
    3.295540256708215e-02
    3.280260002887200e-02
    3.275161983739418e-02
    3.280259607159133e-02
    3.295539461730322e-02
    3.320962691533642e-02
    3.356468843328914e-02
    3.401981447027683e-02
    3.457414360552494e-02
    3.522677945311142e-02
    3.597684372184291e-02
    3.682351673157248e-02
    3.776606447123470e-02
    3.436061904637912e-02
    3.341677155825658e-02
    3.256756818474381e-02
    3.181391538838060e-02
    3.115688850626822e-02
    3.059770689913188e-02
    3.013768209225785e-02
    2.977813555625202e-02
    2.952028923465337e-02
    2.936514114949184e-02
    2.931334756722765e-02
    2.936513764909171e-02
    2.952028218435953e-02
    2.977812486206639e-02
    3.013766762725171e-02
    3.059768851495831e-02
    3.115686604531948e-02
    3.181388869411394e-02
    3.256753710880243e-02
    3.341673596516299e-02
    3.436057881532095e-02
    3.139227609186337e-02
    3.044546050914828e-02
    2.959148771140022e-02
    2.883139094359880e-02
    2.816652444615853e-02
    2.759857355276967e-02
    2.712951661865950e-02
    2.676151488948040e-02
    2.649671545850705e-02
    2.633697850442758e-02
    2.628358002080122e-02
    2.633697554163726e-02
    2.649670945121914e-02
    2.676150568849981e-02
    2.712950403163897e-02
    2.759855736889854e-02
    2.816650445766101e-02
    2.883136695896270e-02
    2.959145956290306e-02
    3.044542805512199e-02
    3.139223921516895e-02
    2.883949157389987e-02
    2.788930792268474e-02
    2.702915618438678e-02
    2.625990913787890e-02
    2.558297169782810e-02
    2.500043282796180e-02
    2.451518681611147e-02
    2.413093664188649e-02
    2.385194495012718e-02
    2.368240902770021e-02
    2.362549891107284e-02
    2.368240680599915e-02
    2.385194033049157e-02
    2.413092932695979e-02
    2.451517646287035e-02
    2.500041910813938e-02
    2.558295433092626e-02
    2.625988790025147e-02
    2.702913090552415e-02
    2.788927847609795e-02
    2.883945786753514e-02
    2.669647806662348e-02
    2.574721292710928e-02
    2.488415646763482e-02
    2.410718530944339e-02
    2.341664048060685e-02
    2.281369828687237e-02
    2.230098820458042e-02
    2.188354895651869e-02
    2.156998848261343e-02
    2.137278325275958e-02
    2.130504771555060e-02
    2.137278254737879e-02
    2.156998636389994e-02
    2.188354452564063e-02
    2.230098074484744e-02
    2.281368732780334e-02
    2.341662573763552e-02
    2.410716661668204e-02
    2.488413373081796e-02
    2.574718609472929e-02
    2.669644711226521e-02
    2.498245955181736e-02
    2.405208938230230e-02
    2.320657216455939e-02
    2.244455631684977e-02
    2.176448608267930e-02
    2.116458957815301e-02
    2.064287455802426e-02
    2.019713465003794e-02
    1.982496826903135e-02
    1.952381124037495e-02
    1.929105253697801e-02
    1.952381826290246e-02
    1.982497105335365e-02
    2.019713326102725e-02
    2.064286905741980e-02
    2.116458002407264e-02
    2.176447252860669e-02
    2.244453881143810e-02
    2.320655075149784e-02
    2.405206410027648e-02
    2.498243043456282e-02
    2.374007483865375e-02
    2.286976979865163e-02
    2.209317478920328e-02
    2.141035171732304e-02
    2.082123142169415e-02
    2.032551755658558e-02
    1.992258367624415e-02
    1.961141635565703e-02
    1.939068299706153e-02
    1.925897938996159e-02
    1.921521510655746e-02
    1.925897677176015e-02
    1.939067773637664e-02
    1.961140840471632e-02
    1.992257296764767e-02
    2.032550401144130e-02
    2.082121495956109e-02
    2.141033226498278e-02
    2.209315228525825e-02
    2.286974419465715e-02
    2.374004609821041e-02
    2.298164283207254e-02
    2.220961786939057e-02
    2.153911998788379e-02
    2.096665452193663e-02
    2.048725478710517e-02
    2.009501129002371e-02
    1.978380835160253e-02
    1.954802020374691e-02
    1.938300321610872e-02
    1.928535974425625e-02
    1.925303871001119e-02
    1.928535639404775e-02
    1.938299655157457e-02
    1.954801029599876e-02
    1.978379530456561e-02
    2.009499523448867e-02
    2.048723586939262e-02
    2.096663288682091e-02
    2.153909575917213e-02
    2.220959113396802e-02
    2.298161363369196e-02
    2.261717430008946e-02
    2.193799265157435e-02
    2.135442777796753e-02
    2.085923825313360e-02
    2.044517929467981e-02
    2.010564628268110e-02
    1.983504503209823e-02
    1.962892368667156e-02
    1.948395559855615e-02
    1.939785774204082e-02
    1.936930242078726e-02
    1.939785451318207e-02
    1.948394916062310e-02
    1.962891408024938e-02
    1.983503232038364e-02
    2.010563055368351e-02
    2.044516066265478e-02
    2.085921685787031e-02
    2.135440377949085e-02
    2.193796621866411e-02
    2.261714559298226e-02
    2.250205756010886e-02
    2.188769846745019e-02
    2.135902757019434e-02
    2.090859447792747e-02
    2.052988276893705e-02
    2.021748897956420e-02
    1.996711914787126e-02
    1.977549251661265e-02
    1.964021692467164e-02
    1.955967313913660e-02
    1.953292609987697e-02
    1.955967024563232e-02
    1.964021114878887e-02
    1.977548388132834e-02
    1.996710768952158e-02
    2.021747475003595e-02
    2.052986583836953e-02
    2.090857493760031e-02
    2.135900553448914e-02
    2.188767407361332e-02
    2.250203096348953e-02
    2.252159118182619e-02
    2.194827884080336e-02
    2.145271243840893e-02
    2.102834755713385e-02
    2.066976559658485e-02
    2.037262903016779e-02
    2.013356322084990e-02
    1.995001967716107e-02
    1.982015059024857e-02
    1.974270791867180e-02
    1.971697133423532e-02
    1.974270544439578e-02
    1.982014564827798e-02
    1.995001228112098e-02
    2.013355339238451e-02
    2.037261680041669e-02
    2.066975100824722e-02
    2.102833066697814e-02
    2.145269332012678e-02
    2.194825758744359e-02
    2.252156790697935e-02
    2.260407497857186e-02
    2.205622455961078e-02
    2.158074044541909e-02
    2.117196785430002e-02
    2.082533095362599e-02
    2.053721479468141e-02
    2.030482541579823e-02
    2.012605804790703e-02
    1.999938682966477e-02
    1.992378025475596e-02
    1.989864235232120e-02
    1.992377824090478e-02
    1.999938280596693e-02
    2.012605202264707e-02
    2.030481740218351e-02
    2.053720481175440e-02
    2.082531902765619e-02
    2.117195402056128e-02
    2.158072475036880e-02
    2.205620706336294e-02
    2.260405575713915e-02
    2.270567539742282e-02
    2.217325304433663e-02
    2.170978258318154e-02
    2.131025831699875e-02
    2.097066724139257e-02
    2.068785290621288e-02
    2.045937872920822e-02
    2.028340810608446e-02
    2.015860768848039e-02
    2.008407468115051e-02
    2.005928680434169e-02
    2.008407315129955e-02
    2.015860463119204e-02
    2.028340352637033e-02
    2.045937263505433e-02
    2.068784530915741e-02
    2.097065815742004e-02
    2.131024776768135e-02
    2.170977059718330e-02
    2.217323965919679e-02
    2.270566066152414e-02
    2.279890090823528e-02
    2.227504196871305e-02
    2.181814253111034e-02
    2.142361213660714e-02
    2.108778191761735e-02
    2.080776796001620e-02
    2.058134230222939e-02
    2.040682306079868e-02
    2.028298712593130e-02
    2.020900505746309e-02
    2.018439645727182e-02
    2.020900402693565e-02
    2.028298506623635e-02
    2.040681997476745e-02
    2.058133819436897e-02
    2.080776283687309e-02
    2.108777578826926e-02
    2.142360501337764e-02
    2.181813443046693e-02
    2.227503291241505e-02
    2.279889092462261e-02
    2.286679754412588e-02
    2.234632533691668e-02
    2.189190317257791e-02
    2.149916109912924e-02
    2.116460588301776e-02
    2.088548863868486e-02
    2.065968240413116e-02
    2.048557883498793e-02
    2.036200646109345e-02
    2.028816982836246e-02
    2.026360779881530e-02
    2.028816930841433e-02
    2.036200542179912e-02
    2.048557727760364e-02
    2.065968033065263e-02
    2.088548605202957e-02
    2.116460278724388e-02
    2.149915749978165e-02
    2.189189907708229e-02
    2.234632075517567e-02
    2.286679248915744e-02
    2.290028742945020e-02
    2.237879271132238e-02
    2.192334965266618e-02
    2.152964323530177e-02
    2.119421621092371e-02
    2.091434211451538e-02
    2.068790723501097e-02
    2.051331059277463e-02
    2.038938450839048e-02
    2.031533529236781e-02
    2.029070251498749e-02
    2.031533529236578e-02
    2.038938450839451e-02
    2.051331059277767e-02
    2.068790723500980e-02
    2.091434211451971e-02
    2.119421621092264e-02
    2.152964323529727e-02
    2.192334965266085e-02
    2.237879271131964e-02
    2.290028742945896e-02
    2.289706686952384e-02
    2.237025253918571e-02
    2.191035814465432e-02
    2.151297213137713e-02
    2.117454437694850e-02
    2.089226599999428e-02
    2.066395415866123e-02
    2.048795264755658e-02
    2.036305203930503e-02
    2.028842959632428e-02
    2.026360779881670e-02
    2.028843012513150e-02
    2.036305309638223e-02
    2.048795423179169e-02
    2.066395626824925e-02
    2.089226863228491e-02
    2.117454752820047e-02
    2.151297579639627e-02
    2.191036231641108e-02
    2.237025720819448e-02
    2.289707202319054e-02
    2.286139040597077e-02
    2.232448580917958e-02
    2.185630005501149e-02
    2.145217625422054e-02
    2.110833917314530e-02
    2.082178666873818e-02
    2.059017782374055e-02
    2.041173262623153e-02
    2.028514948823663e-02
    2.020954227680918e-02
    2.018439645727490e-02
    2.020954334397831e-02
    2.028515162148841e-02
    2.041173582330822e-02
    2.059018208095643e-02
    2.082179198063643e-02
    2.110834553193938e-02
    2.145218364906887e-02
    2.185630847104058e-02
    2.232449522628789e-02
    2.286140079737517e-02
    2.280456947086206e-02
    2.225166232568195e-02
    2.177037163119129e-02
    2.135564764991451e-02
    2.100334519480923e-02
    2.071013993432138e-02
    2.047342539477580e-02
    2.029121280369848e-02
    2.016204495165413e-02
    2.008492863148029e-02
    2.005928680434410e-02
    2.008493024872457e-02
    2.016204818440847e-02
    2.029121764830773e-02
    2.047343184524628e-02
    2.071014798167667e-02
    2.100335482612401e-02
    2.135565884702980e-02
    2.177038436903907e-02
    2.225167657026283e-02
    2.280458517707309e-02
    2.274636122974158e-02
    2.216949866141541e-02
    2.166850889534537e-02
    2.123783021944271e-02
    2.087279504481464e-02
    2.056960259693209e-02
    2.032524250336462e-02
    2.013740290869487e-02
    2.000438318562942e-02
    1.992502158801326e-02
    1.989864235232369e-02
    1.992502377161334e-02
    2.000438755015489e-02
    2.013740944846786e-02
    2.032525120898895e-02
    2.056961345418216e-02
    2.087280803304329e-02
    2.123784530942337e-02
    2.166852604665641e-02
    2.216951781942815e-02
    2.274638232279602e-02
    2.271778950915262e-02
    2.210572760553983e-02
    2.157540811101312e-02
    2.112077747829808e-02
    2.073654244989522e-02
    2.041826459465302e-02
    2.016235663879771e-02
    1.996602629144678e-02
    1.982720169871734e-02
    1.974446006167162e-02
    1.971697133423677e-02
    1.974446283710923e-02
    1.982720724526141e-02
    1.996603459984010e-02
    2.016236769363040e-02
    2.041827837237970e-02
    2.073655891618938e-02
    2.112079658464270e-02
    2.157542979083679e-02
    2.210575177055888e-02
    2.271781604701996e-02
    2.276628425709721e-02
    2.210308107972317e-02
    2.152891414411633e-02
    2.103771993542517e-02
    2.062375698046381e-02
    2.028191469698828e-02
    2.000787956169086e-02
    1.979819037516445e-02
    1.965022577459939e-02
    1.956216178696086e-02
    1.953292609987541e-02
    1.956216519930316e-02
    1.965023259131331e-02
    1.979820057915587e-02
    2.000789312445411e-02
    2.028193157515472e-02
    2.062377711140867e-02
    2.103774323242003e-02
    2.152894049220349e-02
    2.210311033382633e-02
    2.276631624472956e-02
    2.296331669893725e-02
    2.222848006977488e-02
    2.158942482395683e-02
    2.104158489116432e-02
    2.057988661303281e-02
    2.019919685220863e-02
    1.989472982670214e-02
    1.966234845665086e-02
    1.949874770837074e-02
    1.940154336198195e-02
    1.936930242078508e-02
    1.940154750345755e-02
    1.949875597272127e-02
    1.966236080444108e-02
    1.989474619349045e-02
    2.019921714322614e-02
    2.057991069815683e-02
    2.104161260244204e-02
    2.158945595815084e-02
    2.222851439805377e-02
    2.296335398304885e-02
    2.340877768963074e-02
    2.258453631185956e-02
    2.185690519075705e-02
    2.122464154070594e-02
    2.068580049175517e-02
    2.023776795411260e-02
    1.987744276196596e-02
    1.960155119733676e-02
    1.940702993801219e-02
    1.929139596954822e-02
    1.925303871000984e-02
    1.929140107429879e-02
    1.940704008213098e-02
    1.960156624977854e-02
    1.987746252771630e-02
    2.023779218130030e-02
    2.068582888643423e-02
    2.122467378927624e-02
    2.185694098563303e-02
    2.258457537440817e-02
    2.340881978572424e-02
    2.421260355562837e-02
    2.330208185390191e-02
    2.248019315303116e-02
    2.174678155625822e-02
    2.110198959054283e-02
    2.054650188891734e-02
    2.008191221217932e-02
    1.971119619294786e-02
    1.943909293908519e-02
    1.927180936879804e-02
    1.921521510655620e-02
    1.927181633876848e-02
    1.943910636689865e-02
    1.971121532903469e-02
    2.008193633542049e-02
    2.054653041997442e-02
    2.110202209896857e-02
    2.174681773171342e-02
    2.248023277415015e-02
    2.330212476376770e-02
    2.421264964392948e-02
    2.544629522640074e-02
    2.447988208151038e-02
    2.359571015646339e-02
    2.279241125983664e-02
    2.206847903722899e-02
    2.142226953624423e-02
    2.085200635842552e-02
    2.035579099819333e-02
    1.993161863431625e-02
    1.957739919390970e-02
    1.929105248685186e-02
    1.957741363850890e-02
    1.993163729783318e-02
    2.035581378069168e-02
    2.085203316504372e-02
    2.142230027870400e-02
    2.206851363504827e-02
    2.279244964104508e-02
    2.359575225810713e-02
    2.447992784947110e-02
    2.544634461534777e-02
    2.712045640222855e-02
    2.613136325333643e-02
    2.522609143740771e-02
    2.440449599014372e-02
    2.366695888580362e-02
    2.301483406706783e-02
    2.245126804272432e-02
    2.198269566982463e-02
    2.162127421865778e-02
    2.138720227390694e-02
    2.130504771564213e-02
    2.138720972338208e-02
    2.162128839948750e-02
    2.198271576756995e-02
    2.245129346638932e-02
    2.301486443557950e-02
    2.366699395072645e-02
    2.440453558061642e-02
    2.522613542897746e-02
    2.613141155138735e-02
    2.712050893245529e-02
    2.921895903000417e-02
    2.822560879959071e-02
    2.732054221486250e-02
    2.650495482613010e-02
    2.578082747259754e-02
    2.515122662246751e-02
    2.462063172311347e-02
    2.419515887432969e-02
    2.388238605892974e-02
    2.369034789830869e-02
    2.362549891098552e-02
    2.369035444129996e-02
    2.388239899075470e-02
    2.419517794356178e-02
    2.462065665021040e-02
    2.515125714743875e-02
    2.578086337326824e-02
    2.650499592049538e-02
    2.732058835588900e-02
    2.822565986828814e-02
    2.921901492983943e-02
    3.173325747819997e-02
    3.074220804589476e-02
    2.984329857943891e-02
    2.903817235628040e-02
    2.832905277409591e-02
    2.771881528887477e-02
    2.721098742668027e-02
    2.680961072719330e-02
    2.651889630738869e-02
    2.634265278556422e-02
    2.628358002071445e-02
    2.634265931433070e-02
    2.651890929933700e-02
    2.680963006372891e-02
    2.721101295758081e-02
    2.771884685177448e-02
    2.832909020982511e-02
    2.903821551765319e-02
    2.984334733491996e-02
    3.074226228082733e-02
    3.173331709369540e-02
    3.467083542138715e-02
    3.368310954879440e-02
    3.279026523680666e-02
    3.199391563232683e-02
    3.129602983363260e-02
    3.069891335677017e-02
    3.020513227572813e-02
    2.981736298986573e-02
    2.953816212495138e-02
    2.936967667817931e-02
    2.931334756732319e-02
    2.936968344403640e-02
    2.953817561784381e-02
    2.981738313753915e-02
    3.020515898070527e-02
    3.069894650648593e-02
    3.129606930932575e-02
    3.199396131605684e-02
    3.279031701651196e-02
    3.368316732107458e-02
    3.467089909237649e-02
    3.805229211408195e-02
    3.706682477798760e-02
    3.617817626272918e-02
    3.538777750429901e-02
    3.469726531900519e-02
    3.410843953877458e-02
    3.362318646708690e-02
    3.324336616474669e-02
    3.297066899965243e-02
    3.280645753298633e-02
    3.275161983734703e-02
    3.280646464843499e-02
    3.297068320332276e-02
    3.324338740443227e-02
    3.362321467078410e-02
    3.410847462008153e-02
    3.469730718278313e-02
    3.538782605243014e-02
    3.617823139749597e-02
    3.706688640589300e-02
    3.805236014711855e-02
