    1.97727285281271    1.93509645279308    2.02803509553652
    1.07302565380144    1.51865786920629    1.51670046380192
    1.33766074505908    2.09362597632299    2.97659424872098
    2.94993172969914    2.98345388915527    0.00103751862702
   -0.00116512215851    0.00219776458569    0.00007987995911
   -0.00216951446811    0.00398781564361    0.00036514034910
   -0.00265098814532    0.01214567652863   -0.08081238147561
    1.99999867985581    1.02734797190290    2.21253982839663
    1.90927622145466    0.00000000436445    0.00000000000000
    0.00000000000000    0.00000000000000    0.00000001053671
    0.00000000000000    0.00000002543787    0.00000000000000
    0.00000000000000    0.00000001490116    0.00000001490116
