    1,17   # 1st-scaling bias 
    1,17       1,17   
    2,6        2,6    
    1,17       1,17       1,17   
    2,6        2,6        1,17   
    1,17       1,17       1,17       1,17   
    2,6        2,6        1,17       1,17   
    2,6        2,6        2,6        2,6    
    1,17       1,1    # 1st-scaling bias replacing 1 symmetric NH coord
    1,17       1,2    
    1,17       1,3    
    1,17       1,4    
    1,17       1,5    
    1,17       1,6    
    1,17       1,7    
    1,17       1,8    
    1,17       1,9    
    1,17       1,10   
    1,17       1,11   
    1,17       1,12   
    1,17       1,13   
    1,17       1,17       1,13   # 1st-scaling bias replacing a square of asymmetric NH coord
    1,17       1,17       3,11       3,11   
    1,17       1,17       5,1        5,1    
    1,17       1,17       7,7        7,7    
    1,17       1,17       8,1        8,1    
    2,6        2,6        1,13   
    2,6        2,6        3,11       3,11   
    2,6        2,6        5,1        5,1    
    2,6        2,6        7,7        7,7    
    2,6        2,6        8,1        8,1    
