    7,1        1,3               # harmonic with-HN
    1.535162610041941e+00
    7,2        1,3    
   -1.099648518821640e+00
    7,3        1,3    
   -3.602124652037447e-01
    7,4        1,3    
    2.741591797829591e-01
    7,5        1,3    
    7.055876038579292e-01
    7,6        1,3    
    2.418754791751236e+00
    7,1        1,4    
    2.097883535607091e+00
    7,2        1,4    
   -4.131371113409987e-01
    7,3        1,4    
   -6.287279825938165e-01
    7,4        1,4    
    5.152706207676560e-01
    7,5        1,4    
    3.370431405902165e-01
    7,6        1,4    
    3.204833147326928e-01
    8,1        2,1    
   -4.285687891780524e-01
    8,1        2,2    
    3.385301869332123e-01
    5,1        2,1        4,1    # C2v-planar B2 x A2 <- G8 irred-5 x irred-2 x irred-4
    1.073053060768737e-01
    5,1        2,1        4,2    
   -6.113699266526411e-02
    5,1        2,1        4,3    
   -1.591099093907497e-01
    5,1        2,2        4,1    
    1.620107849432150e-01
    5,1        2,2        4,2    
   -6.286428875620982e-01
    5,1        2,2        4,3    
    1.496964662203396e-01
    7,7        1,1               # C2v-planar B1 x A1 <- G8 irred-5 x irred-6 x irred-1
    2.335910148714566e-01
    7,7        1,2    
    1.565765361556190e-01
    7,7        1,3    
   -4.434665615235392e-03
    7,7        1,5    
    1.652923066198072e-02
    7,7        1,6    
   -7.987333829566653e-02
    7,7        1,7    
   -1.365294196473255e+00
    7,7        1,8    
   -3.432038271481096e-01
    7,7        1,9    
   -2.262537826930461e-01
    7,7        1,10   
   -3.634373854172370e-01
    7,7        1,11   
   -1.580284272718039e-01
    7,7        1,12   
    1.589376398964485e-02
    7,7        1,13   
    4.199743264515727e-02
    8,1        2,1        1,1    # C2v-perpendicular B1 x A1 <- G8 irred-8 x irred-2 x irred-1
    8.431640005626525e+00
    8,1        2,1        1,2    
    4.068163107581644e-02
    8,1        2,1        1,3    
   -4.736966509664268e+00
    8,1        2,1        1,5    
   -3.317787253472299e+00
    8,1        2,1        1,6    
   -6.826307155236024e-01
    8,1        2,1        1,7    
   -6.334580059320934e+00
    8,1        2,1        1,8    
   -1.537831005512184e-01
    8,1        2,1        1,9    
    3.831732354607855e-01
    8,1        2,1        1,10   
   -7.637181665462864e-01
    8,1        2,1        1,11   
   -1.664892048742807e+00
    8,1        2,1        1,12   
    1.428532749056836e+00
    8,1        2,1        1,13   
   -1.432400292637968e+00
    8,1        2,1        1,4    
    1.399613664488178e+00
    8,1        2,2        1,1    
   -1.042051857426017e+00
    8,1        2,2        1,3    
    4.160760708231261e-01
    8,1        2,2        1,4    
   -1.490689198204574e+00
    3,13       4,1               # C2v-perpendicular B2 x A2 <- G8 irred-8 x irred-6 x irred-4
   -1.154868314462169e-01
    3,13       4,2    
    5.340148655391363e-02
    3,13       4,3    
    1.067612101367269e-01
    5,1        8,1        3,1    # C2v-planar / C2v-perpendicular A2 x B2 <- G8 irred-5 x irred-8 x irred-3
   -4.655037083953150e+00
    5,1        8,1        3,2    
    2.758136333601667e+00
    5,1        8,1        3,3    
   -1.534409671263351e+00
    5,1        8,1        3,4    
    3.471222535038302e-01
    5,1        8,1        3,5    
   -9.237807191638965e-01
    5,1        8,1        3,6    
   -2.267401344715046e-01
    5,1        8,1        3,7    
   -5.833275255889582e-01
    5,1        8,1        3,8    
   -8.061276139981477e-01
    5,1        8,1        3,9    
    6.023027344794457e-02
    5,1        8,1        3,10   
    1.723778561966863e-01
    7,7                          # HN spherical coordinate angles
    9.198989022250477e-02
    7,7        1,4    
   -3.323886806319928e-01
    7,1        1,14   
    5.617947025524497e-01
    7,2        1,14   
   -4.264764132691867e-03
    7,3        1,14   
   -8.582261196534702e-02
    7,4        1,14   
    4.359899383642664e-02
    7,5        1,14   
    3.596056932221409e-01
    7,6        1,14   
   -1.324633176202949e+00
    5,1        6,1        1,14   
    1.748583682209472e-01
    8,1        2,1        1,14   
   -1.191478697618923e+00
    8,1        2,2        1,14   
   -3.488810221613961e+00
    1,22       7,1               # 1st-scaling bias replacing an irred-1 HN coord
    2.140429814237367e-01
    1,22       7,2    
   -1.363662162888087e-02
    1,22       7,3    
   -7.769029846166068e-03
    1,22       7,4    
    1.075708551546632e-03
    1,22       7,5    
    1.949051134519035e-04
    1,22       7,6    
   -2.924993724227117e-01
    1,22       7,7    
   -4.611178435494840e-01
    1,22       8,1        2,1    
   -1.350287035459000e-01
    1,22       8,1        2,2    
    2.686562415466842e-01
    2,6        8,1               # 1st-scaling bias replacing an irred-2 HN coord
    2.116224828484823e+00
    2,6        5,1        4,1    
    9.610478918069965e-01
    2,6        5,1        4,2    
   -7.073571192870053e-01
    2,6        5,1        4,3    
    1.697009016810584e+00
    2,6        8,1        1,2    
   -3.502863051614997e+00
    2,6        8,1        1,3    
    3.448472017474191e+00
    2,6        8,1        1,4    
    4.476666445303210e+00
    2,6        8,1        1,8    
   -7.410316065947145e+00
    2,6        8,1        1,9    
    2.231016194720071e+00
    2,6        8,1        1,10   
   -7.705856307279345e-01
    2,6        8,1        1,11   
   -4.281754928117745e-01
    2,6        8,1        1,12   
   -2.398160138031963e+00
    2,6        8,1        1,13   
   -4.365543232542161e+00
    1,23       7,1               # 1st-scaling redundancy bias replacing an irred-1 HN coord
    2.060916158954411e-02
    1,23       7,2    
    2.638960805151249e-01
    1,23       7,3    
    1.116714148509869e-01
    1,23       7,4    
    3.606881830659021e-02
    1,23       7,5    
   -6.468805003347215e-02
    1,23       7,6    
   -1.581794073231184e+00
    1,23       6,1        5,1    
   -1.072919302242790e-02
    1,23       8,1        2,1    
    9.528961479831098e-02
    1,23       8,1        2,2    
    4.162966121929205e-01
    7,1        1,18              # 2nd-scaling
   -6.058865703130477e-02
    7,2        1,18   
   -1.094224755444090e-02
    7,3        1,18   
    7.671354111407234e-02
    7,4        1,18   
    2.822965703161262e-02
    7,5        1,18   
    3.921235187331345e-03
    7,6        1,18   
   -1.316649813975726e-01
    7,1        1,19   
    7.311053984046247e+00
    7,2        1,19   
   -2.369875152384708e+00
    7,3        1,19   
   -3.191421136106450e+00
    7,4        1,19   
   -1.119753454768176e-02
    7,5        1,19   
    3.181415793347263e+00
    7,6        1,19   
    2.669161744071728e+00
    8,2        2,3    
    5.708457301858063e-01
    8,2        2,4    
   -3.261953007879745e+00
    5,2        2,3        4,1    
    1.650600121887712e-01
    5,2        2,3        4,2    
   -5.313710933862590e-02
    5,2        2,3        4,3    
    9.573209803920142e-01
    5,2        2,4        4,1    
    5.769865165476626e+00
    5,2        2,4        4,2    
    2.309864575331625e+00
    5,2        2,4        4,3    
    4.360062149168616e+00
    7,8        1,1    
   -1.468552047598166e+01
    7,8        1,2    
   -1.479151278836119e+00
    7,8        1,18   
   -1.002761650103947e+00
    7,8        1,5    
   -7.207627572538500e+00
    7,8        1,6    
    5.480927644735131e+00
    7,8        1,7    
    1.707612433708023e+00
    7,8        1,8    
    5.994029645912738e+00
    7,8        1,9    
    6.163275560161325e-01
    7,8        1,10   
    5.256710912067203e-01
    7,8        1,11   
   -2.469504613890295e-01
    7,8        1,12   
   -4.328728887127611e-01
    7,8        1,13   
   -8.587544729495514e-01
    8,2        2,3        1,1    
   -3.266141067786880e+00
    8,2        2,3        1,2    
    8.037912462327924e-01
    8,2        2,3        1,18   
   -2.416273525695190e+00
    8,2        2,3        1,5    
   -8.677083697934403e+00
    8,2        2,3        1,6    
   -4.023646250526753e-01
    8,2        2,3        1,7    
   -3.776016162077449e+00
    8,2        2,3        1,8    
    3.293373251847393e+00
    8,2        2,3        1,9    
    1.134437851206589e+00
    8,2        2,3        1,10   
    2.668155979032903e+00
    8,2        2,3        1,11   
    2.639085044237856e+00
    8,2        2,3        1,12   
   -4.111703420327997e-02
    8,2        2,3        1,13   
   -8.491933189621976e-01
    8,2        2,3        1,19   
    7.929665694899539e-01
    8,2        2,4        1,1    
    4.404110681181618e+01
    8,2        2,4        1,18   
    4.879697773913779e+00
    8,2        2,4        1,8    
   -5.247695299925363e+00
    8,2        2,4        1,9    
   -3.512702052206095e+00
    8,2        2,4        1,12   
   -5.157782405669140e-01
    8,2        2,4        1,13   
    1.220590160735411e+01
    8,2        2,4        1,19   
    4.564281071749097e+01
    3,14       4,1    
   -4.751135651283983e-01
    3,14       4,2    
    8.802645799666420e-01
    3,14       4,3    
   -6.092675090755785e-01
    5,2        8,2        3,1    
    8.815519234046748e+00
    5,2        8,2        3,2    
   -1.799985238040959e+01
    5,2        8,2        3,3    
   -1.419474736902134e+01
    5,2        8,2        3,4    
    1.570427744125005e+00
    5,2        8,2        3,5    
    1.365324907999952e+00
    5,2        8,2        3,6    
   -2.848839130011324e+00
    5,2        8,2        3,7    
    9.599556877616818e-01
    5,2        8,2        3,8    
   -1.252906674511140e-04
    5,2        8,2        3,9    
   -5.238455369107747e+00
    5,2        8,2        3,10   
   -5.355332086054004e+00
    7,8    
    1.005447010991109e+00
    7,8        1,19   
   -1.099472443996953e+01
    1,24       7,1    
    1.159718740280126e+00
    1,24       7,2    
   -9.549259060495888e-01
    1,24       7,3    
   -4.452218263820835e-01
    1,24       7,4    
    6.110608965849266e-02
    1,24       7,5    
    4.811827438806339e-01
    1,24       7,6    
    3.882830235011553e+00
    1,24       7,8    
    1.285533577404822e+00
    1,24       8,2        2,3    
    1.413972348239104e+00
    1,24       8,2        2,4    
    1.097850463457485e+00
    2,7        8,2    
    1.049673603018909e+00
    2,7        5,2        4,1    
   -1.222982154846736e+00
    2,7        5,2        4,2    
    6.722993626389346e-01
    2,7        5,2        4,3    
   -8.701302374038220e-01
    2,7        8,2        1,1    
   -1.464206881820580e+01
    2,7        8,2        1,2    
    7.438075318923142e-01
    2,7        8,2        1,18   
    8.448553875857039e-01
    2,7        8,2        1,19   
    5.192593225068749e+00
    2,7        8,2        1,5    
   -1.569329344011367e+01
    2,7        8,2        1,6    
    4.870264132208015e+00
    2,7        8,2        1,7    
   -5.403941093986985e+00
    2,7        8,2        1,8    
    7.334612574891373e+00
    2,7        8,2        1,9    
    1.478195681482291e+00
    2,7        8,2        1,10   
    1.192877931872700e+00
    2,7        8,2        1,11   
    1.131455189074161e+00
    2,7        8,2        1,12   
   -2.983490186585244e-01
    2,7        8,2        1,13   
   -7.600053300158290e-01
