    4,1        1,3               # harmonic with-HN
    1.136869713132783e-01
    4,2        1,3    
    2.338419398467860e-02
    4,3        1,3    
    9.384134606502699e-02
    4,1        1,4    
    1.142158272555446e-01
    4,2        1,4    
    8.891175024411858e-02
    4,3        1,4    
   -1.998693984027409e-01
    5,1        2,1        7,1    # C2v-planar B2 x B1 -> G8 irred-5 x irred-7 x irred-2
   -1.856401397782342e-01
    5,1        2,1        7,2    
    9.658860778960436e-02
    5,1        2,1        7,3    
    9.281133495037033e-02
    5,1        2,1        7,4    
   -1.005534843596755e-01
    5,1        2,1        7,5    
   -3.505866709181229e-02
    5,1        2,1        7,6    
   -1.673379396195467e-01
    5,1        2,1        7,7    
    1.003952026477141e-01
    5,1        2,2        7,1    
    1.718867701081477e-01
    5,1        2,2        7,2    
   -1.316440602144180e-01
    5,1        2,2        7,3    
   -1.724911679061090e-02
    5,1        2,2        7,4    
    5.464763508089257e-02
    5,1        2,2        7,5    
    1.717465228769970e-02
    5,1        2,2        7,6    
    3.480727300712230e-01
    5,1        2,2        7,7    
   -2.009506921247862e-01
    7,7        3,1               # C2v-planar B1 x B2 -> G8 irred-5 x irred-6 x irred-3
   -4.309959770822049e-02
    7,7        3,2    
    3.196875793071424e-01
    7,7        3,3    
    1.129963863801626e+00
    7,7        3,4    
   -5.906230993924268e-02
    7,7        3,5    
    7.209235565206511e-02
    7,7        3,6    
    9.097987605381236e-02
    7,7        3,7    
   -1.612616950360518e-02
    7,7        3,8    
    4.842598637230363e-02
    7,7        3,9    
    1.285120382850111e-01
    7,7        3,10   
   -3.975773920444342e-01
    8,1        2,1        3,1    # C2v-perpendicular B1 x B2 -> G8 irred-8 x irred-2 x irred-3
    1.349587730119641e-01
    8,1        2,1        3,2    
    2.538521521193172e+00
    8,1        2,1        3,3    
    1.852442963039181e+00
    8,1        2,1        3,4    
   -3.050797138947080e-01
    8,1        2,1        3,5    
    5.641654894322820e-01
    8,1        2,1        3,6    
    2.970277409052433e-01
    8,1        2,1        3,7    
   -4.365094934642569e-01
    8,1        2,1        3,8    
    4.792586752609015e-01
    8,1        2,1        3,9    
   -1.174693219115755e+00
    8,1        2,1        3,10   
   -3.393875372682940e-01
    3,13       7,1               # C2v-perpendicular B2 x B1 -> G8 irred-8 x irred-6 x irred-7
   -3.634413710350686e-01
    3,13       7,2    
    1.245253234048856e-01
    3,13       7,3    
    1.569804839491306e-01
    3,13       7,4    
   -8.267118796736410e-02
    3,13       7,5    
   -1.023850755465861e-01
    3,13       7,6    
   -2.994702053672146e-01
    5,1        8,1        1,1    # C2v-planar / C2v-perpendicular A2 x A1 -> G8 irred-5 x irred-8 x irred-1
    5.629209358410321e-01
    5,1        8,1        1,2    
   -1.033017898436451e-01
    5,1        8,1        1,3    
   -4.767959012535106e-02
    5,1        8,1        1,5    
    3.929538802524770e-01
    5,1        8,1        1,6    
    1.060476324101893e+00
    5,1        8,1        1,7    
    4.623266737311894e-01
    5,1        8,1        1,8    
   -1.322928512737501e-01
    5,1        8,1        1,9    
    1.023716243700896e-01
    5,1        8,1        1,10   
    5.890051913258495e-02
    5,1        8,1        1,11   
    9.198745380293114e-03
    5,1        8,1        1,12   
    3.226944367041919e-02
    5,1        8,1        1,13   
    1.351503084521937e-02
    5,1        8,1        1,4    
    2.251438497114900e-01
    7,7        3,13              # HN spherical coordinate angles
    3.768164983768469e-01
    8,1        5,1    
   -3.343881561749673e-01
    4,1        1,14   
   -1.076205430553203e-01
    4,2        1,14   
    3.857083545987160e-02
    4,3        1,14   
    1.046820723381104e-01
    5,1        8,1        1,14   
    4.979694206257778e-01
    1,22       4,1               # 1st-scaling bias replacing an irred-1 HN coord
   -1.011677314966747e-01
    1,22       4,2    
   -1.226921012037788e-02
    1,22       4,3    
    3.633026238981586e-01
    1,22       5,1        8,1    
    2.823262139054345e-02
    2,6        5,1        7,1    # 1st-scaling bias replacing an irred-2 HN coord
   -6.039398750623085e-01
    2,6        5,1        7,2    
    2.009138964194594e-01
    2,6        5,1        7,3    
    4.326726494616986e-02
    2,6        5,1        7,4    
    2.692082581402015e-01
    2,6        5,1        7,5    
   -3.493566852510986e-01
    2,6        5,1        7,6    
   -6.044102087183220e-01
    2,6        5,1        7,7    
   -5.084790029923300e-01
    2,6        8,1        3,1    
    1.438306613223582e+01
    2,6        8,1        3,4    
    1.776132759350185e+00
    2,6        8,1        3,5    
    2.466485389876588e+00
    2,6        8,1        3,6    
    3.167151188857185e-01
    2,6        8,1        3,7    
   -1.675040627745406e+00
    2,6        8,1        3,8    
    2.321140695704808e+00
    2,6        8,1        3,9    
   -3.706557299203509e+00
    2,6        8,1        3,10   
   -2.884074273537218e+00
    1,23       4,1               # 1st-scaling redundancy bias replacing an irred-1 HN coord
   -3.645147055719336e-01
    1,23       4,2    
    1.675239561573758e-02
    1,23       4,3    
    2.627439754692558e-02
    1,23       5,1        8,1    
    2.569183224250566e-01
    4,1        1,18              # 2nd-scaling
   -3.549775753778209e-01
    4,2        1,18   
   -6.733169956036415e-03
    4,3        1,18   
    3.389653872288338e-01
    4,1        1,19   
   -4.905606367019453e-01
    4,2        1,19   
   -4.057694467560473e-01
    4,3        1,19   
    1.363844692107242e+00
    5,2        2,3        7,1    
   -1.271036697622210e-01
    5,2        2,3        7,2    
    3.871655100951942e-02
    5,2        2,3        7,3    
   -5.944026160802327e-02
    5,2        2,3        7,4    
    1.156161206579097e-01
    5,2        2,3        7,5    
   -1.738126500586160e-01
    5,2        2,3        7,6    
   -2.266591180925510e-01
    5,2        2,3        7,8    
    4.187331058194300e+00
    5,2        2,4        7,1    
    1.404472194414518e+00
    5,2        2,4        7,2    
   -6.796645960892671e-01
    5,2        2,4        7,3    
   -5.210256468831381e-01
    5,2        2,4        7,4    
    2.115148166806455e-01
    5,2        2,4        7,5    
   -2.566836890929019e-03
    5,2        2,4        7,6    
    1.149360186338424e+00
    5,2        2,4        7,8    
    7.099145053079815e-01
    7,8        3,1    
   -6.695625834800413e-01
    7,8        3,2    
   -5.334770846739925e-01
    7,8        3,3    
   -5.856314295265497e+00
    7,8        3,4    
    4.889199575335850e-01
    7,8        3,5    
   -3.959744980878829e-01
    7,8        3,6    
   -4.707252964720141e-01
    7,8        3,7    
    2.626404196436363e-02
    7,8        3,8    
   -1.951499368966024e-01
    7,8        3,9    
   -6.273745260855836e-01
    7,8        3,10   
    1.757504417214961e+00
    8,2        2,3        3,1    
   -6.972840283157912e-01
    8,2        2,3        3,2    
    8.889740594119594e-01
    8,2        2,3        3,3    
    2.546318770072372e+00
    8,2        2,3        3,4    
   -6.654406722827579e-01
    8,2        2,3        3,5    
    3.162822132566814e-01
    8,2        2,3        3,6    
    1.301353707104973e-01
    8,2        2,3        3,7    
   -1.379744308233799e-01
    8,2        2,3        3,8    
    1.829191001641717e-01
    8,2        2,3        3,9    
   -3.646428809922577e-01
    8,2        2,3        3,10   
   -5.429717918927205e-02
    8,2        2,4        3,4    
    5.023874175974612e+00
    8,2        2,4        3,7    
    5.806422969683072e-01
    8,2        2,4        3,8    
   -5.327932397382176e+00
    8,2        2,4        3,9    
    3.987755252530937e+00
    8,2        2,4        3,10   
   -2.870689800360116e+00
    3,14       7,1    
    8.236952593606081e-01
    3,14       7,2    
   -6.896123489728209e-02
    3,14       7,3    
   -5.210589303399802e-01
    3,14       7,4    
    2.680699834758360e-01
    3,14       7,5    
    2.827655613612818e-01
    3,14       7,6    
   -1.545705947360723e-01
    5,2        8,2        1,1    
   -4.451990026891193e+00
    5,2        8,2        1,2    
    9.495040566439362e-03
    5,2        8,2        1,18   
   -4.343086969756615e+00
    5,2        8,2        1,5    
   -1.328969822896743e+00
    5,2        8,2        1,6    
   -2.816380156525483e+00
    5,2        8,2        1,7    
   -2.134417333788154e+00
    5,2        8,2        1,8    
    3.040385252323652e-01
    5,2        8,2        1,9    
   -3.633500817580118e-01
    5,2        8,2        1,10   
   -2.125883161788199e-01
    5,2        8,2        1,11   
   -9.837908665933288e-02
    5,2        8,2        1,12   
   -2.512276938789945e-01
    5,2        8,2        1,13   
   -2.917803267412442e-01
    5,2        8,2        1,19   
    1.792056075999766e+00
    7,8        3,14   
   -3.009334765495183e-01
    8,2        5,2    
   -5.034087700402407e+00
    1,24       4,1    
    5.004243478351618e-02
    1,24       4,2    
   -2.679259237084818e-02
    1,24       4,3    
   -2.694255706606490e-01
    1,24       5,2        8,2    
   -2.694914986649866e-01
    2,7        5,2        7,1    
   -1.681849123645424e+00
    2,7        5,2        7,2    
    5.856102101895954e-01
    2,7        5,2        7,3    
    7.392096993196874e-01
    2,7        5,2        7,4    
   -3.983281777809390e-01
    2,7        5,2        7,5    
   -4.958866925527519e-01
    2,7        5,2        7,6    
   -1.008566369117463e+00
    2,7        5,2        7,8    
   -2.161945520429359e+00
    2,7        8,2        3,1    
    7.268280673634118e+00
    2,7        8,2        3,2    
   -1.736162509226443e+00
    2,7        8,2        3,3    
    1.689867001210950e+00
    2,7        8,2        3,4    
   -2.674626300679432e-01
    2,7        8,2        3,5    
    5.309138006754445e-01
    2,7        8,2        3,6    
    4.960216319510580e-01
    2,7        8,2        3,7    
   -3.079154271611227e-01
    2,7        8,2        3,8    
    1.745139714132892e+00
    2,7        8,2        3,9    
   -8.229374159653471e-02
    2,7        8,2        3,10   
   -3.043667631187746e+00
