 N      7.   -4.46349535    0.14000439   -0.14263005   14.00307401
 C      6.   -1.76926304   -0.01990250   -0.06251934   12.00000000
 C      6.   -0.40011125    0.06459208   -2.31578829   12.00000000
 C      6.   -0.45640351   -0.08039737    2.21755208   12.00000000
 C      6.    2.21091477    0.04924114   -2.27326625   12.00000000
 C      6.    2.16399203   -0.05477197    2.23985772   12.00000000
 C      6.    3.51091044   -0.00030040    0.00200215   12.00000000
 H      1.   -5.18772798   -1.29421984   -1.22230314    1.00782504
 H      1.   -5.17030808   -0.10056243    1.64366489    1.00782504
 H      1.   -1.39069710    0.15385528   -4.08242624    1.00782504
 H      1.   -1.47865317   -0.15522335    3.96810362    1.00782504
 H      1.    3.23725846    0.10053097   -4.02293300    1.00782504
 H      1.    3.14526404   -0.09739547    4.01553111    1.00782504
 H      1.    5.53887259    0.00539923    0.02386758    1.00782504
