    3,1                                     # harmonic no-HN
   -3.499881968433978e-01
    3,2    
    2.221587859958850e-01
    3,3    
    1.577019300754067e-01
    3,4    
   -7.271063020898791e-02
    3,5    
   -6.889471160202562e-03
    3,6    
   -6.927471280014696e-03
    3,7    
   -8.054936904418197e-03
    3,8    
    7.888745792257477e-03
    3,9    
    1.157412182004820e-02
    3,10   
    3.090569663912836e-02
    3,1        1,1    
    7.206075904990897e-02
    3,2        1,1    
   -7.729923987574652e-01
    3,3        1,1    
    7.766475274556819e-01
    3,4        1,1    
    5.415679511894379e-02
    3,5        1,1    
   -2.659078699222443e-02
    3,6        1,1    
    1.814609956497856e-02
    3,7        1,1    
   -8.362243678365015e-03
    3,8        1,1    
   -6.829153574929080e-03
    3,9        1,1    
    1.060427105169160e-04
    3,10       1,1    
    1.379418622388198e-01
    3,1        1,2    
    6.020593315115744e-01
    3,2        1,2    
    2.590353651497423e-01
    3,3        1,2    
   -6.441640564049418e-01
    3,4        1,2    
   -5.503626484546740e-03
    3,5        1,2    
    9.106918646430355e-02
    3,6        1,2    
   -8.852576947038114e-02
    3,7        1,2    
   -5.744327296640202e-03
    3,8        1,2    
   -2.222150558224201e-03
    3,9        1,2    
   -1.966221131093872e-03
    3,10       1,2    
    1.264052395450054e-02
    3,1        1,5    
    2.392021547259615e+00
    3,2        1,5    
    2.363231415974906e-01
    3,3        1,5    
   -1.934287533532705e+00
    3,4        1,5    
    2.696016077907641e-02
    3,5        1,5    
    1.645537224238100e-01
    3,6        1,5    
   -2.890788540358353e-01
    3,7        1,5    
   -2.080871483808842e-02
    3,8        1,5    
   -6.021239328032745e-03
    3,9        1,5    
   -7.113107967481930e-03
    3,10       1,5    
   -6.877887220414070e-02
    3,1        1,6    
    5.241270158624091e-01
    3,2        1,6    
   -2.413027898714293e-01
    3,3        1,6    
   -4.560962348243109e-01
    3,4        1,6    
    1.558158267038297e-02
    3,5        1,6    
    2.741235037130602e-02
    3,6        1,6    
   -3.065999450223000e-02
    3,7        1,6    
   -7.062705064621849e-03
    3,8        1,6    
    2.173654011891071e-02
    3,9        1,6    
    3.945690889025094e-03
    3,10       1,6    
    1.332020153687892e-01
    3,1        1,7    
   -2.832340169052941e+00
    3,2        1,7    
   -2.994780050636673e-01
    3,3        1,7    
    2.905031927627788e+00
    3,4        1,7    
   -3.260218811671140e-02
    3,5        1,7    
   -1.430677543181723e-01
    3,6        1,7    
    1.713781220084724e-01
    3,7        1,7    
    1.719663329955297e-02
    3,8        1,7    
    8.972545620460102e-03
    3,9        1,7    
    1.665363738617430e-02
    3,10       1,7    
    3.315693316322383e-02
    3,1        1,8    
    5.719234228894930e-02
    3,2        1,8    
   -1.053365837777689e-01
    3,3        1,8    
    1.705128297576634e-01
    3,4        1,8    
   -2.878239952661081e-02
    3,5        1,8    
    1.901183090405168e-02
    3,6        1,8    
   -3.189054875105463e-02
    3,7        1,8    
   -9.145780118130095e-03
    3,8        1,8    
    8.600064046203499e-03
    3,9        1,8    
    6.174524715158673e-03
    3,10       1,8    
    2.972609821714571e-02
    3,1        1,9    
    8.820078670440290e-02
    3,2        1,9    
   -8.444558827889469e-02
    3,3        1,9    
    4.116192247405993e-02
    3,4        1,9    
    1.466306300198484e-02
    3,5        1,9    
   -8.949719019432099e-04
    3,6        1,9    
   -3.473974561190626e-02
    3,7        1,9    
    1.692885230410084e-03
    3,8        1,9    
   -3.580310609559410e-03
    3,9        1,9    
    3.163896807551078e-04
    3,10       1,9    
    6.821378014450838e-03
    3,1        1,10   
    1.993832948658465e-01
    3,2        1,10   
   -1.244655077732680e-02
    3,3        1,10   
   -9.258390806465444e-02
    3,4        1,10   
   -6.840121741785350e-03
    3,5        1,10   
    4.232039585403886e-02
    3,6        1,10   
   -3.930021779934888e-02
    3,7        1,10   
   -7.827935273297611e-04
    3,8        1,10   
   -1.435090365081008e-02
    3,9        1,10   
    1.121954482581763e-03
    3,10       1,10   
    3.566613188729196e-02
    3,1        1,11   
   -1.313030389325247e-01
    3,2        1,11   
   -1.832920478478437e-02
    3,3        1,11   
    1.398586527131387e-01
    3,4        1,11   
   -2.483083125620953e-03
    3,5        1,11   
   -4.484589816352896e-02
    3,6        1,11   
    1.599263647156588e-02
    3,7        1,11   
    1.075067230701230e-03
    3,8        1,11   
    3.358885107749471e-04
    3,9        1,11   
   -7.316379425783406e-03
    3,10       1,11   
   -4.836975424065056e-02
    3,1        1,12   
   -3.660493325409607e-02
    3,2        1,12   
   -3.644675721267474e-03
    3,3        1,12   
    4.378611901600830e-02
    3,4        1,12   
   -7.405314391940412e-03
    3,5        1,12   
   -8.249112700754667e-03
    3,6        1,12   
   -1.630493900079190e-03
    3,7        1,12   
   -2.725074089759952e-03
    3,8        1,12   
   -1.151333174112815e-02
    3,9        1,12   
   -1.727726100133949e-03
    3,10       1,12   
   -4.095057368938635e-03
    3,1        1,13   
    7.179319536181800e-02
    3,2        1,13   
   -5.254040905108886e-02
    3,3        1,13   
    5.702354561653315e-02
    3,4        1,13   
    6.143254246411095e-03
    3,5        1,13   
    8.711374982294797e-03
    3,6        1,13   
   -7.584149762598334e-02
    3,7        1,13   
    2.862583220977395e-03
    3,8        1,13   
    3.808944951316209e-04
    3,9        1,13   
    3.576483176410998e-03
    3,10       1,13   
    7.919843399726334e-02
    7,1        4,1    
   -2.161673620445728e-02
    7,2        4,1    
    2.241459522510583e-02
    7,3        4,1    
    4.062223755682588e-02
    7,4        4,1    
   -2.792602310217439e-02
    7,5        4,1    
   -6.933416407509653e-02
    7,6        4,1    
    2.007186662043977e-02
    7,1        4,2    
    3.017969614542389e-02
    7,2        4,2    
    5.230433385116560e-02
    7,3        4,2    
   -5.821226543190835e-02
    7,4        4,2    
    5.627169290963755e-03
    7,5        4,2    
   -1.560449733216872e-02
    7,6        4,2    
   -6.563251008861688e-02
    7,1        4,3    
    4.400052921229648e-04
    7,2        4,3    
   -8.616869045461555e-02
    7,3        4,3    
    1.266448130297482e-02
    7,4        4,3    
    4.619956145467010e-02
    7,5        4,3    
    6.389142874502439e-02
    7,6        4,3    
    4.047423611715100e-02
    3,1        1,3                           # harmonic with-HN
    5.079482238718206e-01
    3,2        1,3    
    1.538028295864525e-01
    3,3        1,3    
   -7.647622930873267e-01
    3,4        1,3    
    1.726156296069823e-02
    3,5        1,3    
    3.378103422175333e-02
    3,6        1,3    
   -1.950796022664181e-02
    3,7        1,3    
    1.503260084246390e-03
    3,8        1,3    
   -1.321885770940370e-03
    3,9        1,3    
   -2.996437546976797e-03
    3,10       1,3    
   -8.178268066616189e-03
    3,1        1,14   
   -1.318496680421333e-01
    3,2        1,14   
    7.830598679581438e-02
    3,3        1,14   
    8.297643954144006e-02
    3,4        1,14   
   -1.808566323827508e-02
    3,5        1,14   
   -1.488516847347730e-03
    3,6        1,14   
    2.795665529212617e-03
    3,7        1,14   
   -2.581548392107176e-03
    3,8        1,14   
   -6.118303345109061e-03
    3,9        1,14   
   -2.582082261436484e-02
    3,10       1,14   
   -1.670816490743649e-02
    5,1        2,1    
    7.837030923603090e-03
    5,1        2,2    
   -8.969618966407585e-03
    8,1        6,1    
   -2.322879701482106e-02
    5,1        2,1        1,1               # C2v-planar B2 x A1 <- G8 irred-5 x irred-2 x irred-1
    8.949982690058422e-03
    5,1        2,1        1,2    
   -3.500901740677164e-03
    5,1        2,1        1,3    
   -5.747796616598442e-03
    5,1        2,1        1,5    
    1.369379581813490e-02
    5,1        2,1        1,6    
   -4.626947322666661e-03
    5,1        2,1        1,7    
    9.758343587616897e-03
    5,1        2,1        1,8    
    3.391631460477338e-03
    5,1        2,1        1,9    
    1.986616072356627e-03
    5,1        2,1        1,10   
   -3.604366318279561e-03
    5,1        2,1        1,11   
    7.280789315818974e-03
    5,1        2,1        1,12   
    8.488706024833210e-04
    5,1        2,1        1,13   
   -2.225465212105357e-05
    5,1        2,1        1,14   
   -1.404235718491628e-02
    5,1        2,2        1,1    
    5.150482535112500e-03
    5,1        2,2        1,2    
    9.029295094172600e-03
    5,1        2,2        1,3    
    2.522684611109985e-02
    5,1        2,2        1,5    
    5.625428934184632e-03
    5,1        2,2        1,6    
   -1.426572647860822e-02
    5,1        2,2        1,7    
   -8.261503757964775e-02
    5,1        2,2        1,8    
   -6.643430597198126e-03
    5,1        2,2        1,9    
   -7.742540132516262e-03
    5,1        2,2        1,10   
   -5.900855634320314e-03
    5,1        2,2        1,11   
   -1.275135844634000e-02
    5,1        2,2        1,12   
    4.373484965908416e-03
    5,1        2,2        1,13   
   -2.958921724752197e-02
    5,1        2,2        1,14   
    7.650587267228680e-03
    5,1        6,1        4,1               # C2v-planar B1 x A2 <- G8 irred-5 x irred-6 x irred-4
    6.414871310359856e-04
    5,1        6,1        4,2    
    8.701914222593696e-04
    5,1        6,1        4,3    
   -7.692275924859127e-04
    8,1        2,1        4,1               # C2v-perpendicular B1 x A2 <- G8 irred-8 x irred-2 x irred-4
    2.114421731514469e-01
    8,1        2,1        4,2    
   -8.786769222195867e-02
    8,1        2,1        4,3    
   -1.925273606272361e-01
    8,1        2,2        4,1    
   -5.687283733506742e-01
    8,1        2,2        4,2    
    2.275106104936373e-01
    8,1        2,2        4,3    
    3.412059672025906e-01
    8,1        6,1        1,1               # C2v-perpendicular B2 x A1 <- G8 irred-8 x irred-6 x irred-1
    4.301459657749595e-02
    8,1        6,1        1,2    
    8.360055216509369e-03
    8,1        6,1        1,3    
    2.421326988669335e-02
    8,1        6,1        1,5    
   -2.834006246531525e-03
    8,1        6,1        1,6    
    1.181152133563457e-02
    8,1        6,1        1,7    
   -1.118893626586621e-01
    8,1        6,1        1,8    
    6.668852098591696e-04
    8,1        6,1        1,9    
   -3.991275024485520e-03
    8,1        6,1        1,10   
   -9.574438080966382e-03
    8,1        6,1        1,11   
   -1.188915832294502e-02
    8,1        6,1        1,12   
    4.791525493817763e-03
    8,1        6,1        1,13   
   -3.338780979823199e-02
    8,1        6,1        1,14   
   -2.779104144995569e-02
    5,1        8,1        7,1               # C2v-planar / C2v-perpendicular A2 x B1 <- G8 irred-5 x irred-8 x irred-7
   -2.115253615001985e-02
    5,1        8,1        7,2    
    9.350824182375924e-03
    5,1        8,1        7,3    
   -5.712927001183230e-03
    5,1        8,1        7,4    
    2.421882353323400e-02
    5,1        8,1        7,5    
   -2.149657411087116e-02
    5,1        8,1        7,6    
   -4.423139344640616e-02
    3,13                                     # HN spherical coordinate angles
    2.105163124332847e-02
    3,13       1,4    
   -1.789580301153042e-03
    3,13       1,4        1,4    
   -1.610061215338376e-03
    5,1        2,2        1,4    
    1.258012437785803e-02
    3,13       2,2        2,2    
    2.011787595177372e-02
    3,13       3,13       3,13   
   -2.693220470704668e-02
    5,1        5,1        3,13   
   -1.276772475606155e-02
    7,7        7,7        3,13   
   -3.429869928016727e-02
    8,1        8,1        3,13   
    3.900048162322860e-02
    8,1        7,7        5,1    
   -2.641089900636571e-02
    3,13       1,4        1,4        1,4    
    1.065702750316698e-01
    5,1        2,2        1,4        1,4    
   -4.584611894904998e-02
    3,13       2,2        2,2        1,4    
   -1.342828499767586e-02
    3,13       3,13       3,13       1,4    
    6.717428336107769e-03
    5,1        5,1        3,13       1,4    
   -8.823030605559807e-04
    7,7        7,7        3,13       1,4    
    3.368342315140466e-02
    8,1        8,1        3,13       1,4    
   -3.699204014775348e-02
    8,1        7,7        5,1        1,4    
    6.159891270812506e-02
    5,1        2,2        2,2        2,2    
    1.174999135003782e-02
    5,1        3,13       3,13       2,2    
   -2.926326399608134e-02
    8,1        7,7        3,13       2,2    
    3.857139004902982e-02
    5,1        5,1        5,1        2,2    
    1.448790705379769e-02
    7,7        7,7        5,1        2,2    
    4.551667840637471e-03
    8,1        8,1        5,1        2,2    
    7.386727686721647e-03
    3,13       1,1                           # 1st-order term coupled with NH2 rotation
   -5.367119928157942e-02
    3,13       1,2    
   -1.282891927247195e-02
    3,13       1,3    
   -3.240978024968945e-02
    3,13       1,5    
   -1.078976685477580e-02
    3,13       1,6    
   -3.273510518403087e-03
    3,13       1,7    
    1.260846839841788e-01
    3,13       1,8    
    1.071331428867742e-03
    3,13       1,9    
    3.985408565905002e-03
    3,13       1,10   
    8.561086189651398e-03
    3,13       1,11   
    1.854483364703271e-02
    3,13       1,12   
   -5.493755969820474e-03
    3,13       1,13   
    3.276732566654709e-02
    3,13       1,14   
    1.675185531111814e-02
    7,7        4,1    
   -3.113796708043714e-03
    7,7        4,2    
    1.255411467997129e-02
    7,7        4,3    
   -7.629708892947881e-03
    1,4        3,1    
    1.141497912581542e-02
    1,4        3,2    
   -8.801308513228812e-02
    1,4        3,3    
    1.297600616469823e-01
    1,4        3,4    
   -2.055607891368729e-02
    1,4        3,5    
   -8.873594459690439e-03
    1,4        3,6    
   -1.235761250657968e-02
    1,4        3,7    
   -2.594005196943046e-02
    1,4        3,8    
    5.137689106731547e-03
    1,4        3,9    
   -1.902747414468012e-02
    1,4        3,10   
   -3.909110761719591e-03
    1,4        5,1        2,1    
   -1.190650968813813e-02
    1,4        8,1        6,1    
    6.603308714626591e-03
    1,4        1,4        3,1    
   -3.763348750396938e-02
    1,4        1,4        3,2    
    7.598368269052583e-02
    1,4        1,4        3,3    
   -5.191480347795878e-02
    1,4        1,4        3,4    
    7.295886098880626e-03
    1,4        1,4        3,5    
    1.305974922920407e-02
    1,4        1,4        3,6    
   -6.413964214637012e-03
    1,4        1,4        3,7    
    1.931289461595343e-02
    1,4        1,4        3,8    
   -6.037890311254437e-03
    1,4        1,4        3,9    
    1.103427033380771e-02
    1,4        1,4        3,10   
    8.351986295030440e-03
    1,4        1,4        5,1        2,1    
    5.992775443061236e-03
    1,4        1,4        8,1        6,1    
   -6.737600215735455e-03
    2,2        2,2        3,1    
   -8.017263218377065e-02
    2,2        2,2        3,2    
    1.397399869771874e-01
    2,2        2,2        3,3    
   -6.884776941057541e-02
    2,2        2,2        3,4    
   -5.239883766856044e-04
    2,2        2,2        3,5    
    6.733789930830503e-03
    2,2        2,2        3,6    
    4.380972336934429e-03
    2,2        2,2        3,7    
    1.800733855903293e-02
    2,2        2,2        3,8    
   -1.463723337366424e-02
    2,2        2,2        3,9    
   -1.610669098736459e-02
    2,2        2,2        3,10   
    2.830474781709513e-03
    2,2        2,2        5,1        2,1    
    1.731616688955467e-03
    2,2        2,2        8,1        6,1    
   -2.155074661647018e-02
    3,13       3,13       3,1    
   -2.013361850947500e-01
    3,13       3,13       3,2    
    2.630004107035046e-02
    3,13       3,13       3,3    
    1.154729593707455e-01
    3,13       3,13       3,4    
   -2.852415455747524e-03
    3,13       3,13       3,5    
   -1.868651122808882e-03
    3,13       3,13       3,6    
    1.698333511270881e-02
    3,13       3,13       3,7    
    1.400887395172429e-02
    3,13       3,13       3,8    
    9.065525869761843e-04
    3,13       3,13       3,9    
    1.640483686574909e-02
    3,13       3,13       3,10   
   -1.361425981713578e-02
    3,13       3,13       5,1        2,1    
    9.027925205909953e-03
    3,13       3,13       8,1        6,1    
    1.340393969748185e-02
    5,1        5,1        3,1    
   -1.469517625218918e-01
    5,1        5,1        3,2    
    1.328660109292512e-01
    5,1        5,1        3,3    
    1.476378528412689e-02
    5,1        5,1        3,4    
   -3.641319827665885e-03
    5,1        5,1        3,5    
    2.260407406753092e-03
    5,1        5,1        3,6    
    1.342029779829407e-02
    5,1        5,1        3,7    
    1.484012744690711e-02
    5,1        5,1        3,8    
   -9.760208767475602e-03
    5,1        5,1        3,9    
   -1.262015026260030e-02
    5,1        5,1        3,10   
   -1.936126892549530e-02
    5,1        5,1        5,1        2,1    
   -4.998332608847429e-03
    5,1        5,1        8,1        6,1    
    3.696486211545516e-03
    7,7        7,7        3,1    
   -8.568871992387289e-03
    7,7        7,7        3,2    
   -7.747544803306265e-02
    7,7        7,7        3,3    
    1.031951058546728e-01
    7,7        7,7        3,4    
   -4.843402939920089e-04
    7,7        7,7        3,5    
    1.555375882191568e-03
    7,7        7,7        3,6    
    9.860622273938130e-03
    7,7        7,7        3,7    
    1.262000100270919e-02
    7,7        7,7        3,8    
   -3.429298830372898e-03
    7,7        7,7        3,9    
    1.429932812292698e-02
    7,7        7,7        3,10   
    9.360395288780646e-03
    7,7        7,7        5,1        2,1    
    5.967780373732414e-03
    7,7        7,7        8,1        6,1    
    3.886531121054107e-02
    8,1        8,1        3,1    
   -7.351146206771721e-02
    8,1        8,1        3,2    
   -3.387070877044374e-02
    8,1        8,1        3,3    
    1.434744039910691e-01
    8,1        8,1        3,4    
   -1.518076956911912e-02
    8,1        8,1        3,5    
    1.759837410442973e-03
    8,1        8,1        3,6    
    1.030570438048728e-02
    8,1        8,1        3,7    
    9.804342873587149e-03
    8,1        8,1        3,8    
   -7.744156488104281e-03
    8,1        8,1        3,9    
   -1.062044773595858e-02
    8,1        8,1        3,10   
   -1.560973979015749e-02
    8,1        8,1        5,1        2,1    
    6.172214756749183e-03
    8,1        8,1        8,1        6,1    
   -1.358574652821072e-02
