    7,1        1,3                # harmonic with-HN
    1.887990971051257e+00
    7,2        1,3    
   -1.304430511527302e-01
    7,3        1,3    
    5.518095437159148e-01
    7,4        1,3    
    8.421587885395151e-02
    7,5        1,3    
   -1.400493442790944e+00
    7,6        1,3    
    8.215561185085059e+00
    7,1        1,14   
   -2.598993178306745e-01
    7,2        1,14   
    1.275519790620031e-01
    7,3        1,14   
   -3.472611698544444e-01
    7,4        1,14   
    4.398768707364281e-02
    7,5        1,14   
    3.693714739476394e-01
    7,6        1,14   
   -1.042982920689308e+00
    8,1        2,1    
   -3.303672022732133e+00
    8,1        2,2    
   -2.929780661563898e-01
    5,1        6,1    
   -6.604587686246037e-02
    5,1        2,1        4,1     # C2v-planar B2 x A2 <- G8 irred-5 x irred-2 x irred-4
    9.529565677230845e-02
    5,1        2,1        4,2    
   -2.965531117935856e-01
    5,1        2,1        4,3    
   -8.213429116693290e-02
    5,1        2,2        4,1    
   -5.104654154121334e-02
    5,1        2,2        4,2    
    1.846285022865051e-01
    5,1        2,2        4,3    
   -1.844595187972267e-02
    5,1        6,1        1,1     # C2v-planar B1 x A1 <- G8 irred-5 x irred-6 x irred-1
   -3.127592996664691e+00
    5,1        6,1        1,2    
   -1.073885679141449e-01
    5,1        6,1        1,3    
   -2.042797944574411e+00
    5,1        6,1        1,5    
   -4.233024534067796e-02
    5,1        6,1        1,6    
   -2.988218734451616e+00
    5,1        6,1        1,7    
    2.666588312452833e-01
    5,1        6,1        1,8    
   -1.932507614359545e-01
    5,1        6,1        1,9    
   -2.468689288181828e-01
    5,1        6,1        1,10   
   -2.449636052432452e-01
    5,1        6,1        1,11   
   -1.393135121995216e-01
    5,1        6,1        1,12   
   -8.451747009464169e-02
    5,1        6,1        1,13   
   -2.534605410346888e-01
    5,1        6,1        1,14   
    1.012428155343839e-01
    5,1        8,1        3,1     # C2v-planar / C2v-perpendicular A2 x B2 <- G8 irred-5 x irred-8 x irred-3
    6.632898903030516e-01
    5,1        8,1        3,2    
   -7.249039184391036e-01
    5,1        8,1        3,3    
    1.802302295644934e+00
    5,1        8,1        3,4    
    2.931869496998315e-01
    5,1        8,1        3,5    
   -1.176955323394978e-01
    5,1        8,1        3,6    
   -5.639240836197457e-01
    5,1        8,1        3,7    
   -2.282815158345383e-02
    5,1        8,1        3,8    
    2.023579434150294e-01
    5,1        8,1        3,9    
   -2.287703474309488e-01
    5,1        8,1        3,10   
    1.549008394462934e+00
    1,22       7,1               # 1st-scaling bias replacing an irred-1 HN coord
    1.438751051955373e-01
    1,22       7,2    
    3.082278959840674e-01
    1,22       7,3    
    4.227493082458288e-01
    1,22       7,4    
    2.755627233481799e-01
    1,22       7,5    
   -7.742680248759352e-01
    1,22       7,6    
    5.091699133632817e-01
    1,22       5,1        6,1    
   -3.399676422143243e-02
    2,6        8,1               # 1st-scaling bias replacing an irred-2 HN coord
    1.518589861198013e+00
    2,6        5,1        4,1    
   -3.318814320588275e+00
    2,6        5,1        4,2    
    2.335568421786401e+00
    2,6        5,1        4,3    
   -4.892859493954875e+00
    1,23       7,1               # 1st-scaling redundancy bias replacing an irred-1 HN coord
   -8.373161204837734e-01
    1,23       7,2    
    1.484612279744752e-01
    1,23       7,3    
   -3.765106630210165e-01
    1,23       7,4    
   -8.895514344583111e-02
    1,23       7,5    
    4.884293208761820e-01
    1,23       7,6    
   -1.243408277579469e+00
    1,23       5,1        6,1    
   -3.022148413184500e-02
    7,1        1,18              # 2nd-scaling harmonic with-HN
    4.422813316074752e-01
    7,2        1,18   
   -1.173603660489525e-01
    7,3        1,18   
    1.221143083962838e-01
    7,4        1,18   
    5.761712959499886e-02
    7,5        1,18   
   -5.514093322505284e-01
    7,6        1,18   
    1.188278553730370e+00
    7,1        1,19   
    2.077923875249781e+00
    7,2        1,19   
    2.605304859894593e+00
    7,3        1,19   
    4.032582046398662e-01
    7,4        1,19   
    7.006091484080433e-01
    7,5        1,19   
   -3.923276247725906e+00
    7,6        1,19   
    8.561258165589679e+00
    8,2        2,3    
    8.149184014315582e+00
    8,2        2,4    
    1.472781809140525e+01
    7,8    
    7.029011374575273e+00
    7,8        1,1    
   -1.159044306664530e+01
    7,8        1,2    
    2.402731422453597e-01
    7,8        1,18   
   -1.296370771212416e+00
    7,8        1,19   
    2.271711804221542e+01
    7,8        1,5    
   -1.685941742525993e+00
    7,8        1,6    
    5.997146332681787e+00
    7,8        1,7    
    2.677977010001582e+01
    7,8        1,8    
    1.796626870707420e+01
    7,8        1,9    
    3.916641116816542e+00
    7,8        1,10   
    3.520427030867685e+00
    7,8        1,11   
    1.670362961002619e+00
    7,8        1,12   
    3.012750045954257e-01
    7,8        1,13   
    1.748724301935691e+00
    5,2        2,3        4,1    # 2nd-scaling C2v-planar B2 x A2 <- G8 irred-5 x irred-2 x irred-4
   -2.494758195315005e+00
    5,2        2,3        4,2    
    5.772837774397658e-02
    5,2        2,3        4,3    
   -3.736586116806373e+00
    5,2        2,4        4,1    
    8.008437203184382e+00
    5,2        2,4        4,2    
   -1.618724928147462e+01
    5,2        2,4        4,3    
    1.371747312339564e+01
    5,2        8,2        3,1    # 2nd-scaling C2v-planar / C2v-perpendicular A2 x B2 <- G8 irred-5 x irred-8 x irred-3
    4.223218724547110e-01
    5,2        8,2        3,2    
   -2.176101887643367e+01
    5,2        8,2        3,3    
    7.421821418264400e+01
    5,2        8,2        3,4    
    4.347173986745631e+00
    5,2        8,2        3,5    
   -9.354697180177180e+00
    5,2        8,2        3,6    
    2.250829121460308e+00
    5,2        8,2        3,7    
    6.301440043406915e-01
    5,2        8,2        3,8    
    1.658299992553822e+01
    5,2        8,2        3,9    
    4.551249679193425e+01
    5,2        8,2        3,10   
   -1.772880769328668e+02
    1,24       7,1               # 2nd-scaling bias replacing an irred-1 HN coord
    2.425091226516103e+00
    1,24       7,2    
   -1.765284713067802e+00
    1,24       7,3    
    1.031005318795606e+00
    1,24       7,4    
   -1.102776349083411e+00
    1,24       7,5    
   -3.723145253569222e+00
    1,24       7,6    
    5.644430025574834e+00
    1,24       7,8    
    2.244543599106820e+01
    2,7        8,2               # 2nd-scaling bias replacing an irred-2 HN coord
    3.642623462597500e+00
    2,7        5,2        4,1    
   -4.528943601911914e-01
    2,7        5,2        4,2    
    9.761605520102697e-01
    2,7        5,2        4,3    
   -6.616191542711658e-01
