    1,1                                     # harmonic no-HN
   -1.192772989238381e-01
    1,2    
   -1.791058038513049e-03
    1,5    
    5.582640700282979e-02
    1,6    
   -7.884550956380849e-02
    1,7    
    9.899909392809808e-02
    1,8    
   -2.887552955432746e-02
    1,9    
   -2.315098572537898e-03
    1,10   
   -4.777616794125337e-03
    1,11   
   -9.268862765542122e-03
    1,12   
   -1.276949798238481e-03
    1,13   
   -2.436906548339769e-03
    1,1        1,1    
    1.417727350546851e+00
    1,2        1,1    
    1.501418394619794e-03
    1,5        1,1    
   -4.257121454950718e-02
    1,6        1,1    
    1.927776381037294e-02
    1,7        1,1    
    3.271343192827047e-01
    1,8        1,1    
    1.561827987789415e-01
    1,9        1,1    
    7.698196460297260e-02
    1,10       1,1    
    2.670308521196055e-03
    1,11       1,1    
    1.502058493034200e-02
    1,12       1,1    
    1.376865406642371e-03
    1,13       1,1    
   -5.116558703573904e-04
    1,2        1,2    
    7.907951786138112e-01
    1,5        1,2    
    4.410183412491519e-02
    1,6        1,2    
   -2.571031332439594e-03
    1,7        1,2    
   -1.193677571162731e-02
    1,8        1,2    
    3.563860683108682e-02
    1,9        1,2    
   -3.472882059650279e-02
    1,10       1,2    
    1.427138923413428e-02
    1,11       1,2    
    5.527255425490000e-03
    1,12       1,2    
    1.539128439939853e-03
    1,13       1,2    
   -1.428072669763540e-03
    1,5        1,5    
    1.866757380002265e+00
    1,6        1,5    
    2.035610690909938e-01
    1,7        1,5    
   -2.619672999395223e-02
    1,8        1,5    
   -9.534937891726558e-02
    1,9        1,5    
    9.432892664425733e-03
    1,10       1,5    
    3.330682208443846e-02
    1,11       1,5    
   -7.025811786270840e-03
    1,12       1,5    
   -6.472187728393637e-02
    1,13       1,5    
    1.048012590380369e-03
    1,6        1,6    
    1.732164582457354e+00
    1,7        1,6    
    8.283320425022803e-02
    1,8        1,6    
    1.484426889054987e-01
    1,9        1,6    
   -1.310398140106495e-02
    1,10       1,6    
    2.222019356735807e-02
    1,11       1,6    
    2.504648972415168e-02
    1,12       1,6    
    6.980285122467032e-02
    1,13       1,6    
   -6.821406403668001e-02
    1,7        1,7    
    1.860059857019262e+00
    1,8        1,7    
   -4.191163166926129e-02
    1,9        1,7    
    4.633542617314676e-02
    1,10       1,7    
   -6.686497489098128e-03
    1,11       1,7    
    2.323436817611289e-02
    1,12       1,7    
    7.724763728780867e-04
    1,13       1,7    
    6.032935318752354e-02
    1,8        1,8    
    2.312057010188391e-01
    1,9        1,8    
    3.573260755789419e-03
    1,10       1,8    
   -2.851977731856525e-02
    1,11       1,8    
   -2.845908925679586e-02
    1,12       1,8    
    3.574393976220386e-02
    1,13       1,8    
   -3.062101282758288e-02
    1,9        1,9    
    2.265083163287066e-01
    1,10       1,9    
    4.825601285441001e-02
    1,11       1,9    
   -5.370401595691270e-02
    1,12       1,9    
   -3.314062990810809e-04
    1,13       1,9    
   -4.056152423078204e-04
    1,10       1,10   
    7.857253113938567e-01
    1,11       1,10   
    1.369624088569225e-02
    1,12       1,10   
   -1.149712995073051e-03
    1,13       1,10   
    2.255197052280425e-03
    1,11       1,11   
    7.823917686319922e-01
    1,12       1,11   
   -2.842622570016966e-03
    1,13       1,11   
    4.333625217718570e-03
    1,12       1,12   
    9.317655400757008e-02
    1,13       1,12   
    2.715640608233064e-03
    1,13       1,13   
    9.507159211899067e-02
    3,1        3,1    
    1.485738500568835e+00
    3,2        3,1    
    5.901563122454209e-01
    3,3        3,1    
   -4.262048854847852e-01
    3,4        3,1    
    1.314602538479224e-01
    3,5        3,1    
    3.550067238751344e-02
    3,6        3,1    
    5.101726173594324e-03
    3,7        3,1    
   -9.258358254966764e-02
    3,8        3,1    
   -5.050401210263742e-02
    3,9        3,1    
   -1.576466127055998e-02
    3,10       3,1    
   -3.927491567635934e-02
    3,2        3,2    
    1.435738167367059e+00
    3,3        3,2    
    5.558249803960671e-01
    3,4        3,2    
   -1.184539349441610e-02
    3,5        3,2    
    4.035172736214539e-02
    3,6        3,2    
    4.094139242636322e-02
    3,7        3,2    
   -6.789014321339605e-03
    3,8        3,2    
    5.278858837314786e-02
    3,9        3,2    
   -5.414747876437500e-02
    3,10       3,2    
    5.625246975284714e-02
    3,3        3,3    
    1.543877174318804e+00
    3,4        3,3    
   -1.231606043696338e-01
    3,5        3,3    
    5.700214710067249e-03
    3,6        3,3    
    2.787121311665130e-02
    3,7        3,3    
    1.218996431114872e-02
    3,8        3,3    
    1.663973532927033e-02
    3,9        3,3    
    5.650987508563412e-02
    3,10       3,3    
   -1.766073817042780e-01
    3,4        3,4    
    2.189696817416542e-01
    3,5        3,4    
   -3.904983067340341e-02
    3,6        3,4    
    4.341433277588637e-02
    3,7        3,4    
   -2.967111034260860e-02
    3,8        3,4    
   -2.072885702691925e-02
    3,9        3,4    
   -2.261994229391248e-02
    3,10       3,4    
    3.415588773713287e-02
    3,5        3,5    
    7.809702730239620e-01
    3,6        3,5    
    1.175684397872851e-02
    3,7        3,5    
    2.604114724429445e-03
    3,8        3,5    
    3.002771145191911e-03
    3,9        3,5    
    2.853329948234290e-03
    3,10       3,5    
   -4.979409777713681e-03
    3,6        3,6    
    7.755313350275161e-01
    3,7        3,6    
   -3.071812812306119e-03
    3,8        3,6    
   -2.541355824196109e-03
    3,9        3,6    
   -8.884377444422185e-04
    3,10       3,6    
    7.460668913328293e-03
    3,7        3,7    
    9.160180472733517e-02
    3,8        3,7    
   -5.186234067407174e-03
    3,9        3,7    
    5.985946150095903e-03
    3,10       3,7    
    9.931768851860361e-04
    3,8        3,8    
    8.891974792085831e-02
    3,9        3,8    
    2.706676489724281e-03
    3,10       3,8    
   -6.306696746284138e-03
    3,9        3,9    
    8.919586457907402e-02
    3,10       3,9    
    1.875235052780471e-03
    3,10       3,10   
    1.610132052058025e-01
    4,1        4,1    
    4.525480730868681e-02
    4,2        4,1    
   -5.342835178492559e-02
    4,3        4,1    
   -4.881086817464928e-02
    4,2        4,2    
    6.132236684687327e-02
    4,3        4,2    
    1.384494117689886e-02
    4,3        4,3    
    4.892614761165767e-02
    7,1        7,1    
    3.857520308166683e-02
    7,2        7,1    
    1.378050994181081e-02
    7,3        7,1    
   -4.352464915324502e-02
    7,4        7,1    
   -2.943112911946738e-02
    7,5        7,1    
    1.725779274170084e-02
    7,6        7,1    
    3.660681779362322e-02
    7,2        7,2    
    4.855798109785998e-02
    7,3        7,2    
   -4.323328426296673e-02
    7,4        7,2    
   -5.960315016516213e-02
    7,5        7,2    
   -5.237907764902400e-02
    7,6        7,2    
   -3.724363649030830e-02
    7,3        7,3    
    5.614834712614934e-02
    7,4        7,3    
    2.551237811267178e-02
    7,5        7,3    
    4.857057193901428e-03
    7,6        7,3    
    5.313126402350470e-03
    7,4        7,4    
    6.177242569421729e-02
    7,5        7,4    
    2.250940374083329e-02
    7,6        7,4    
   -2.375257760285979e-04
    7,5        7,5    
    4.936439578360213e-02
    7,6        7,5    
    2.053061795657948e-02
    7,6        7,6    
    8.490976303806337e-02
    1,8        1,8        1,8               # 4th-order benzene angles
   -3.191037778509375e-02
    1,8        1,8        1,8        1,8    
    8.262855677334681e-02
    1,9        1,9        1,9    
    3.464437038091381e-03
    1,9        1,9        1,9        1,9    
    6.145992655546376e-02
    3,4        3,4        3,4        3,4    
    2.956067684550677e-02
    4,1        4,1        4,1        4,1    
    6.644668605549094e-04
    7,1        7,1        7,1        7,1    
    3.145826083125938e-03
    7,2        7,2        7,2        7,2    
    2.748989868964946e-04
    7,6        7,6        7,6        7,6    # 4th-order N out of benzene
    8.306252835386671e-02
    1,15                                    # no-HN redundancy
   -6.347505571432849e-03
    1,15       1,15   
    6.940702820796324e-02
    1,15       1,15       1,15   
    8.787651382739615e-02
    1,15       1,15       1,15       1,15   
    9.827488211163959e-02
    1,16   
   -7.261619824939291e-03
    1,16       1,16   
    7.430282278753872e-02
    3,11       3,11   
    7.173955470221906e-02
    1,16       1,16       1,16   
    3.744527094204902e-02
    3,11       3,11       1,16   
    1.575048361011735e-01
    1,16       1,16       1,16       1,16   
    9.779589713209211e-02
    3,11       3,11       3,11       3,11   
    9.584454265430060e-02
    1,17   
   -3.068712776763575e-03
    1,17       1,17   
    8.548805555160648e-02
    3,12       3,12   
    7.622054122758340e-02
    1,17       1,17       1,17   
    3.811960445936040e-03
    3,12       3,12       1,17   
    1.105855236564661e-01
    1,17       1,17       1,17       1,17   
    9.627837885748411e-02
    3,12       3,12       3,12       3,12   
    9.658481519758837e-02
    3,7        3,7        3,7        3,7    # no-HN corresponding independency
    5.256783827427271e-02
    7,3        7,3        7,3        7,3    
    3.427014710359216e-02
    1,12       1,12       1,12   
   -6.379187637956638e-03
    3,8        3,8        1,12   
   -2.085508517568277e-02
    4,2        4,2        1,12   
    1.243463183211737e-02
    7,4        7,4        1,12   
   -5.640929049685294e-03
    1,12       1,12       1,12       1,12   
    1.949490996423591e-02
    4,2        4,2        1,12       1,12   
    9.963084593603200e-02
    7,4        7,4        1,12       1,12   
    1.016939672197428e-01
    3,8        3,8        3,8        3,8    
    2.159985925181069e-02
    4,2        4,2        4,2        4,2    
    1.921859624082163e-02
    7,4        7,4        7,4        7,4    
    1.324226530577982e-02
    1,13       1,13       1,13   
   -7.787614180577298e-03
    3,9        3,9        1,13   
   -2.203598240058474e-03
    4,3        4,3        1,13   
    2.345585400665267e-02
    7,5        7,5        1,13   
    9.881576203364929e-03
    1,13       1,13       1,13       1,13   
    1.776171305370676e-02
    4,3        4,3        1,13       1,13   
    9.961416133091304e-02
    7,5        7,5        1,13       1,13   
    1.057839334155279e-01
    3,9        3,9        3,9        3,9    
    2.080576184784234e-02
    4,3        4,3        4,3        4,3    
    2.443520602648271e-02
    7,5        7,5        7,5        7,5    
    6.378940319006272e-03
    3,7        3,7        1,15              # no-HN redundancy coupled with corresponding independency
   -1.062131278459812e-01
    7,3        7,3        1,15   
   -9.862052414098132e-02
    3,7        3,7        1,15       1,15   
    1.000975685196177e-01
    7,3        7,3        1,15       1,15   
    9.672734142603660e-02
    1,16       1,12   
    1.457828284261907e-02
    3,11       3,8    
    3.910361338090516e-02
    1,16       1,12       1,12   
   -7.410448227892982e-02
    1,16       1,16       1,12   
   -2.227798042126526e-01
    3,11       3,8        1,12   
    9.985716052682515e-02
    3,11       3,11       1,12   
    5.527759559278004e-02
    3,8        3,8        1,16   
   -7.755642972552719e-02
    3,11       3,8        1,16   
   -2.082752328642993e-01
    4,2        4,2        1,16   
   -5.360621264944834e-02
    7,4        7,4        1,16   
   -3.162768375593436e-02
    1,16       1,12       1,12       1,12   
    3.478385467842305e-02
    1,16       1,16       1,12       1,12   
    9.761140329739867e-02
    1,16       1,16       1,16       1,12   
    1.966728781195358e-01
    3,8        3,8        1,16       1,12   
    7.742273188447669e-02
    4,2        4,2        1,16       1,12   
    1.342770437846533e-01
    7,4        7,4        1,16       1,12   
    1.971598580423301e-01
    3,8        3,8        1,16       1,16   
    9.815532496438677e-02
    4,2        4,2        1,16       1,16   
    9.902646212486418e-02
    7,4        7,4        1,16       1,16   
    9.633443557055384e-02
    3,11       3,8        3,8        3,8    
   -5.919752220684139e-03
    3,11       3,11       3,8        3,8    
    1.003259848061270e-01
    3,11       3,11       3,11       3,8    
    3.832819584153037e-01
    1,17       1,13   
   -1.168839028056927e-03
    3,12       3,9    
    1.865717485895649e-02
    1,17       1,13       1,13   
   -6.552960611475998e-02
    1,17       1,17       1,13   
   -1.560704708148650e-01
    3,12       3,9        1,13   
    6.390715122143906e-02
    3,12       3,12       1,13   
    5.017758653370259e-02
    3,9        3,9        1,17   
   -6.758187453951502e-02
    3,12       3,9        1,17   
   -1.870840486148801e-01
    4,3        4,3        1,17   
   -8.459294432985774e-02
    7,5        7,5        1,17   
   -1.661287037422611e-02
    1,17       1,13       1,13       1,13   
    3.470384965497678e-02
    1,17       1,17       1,13       1,13   
    9.976189091992803e-02
    1,17       1,17       1,17       1,13   
    2.101851230718596e-01
    3,9        3,9        1,17       1,13   
    3.598258295363902e-02
    4,3        4,3        1,17       1,13   
   -2.062133789474100e-02
    7,5        7,5        1,17       1,13   
    1.713386506131898e-01
    3,9        3,9        1,17       1,17   
    9.855265495051364e-02
    4,3        4,3        1,17       1,17   
    1.005906833684900e-01
    7,5        7,5        1,17       1,17   
    9.250201547543103e-02
    3,12       3,9        3,9        3,9    
    7.091973800794047e-03
    3,12       3,12       3,9        3,9    
    1.001139286003889e-01
    3,12       3,12       3,12       3,9    
    3.263975008414461e-01
    1,3                                     # harmonic with-HN
    2.140829729927887e-02
    1,14   
    2.971590395949854e-03
    1,3        1,1    
   -1.370203605003162e-02
    1,3        1,2    
   -3.828884096740596e-04
    1,3        1,3    
    1.465630154468235e-01
    1,3        1,5    
   -2.104707212902519e-03
    1,3        1,6    
   -2.480250868977705e-03
    1,3        1,7    
   -4.405744182243067e-03
    1,3        1,8    
   -2.832566101993267e-03
    1,3        1,9    
    1.410391291462751e-03
    1,3        1,10   
   -3.436073922010764e-04
    1,3        1,11   
   -8.270608076162984e-04
    1,3        1,12   
    6.025599194889118e-04
    1,3        1,13   
   -9.511957582208000e-04
    1,3        1,14   
   -1.300408287354045e-02
    1,14       1,1    
    8.846473676480902e-02
    1,14       1,2    
    1.322108187356859e-04
    1,14       1,5    
   -2.756807772542445e-03
    1,14       1,6    
    2.993652657436623e-03
    1,14       1,7    
    1.406022459503930e-02
    1,14       1,8    
    9.446008704743651e-03
    1,14       1,9    
    9.969837035950863e-03
    1,14       1,10   
   -8.325835644744836e-05
    1,14       1,11   
    4.468653041853432e-03
    1,14       1,12   
    1.158165641118842e-03
    1,14       1,13   
    1.006266876519930e-03
    1,14       1,14   
    1.111465622347395e-01
    2,1        2,1    
    1.349692469868832e-01
    2,2        2,1    
   -3.641145842232989e-02
    2,2        2,2    
    8.132334533832465e-02
    6,1        6,1    
   -1.186664669954165e-02
    5,1        2,1        3,1               # C2v-planar B2 x B2 <- G8 irred-5 x irred-2 x irred-3
    6.425776386378541e-04
    5,1        2,1        3,2    
   -8.286825775968556e-04
    5,1        2,1        3,3    
    4.675698219859708e-04
    5,1        2,1        3,4    
   -1.909014380292046e-03
    5,1        2,1        3,5    
    2.347874889070344e-04
    5,1        2,1        3,6    
   -5.961449429128401e-04
    5,1        2,1        3,7    
   -9.183838311663467e-05
    5,1        2,1        3,8    
    2.810805703111685e-04
    5,1        2,1        3,9    
   -9.240998306505445e-04
    5,1        2,1        3,10   
   -1.109892225982823e-02
    5,1        2,2        3,1    
   -1.951018394345261e-03
    5,1        2,2        3,2    
    4.303745290598709e-04
    5,1        2,2        3,3    
   -1.259619968328520e-02
    5,1        2,2        3,4    
    4.829499160293701e-03
    5,1        2,2        3,5    
   -7.285911528231645e-04
    5,1        2,2        3,6    
    2.759064519551210e-03
    5,1        2,2        3,7    
    3.468632377327057e-04
    5,1        2,2        3,8    
   -1.204738509617360e-03
    5,1        2,2        3,9    
    2.239670578929785e-03
    5,1        2,2        3,10   
    2.326349004181638e-02
    5,1        6,1        7,1               # C2v-planar B1 x B1 <- G8 irred-5 x irred-6 x irred-7
    3.394280648375492e-03
    5,1        6,1        7,2    
   -3.059302151711831e-03
    5,1        6,1        7,3    
    5.344393687726624e-04
    5,1        6,1        7,4    
   -5.190537968953443e-04
    5,1        6,1        7,5    
    1.589413598414445e-03
    5,1        6,1        7,6    
    1.307306874533371e-02
    5,1        8,1        4,1               # C2v-planar / C2v-perpendicular A2 x A2 <- G8 irred-4 x irred-5 x irred-8
    5.170371105335983e-03
    5,1        8,1        4,2    
    3.921938437672812e-04
    5,1        8,1        4,3    
   -3.822442782209790e-03
    8,1        2,1        7,1               # C2v-perpendicular B1 x B1 <- G8 irred-8 x irred-2 x irred-7
   -8.100380894139237e-03
    8,1        2,1        7,2    
    2.659669461753156e-03
    8,1        2,1        7,3    
    6.998113681751664e-03
    8,1        2,1        7,4    
   -1.673673191492840e-02
    8,1        2,1        7,5    
    2.567643435888090e-02
    8,1        2,1        7,6    
   -9.468796907071710e-02
    8,1        2,2        7,1    
    5.204503133069248e-03
    8,1        2,2        7,2    
    2.784286785281601e-03
    8,1        2,2        7,3    
   -1.392359177358684e-03
    8,1        2,2        7,4    
    7.444492502251680e-03
    8,1        2,2        7,5    
    4.427632748553409e-03
    8,1        2,2        7,6    
   -3.392602901095508e-03
    8,1        6,1        3,1               # C2v-perpendicular B2 x B2 <- G8 irred-8 x irred-6 x irred-3
    1.609537389976342e-02
    8,1        6,1        3,2    
   -4.719626869502270e-04
    8,1        6,1        3,3    
    2.753541623100252e-02
    8,1        6,1        3,4    
   -8.932343527046352e-04
    8,1        6,1        3,5    
    4.453026264225132e-03
    8,1        6,1        3,6    
    1.138289903136043e-03
    8,1        6,1        3,7    
   -1.289764827683843e-03
    8,1        6,1        3,8    
    3.543221322473312e-03
    8,1        6,1        3,9    
    4.381766658290270e-03
    8,1        6,1        3,10   
   -3.251434356956103e-03
    1,4                                     # HN spherical coordinate angles
   -1.024421350646877e-01
    1,4        1,4    
    1.095161796164988e-01
    3,13       3,13   
    1.372139129728050e-01
    5,1        5,1    
    1.532986877994289e-01
    7,7        7,7    
    1.141255034468355e-01
    8,1        8,1    
    9.318124877482266e-03
    1,4        1,4        1,4    
   -2.315073317092165e-03
    2,2        2,2        1,4    
    7.042273124300555e-03
    3,13       3,13       1,4    
   -3.101869111207803e-02
    5,1        5,1        1,4    
   -4.500272964934115e-02
    7,7        7,7        1,4    
    1.787047920003982e-02
    8,1        8,1        1,4    
   -2.023518001325155e-01
    5,1        3,13       2,2    
    1.063842077090970e-01
    8,1        7,7        2,2    
    1.318568713888986e-01
    1,4        1,4        1,4        1,4    
    3.746537449684405e-03
    2,2        2,2        1,4        1,4    
    2.071398777305493e-01
    3,13       3,13       1,4        1,4    
   -1.045870631916808e-02
    5,1        5,1        1,4        1,4    
    6.362370039064154e-02
    7,7        7,7        1,4        1,4    
   -1.588255416634886e-02
    8,1        8,1        1,4        1,4    
    2.046458232220560e-01
    5,1        3,13       2,2        1,4    
   -2.021908825017719e-02
    8,1        7,7        2,2        1,4    
   -1.816917442577765e-01
    2,2        2,2        2,2        2,2    
    5.581412155144625e-02
    3,13       3,13       2,2        2,2    
    7.753721439182384e-02
    5,1        5,1        2,2        2,2    
    2.258985413202973e-02
    7,7        7,7        2,2        2,2    
    2.821837980593522e-02
    8,1        8,1        2,2        2,2    
    9.770627718930272e-02
    3,13       3,13       3,13       3,13   
   -7.822676129080502e-03
    5,1        5,1        3,13       3,13   
    7.833057202504765e-04
    7,7        7,7        3,13       3,13   
   -1.026906260677554e-03
    8,1        8,1        3,13       3,13   
    9.370000849399714e-02
    8,1        7,7        5,1        3,13   
    9.842843499009971e-02
    5,1        5,1        5,1        5,1    
   -1.327754293231872e-02
    7,7        7,7        5,1        5,1    
    1.231758784560776e-03
    8,1        8,1        5,1        5,1    
    8.029561967798340e-02
    7,7        7,7        7,7        7,7    
   -1.843086546923943e-03
    8,1        8,1        7,7        7,7    
    1.811699839472999e-01
    8,1        8,1        8,1        8,1    
    9.511579927756297e-02
    6,1        6,1        1,1               # C out of NH2 x 1st-order terms
    2.108583394531728e-03
    6,1        6,1        1,2    
   -6.921756001615107e-04
    6,1        6,1        1,3    
    1.567154158581968e-02
    6,1        6,1        1,5    
   -6.551486363128131e-03
    6,1        6,1        1,6    
   -8.829438554745070e-03
    6,1        6,1        1,7    
    1.138139070692934e-02
    6,1        6,1        1,8    
    1.859438414274469e-03
    6,1        6,1        1,9    
    2.426955628432124e-04
    6,1        6,1        1,10   
   -9.942812345571394e-04
    6,1        6,1        1,11   
    3.057749368581511e-03
    6,1        6,1        1,12   
   -2.389248033343925e-03
    6,1        6,1        1,13   
    1.529108344489998e-03
    6,1        6,1        1,14   
   -5.076705506896320e-02
    1,4        1,1                          # 1st-order terms coupled with NH2 rotation
    3.447298020897895e-02
    1,4        1,2    
    2.743939927818229e-03
    1,4        1,3    
    1.393894480343044e-02
    1,4        1,5    
    1.882151967462557e-02
    1,4        1,6    
    3.227790683494606e-02
    1,4        1,7    
    1.795476881024925e-02
    1,4        1,8    
   -5.568237608361174e-03
    1,4        1,9    
    2.505690835769556e-03
    1,4        1,10   
    6.592791872692710e-03
    1,4        1,11   
    4.451142222914469e-03
    1,4        1,12   
    5.794676034266015e-03
    1,4        1,13   
   -1.036289791629957e-02
    1,4        1,14   
    9.190837634229117e-04
    3,13       3,1    
   -1.359085304071725e-02
    3,13       3,2    
   -6.858386125890375e-03
    3,13       3,3    
   -9.242508635823309e-03
    3,13       3,4    
   -2.736249177252413e-03
    3,13       3,5    
   -4.115764813434175e-03
    3,13       3,6    
    7.056422027037724e-04
    3,13       3,7    
    1.709849670756399e-03
    3,13       3,8    
   -3.872156471263489e-03
    3,13       3,9    
   -2.452263457293509e-03
    3,13       3,10   
   -2.106848111313855e-02
    7,7        7,1    
    1.379569404436505e-03
    7,7        7,2    
   -1.340425062345653e-03
    7,7        7,3    
    8.743561456376535e-05
    7,7        7,4    
    1.616677340600472e-04
    7,7        7,5    
    1.054408761928618e-03
    7,7        7,6    
    8.761561777478563e-04
    1,4        1,4        1,1    
   -2.601832849745287e-01
    1,4        1,4        1,2    
    3.286877788074869e-03
    1,4        1,4        1,3    
   -4.400259972294836e-02
    1,4        1,4        1,5    
   -3.628701764676548e-03
    1,4        1,4        1,6    
    1.822963161098890e-02
    1,4        1,4        1,7    
   -4.273381336528385e-02
    1,4        1,4        1,8    
    3.385233666790588e-03
    1,4        1,4        1,9    
   -1.172909812789193e-02
    1,4        1,4        1,10   
   -3.018565514368958e-03
    1,4        1,4        1,11   
   -1.324656196951924e-02
    1,4        1,4        1,12   
   -6.939655613486571e-04
    1,4        1,4        1,13   
    1.003610595031172e-02
    1,4        1,4        1,14    
   -2.813661675653438e-02
    2,2        2,2        1,1    
   -1.042788732041415e-01
    2,2        2,2        1,2    
    3.264395376910545e-03
    2,2        2,2        1,3    
    1.248755916005185e-02
    2,2        2,2        1,5    
   -5.753850399291098e-03
    2,2        2,2        1,6    
    3.257064863044242e-03
    2,2        2,2        1,7    
   -4.805300079123274e-02
    2,2        2,2        1,8    
   -4.529645259876252e-03
    2,2        2,2        1,9    
   -1.254555213653411e-02
    2,2        2,2        1,10   
    5.054029584351638e-04
    2,2        2,2        1,11   
   -2.532658488565512e-03
    2,2        2,2        1,12   
    7.383674001946072e-04
    2,2        2,2        1,13   
    6.694024691513959e-03
    2,2        2,2        1,14    
    3.024373814797644e-03
    3,13       3,13       1,1    
   -1.373622150035665e-01
    3,13       3,13       1,2    
   -1.456707877214820e-03
    3,13       3,13       1,3    
   -4.996614882750786e-02
    3,13       3,13       1,5    
    1.541430842825933e-02
    3,13       3,13       1,6    
    5.902374282201283e-03
    3,13       3,13       1,7    
    4.093041009058863e-03
    3,13       3,13       1,8    
   -4.981860784838364e-03
    3,13       3,13       1,9    
    1.128332609515359e-03
    3,13       3,13       1,10   
   -8.584837047588013e-04
    3,13       3,13       1,11   
   -6.039590182874637e-03
    3,13       3,13       1,12   
    8.989247269072618e-04
    3,13       3,13       1,13   
   -1.373112065174210e-03
    3,13       3,13       1,14    
    2.675585445504718e-04
    5,1        5,1        1,1    
   -6.605638755233444e-03
    5,1        5,1        1,2    
    4.274119423274816e-05
    5,1        5,1        1,3    
   -6.502768455327072e-04
    5,1        5,1        1,5    
   -2.741084170719244e-03
    5,1        5,1        1,6    
   -6.316039461524928e-03
    5,1        5,1        1,7    
   -4.743595108395851e-03
    5,1        5,1        1,8    
    5.059744000174800e-04
    5,1        5,1        1,9    
   -1.372703741483461e-04
    5,1        5,1        1,10   
   -2.201767913957938e-04
    5,1        5,1        1,11   
   -1.541926758172728e-04
    5,1        5,1        1,12   
   -1.380008660851547e-04
    5,1        5,1        1,13   
    4.684525390402347e-04
    5,1        5,1        1,14   
    1.324698305910114e-03
    7,7        7,7        1,1    
   -1.545625509847363e-01
    7,7        7,7        1,2    
   -6.464946968507731e-04
    7,7        7,7        1,3    
   -5.366013463173332e-02
    7,7        7,7        1,5    
    8.133224829527040e-03
    7,7        7,7        1,6    
    1.029278087853324e-02
    7,7        7,7        1,7    
    9.912907891263062e-03
    7,7        7,7        1,8    
   -1.854388702727772e-03
    7,7        7,7        1,9    
   -9.629235391781326e-03
    7,7        7,7        1,10   
   -1.217168008603531e-03
    7,7        7,7        1,11   
   -6.099481161395425e-03
    7,7        7,7        1,12   
   -8.455716818542346e-04
    7,7        7,7        1,13   
    1.189376708352645e-03
    7,7        7,7        1,14   
   -4.529100765302184e-04
    8,1        8,1        1,1    
   -5.392502526277558e-02
    8,1        8,1        1,2    
   -5.446719015877359e-05
    8,1        8,1        1,3    
   -1.161688565502009e-03
    8,1        8,1        1,5    
    3.459205439387171e-04
    8,1        8,1        1,6    
   -6.253694196785141e-03
    8,1        8,1        1,7    
    7.093337630262545e-04
    8,1        8,1        1,8    
   -9.507021953791307e-05
    8,1        8,1        1,9    
   -1.081541926657013e-02
    8,1        8,1        1,10   
   -4.839709844763483e-04
    8,1        8,1        1,11   
    2.412491981296421e-03
    8,1        8,1        1,12   
   -2.133555440287068e-03
    8,1        8,1        1,13   
    3.845137487869737e-03
    8,1        8,1        1,14   
    7.800172859139492e-03
    1,14       1,14       1,14              # with-HN corresponding independency
   -2.137770460144671e-02
    1,14       1,14       1,14       1,14   
    3.205189145889792e-02
    6,1        6,1        1,14       1,14   
    9.845973011207342e-03
    6,1        6,1        6,1        6,1    
    9.313052782948476e-03
    1,14       1,14       1,4               # with-HN redundancy coupled with corresponding independency
   -4.306285379019124e-02
    6,1        6,1        1,4    
   -3.900433523434042e-02
    1,14       1,4        1,4        1,4    
    2.921470522730516e-02
    1,14       1,14       1,4        1,4    
    3.834145716994956e-02
    6,1        6,1        1,4        1,4    
    2.217123653083997e-02
    1,14       1,14       1,14       1,4    
   -1.293527922681552e-02
    2,2        2,2        1,14       1,4    
   -3.530307245656153e-02
    6,1        6,1        1,14       1,4    
    2.422015482838662e-02
bias
    -0.18107472040508113
