-285.9366111548
-285.9370008344
-285.9358691417
-285.9379123735
-285.9351657216
-285.9362630063
-285.9366398359
-285.9365531019
-285.9365317959
-285.9365493221
-285.9365327605
-285.9365928257
-285.9364892032
-285.9371649575
-285.9359016371
-285.9360993642
-285.9369631657
-285.9366888227
-285.9358168729
-285.9365626206
-285.9359101501
-285.9365657139
-285.9366292723
-285.9365881733
-285.9366068667
-285.9365363037
-285.9366517972
-285.9366050753
-285.9365889610
-285.9365868869
-285.9365896794
-285.9366007903
-285.9365870199
-285.9366097030
-285.9365526285
-285.9365471813
-285.9365403615
-285.9365413357
-285.9365413989
-285.9365333169
-285.9365756291
-285.9366044792
-285.9365981438
-285.9365984216
-285.9365996110
-285.9366047192
-285.9365921753
-285.9365871419
-285.9365935788
-285.9366096383
