  -1.493420E-02   8.032052E-03  -9.380732E-02
   7.558044E-03  -5.468264E-02   6.288486E-01
  -1.588273E-01   1.443207E-02  -1.524268E-01
   1.550974E-01   1.458502E-02  -1.496759E-01
   8.294066E-01   3.251342E-03   4.094894E-01
  -8.295273E-01   1.958386E-02   4.135188E-01
   2.943044E-04  -1.487429E-02  -1.015698E+00
  -3.146535E-03  -2.588720E-03   2.273551E-03
   1.586974E-02   1.737573E-02  -1.658038E-02
  -7.118287E-03   9.919124E-03  -7.420231E-03
   6.914663E-03  -8.614665E-03  -6.983729E-03
  -3.076222E-03   3.876966E-03   8.118753E-03
   2.972499E-03  -5.514643E-03   7.995637E-03
   1.343530E-04  -9.376128E-04  -1.494694E-02
   2.529133E-02  -8.397292E-03   8.437335E-02
  -1.263029E-02   8.873917E-02  -5.770834E-01
   1.450096E-01  -2.389349E-02   1.439922E-01
  -1.409233E-01  -2.381031E-02   1.404376E-01
  -7.542643E-01  -1.160915E-02  -3.718735E-01
   7.557477E-01  -2.792844E-02  -3.791049E-01
   2.135327E-04   2.585253E-02   9.219509E-01
  -2.475102E-03  -5.842892E-03  -1.112164E-02
  -1.878646E-02  -2.245757E-02   2.482616E-02
   6.793816E-03  -8.880577E-03   6.794539E-03
  -6.662779E-03   8.016692E-03   6.203131E-03
   2.858426E-03  -3.341296E-03  -7.746861E-03
  -2.616909E-03   5.612327E-03  -7.484997E-03
  -1.877550E-04   1.547577E-03   1.305252E-02
  -6.890037E-03   8.645792E-03  -8.748848E-02
   4.120941E-03  -3.337973E-02   5.980588E-01
  -1.502666E-01   9.063573E-03  -1.457853E-01
   1.465525E-01   7.936573E-03  -1.437411E-01
   7.893449E-01  -1.486300E-03   3.895776E-01
  -7.883057E-01   1.391101E-02   3.911678E-01
   3.383356E-04  -8.654270E-03  -9.619438E-01
  -6.158738E-03  -7.152568E-03  -4.267260E-03
   1.290613E-02   1.343228E-02  -1.085478E-02
  -6.836172E-03   9.873915E-03  -6.877994E-03
   6.541989E-03  -7.450850E-03  -6.624939E-03
  -2.666241E-03   3.852980E-03   7.888936E-03
   2.681186E-03  -5.025024E-03   7.895524E-03
   1.247312E-04  -2.903075E-04  -1.369907E-02
   5.840801E-02  -6.861398E-03   7.909471E-02
  -2.742425E-02   1.821281E-01  -5.305246E-01
   1.328947E-01  -4.837961E-02   1.346626E-01
  -1.289239E-01  -5.178221E-02   1.278765E-01
  -6.934306E-01  -3.456575E-02  -3.394132E-01
   6.996597E-01  -5.063793E-02  -3.571266E-01
   8.019384E-04   5.421498E-02   8.542740E-01
  -1.743032E-02  -2.870154E-02  -3.917916E-02
  -2.876748E-02  -3.692145E-02   4.829767E-02
   6.018767E-03  -6.547405E-03   6.736378E-03
  -6.265989E-03   9.492951E-03   5.485436E-03
   3.003368E-03  -2.251200E-03  -7.208004E-03
  -2.287938E-03   6.345598E-03  -6.461401E-03
  -2.671798E-04   4.012578E-03   1.249182E-02
   1.883612E-02  -7.874782E-03   9.127519E-02
  -9.596801E-03   6.801312E-02  -6.132407E-01
   1.519213E-01  -1.812095E-02   1.512089E-01
  -1.478713E-01  -1.827434E-02   1.481944E-01
  -7.899781E-01  -6.170424E-03  -3.889692E-01
   7.905136E-01  -2.386132E-02  -3.941488E-01
  -4.394265E-05   1.958674E-02   9.670092E-01
   7.397020E-04  -5.086820E-04  -5.534470E-03
  -1.672421E-02  -1.959851E-02   1.990160E-02
   7.267125E-03  -9.780623E-03   6.917482E-03
  -7.090948E-03   8.604950E-03   6.421724E-03
   3.096752E-03  -3.878307E-03  -7.945798E-03
  -2.939971E-03   5.773680E-03  -7.770998E-03
  -1.543688E-04   1.179972E-03   1.394582E-02
   1.879308E-02  -8.538962E-03   8.816144E-02
  -9.347348E-03   6.707826E-02  -5.990260E-01
   1.542130E-01  -1.800626E-02   1.460922E-01
  -1.505025E-01  -1.776107E-02   1.429975E-01
  -8.019653E-01  -6.607121E-03  -3.960866E-01
   8.026389E-01  -2.164732E-02  -4.013628E-01
  -1.507611E-04   1.850499E-02   9.798862E-01
   1.232205E-03  -7.240173E-04  -5.611721E-03
  -1.708918E-02  -1.891921E-02   1.948505E-02
   6.765203E-03  -9.166686E-03   7.349737E-03
  -6.588414E-03   8.044826E-03   6.862788E-03
   2.877371E-03  -3.471556E-03  -7.995965E-03
  -2.724961E-03   5.313698E-03  -7.823553E-03
  -1.547536E-04   1.142896E-03   1.417154E-02
  -1.886447E-02   8.206072E-03  -8.977540E-02
   9.493869E-03  -6.764526E-02   6.066196E-01
  -1.532039E-01   1.811520E-02  -1.487637E-01
   1.493223E-01   1.804504E-02  -1.457108E-01
   7.967388E-01   6.442312E-03   3.927378E-01
  -7.973520E-01   2.277224E-02   3.979805E-01
   1.045854E-04  -1.915404E-02  -9.737040E-01
  -9.759314E-04   6.341242E-04   5.613349E-03
   1.692830E-02   1.927922E-02  -1.971893E-02
  -7.003511E-03   9.464585E-03  -7.135917E-03
   6.826456E-03  -8.329517E-03  -6.643901E-03
  -3.004194E-03   3.660111E-03   7.985155E-03
   2.848899E-03  -5.539058E-03   7.809898E-03
   1.545657E-04  -1.117314E-03  -1.447651E-02
   1.881746E-02  -8.213097E-03   8.962553E-02
  -9.479301E-03   6.755716E-02  -6.059274E-01
   1.528095E-01  -1.804751E-02   1.486478E-01
  -1.489259E-01  -1.801760E-02   1.455960E-01
  -7.955959E-01  -6.384110E-03  -3.925495E-01
   7.961964E-01  -2.272125E-02  -3.977859E-01
  -8.965745E-05   1.895860E-02   9.737698E-01
   9.849562E-04  -6.200899E-04  -5.573446E-03
  -1.690679E-02  -1.925972E-02   1.970073E-02
   7.029413E-03  -9.466954E-03   7.135171E-03
  -6.854801E-03   8.313823E-03   6.644116E-03
   2.974998E-03  -3.681150E-03  -7.962105E-03
  -2.820571E-03   5.538134E-03  -7.789010E-03
  -1.550691E-04   1.210865E-03   1.365285E-02
  -1.871660E-02   8.208878E-03  -8.971152E-02
   9.419918E-03  -6.719148E-02   6.061157E-01
  -1.531103E-01   1.796202E-02  -1.485378E-01
   1.492389E-01   1.789270E-02  -1.455139E-01
   7.961262E-01   6.362175E-03   3.924046E-01
  -7.967080E-01   2.269924E-02   3.976060E-01
   9.834742E-05  -1.895492E-02  -9.737955E-01
  -1.032272E-03   5.479968E-04   5.503387E-03
   1.687110E-02   1.919847E-02  -1.960643E-02
  -7.025012E-03   9.463560E-03  -7.125084E-03
   6.846101E-03  -8.307912E-03  -6.637085E-03
  -2.877145E-03   3.655181E-03   8.173632E-03
   2.720072E-03  -5.589842E-03   7.997706E-03
   1.532192E-04  -1.135252E-03  -1.405411E-02
  -1.896653E-02   8.209928E-03  -8.968597E-02
   9.554168E-03  -6.801490E-02   6.064103E-01
  -1.528968E-01   1.820257E-02  -1.488688E-01
   1.490028E-01   1.817150E-02  -1.457875E-01
   7.961855E-01   6.465162E-03   3.928726E-01
  -7.968193E-01   2.279582E-02   3.981500E-01
   9.643389E-05  -1.916021E-02  -9.736595E-01
  -9.278504E-04   7.075228E-04   5.684640E-03
   1.696408E-02   1.934096E-02  -1.981401E-02
  -7.007763E-03   9.467782E-03  -7.146177E-03
   6.835032E-03  -8.335271E-03  -6.650880E-03
  -3.099089E-03   3.686259E-03   7.773747E-03
   2.946372E-03  -5.487528E-03   7.601536E-03
   1.560707E-04  -1.193082E-03  -1.406876E-02
  -1.825921E-02   8.252072E-03  -8.985555E-02
   9.209364E-03  -6.582107E-02   6.071335E-01
  -1.530814E-01   1.755434E-02  -1.485956E-01
   1.492070E-01   1.766366E-02  -1.455893E-01
   7.973345E-01   5.952003E-03   3.932479E-01
  -7.978718E-01   2.228892E-02   3.982955E-01
   1.249357E-04  -1.843725E-02  -9.752532E-01
  -1.235947E-03   2.178773E-04   5.126202E-03
   1.671733E-02   1.897634E-02  -1.925030E-02
  -7.079380E-03   9.514164E-03  -7.302882E-03
   6.901761E-03  -8.461997E-03  -6.830733E-03
  -2.998790E-03   3.666434E-03   7.977536E-03
   2.852034E-03  -5.544237E-03   7.812824E-03
   1.527719E-04  -1.098994E-03  -1.409210E-02
  -1.945101E-02   8.161720E-03  -8.953268E-02
   9.777374E-03  -6.946483E-02   6.053408E-01
  -1.529055E-01   1.862690E-02  -1.488026E-01
   1.490143E-01   1.842108E-02  -1.457012E-01
   7.949010E-01   6.897794E-03   3.919895E-01
  -7.955792E-01   2.322821E-02   3.974305E-01
   6.820330E-05  -1.970833E-02  -9.721074E-01
  -7.112657E-04   1.057712E-03   6.084799E-03
   1.712626E-02   1.957594E-02  -2.019108E-02
  -6.954206E-03   9.420819E-03  -6.970403E-03
   6.780972E-03  -8.177842E-03  -6.458506E-03
  -2.979240E-03   3.675350E-03   7.968199E-03
   2.815724E-03  -5.531827E-03   7.784153E-03
   1.565926E-04  -1.232778E-03  -1.402939E-02
   1.303153E-02  -8.280668E-03   9.006736E-02
  -6.974394E-03   4.979797E-02  -6.057725E-01
   1.587867E-01  -1.357815E-02   1.470204E-01
  -1.548689E-01  -1.226244E-02   1.443091E-01
  -8.053515E-01  -2.806870E-03  -3.970606E-01
   8.051637E-01  -1.763026E-02  -4.006888E-01
  -2.358503E-04   1.354201E-02   9.815612E-01
   3.724659E-03   3.664766E-03  -4.087064E-04
  -1.521651E-02  -1.677715E-02   1.568088E-02
   7.081443E-03  -9.628883E-03   7.073104E-03
  -6.825430E-03   7.741024E-03   6.687234E-03
   2.923878E-03  -3.514945E-03  -7.984526E-03
  -2.857971E-03   5.019941E-03  -7.896187E-03
  -1.437598E-04   7.246056E-04   1.421552E-02
  -2.876571E-02   8.351117E-03  -8.777451E-02
   1.369273E-02  -9.847347E-02   5.967771E-01
  -1.446864E-01   2.618168E-02  -1.484320E-01
   1.408706E-01   2.772905E-02  -1.447161E-01
   7.744075E-01   1.327356E-02   3.818390E-01
  -7.763302E-01   3.101029E-02   3.898184E-01
  -1.252278E-04  -2.860694E-02  -9.508737E-01
   3.697335E-03   7.852031E-03   1.427411E-02
   1.986920E-02   2.358275E-02  -2.676593E-02
  -6.800124E-03   8.898704E-03  -7.120535E-03
   6.759012E-03  -9.065333E-03  -6.457804E-03
  -3.018171E-03   3.639141E-03   7.866853E-03
   2.717779E-03  -6.137536E-03   7.551253E-03
   1.756190E-04  -1.924612E-03  -1.368966E-02
  -1.835845E-02   8.150104E-03  -9.289849E-02
   9.076961E-03  -6.451085E-02   6.274681E-01
  -1.531301E-01   1.693157E-02  -1.514689E-01
   1.493968E-01   1.731995E-02  -1.483021E-01
   8.270621E-01   5.850113E-03   4.042534E-01
  -8.276897E-01   2.177131E-02   4.094582E-01
   3.133127E-04  -1.782988E-02  -1.010202E+00
  -1.644431E-03  -2.397559E-04   5.170444E-03
   1.693147E-02   1.883297E-02  -1.896984E-02
  -7.041955E-03   9.742796E-03  -7.397917E-03
   6.880370E-03  -8.726509E-03  -6.892535E-03
  -3.038581E-03   3.660660E-03   8.283813E-03
   2.889228E-03  -5.469277E-03   8.104307E-03
   1.391891E-04  -1.184412E-03  -1.425874E-02
  -1.975562E-02   8.410518E-03  -8.622245E-02
   1.014306E-02  -7.252676E-02   5.844491E-01
  -1.522802E-01   1.973418E-02  -1.458193E-01
   1.482118E-01   1.926155E-02  -1.428195E-01
   7.647405E-01   7.356087E-03   3.807751E-01
  -7.653900E-01   2.414462E-02   3.861779E-01
  -1.498288E-04  -2.087462E-02  -9.368606E-01
  -8.170042E-05   1.851954E-03   6.338537E-03
   1.707614E-02   1.999515E-02  -2.082847E-02
  -6.959219E-03   9.231644E-03  -6.868372E-03
   6.766047E-03  -7.891378E-03  -6.384470E-03
  -2.924357E-03   3.661967E-03   7.657277E-03
   2.758569E-03  -5.618711E-03   7.487588E-03
   1.755306E-04  -1.157530E-03  -1.383082E-02
  -1.825341E-02   8.143237E-03  -9.167749E-02
   9.043537E-03  -6.447282E-02   6.203048E-01
  -1.509548E-01   1.703833E-02  -1.492363E-01
   1.472702E-01   1.724963E-02  -1.461320E-01
   8.165636E-01   5.855879E-03   4.015623E-01
  -8.171927E-01   2.172300E-02   4.067079E-01
   2.595809E-04  -1.789504E-02  -1.003340E+00
  -1.564451E-03  -9.979912E-05   5.187976E-03
   1.681262E-02   1.872096E-02  -1.889208E-02
  -7.023925E-03   9.681611E-03  -7.284839E-03
   6.857921E-03  -8.617087E-03  -6.779085E-03
  -3.265952E-03   3.604239E-03   8.232223E-03
   3.114871E-03  -5.418537E-03   8.047326E-03
   1.430325E-04  -1.162323E-03  -1.434427E-02
  -1.954212E-02   8.363963E-03  -8.751128E-02
   1.002622E-02  -7.148150E-02   5.916517E-01
  -1.545638E-01   1.933497E-02  -1.479830E-01
   1.504512E-01   1.902171E-02  -1.449543E-01
   7.750869E-01   7.101046E-03   3.835460E-01
  -7.756829E-01   2.394811E-02   3.889116E-01
  -9.205729E-05  -2.046805E-02  -9.438310E-01
  -3.090202E-04   1.486191E-03   6.071341E-03
   1.707792E-02   1.993462E-02  -2.065675E-02
  -6.987937E-03   9.291475E-03  -6.979454E-03
   6.798243E-03  -8.000506E-03  -6.502752E-03
  -2.709897E-03   3.733880E-03   7.710514E-03
   2.549918E-03  -5.663228E-03   7.550407E-03
   1.695799E-04  -1.162756E-03  -1.376211E-02
   1.918907E-02  -8.207296E-03   8.970176E-02
  -9.642702E-03   6.862153E-02  -6.066262E-01
   1.521277E-01  -1.837299E-02   1.490476E-01
  -1.482468E-01  -1.828953E-02   1.459682E-01
  -7.953026E-01  -6.668711E-03  -3.923856E-01
   7.959631E-01  -2.302948E-02  -3.977409E-01
  -8.912122E-05   1.937330E-02   9.733777E-01
   8.203733E-04  -8.618099E-04  -5.884656E-03
  -1.702860E-02  -1.943776E-02   1.996165E-02
   7.017115E-03  -9.453383E-03   7.148834E-03
  -6.843932E-03   8.350464E-03   6.649840E-03
   3.205176E-03  -3.637607E-03  -8.104273E-03
  -3.045564E-03   5.552673E-03  -7.927180E-03
  -1.554950E-04   1.182068E-03   1.402142E-02
  -1.849216E-02   8.212654E-03  -8.969744E-02
   9.330123E-03  -6.657948E-02   6.059081E-01
  -1.538818E-01   1.778926E-02  -1.483567E-01
   1.499977E-01   1.777293E-02  -1.453314E-01
   7.970111E-01   6.159006E-03   3.928926E-01
  -7.975641E-01   2.246479E-02   3.980162E-01
   1.055743E-04  -1.874087E-02  -9.740882E-01
  -1.140631E-03   3.920754E-04   5.301597E-03
   1.680610E-02   1.910061E-02  -1.945688E-02
  -7.015561E-03   9.477685E-03  -7.122427E-03
   6.837038E-03  -8.293019E-03  -6.638121E-03
  -2.767618E-03   3.703019E-03   7.842035E-03
   2.617359E-03  -5.525205E-03   7.671100E-03
   1.538030E-04  -1.145195E-03  -1.410146E-02
   1.894318E-02  -8.225094E-03   8.966492E-02
  -9.531806E-03   6.789491E-02  -6.063773E-01
   1.522114E-01  -1.814849E-02   1.488758E-01
  -1.483385E-01  -1.814553E-02   1.458348E-01
  -7.951122E-01  -6.453373E-03  -3.922642E-01
   7.957367E-01  -2.290035E-02  -3.975242E-01
  -9.420442E-05   1.916744E-02   9.728926E-01
   9.198831E-04  -7.127246E-04  -5.715176E-03
  -1.692728E-02  -1.930332E-02   1.975133E-02
   6.949810E-03  -9.457235E-03   7.120414E-03
  -6.775633E-03   8.370172E-03   6.627045E-03
   2.990585E-03  -3.668674E-03  -7.960901E-03
  -2.835172E-03   5.553147E-03  -7.788042E-03
  -1.556595E-04   1.172953E-03   1.404860E-02
  -1.873442E-02   8.194872E-03  -8.973563E-02
   9.439497E-03  -6.729624E-02   6.061684E-01
  -1.537962E-01   1.801185E-02  -1.485355E-01
   1.499039E-01   1.791479E-02  -1.454721E-01
   7.972152E-01   6.371321E-03   3.930187E-01
  -7.978023E-01   2.259115E-02   3.982356E-01
   1.006341E-04  -1.894352E-02  -9.745761E-01
  -1.042713E-03   5.384541E-04   5.467798E-03
   1.690621E-02   1.923375E-02  -1.966497E-02
  -7.083064E-03   9.474346E-03  -7.150997E-03
   6.905437E-03  -8.274351E-03  -6.661123E-03
  -2.987725E-03   3.672010E-03   7.985542E-03
   2.833394E-03  -5.523897E-03   7.810233E-03
   1.536247E-04  -1.154412E-03  -1.407492E-02
   2.767664E-02  -1.898757E-02   9.122459E-02
  -4.172239E-03   6.980251E-02  -6.075356E-01
   1.692310E-01  -1.683420E-02   1.393545E-01
  -1.334333E-01  -1.599387E-02   1.549184E-01
  -8.175019E-01  -6.696715E-03  -4.019682E-01
   7.787496E-01  -2.285867E-02  -3.895208E-01
   1.087746E-03   1.792460E-02   9.757351E-01
  -2.485933E-03   1.900928E-03  -1.103156E-02
  -2.020331E-02  -1.559590E-02   2.389913E-02
   7.278732E-03  -8.890845E-03   6.875124E-03
  -6.622685E-03   8.620397E-03   6.989475E-03
   2.696586E-03  -3.756649E-03  -7.994486E-03
  -3.152373E-03   5.464719E-03  -7.833929E-03
   3.495343E-04   1.354782E-03   1.407647E-02
   9.395135E-03   2.495922E-03   8.790192E-02
  -1.445451E-02   6.344379E-02  -6.046387E-01
   1.359828E-01  -1.876315E-02   1.580604E-01
  -1.638554E-01  -1.951470E-02   1.365652E-01
  -7.735602E-01  -5.694083E-03  -3.828778E-01
   8.132107E-01  -2.211033E-02  -4.054751E-01
  -1.299841E-03   1.957639E-02   9.704293E-01
   4.724402E-03  -2.704833E-03   3.400376E-04
  -1.342796E-02  -2.258414E-02   1.503934E-02
   6.740908E-03  -1.005132E-02   7.361787E-03
  -7.038046E-03   7.972053E-03   6.281598E-03
   3.259647E-03  -3.589756E-03  -7.960251E-03
  -2.506928E-03   5.577928E-03  -7.782983E-03
  -6.526879E-04   9.253785E-04   1.397013E-02
  -2.011099E-02   8.274235E-03  -8.993592E-02
   1.255539E-02  -6.829480E-02   6.061302E-01
  -1.433111E-01   1.782446E-02  -1.469863E-01
   1.588489E-01   1.869729E-02  -1.473028E-01
   7.825374E-01   6.610572E-03   3.804128E-01
  -8.101157E-01   2.261687E-02   4.098182E-01
   1.910964E-03  -1.906740E-02  -9.734492E-01
  -6.572006E-04   8.038698E-04   6.299722E-03
   1.713803E-02   1.925610E-02  -2.009396E-02
  -6.361606E-03   9.592282E-03  -7.288067E-03
   7.503949E-03  -8.338259E-03  -6.500130E-03
  -2.473484E-03   3.588111E-03   8.280288E-03
   3.354063E-03  -5.686465E-03   7.488810E-03
   4.242978E-04  -1.094733E-03  -1.406344E-02
  -1.731550E-02   8.149231E-03  -8.945252E-02
   6.304243E-03  -6.614812E-02   6.065182E-01
  -1.626209E-01   1.812887E-02  -1.504906E-01
   1.393001E-01   1.714864E-02  -1.440936E-01
   8.097177E-01   6.030554E-03   4.048820E-01
  -7.832898E-01   2.268744E-02   3.858590E-01
  -1.716461E-03  -1.880374E-02  -9.738554E-01
  -1.420937E-03   2.710900E-04   4.671174E-03
   1.661290E-02   1.916173E-02  -1.913689E-02
  -7.686035E-03   9.352949E-03  -6.979953E-03
   6.189078E-03  -8.295291E-03  -6.790014E-03
  -3.512204E-03   3.762801E-03   7.657592E-03
   2.325329E-03  -5.385142E-03   8.104752E-03
  -1.157534E-04  -1.213708E-03  -1.406556E-02
  -8.842852E-03  -5.695367E-04  -8.882796E-02
   8.381075E-03  -6.078125E-02   6.072923E-01
  -1.463457E-01   1.793835E-02  -1.533288E-01
   1.563511E-01   1.763758E-02  -1.416101E-01
   7.929248E-01   5.308508E-03   3.890395E-01
  -8.021006E-01   2.138891E-02   4.027608E-01
  -4.979960E-03  -1.830884E-02  -9.751156E-01
  -4.644161E-03   1.542177E-03  -2.007534E-04
   1.376649E-02   2.136643E-02  -1.505094E-02
  -7.191221E-03   9.935055E-03  -7.149640E-03
   6.673379E-03  -7.818373E-03  -6.661605E-03
  -3.370253E-03   3.628191E-03   7.902764E-03
   2.457636E-03  -5.578772E-03   7.887936E-03
   3.577065E-04  -9.464608E-04  -1.408526E-02
   2.853569E-02  -1.697787E-02   9.062949E-02
  -1.046055E-02   7.352219E-02  -6.053419E-01
   1.599853E-01  -1.797563E-02   1.440075E-01
  -1.422444E-01  -1.816819E-02   1.496277E-01
  -7.998531E-01  -7.294249E-03  -3.964591E-01
   7.918642E-01  -2.391346E-02  -3.931465E-01
  -5.175447E-03   1.954173E-02   9.727806E-01
  -2.541265E-03   4.862679E-04  -1.112363E-02
  -1.996869E-02  -1.702735E-02   2.415364E-02
   6.834723E-03  -9.024565E-03   7.142370E-03
  -6.996361E-03   8.823432E-03   6.651320E-03
   2.604719E-03  -3.722215E-03  -8.047336E-03
  -3.210426E-03   5.489545E-03  -7.718724E-03
   4.915103E-05   1.359875E-03   1.405097E-02
   1.902446E-02  -8.356506E-03   8.973265E-02
  -9.549142E-03   6.766362E-02  -6.062850E-01
   1.532866E-01  -1.804196E-02   1.484698E-01
  -1.488663E-01  -1.802310E-02   1.458687E-01
  -7.962368E-01  -6.497179E-03  -3.923611E-01
   7.967732E-01  -2.267151E-02  -3.981584E-01
  -3.311406E-04   1.907306E-02   9.737641E-01
   9.183692E-04  -6.029556E-04  -5.702843E-03
  -1.697184E-02  -1.922539E-02   1.979113E-02
   7.024240E-03  -9.453952E-03   7.130690E-03
  -6.836455E-03   8.326030E-03   6.650274E-03
   2.863809E-03  -3.660300E-03  -8.180649E-03
  -2.960417E-03   5.477859E-03  -7.598284E-03
  -1.311701E-04   1.165703E-03   1.406239E-02
  -1.865806E-02   8.062438E-03  -8.966492E-02
   9.424592E-03  -6.754060E-02   6.062424E-01
  -1.527213E-01   1.812150E-02  -1.489367E-01
   1.493762E-01   1.804008E-02  -1.454329E-01
   7.960762E-01   6.330161E-03   3.929197E-01
  -7.967533E-01   2.282399E-02   3.976011E-01
  -1.363032E-04  -1.904155E-02  -9.736937E-01
  -1.042035E-03   6.521646E-04   5.484606E-03
   1.686317E-02   1.931360E-02  -1.962897E-02
  -7.008591E-03   9.477505E-03  -7.140443E-03
   6.844678E-03  -8.316953E-03  -6.637726E-03
  -3.111371E-03   3.680817E-03   7.765880E-03
   2.705025E-03  -5.600059E-03   8.000192E-03
   1.780521E-04  -1.162395E-03  -1.406091E-02
   1.871017E-02  -8.067348E-03   8.960003E-02
  -9.538966E-03   6.799459E-02  -6.059713E-01
   1.524811E-01  -1.829366E-02   1.485031E-01
  -1.494217E-01  -1.793998E-02   1.458212E-01
  -7.953823E-01  -6.504763E-03  -3.922447E-01
   7.967011E-01  -2.285832E-02  -3.979455E-01
  -2.563689E-05   1.920486E-02   9.732289E-01
   9.929929E-04  -7.449314E-04  -5.547849E-03
  -1.690256E-02  -1.940022E-02   1.969061E-02
   7.055607E-03  -9.487627E-03   7.293737E-03
  -6.785518E-03   8.176143E-03   6.467126E-03
   3.004327E-03  -3.638782E-03  -7.966950E-03
  -2.812705E-03   5.519883E-03  -7.795314E-03
  -1.459868E-04   1.167155E-03   1.405303E-02
  -1.897258E-02   8.351200E-03  -8.979847E-02
   9.434497E-03  -6.720971E-02   6.065675E-01
  -1.535258E-01   1.787255E-02  -1.489077E-01
   1.488191E-01   1.812260E-02  -1.454847E-01
   7.969372E-01   6.322201E-03   3.930353E-01
  -7.968298E-01   2.263680E-02   3.978133E-01
   1.688898E-04  -1.891084E-02  -9.742281E-01
  -9.674775E-04   5.097650E-04   5.639356E-03
   1.693259E-02   1.913919E-02  -1.973011E-02
  -6.978410E-03   9.443089E-03  -6.978710E-03
   6.897095E-03  -8.467572E-03  -6.822322E-03
  -2.973685E-03   3.702439E-03   7.979064E-03
   2.855525E-03  -5.556729E-03   7.802477E-03
   1.633628E-04  -1.160992E-03  -1.406995E-02
   2.202486E-02  -1.156255E-02   9.041138E-02
  -9.118731E-03   6.832212E-02  -6.071233E-01
   1.574352E-01  -1.757990E-02   1.437772E-01
  -1.453667E-01  -1.756009E-02   1.504777E-01
  -8.010206E-01  -6.458280E-03  -3.944741E-01
   7.944958E-01  -2.266316E-02  -3.967881E-01
  -2.465287E-03   1.847910E-02   9.751786E-01
  -7.052592E-05   2.037501E-04  -7.381636E-03
  -1.792465E-02  -1.804286E-02   2.098544E-02
   7.052421E-03  -9.387435E-03   7.065392E-03
  -6.842718E-03   8.367887E-03   6.770844E-03
   3.110613E-03  -3.613859E-03  -8.030953E-03
  -2.733757E-03   5.599620E-03  -7.776272E-03
  -3.172769E-05   1.209889E-03   1.408361E-02
   1.571770E-02  -4.861445E-03   8.893969E-02
  -9.878760E-03   6.705504E-02  -6.051826E-01
   1.484468E-01  -1.862856E-02   1.535316E-01
  -1.527378E-01  -1.855158E-02   1.407551E-01
  -7.909422E-01  -6.410898E-03  -3.906139E-01
   7.986796E-01  -2.287501E-02  -3.987829E-01
   2.269080E-03   1.968857E-02   9.719108E-01
   2.009099E-03  -1.501376E-03  -3.861016E-03
  -1.593667E-02  -2.051852E-02   1.848130E-02
   6.975845E-03  -9.535075E-03   7.197793E-03
  -6.834210E-03   8.272958E-03   6.509037E-03
   2.863971E-03  -3.723723E-03  -7.908077E-03
  -2.928522E-03   5.478012E-03  -7.813855E-03
  -2.773508E-04   1.122195E-03   1.403289E-02
   1.884177E-02  -8.235197E-03   8.970990E-02
  -9.422932E-03   6.751702E-02  -6.063185E-01
   1.533848E-01  -1.806677E-02   1.486933E-01
  -1.487720E-01  -1.797976E-02   1.456762E-01
  -7.968811E-01  -6.384461E-03  -3.930627E-01
   7.961892E-01  -2.272354E-02  -3.975244E-01
   3.007925E-05   1.900270E-02   9.738134E-01
   9.976804E-04  -5.973066E-04  -5.571988E-03
  -1.690943E-02  -1.924533E-02   1.969157E-02
   7.019547E-03  -9.468406E-03   7.131078E-03
  -6.839187E-03   8.313982E-03   6.651104E-03
   3.000086E-03  -3.670190E-03  -7.959658E-03
  -2.823675E-03   5.538116E-03  -7.813989E-03
   1.564407E-04   1.171682E-03   1.406861E-02
  -1.883402E-02   8.184195E-03  -8.969126E-02
   9.547380E-03  -6.766722E-02   6.062280E-01
  -1.526278E-01   1.809157E-02  -1.487161E-01
   1.494754E-01   1.807821E-02  -1.456295E-01
   7.954607E-01   6.438444E-03   3.922255E-01
  -7.973641E-01   2.276623E-02   3.982387E-01
   2.250659E-04  -1.910658E-02  -9.736608E-01
  -9.659513E-04   6.526608E-04   5.609838E-03
   1.692356E-02   1.929062E-02  -1.972300E-02
  -7.013380E-03   9.463222E-03  -7.140287E-03
   6.841993E-03  -8.329476E-03  -6.637060E-03
  -2.978338E-03   3.670969E-03   7.986651E-03
   2.845000E-03  -5.539221E-03   7.784199E-03
   4.655920E-04  -1.155322E-03  -1.405793E-02
  -1.878259E-02   8.234772E-03  -8.969614E-02
   9.352860E-03  -6.762444E-02   6.062823E-01
  -1.526831E-01   1.809083E-02  -1.488469E-01
   1.494430E-01   1.805672E-02  -1.455070E-01
   7.960460E-01   6.440908E-03   3.924785E-01
  -7.968897E-01   2.271900E-02   3.980402E-01
   1.907636E-04  -1.906600E-02  -9.737365E-01
  -9.766330E-04   6.094588E-04   5.589354E-03
   1.692407E-02   1.926532E-02  -1.971510E-02
  -7.027476E-03   9.474534E-03  -7.137723E-03
   6.829879E-03  -8.313557E-03  -6.642637E-03
  -3.197003E-03   3.648116E-03   8.096273E-03
   2.621830E-03  -5.536319E-03   7.675266E-03
   1.626648E-04  -1.167352E-03  -1.406226E-02
   1.889141E-02  -8.184862E-03   8.970561E-02
  -9.616680E-03   6.755480E-02  -6.062695E-01
   1.533309E-01  -1.806592E-02   1.485606E-01
  -1.488060E-01  -1.799951E-02   1.457964E-01
  -7.962895E-01  -6.380989E-03  -3.928125E-01
   7.966595E-01  -2.276978E-02  -3.977258E-01
  -4.184186E-06   1.904150E-02   9.737534E-01
   9.878244E-04  -6.391952E-04  -5.590856E-03
  -1.690845E-02  -1.927007E-02   1.969834E-02
   7.005445E-03  -9.457160E-03   7.133674E-03
  -6.851292E-03   8.329704E-03   6.645715E-03
   2.776127E-03  -3.693157E-03  -7.850132E-03
  -3.041507E-03   5.541109E-03  -7.923136E-03
  -1.466665E-04   1.159635E-03   1.406104E-02
  -1.870839E-02   8.100068E-03  -8.976500E-02
   9.096176E-03  -6.715001E-02   6.064731E-01
  -1.527477E-01   1.799459E-02  -1.489512E-01
   1.495214E-01   1.789594E-02  -1.454476E-01
   7.962786E-01   6.299744E-03   3.927749E-01
  -7.971852E-01   2.262492E-02   3.979693E-01
  -4.591180E-05  -1.893972E-02  -9.740576E-01
  -1.026706E-03   5.862897E-04   5.556022E-03
   1.688575E-02   1.925296E-02  -1.966185E-02
  -6.957303E-03   9.459442E-03  -7.123030E-03
   6.902949E-03  -8.308454E-03  -6.661781E-03
  -2.984358E-03   3.672530E-03   7.965168E-03
   2.841467E-03  -5.529013E-03   7.810565E-03
   1.343685E-04  -1.154309E-03  -1.406668E-02
  -1.896958E-02   8.319340E-03  -8.963593E-02
   9.875180E-03  -6.804126E-02   6.060759E-01
  -1.532587E-01   1.816562E-02  -1.484607E-01
   1.487201E-01   1.816434E-02  -1.458596E-01
   7.960481E-01   6.524552E-03   3.925067E-01
  -7.963550E-01   2.286629E-02   3.977912E-01
   2.406407E-04  -1.917131E-02  -9.734109E-01
  -9.357496E-04   6.651100E-04   5.627209E-03
   1.694783E-02   1.928415E-02  -1.975458E-02
  -7.075667E-03   9.472624E-03  -7.149196E-03
   6.778413E-03  -8.335610E-03  -6.627147E-03
  -2.993899E-03   3.668371E-03   7.981212E-03
   2.827066E-03  -5.548003E-03   7.787645E-03
   1.748960E-04  -1.173059E-03  -1.405686E-02
  -1.971979E-02   8.935527E-03  -8.940914E-02
   1.338054E-02  -6.949890E-02   6.052116E-01
  -1.573059E-01   1.844327E-02  -1.466141E-01
   1.439176E-01   1.858371E-02  -1.475579E-01
   7.987274E-01   6.677081E-03   3.929481E-01
  -7.913146E-01   2.326497E-02   3.964816E-01
  -1.639960E-03  -1.950978E-02  -9.720508E-01
  -8.416398E-04   8.198272E-04   5.934816E-03
   1.709684E-02   1.920978E-02  -2.008423E-02
  -7.069409E-03   9.482101E-03  -7.131839E-03
   6.761685E-03  -8.309928E-03  -6.622721E-03
  -2.911287E-03   3.667617E-03   7.950934E-03
   2.884860E-03  -5.577090E-03   7.789741E-03
   8.485491E-05  -1.192319E-03  -1.403691E-02
  -1.790114E-02   7.481546E-03  -9.000608E-02
   5.551426E-03  -6.556232E-02   6.073350E-01
  -1.486743E-01   1.768508E-02  -1.507910E-01
   1.543350E-01   1.743689E-02  -1.437193E-01
   7.935765E-01   6.111799E-03   3.923120E-01
  -8.022318E-01   2.219672E-02   3.992534E-01
   1.840212E-03  -1.856146E-02  -9.753841E-01
  -1.142801E-03   4.045490E-04   5.207427E-03
   1.672689E-02   1.930652E-02  -1.929653E-02
  -6.965232E-03   9.451703E-03  -7.139628E-03
   6.920580E-03  -8.330783E-03  -6.666032E-03
  -3.066496E-03   3.674756E-03   7.994291E-03
   2.783356E-03  -5.498972E-03   7.807932E-03
   2.246819E-04  -1.131643E-03  -1.408701E-02
  -1.997685E-02   7.364813E-03  -9.201514E-02
   9.219663E-03  -7.063674E-02   6.101379E-01
  -1.512731E-01   1.992907E-02  -1.493351E-01
   1.486359E-01   1.830338E-02  -1.466576E-01
   7.974046E-01   7.591554E-03   3.935134E-01
  -7.989281E-01   2.340869E-02   3.984924E-01
   1.895190E-04  -2.012837E-02  -9.769374E-01
  -5.834250E-04   1.855223E-03   7.868034E-03
   1.721840E-02   1.968700E-02  -2.010133E-02
  -6.965295E-03   8.691897E-03  -7.234528E-03
   6.911212E-03  -8.095493E-03  -6.793668E-03
  -3.055518E-03   3.601916E-03   8.031711E-03
   2.852268E-03  -5.529863E-03   7.825217E-03
   1.315516E-04  -1.289800E-03  -1.407945E-02
  -1.763296E-02   9.250595E-03  -8.708578E-02
   9.714922E-03  -6.479188E-02   6.021189E-01
  -1.547657E-01   1.628684E-02  -1.480417E-01
   1.495652E-01   1.780052E-02  -1.445832E-01
   7.946529E-01   5.273289E-03   3.916639E-01
  -7.942748E-01   2.215025E-02   3.971302E-01
   1.725294E-05  -1.806459E-02  -9.701553E-01
  -1.431228E-03  -7.325226E-04   3.113638E-03
   1.665690E-02   1.890435E-02  -1.937248E-02
  -7.069870E-03   1.026439E-02  -7.027732E-03
   6.765984E-03  -8.551417E-03  -6.483930E-03
  -2.916485E-03   3.735602E-03   7.908040E-03
   2.815005E-03  -5.545259E-03   7.771171E-03
   1.789565E-04  -1.037462E-03  -1.403858E-02
   2.332639E-02  -9.346242E-03   8.944394E-02
  -1.112981E-02   8.264026E-02  -6.009126E-01
   1.496812E-01  -2.248848E-02   1.481420E-01
  -1.451801E-01  -2.191118E-02   1.452347E-01
  -7.871225E-01  -1.010158E-02  -3.886509E-01
   7.875161E-01  -2.615950E-02  -3.942932E-01
   6.497522E-05   2.364815E-02   9.637949E-01
  -1.325075E-03  -4.254114E-03  -9.861415E-03
  -1.821200E-02  -2.049033E-02   2.236564E-02
   6.892732E-03  -8.856629E-03   7.150181E-03
  -6.747887E-03   7.975533E-03   6.620493E-03
   2.974310E-03  -3.480034E-03  -7.926737E-03
  -2.760570E-03   5.636681E-03  -7.701514E-03
  -1.520816E-04   1.497561E-03   1.389022E-02
  -1.490080E-02   7.173002E-03  -8.947751E-02
   7.921459E-03  -5.445013E-02   6.091778E-01
  -1.556502E-01   1.411655E-02  -1.487386E-01
   1.524635E-01   1.480043E-02  -1.456412E-01
   8.021464E-01   3.199708E-03   3.952674E-01
  -8.030126E-01   1.981408E-02   4.000175E-01
   2.517238E-04  -1.507332E-02  -9.799731E-01
  -2.973947E-03  -2.523792E-03   1.827861E-03
   1.572945E-02   1.817736E-02  -1.750762E-02
  -7.100120E-03   1.001842E-02  -7.087551E-03
   6.913820E-03  -8.709560E-03  -6.643103E-03
  -2.992094E-03   3.836863E-03   7.992339E-03
   2.884917E-03  -5.448605E-03   7.862288E-03
   1.526914E-04  -8.791715E-04  -1.418015E-02
   2.163396E-02  -8.738191E-03   8.855151E-02
  -1.121147E-02   7.726305E-02  -6.033877E-01
   1.510004E-01  -2.074309E-02   1.487307E-01
  -1.467900E-01  -2.063191E-02   1.455305E-01
  -7.905731E-01  -8.747126E-03  -3.898997E-01
   7.915975E-01  -2.504496E-02  -3.963195E-01
   4.269710E-05   2.194040E-02   9.679391E-01
  -1.873483E-04  -2.474551E-03  -7.833866E-03
  -1.790464E-02  -2.076417E-02   2.202047E-02
   6.949199E-03  -9.321732E-03   7.115501E-03
  -6.804992E-03   8.373602E-03   6.572810E-03
   2.977097E-03  -3.460260E-03  -7.949096E-03
  -2.786063E-03   5.566726E-03  -7.730113E-03
  -1.715312E-04   1.385813E-03   1.395388E-02
   1.637886E-02  -7.682159E-03   9.064435E-02
  -7.914752E-03   5.907653E-02  -6.079822E-01
   1.546692E-01  -1.572383E-02   1.484827E-01
  -1.511365E-01  -1.575390E-02   1.455296E-01
  -8.002455E-01  -4.359546E-03  -3.946502E-01
   8.004990E-01  -2.071714E-02  -3.988232E-01
  -2.212915E-04   1.652970E-02   9.777336E-01
   2.001642E-03   9.463515E-04  -3.687587E-03
  -1.603910E-02  -1.794936E-02   1.769343E-02
   7.067045E-03  -9.578196E-03   7.146498E-03
  -6.863267E-03   8.273135E-03   6.699363E-03
   2.995155E-03  -3.869066E-03  -7.985365E-03
  -2.870790E-03   5.509687E-03  -7.849914E-03
  -1.389229E-04   9.707883E-04   1.414394E-02
  -2.027530E-02   7.878118E-03  -8.948383E-02
   9.762064E-03  -7.157871E-02   6.067540E-01
  -1.519756E-01   1.924992E-02  -1.492371E-01
   1.482881E-01   1.911052E-02  -1.458525E-01
   7.951347E-01   7.387976E-03   3.922174E-01
  -7.958198E-01   2.364612E-02   3.976452E-01
   8.123761E-05  -2.035689E-02  -9.731529E-01
  -3.075630E-04   1.607578E-03   6.939179E-03
   1.736122E-02   2.015673E-02  -2.102890E-02
  -7.006884E-03   9.378263E-03  -7.144601E-03
   6.832498E-03  -8.385324E-03  -6.627214E-03
  -3.001218E-03   3.611371E-03   7.982313E-03
   2.824327E-03  -5.449218E-03   7.785946E-03
   1.538393E-04  -1.270028E-03  -1.403321E-02
   1.754723E-02  -8.540610E-03   8.987851E-02
  -9.282758E-03   6.410823E-02  -6.054592E-01
   1.539653E-01  -1.704208E-02   1.481028E-01
  -1.498865E-01  -1.709045E-02   1.453690E-01
  -7.967929E-01  -5.561159E-03  -3.928502E-01
   7.973368E-01  -2.196207E-02  -3.979485E-01
  -1.064599E-04   1.790126E-02   9.738293E-01
   1.578816E-03   2.361352E-04  -4.397779E-03
  -1.650089E-02  -1.845631E-02   1.851681E-02
   7.021569E-03  -9.539204E-03   7.124712E-03
  -6.844939E-03   8.261880E-03   6.655649E-03
   2.976085E-03  -3.720384E-03  -7.961490E-03
  -2.841138E-03   5.631832E-03  -7.807069E-03
  -1.558520E-04   1.069726E-03   1.408353E-02
  -1.849237E-02   8.169718E-03  -8.964290E-02
   9.525887E-03  -6.623868E-02   6.056012E-01
  -1.533699E-01   1.844730E-02  -1.479943E-01
   1.495093E-01   1.689445E-02  -1.457118E-01
   7.962981E-01   3.491835E-03   3.927851E-01
  -7.967496E-01   2.506905E-02   3.974921E-01
   5.479347E-05  -1.864100E-02  -9.734980E-01
  -1.258035E-03   6.884401E-04   5.216652E-03
   1.679748E-02   1.874967E-02  -1.942753E-02
  -7.079352E-03   9.566986E-03  -7.175786E-03
   6.764266E-03  -8.424305E-03  -6.538253E-03
  -2.972874E-03   2.878940E-03   7.949908E-03
   2.821796E-03  -4.731700E-03   7.858253E-03
   1.474126E-04  -1.144879E-03  -1.406999E-02
   1.919922E-02  -8.255457E-03   8.973802E-02
  -9.442589E-03   6.900401E-02  -6.068408E-01
   1.526083E-01  -1.772569E-02   1.494091E-01
  -1.487025E-01  -1.917946E-02   1.455557E-01
  -7.958903E-01  -9.342735E-03  -3.924289E-01
   7.966573E-01  -2.043162E-02  -3.982195E-01
  -1.416173E-04   1.948786E-02   9.738030E-01
   7.002602E-04  -5.719985E-04  -5.977066E-03
  -1.704666E-02  -1.979382E-02   2.000042E-02
   6.948951E-03  -9.363964E-03   7.090461E-03
  -6.918983E-03   8.214338E-03   6.751758E-03
   3.010916E-03  -4.462864E-03  -7.989873E-03
  -2.852173E-03   6.344606E-03  -7.730437E-03
  -1.619228E-04   1.181655E-03   1.404976E-02
  -1.872145E-02   8.229605E-03  -8.950227E-02
   9.440717E-03  -6.752723E-02   6.059762E-01
  -1.529144E-01   1.566250E-02  -1.487679E-01
   1.490387E-01   2.040934E-02  -1.454582E-01
   7.957438E-01   4.734843E-03   3.923493E-01
  -7.963849E-01   2.435420E-02   3.977977E-01
   1.628117E-04  -1.904064E-02  -9.732484E-01
  -1.028410E-03   5.900197E-04   5.456244E-03
   1.694768E-02   1.926171E-02  -1.974809E-02
  -6.992078E-03   1.030996E-02  -7.095924E-03
   6.844684E-03  -9.134666E-03  -6.665939E-03
  -3.000125E-03   5.094940E-03   7.998302E-03
   2.835972E-03  -6.968751E-03   7.761402E-03
   8.668683E-05  -1.135261E-03  -1.403992E-02
  -1.910907E-02   8.194999E-03  -8.984488E-02
   9.601821E-03  -6.812549E-02   6.062937E-01
  -1.530110E-01   2.061811E-02  -1.486049E-01
   1.491175E-01   1.578148E-02  -1.457981E-01
   7.962296E-01   8.202827E-03   3.927554E-01
  -7.968190E-01   2.124895E-02   3.978304E-01
   2.743551E-05  -1.920744E-02  -9.737816E-01
  -8.631646E-04   7.703969E-04   5.853388E-03
   1.693368E-02   1.934620E-02  -1.978138E-02
  -7.034874E-03   8.612296E-03  -7.174019E-03
   6.831616E-03  -7.510624E-03  -6.617328E-03
  -2.976591E-03   2.239921E-03   7.944296E-03
   2.829122E-03  -4.111063E-03   7.831631E-03
   2.225331E-04  -1.207212E-03  -1.409482E-02
  -1.930694E-02   8.264216E-03  -8.917577E-02
   9.627895E-03  -6.901326E-02   6.058907E-01
  -1.529582E-01   2.040836E-02  -1.488326E-01
   1.492545E-01   1.651478E-02  -1.456859E-01
   7.954763E-01   6.185245E-03   3.924280E-01
  -7.962489E-01   2.349116E-02   3.976983E-01
   2.220215E-05  -1.940829E-02  -9.729407E-01
  -8.670475E-04   1.402779E-03   5.751086E-03
   1.724847E-02   1.900349E-02  -2.030719E-02
  -7.028349E-03   8.482109E-03  -7.177740E-03
   6.792537E-03  -7.370241E-03  -6.603930E-03
  -3.025486E-03   3.453368E-03   7.928774E-03
   2.893108E-03  -5.305122E-03   7.885833E-03
   1.715888E-04  -1.204952E-03  -1.404314E-02
   1.864612E-02  -8.150887E-03   9.017531E-02
  -9.467028E-03   6.699468E-02  -6.063173E-01
   1.529813E-01  -1.596811E-02   1.484946E-01
  -1.489219E-01  -1.978829E-02   1.455129E-01
  -7.964442E-01  -6.826751E-03  -3.925816E-01
   7.969238E-01  -2.219450E-02  -3.978725E-01
  -1.622905E-04   1.895092E-02   9.739887E-01
   9.675545E-04  -4.191711E-05  -5.664272E-03
  -1.667214E-02  -1.966352E-02   1.931385E-02
   6.999159E-03  -1.043457E-02   7.094271E-03
  -6.883882E-03   9.283603E-03   6.677399E-03
   2.948797E-03  -3.884559E-03  -8.004103E-03
  -2.768409E-03   5.776362E-03  -7.697964E-03
  -1.390632E-04   1.142798E-03   1.407600E-02
  -1.835459E-02   8.210314E-03  -8.881585E-02
   9.329881E-03  -6.712852E-02   6.050028E-01
  -1.532873E-01   1.833556E-02  -1.481741E-01
   1.492778E-01   1.742431E-02  -1.452596E-01
   7.957241E-01   4.045963E-03   3.920758E-01
  -7.961541E-01   2.495908E-02   3.975040E-01
   4.557374E-05  -1.896837E-02  -9.728528E-01
  -1.155721E-03   4.614656E-04   4.960035E-03
   1.703543E-02   1.930634E-02  -1.989196E-02
  -7.035067E-03   1.095277E-02  -7.041059E-03
   6.640964E-03  -9.775594E-03  -6.363825E-03
  -2.964041E-03   3.355934E-03   7.976828E-03
   2.808685E-03  -5.201673E-03   7.801472E-03
   1.686376E-04  -1.139952E-03  -1.407702E-02
   1.962567E-02  -8.211688E-03   9.051999E-02
  -9.779503E-03   6.893235E-02  -6.071561E-01
   1.526752E-01  -1.803501E-02   1.491665E-01
  -1.489128E-01  -1.889037E-02   1.459377E-01
  -7.962920E-01  -8.995077E-03  -3.930049E-01
   7.971165E-01  -2.073698E-02  -3.981412E-01
  -1.422175E-04   1.940774E-02   9.742886E-01
   6.766041E-04  -9.929285E-04  -6.468736E-03
  -1.689605E-02  -1.936910E-02   1.974311E-02
   6.962883E-03  -7.969656E-03   7.180303E-03
  -7.015293E-03   6.871353E-03   6.875951E-03
   3.011017E-03  -3.975618E-03  -7.970240E-03
  -2.852904E-03   5.882749E-03  -7.793625E-03
  -1.413866E-04   1.207422E-03   1.404736E-02
  -1.770849E-02   8.121935E-03  -8.945497E-02
   9.290776E-03  -6.417117E-02   6.055071E-01
  -1.536921E-01   1.553501E-02  -1.479600E-01
   1.498185E-01   1.866904E-02  -1.452774E-01
   7.967627E-01   7.567562E-04   3.928252E-01
  -7.970819E-01   2.680227E-02   3.975064E-01
  -4.892194E-05  -1.802823E-02  -9.737443E-01
  -1.618147E-03   9.906616E-05   4.472055E-03
   1.657913E-02   1.858379E-02  -1.899426E-02
  -7.081386E-03   1.112354E-02  -7.150311E-03
   6.782422E-03  -9.926054E-03  -6.576827E-03
  -2.937641E-03   4.207486E-03   7.951325E-03
   2.785996E-03  -6.010884E-03   7.837740E-03
   1.395855E-04  -1.083217E-03  -1.408210E-02
  -2.006305E-02   8.318787E-03  -8.989848E-02
   9.680564E-03  -7.128179E-02   6.067567E-01
  -1.522938E-01   2.069018E-02  -1.493783E-01
   1.484033E-01   1.746821E-02  -1.459151E-01
   7.953534E-01   1.212748E-02   3.923384E-01
  -7.962663E-01   1.874703E-02   3.981831E-01
   2.592834E-04  -2.015881E-02  -9.735152E-01
  -3.017968E-04   1.204976E-03   6.783444E-03
   1.729340E-02   1.998328E-02  -2.048345E-02
  -6.931040E-03   7.802637E-03  -7.108006E-03
   6.894396E-03  -6.714165E-03  -6.709938E-03
  -3.030882E-03   3.127287E-03   7.997131E-03
   2.872851E-03  -5.065316E-03   7.756545E-03
   1.715191E-04  -1.249863E-03  -1.403766E-02
  -1.510964E-02   8.497892E-03  -9.301345E-02
   6.961543E-03  -5.562804E-02   6.044557E-01
  -1.561053E-01   1.858481E-02  -1.463952E-01
   1.526361E-01   1.092264E-02  -1.448126E-01
   8.008194E-01   9.631935E-03   3.954179E-01
  -8.005307E-01   1.368198E-02   3.976805E-01
   3.376287E-04  -1.534765E-02  -9.765170E-01
  -2.556163E-03  -2.386310E-03   3.884075E-03
   1.512045E-02   1.725447E-02  -1.552216E-02
  -7.005472E-03   8.359592E-03  -7.013156E-03
   6.950109E-03  -6.829857E-03  -6.821812E-03
  -2.965259E-03   2.465673E-03   7.969050E-03
   2.889313E-03  -4.145827E-03   7.841359E-03
   1.137588E-04  -8.814893E-04  -1.416324E-02
   2.420791E-02  -7.366117E-03   8.581314E-02
  -1.320938E-02   8.486859E-02  -6.039400E-01
   1.489058E-01  -1.899437E-02   1.504968E-01
  -1.446499E-01  -2.673153E-02   1.453221E-01
  -7.859722E-01  -4.588148E-03  -3.867032E-01
   7.880669E-01  -3.301339E-02  -3.963652E-01
   2.833724E-04   2.441146E-02   9.645560E-01
  -1.439941E-03  -5.155817E-03  -8.759830E-03
  -1.928776E-02  -2.236336E-02   2.513940E-02
   7.000219E-03  -1.043443E-02   7.282013E-03
  -6.623553E-03   9.868292E-03   6.340836E-03
   2.992758E-03  -4.789409E-03  -7.936074E-03
  -2.713649E-03   6.943744E-03  -7.692134E-03
  -2.123600E-04   1.570071E-03   1.386977E-02
  -2.420494E-02   7.311432E-03  -8.779284E-02
   1.311489E-02  -8.050230E-02   5.967852E-01
  -1.500566E-01   2.360207E-02  -1.472120E-01
   1.448318E-01   2.386283E-02  -1.438891E-01
   7.839221E-01   8.374719E-03   3.868303E-01
  -7.840842E-01   2.468911E-02   3.929501E-01
  -2.283385E-04  -2.210775E-02  -9.588870E-01
   1.110965E-03   3.979940E-03   9.553279E-03
   1.826374E-02   2.127945E-02  -2.351842E-02
  -6.959195E-03   7.944804E-03  -7.194908E-03
   6.857452E-03  -9.582924E-03  -6.656912E-03
  -2.985655E-03   2.687508E-03   7.882514E-03
   2.665452E-03  -6.449749E-03   7.636957E-03
   1.946894E-04   9.691670E-04  -1.381433E-02
  -1.289078E-02   9.118175E-03  -9.133363E-02
   5.547334E-03  -5.303769E-02   6.143973E-01
  -1.552997E-01   1.206579E-02  -1.498458E-01
   1.528162E-01   1.163627E-02  -1.471223E-01
   8.064752E-01   4.102033E-03   3.976674E-01
  -8.074876E-01   2.040249E-02   4.018704E-01
   4.412364E-04  -1.551060E-02  -9.862869E-01
  -3.284176E-03  -3.043711E-03   1.151689E-03
   1.535636E-02   1.694130E-02  -1.549544E-02
  -7.104610E-03   1.102108E-02  -7.123173E-03
   6.849876E-03  -6.965926E-03  -6.688347E-03
  -2.968845E-03   4.679145E-03   8.033191E-03
   2.988216E-03  -4.581031E-03   7.937227E-03
   1.112634E-04  -3.321859E-03  -1.424391E-02
   1.842353E-02  -6.813586E-03   8.995404E-02
  -1.082907E-02   6.021205E-02  -6.080594E-01
   1.543184E-01  -1.913274E-02   1.485377E-01
  -1.488424E-01  -1.892464E-02   1.463355E-01
  -7.990452E-01  -1.606184E-03  -3.942614E-01
   7.981466E-01  -1.814269E-02  -3.982931E-01
   8.120465E-05   1.731047E-02   9.763533E-01
   1.822129E-03   4.648570E-04  -4.694971E-03
  -1.625542E-02  -1.844826E-02   1.899278E-02
   7.065218E-03  -9.086853E-03   7.206232E-03
  -6.901206E-03   8.711050E-03   6.686658E-03
   3.013929E-03  -3.606337E-03  -7.942114E-03
  -2.789031E-03   5.705457E-03  -7.752844E-03
  -1.612947E-04  -1.207306E-03   1.410137E-02
  -1.951953E-02   9.591895E-03  -8.934881E-02
   8.274872E-03  -7.572303E-02   6.038353E-01
  -1.515930E-01   1.724316E-02  -1.487139E-01
   1.492907E-01   1.737618E-02  -1.447927E-01
   7.926301E-01   1.138617E-02   3.906596E-01
  -7.947681E-01   2.749081E-02   3.971820E-01
   2.665901E-04  -2.103374E-02  -9.703345E-01
  -1.698428E-05   1.905167E-03   6.715717E-03
   1.765273E-02   2.020396E-02  -2.061185E-02
  -6.954891E-03   9.821954E-03  -7.056624E-03
   6.770116E-03  -7.938670E-03  -6.588007E-03
  -2.943956E-03   3.726537E-03   8.008642E-03
   2.854644E-03  -5.368208E-03   7.844698E-03
   1.489197E-04  -3.539867E-03  -1.401484E-02
  -2.408909E-02   8.827164E-03  -8.724102E-02
   1.405848E-02  -8.476032E-02   5.963765E-01
  -1.504547E-01   2.475451E-02  -1.469656E-01
   1.434501E-01   2.477563E-02  -1.450103E-01
   7.832634E-01   7.296510E-03   3.867119E-01
  -7.824738E-01   2.376551E-02   3.927078E-01
  -2.907388E-04  -2.287068E-02  -9.575568E-01
   8.474062E-04   3.440675E-03   8.472921E-03
   1.813059E-02   2.115246E-02  -2.274046E-02
  -6.812466E-03   1.057373E-02  -7.024641E-03
   6.896497E-03  -6.991801E-03  -6.669021E-03
  -2.880457E-03   2.727182E-03   7.847083E-03
   2.732747E-03  -6.359475E-03   7.639220E-03
   1.763916E-04  -1.348666E-04  -1.381952E-02
  -1.299515E-02   7.537966E-03  -9.178925E-02
   4.569025E-03  -4.867503E-02   6.145774E-01
  -1.546758E-01   1.089741E-02  -1.502727E-01
   1.540395E-01   1.063986E-02  -1.461182E-01
   8.067243E-01   5.226230E-03   3.977124E-01
  -8.087361E-01   2.141947E-02   4.020293E-01
   4.869475E-04  -1.476620E-02  -9.871227E-01
  -3.008679E-03  -2.521945E-03   2.273200E-03
   1.550028E-02   1.712782E-02  -1.630321E-02
  -7.215464E-03   8.328190E-03  -7.237847E-03
   6.769574E-03  -9.633159E-03  -6.612846E-03
  -3.072631E-03   4.637584E-03   8.071495E-03
   2.915384E-03  -4.651657E-03   7.938739E-03
   1.311860E-04  -2.202855E-03  -1.426934E-02
  -1.554332E-02   7.827107E-03  -9.017701E-02
   7.980431E-03  -5.751534E-02   6.057674E-01
  -1.551411E-01   1.557190E-02  -1.477901E-01
   1.519425E-01   1.507063E-02  -1.448791E-01
   7.993855E-01   4.239520E-03   3.940834E-01
  -7.999505E-01   2.008895E-02   3.985633E-01
   1.040012E-04  -1.635989E-02  -9.761584E-01
  -2.592673E-03  -1.611704E-03   3.047053E-03
   1.583469E-02   1.782621E-02  -1.738732E-02
  -7.059314E-03   9.635827E-03  -7.098176E-03
   6.851674E-03  -8.102795E-03  -6.674519E-03
  -2.979134E-03   3.823408E-03   7.962776E-03
   2.856101E-03  -5.235027E-03   7.834758E-03
   1.466000E-04  -9.404972E-04  -1.413240E-02
   2.284091E-02  -8.508312E-03   8.900203E-02
  -1.129890E-02   7.962501E-02  -6.052042E-01
   1.504085E-01  -2.111479E-02   1.493494E-01
  -1.458723E-01  -2.156533E-02   1.460674E-01
  -7.909113E-01  -9.063384E-03  -3.901564E-01
   7.916797E-01  -2.586613E-02  -3.963934E-01
  -7.346208E-05   2.235349E-02   9.689203E-01
  -9.801890E-04  -3.432561E-03  -8.695557E-03
  -1.819300E-02  -2.098513E-02   2.246934E-02
   6.950391E-03  -9.235464E-03   7.161384E-03
  -6.812966E-03   8.559245E-03   6.589836E-03
   2.993455E-03  -3.493074E-03  -7.969589E-03
  -2.796255E-03   5.849060E-03  -7.739437E-03
  -1.651482E-04   1.433738E-03   1.395626E-02
   2.176209E-02  -7.571083E-03   8.929569E-02
  -1.070887E-02   7.542585E-02  -6.071221E-01
   1.504854E-01  -2.018859E-02   1.496913E-01
  -1.471980E-01  -2.051596E-02   1.461640E-01
  -7.929308E-01  -8.097234E-03  -3.910323E-01
   7.943182E-01  -2.485988E-02  -3.974471E-01
   3.076517E-05   2.182645E-02   9.716814E-01
  -2.466134E-04  -2.562423E-03  -7.897062E-03
  -1.786980E-02  -2.091683E-02   2.191422E-02
   6.988692E-03  -9.332586E-03   7.179690E-03
  -6.840556E-03   8.450196E-03   6.639031E-03
   3.019429E-03  -3.809840E-03  -7.982163E-03
  -2.809011E-03   5.559165E-03  -7.766063E-03
  -1.655166E-04   1.366452E-03   1.399962E-02
  -1.647878E-02   8.814226E-03  -8.991921E-02
   8.508258E-03  -6.137764E-02   6.043797E-01
  -1.552376E-01   1.640097E-02  -1.475263E-01
   1.507586E-01   1.602528E-02  -1.448972E-01
   7.980174E-01   5.123394E-03   3.935344E-01
  -7.979184E-01   2.101417E-02   3.977638E-01
   2.132581E-04  -1.677703E-02  -9.741621E-01
  -1.967040E-03  -9.461277E-04   3.705774E-03
   1.615562E-02   1.791961E-02  -1.789324E-02
  -7.028764E-03   9.555513E-03  -7.085494E-03
   6.830725E-03  -8.210946E-03  -6.633931E-03
  -2.956080E-03   3.509635E-03   7.954435E-03
   2.849166E-03  -5.529633E-03   7.814999E-03
   1.454877E-04  -9.987819E-04  -1.410027E-02
