    4,1        1,3               # harmonic with-HN
   -1.472858645327051e-01
    4,2        1,3    
    8.343517703091645e-02
    4,3        1,3    
   -2.881023160681415e-01
    4,1        1,14   
   -7.764634136803943e-02
    4,2        1,14   
    3.618595551493830e-02
    4,3        1,14   
    1.508634027547982e-01
    2,1        6,1    
   -4.996094939178333e-01
    2,2        6,1    
    4.915526103614053e-02
    5,1        2,1        7,1    # C2v-planar B2 x B1 -> G8 irred-5 x irred-7 x irred-2
    8.818802717425866e-03
    5,1        2,1        7,2    
    1.065332152665241e-02
    5,1        2,1        7,3    
   -5.382287230767427e-02
    5,1        2,1        7,4    
    2.262920991304139e-01
    5,1        2,1        7,5    
    4.935312411275913e-02
    5,1        2,1        7,6    
    3.115922348813029e-01
    5,1        2,2        7,1    
   -1.580203355678249e-01
    5,1        2,2        7,2    
    1.323361075767212e-01
    5,1        2,2        7,3    
    4.702732561229721e-02
    5,1        2,2        7,4    
   -3.581519366147078e-02
    5,1        2,2        7,5    
   -5.931492126140790e-02
    5,1        2,2        7,6    
   -8.418096051562259e-02
    5,1        6,1        3,1    # C2v-planar B1 x B2 -> G8 irred-5 x irred-6 x irred-3
    9.042628333859157e-02
    5,1        6,1        3,2    
   -1.202671640996417e+00
    5,1        6,1        3,3    
   -3.485492280975485e+00
    5,1        6,1        3,4    
   -2.573873053371457e-01
    5,1        6,1        3,5    
   -1.871065154215411e-01
    5,1        6,1        3,6    
   -5.898658689228443e-02
    5,1        6,1        3,7    
    4.154848229219727e-02
    5,1        6,1        3,8    
   -1.142566684832492e-01
    5,1        6,1        3,9    
   -1.020728312007385e+00
    5,1        6,1        3,10   
    3.214619358617829e+00
    5,1        8,1        1,1    # C2v-planar / C2v-perpendicular A2 x A1 -> G8 irred-5 x irred-8 x irred-1
   -9.914950740665739e-01
    5,1        8,1        1,2    
   -2.291752701199549e-02
    5,1        8,1        1,3    
    2.506369556565630e+00
    5,1        8,1        1,5    
   -3.845839854043266e-01
    5,1        8,1        1,6    
   -1.151734547500989e+00
    5,1        8,1        1,7    
   -2.243603385450687e-01
    5,1        8,1        1,8    
   -4.084484568031380e-01
    5,1        8,1        1,9    
    6.229004915903134e-01
    5,1        8,1        1,10   
    6.942931776243291e-01
    5,1        8,1        1,11   
    7.134558710701029e-01
    5,1        8,1        1,12   
    4.570952170062580e-01
    5,1        8,1        1,13   
    5.673937773416575e-01
    5,1        8,1        1,14   
   -2.532468320547222e-01
    5,1        8,1               # HN spherical coordinate angles
    1.007887523818775e+01
    1,22       4,1               # 1st-scaling bias replacing an irred-1 HN coord
    2.579429746378737e-01
    1,22       4,2    
   -9.565329333720478e-02
    1,22       4,3    
    9.751066792967906e-01
    1,22       5,1        8,1    
    1.678490222213946e-01
    2,6        6,1               # 1st-scaling bias replacing an irred-2 HN coord
    2.878589788197867e+00
    2,6        5,1        7,1    
    3.364231065195663e+00
    2,6        5,1        7,2    
   -1.975608142093298e+00
    2,6        5,1        7,3    
   -5.882723223989077e-01
    2,6        5,1        7,4    
   -7.852387011008657e-02
    2,6        5,1        7,5    
    1.101036573076088e+00
    2,6        5,1        7,6    
    5.378531363446362e+00
    1,23       4,1               # 1st-scaling redundancy bias replacing an irred-1 HN coord
   -4.632876498183102e-01
    1,23       4,2    
    2.781943209971781e-01
    1,23       4,3    
   -7.098978621224923e-01
    1,23       5,1        8,1    
   -9.744826079857694e+00
    4,1        1,18              # 2nd-scaling harmonic with-HN
    4.138067596672609e-02
    4,2        1,18   
    6.097136966789150e-02
    4,3        1,18   
    4.171927788294051e-01
    4,1        1,19   
    2.152315536211110e-01
    4,2        1,19   
    7.064958336258101e-01
    4,3        1,19   
    1.002938959597487e+00
    7,8        3,1    
    1.128192822772916e+00
    7,8        3,2    
   -1.512469093683667e+01
    7,8        3,3    
   -4.013376786546660e+01
    7,8        3,4    
   -2.961325286437575e+00
    7,8        3,5    
   -2.430455732442210e+00
    7,8        3,6    
   -8.389732591760785e-01
    7,8        3,7    
    5.602517307723558e-01
    7,8        3,8    
   -1.539370988019995e+00
    7,8        3,9    
   -1.150334317274184e+01
    7,8        3,10   
    3.644447557158850e+01
    5,2        2,3        7,1    # 2nd-scaling C2v-planar B2 x B1 -> G8 irred-5 x irred-7 x irred-2
   -4.224814404094321e-03
    5,2        2,3        7,2    
   -3.884696280790685e-01
    5,2        2,3        7,3    
   -3.486986820231883e-01
    5,2        2,3        7,4    
    7.374970504641987e-01
    5,2        2,3        7,5    
   -4.931667902984752e-01
    5,2        2,3        7,6    
   -1.190008934459092e+00
    5,2        2,3        7,8    
   -1.719156534614696e+01
    5,2        2,4        7,1    
    9.618593774264326e+00
    5,2        2,4        7,2    
   -8.972461177867491e+00
    5,2        2,4        7,3    
   -1.006018758258466e+00
    5,2        2,4        7,4    
    3.465914576035808e+00
    5,2        2,4        7,5    
    3.822925638656301e+00
    5,2        2,4        7,6    
    2.396753561833489e+01
    5,2        2,4        7,8    
   -3.299858715402807e+01
    5,2        8,2        1,1    # 2nd-scaling C2v-planar / C2v-perpendicular A2 x A1 -> G8 irred-5 x irred-8 x irred-1
    7.846124419108033e+01
    5,2        8,2        1,2    
   -7.059320985755396e+00
    5,2        8,2        1,18   
    1.176495017458611e+01
    5,2        8,2        1,19   
    5.843660476742991e+01
    5,2        8,2        1,5    
    2.572010232893534e+01
    5,2        8,2        1,6    
    7.220957825890545e+01
    5,2        8,2        1,7    
    3.311766302013233e+01
    5,2        8,2        1,8    
    7.702144677329203e+00
    5,2        8,2        1,9    
   -2.390990842985116e+01
    5,2        8,2        1,10   
   -2.872819566882677e+01
    5,2        8,2        1,11   
   -3.751348465283685e+01
    5,2        8,2        1,12   
   -1.988362467051152e+01
    5,2        8,2        1,13   
   -3.784100085441103e+01
    5,2        8,2               # 2nd-scaling HN spherical coordinate angles
   -1.411638482038268e+01
    1,24       4,1               # 2nd-scaling bias replacing an irred-1 HN coord
    7.579449060040139e-01
    1,24       4,2    
   -3.010547583762883e-01
    1,24       4,3    
   -4.395674316424639e-01
    1,24       5,2        8,2    
    2.549374756708905e+00
    2,7        5,2        7,1    # 2nd-scaling C2v-planar B2 x B1 -> G8 irred-5 x irred-7 x irred-2
    3.721480524052646e+00
    2,7        5,2        7,2    
   -1.446127542857058e+00
    2,7        5,2        7,3    
   -6.226660416201678e-01
    2,7        5,2        7,4    
   -4.668371412139617e-01
    2,7        5,2        7,5    
    2.309325900218631e+00
    2,7        5,2        7,6    
    8.037812527617650e+00
    2,7        5,2        7,8    
    3.956317632837543e+01
    8,1        2,1        3,1               # C2v-perpendicular B1 x B2 -> G8 irred-8 x irred-2 x irred-3
   -1.267582973618928e+01
    8,1        2,1        3,2    
    1.235576138777840e+01
    8,1        2,1        3,3    
   -1.147862152958143e+01
    8,1        2,1        3,4    
    2.064008741956488e-01
    8,1        2,1        3,5    
   -8.572907392374928e-01
    8,1        2,1        3,6    
   -4.067263571155836e-01
    8,1        2,1        3,7    
   -3.262942084269211e+00
    8,1        2,1        3,8    
   -2.627952733782189e+00
    8,1        2,1        3,9    
   -1.322640682324161e+00
    8,1        2,1        3,10   
    2.191712276127137e+00
    8,1        2,2        3,1    
   -1.534730813679937e+00
    8,1        2,2        3,2    
   -1.492418415324732e+01
    8,1        2,2        3,3    
   -1.097782103184817e+00
    8,1        2,2        3,4    
    4.288296764418655e+00
    8,1        2,2        3,5    
   -7.213459255661702e+00
    8,1        2,2        3,6    
    1.843146932097115e+00
    8,1        2,2        3,7    
   -5.616168543272539e+00
    8,1        2,2        3,8    
   -1.114915550257387e+01
    8,1        2,2        3,9    
    5.963597730099000e+00
    8,1        2,2        3,10   
    1.576146089252946e+00
    8,1        6,1        7,1               # C2v-perpendicular B2 x B1 -> G8 irred-8 x irred-6 x irred-7
    6.709539445330087e-02
    8,1        6,1        7,2    
   -2.166231511314694e-02
    8,1        6,1        7,3    
   -1.024896966338029e-02
    8,1        6,1        7,4    
    5.973225947657237e-02
    8,1        6,1        7,5    
    9.484398979495981e-02
    8,1        6,1        7,6    
    3.475076387229614e-01
    7,7        3,13                         # HN spherical coordinate angles
   -5.813907491650555e-02
    2,6        8,1        3,1    # 1st-scaling bias replacing an irred-2 HN coord
    2.575378628680727e+01
    2,6        8,1        3,2    
   -3.379399009937899e+01
    2,6        8,1        3,3    
   -2.725633003750611e+01
    2,6        8,1        3,4    
    2.925774171698650e-01
    2,6        8,1        3,5    
    4.942394032160697e+00
    2,6        8,1        3,6    
   -4.541626071235592e+00
    2,6        8,1        3,7    
    7.767976990295098e-01
    2,6        8,1        3,8    
    5.203179390402441e+00
    2,6        8,1        3,9    
    1.061430767999764e+01
    2,6        8,1        3,10   
   -1.781536850506814e+01
    3,14       7,1               # 2nd-scaling harmonic with-HN
   -6.091784737062095e-01
    3,14       7,2    
    2.804825032117211e-01
    3,14       7,3    
    1.895957848928193e-01
    3,14       7,4    
   -6.977167705127558e-01
    3,14       7,5    
   -5.901455200935307e-01
    3,14       7,6    
   -3.053739701856149e+00
    3,14       7,8    
    4.092720807148564e+00
    8,2        2,3        3,1    # 2nd-scaling C2v-perpendicular B1 x B2 -> G8 irred-8 x irred-2 x irred-3
   -1.347929894526358e+01
    8,2        2,3        3,2    
    1.286952970291479e+01
    8,2        2,3        3,3    
   -6.095444705912522e+00
    8,2        2,3        3,4    
   -1.606998493025040e+00
    8,2        2,3        3,5    
    1.893956186225139e-01
    8,2        2,3        3,6    
    1.527923132920346e+00
    8,2        2,3        3,7    
    7.727644207569581e-01
    8,2        2,3        3,8    
    2.232499866156211e+00
    8,2        2,3        3,9    
    7.706106448024143e-01
    8,2        2,3        3,10   
   -5.582720573629441e+00
    8,2        2,4        3,1    
    1.196515421852245e+01
    8,2        2,4        3,2    
   -2.871223617209407e+01
    8,2        2,4        3,3    
    1.239926244816055e+02
    8,2        2,4        3,4    
    1.870448100353320e+00
    8,2        2,4        3,5    
   -4.648388205397795e+00
    8,2        2,4        3,6    
    3.213588393463373e-01
    8,2        2,4        3,7    
    4.845786950414133e+00
    8,2        2,4        3,8    
   -1.541097095250488e+00
    8,2        2,4        3,9    
    6.275796669727696e+00
    8,2        2,4        3,10   
   -2.982456716869886e+01
    2,7        8,2        3,1    # 2nd-scaling bias replacing an irred-2 HN coord
   -2.909078612089461e+00
    2,7        8,2        3,2    
    7.320443239812015e-01
    2,7        8,2        3,3    
    4.308989335821384e+00
    2,7        8,2        3,4    
   -6.775489887647446e-01
    2,7        8,2        3,5    
    1.584734785097498e-01
    2,7        8,2        3,6    
   -7.926925274812047e-01
    2,7        8,2        3,7    
    4.103689910979099e-01
    2,7        8,2        3,8    
   -5.606173640884159e-02
    2,7        8,2        3,9    
    4.095627472590123e+00
    2,7        8,2        3,10   
   -8.947879883658082e+00
