    3,1                                     # harmonic no-HN
   -3.711372430598644e+00   -2.282322951827415e-06
    3,2    
    2.712112043146415e+00    1.083066491380331e-06
    3,3    
    1.205786537255063e+00    1.974384178119088e-06
    3,4    
   -5.082131240019850e-01   -2.514218091369882e-05
    3,5    
   -3.055724147051153e-02   -4.734285750298997e-07
    3,6    
    8.617144571786831e-02   -3.844356076819696e-07
    3,7    
    8.702801668143076e-02    4.550511533311791e-07
    3,8    
   -4.515973229161598e-02    8.083741165148747e-06
    3,9    
   -3.922315483274185e-02   -1.022444602872186e-05
    3,10   
    2.700805609452569e-02    1.521935956761370e-06
    3,1        1,1    
    7.647488601736336e+00   -4.085748790218161e-06
    3,2        1,1    
   -4.187742873675737e+01    1.265304222799748e-05
    3,3        1,1    
    3.566616618651039e+01   -1.278880980356732e-05
    3,4        1,1    
   -1.605740906366736e-01    1.619737031309030e-06
    3,5        1,1    
   -1.874601421827141e+00   -1.486214524557790e-07
    3,6        1,1    
    1.284328146997335e+00   -4.640633637642972e-07
    3,7        1,1    
   -2.239465341838305e-01    7.307756432014447e-08
    3,8        1,1    
    5.028594430168103e-03   -4.166844757533751e-07
    3,9        1,1    
    8.151700894334296e-02    3.635690646108305e-07
    3,10       1,1    
    2.986309151186084e+00    2.517765847531115e-06
    3,1        1,2    
   -1.362337757068317e+00   -9.913977697413984e-07
    3,2        1,2    
    1.346579810760626e+01   -3.340882835143334e-06
    3,3        1,2    
   -1.137378774482231e+01    4.298947437366336e-06
    3,4        1,2    
   -1.237196138168922e-01    3.720555440637879e-07
    3,5        1,2    
    1.833201874934303e+00   -7.046149573813669e-07
    3,6        1,2    
   -6.472992848780750e-01    4.627219799646251e-07
    3,7        1,2    
   -5.090079408343456e-02    3.296204153422999e-08
    3,8        1,2    
   -1.342690488075556e-02   -2.862910874026271e-08
    3,9        1,2    
   -2.103238817694636e-02    4.272842181734554e-08
    3,10       1,2    
   -2.147391899994980e-01    5.097099955361242e-07
    3,1        1,5    
    1.190236566204937e+00    2.764477312748884e-06
    3,2        1,5    
    5.955785397237049e+01   -1.984170264504546e-05
    3,3        1,5    
   -5.482423705508982e+01    2.114913136665849e-05
    3,4        1,5    
    2.357896007339003e-01   -2.410037893219484e-08
    3,5        1,5    
    3.581473555002377e+00   -3.611546717431026e-07
    3,6        1,5    
   -4.344068456058931e+00    2.236073297173531e-06
    3,7        1,5    
   -1.404492338762969e-01    8.408584797149240e-08
    3,8        1,5    
   -6.720566023916502e-02   -3.464511451327060e-08
    3,9        1,5    
   -2.432012946027058e-02   -1.487453230466902e-08
    3,10       1,5    
   -4.516443900830675e+00   -2.878032617825116e-06
    3,1        1,6    
    2.327732361226215e-01   -1.014486075746898e-06
    3,2        1,6    
    7.233009048454130e-01    5.922121110251071e-07
    3,3        1,6    
   -2.982870835500061e+00    9.814391881140520e-07
    3,4        1,6    
   -5.304391050083967e-02    4.537792656627451e-07
    3,5        1,6    
    1.508259532687070e-01   -5.664558931480434e-07
    3,6        1,6    
   -2.814486688946241e-01    3.455749593855228e-07
    3,7        1,6    
   -6.119436581938288e-02    2.746358329351614e-08
    3,8        1,6    
    1.674538917273047e-01   -1.217654062868583e-07
    3,9        1,6    
   -1.635496266747250e-03    1.456685268502482e-07
    3,10       1,6    
    5.016850912539677e-01    9.683636987864525e-07
    3,1        1,7    
    3.198127690863759e+00    1.787280957864736e-06
    3,2        1,7    
   -7.895849853936438e+01    2.180690429567851e-05
    3,3        1,7    
    7.426512954215330e+01   -3.139386346292821e-05
    3,4        1,7    
   -2.183427393410948e-01   -2.006460412742150e-07
    3,5        1,7    
   -4.320684205966116e+00    3.897556321516293e-07
    3,6        1,7    
    3.947411948013881e+00   -2.085217530072169e-06
    3,7        1,7    
    4.087734559065610e-02    4.068103235947093e-08
    3,8        1,7    
    7.602351137418097e-02    4.299028550242277e-09
    3,9        1,7    
    1.635500043498974e-01   -1.109585378655795e-07
    3,10       1,7    
    5.094814454361140e+00   -4.596938478393232e-06
    3,1        1,8    
    6.218329756846169e-01    8.279789045714077e-07
    3,2        1,8    
   -1.006948401311975e+00   -2.037547469322946e-07
    3,3        1,8    
    1.413008525029968e+00   -1.388199070372599e-06
    3,4        1,8    
   -4.512202753242698e-01    3.083963134532848e-06
    3,5        1,8    
    2.605778283831359e-01   -2.723311714074125e-07
    3,6        1,8    
   -3.627605602140222e-01    4.402304372158026e-07
    3,7        1,8    
   -9.277483548597257e-02    1.170046644464396e-07
    3,8        1,8    
    8.073428324660029e-02   -6.458112640650154e-07
    3,9        1,8    
    2.608189012157466e-02    7.167214502394226e-07
    3,10       1,8    
    2.137690235951013e-01   -4.593565071970233e-07
    3,1        1,9    
    7.174262617870122e-01   -3.213033084184150e-07
    3,2        1,9    
   -7.307299234803804e-01    1.953479699614617e-08
    3,3        1,9    
    4.709657271369957e-01   -2.240655638111674e-07
    3,4        1,9    
    1.531457749792655e-02   -9.955640449229754e-08
    3,5        1,9    
    2.573893036135620e-02   -5.959031151885064e-08
    3,6        1,9    
   -2.747501823801774e-01    6.273613072688836e-08
    3,7        1,9    
   -2.172174070074300e-02    1.834503112422249e-08
    3,8        1,9    
   -1.644101949554470e-02    7.190258943908624e-10
    3,9        1,9    
    1.782072983998471e-02   -1.712870136890282e-08
    3,10       1,9    
    1.421749245708566e-02    1.406143634519459e-07
    3,1        1,10   
   -6.193129470337468e+00   -4.991157366599677e-07
    3,2        1,10   
    1.338531041852976e+01   -2.659513243192730e-06
    3,3        1,10   
   -7.813684787933127e+00    2.756815653425690e-06
    3,4        1,10   
    1.807841756525047e-02   -2.441480894629683e-07
    3,5        1,10   
    9.240550717562720e-01   -4.683111142374933e-07
    3,6        1,10   
   -5.467349435595752e-01    5.688186166044597e-08
    3,7        1,10   
   -2.159823345576329e-02    2.311937500717630e-08
    3,8        1,10   
   -1.097431568937833e-01    3.583362388710621e-08
    3,9        1,10   
    2.277757313912568e-02   -3.140230690313067e-08
    3,10       1,10   
   -2.672074034625654e-01   -8.952152335066163e-10
    3,1        1,11   
   -1.160833520103942e+01    6.707283963833188e-08
    3,2        1,11   
    1.440201235536022e+01   -8.832413247994185e-07
    3,3        1,11   
   -7.757627285266439e+00    1.547691551072138e-06
    3,4        1,11   
    6.140682557849380e-02   -7.125454475979982e-08
    3,5        1,11   
   -1.095604832691772e+00   -4.181748985284933e-07
    3,6        1,11   
   -9.578837401026126e-01   -2.597322239780350e-07
    3,7        1,11   
    2.394256418164472e-02   -7.738804553279742e-09
    3,8        1,11   
   -7.884679624448651e-03    1.297353006371644e-08
    3,9        1,11   
   -3.660363927567721e-02   -6.020775614560693e-09
    3,10       1,11   
   -1.985294032298214e+00   -1.424264135857804e-06
    3,1        1,12   
   -2.391916840155544e-01    2.422364097511768e-07
    3,2        1,12   
   -7.604726193549237e-02   -1.845802600627435e-08
    3,3        1,12   
    3.074412893822049e-01   -1.744039133070591e-07
    3,4        1,12   
   -8.109388970986636e-02    1.243308209094033e-06
    3,5        1,12   
   -5.243093134991180e-02   -5.632669451439473e-10
    3,6        1,12   
   -2.922217419007759e-02    6.309465100739714e-08
    3,7        1,12   
   -1.796823965850124e-02    2.820419418119634e-08
    3,8        1,12   
   -6.880941707693078e-02   -7.311847062130064e-07
    3,9        1,12   
   -1.483935176596012e-02    4.367165201292679e-07
    3,10       1,12   
    1.987884440735775e-03   -1.143251224530617e-07
    3,1        1,13   
    5.026945920433499e-01   -5.634902898736706e-08
    3,2        1,13   
   -3.509351528718633e-01    7.187985591795567e-08
    3,3        1,13   
    3.942654522075559e-01   -2.416845874858471e-07
    3,4        1,13   
    4.685516495933931e-02    7.564385121334610e-07
    3,5        1,13   
    5.733579970917630e-02   -2.411234571033862e-08
    3,6        1,13   
   -4.874988712496516e-01    1.946886310365444e-07
    3,7        1,13   
    1.422431755782990e-02    1.705570050906761e-08
    3,8        1,13   
    3.831747812854020e-03   -2.386882746824115e-07
    3,9        1,13   
    2.532103043059094e-02    5.088849124969652e-07
    3,10       1,13   
    5.045692961829579e-01   -2.077786276149315e-07
    7,1        4,1    
   -1.497237564398070e-01    1.809445879196741e-08
    7,2        4,1    
    1.341468609543408e-01    5.303254443682185e-08
    7,3        4,1    
    2.649556120276266e-01   -1.426042835625410e-07
    7,4        4,1    
   -1.761040780834097e-01    6.340609343698659e-08
    7,5        4,1    
   -4.399189753989783e-01    8.106589581930261e-08
    7,6        4,1    
    1.361251352690947e-01   -2.443083684670952e-07
    7,1        4,2    
    1.891122451651196e-01   -3.999132928604580e-08
    7,2        4,2    
    3.590965674757244e-01   -1.539933592704154e-07
    7,3        4,2    
   -3.872722085422516e-01    1.551670844276133e-07
    7,4        4,2    
    3.427689807638921e-02   -2.697081517947060e-08
    7,5        4,2    
   -1.090176008684719e-01    8.549867065452594e-08
    7,6        4,2    
   -4.615699731370090e-01    1.839771113865661e-07
    7,1        4,3    
    1.341082729641122e-02    3.059676061382526e-08
    7,2        4,3    
   -5.552646706686726e-01    6.849058709945873e-08
    7,3        4,3    
    1.022753784092573e-01    1.908104327171228e-08
    7,4        4,3    
    3.005565371472535e-01   -9.952427954279849e-08
    7,5        4,3    
    3.883420038188439e-01   -5.176142975337766e-08
    7,6        4,3    
    2.157923162533530e-01    1.573356908808261e-07
    3,1        1,3                           # harmonic with-HN
    3.813200348881412e-07   -3.500617893013581e+00
    3,2        1,3    
   -1.899012606144113e-06    4.014812089390606e+00
    3,3        1,3    
    2.757942548291996e-06   -4.121202295267569e+00
    3,4        1,3    
    7.368340096541096e-08    1.468841018588466e-01
    3,5        1,3    
    6.655756608923939e-07   -3.208100319001728e-01
    3,6        1,3    
    4.084765813659242e-07   -1.501713542145311e-01
    3,7        1,3    
    5.329168082598406e-08   -1.704999550390260e-02
    3,8        1,3    
   -6.148642459846520e-08   -1.015559220961076e-02
    3,9        1,3    
   -3.634739138048931e-08   -1.141471835248695e-02
    3,10       1,3    
   -1.136269666999613e-06   -1.038620997049606e+00
    3,1        1,14   
   -1.579717512385867e-08   -5.919877365996926e-02
    3,2        1,14   
   -3.855973366141437e-07   -1.911757921749527e-01
    3,3        1,14   
    9.942745454782445e-08    6.472564739104887e-01
    3,4        1,14   
    1.662879882310458e-07   -2.678980796448946e-01
    3,5        1,14   
   -2.043049143023549e-07    1.408592346719714e-01
    3,6        1,14   
    5.801595494122456e-08   -9.942036077812537e-02
    3,7        1,14   
   -4.019621723948014e-08   -7.538643506620715e-02
    3,8        1,14   
   -9.852582109703226e-08    3.060726548340617e-02
    3,9        1,14   
    2.004769001862366e-07    2.508264684963911e-02
    3,10       1,14   
   -4.070048419822200e-07    1.963162552032062e-02
    5,1        2,1    
    1.608801024707922e-08    9.714736362265216e-03
    5,1        2,2    
   -1.292311535710360e-06    8.945141606068534e-02
    8,1        6,1    
   -1.702945019043756e-06   -8.988021118743462e-02
    5,1        2,1        1,1               # C2v-planar B2 x A1 <- G8 irred-5 x irred-2 x irred-1
   -2.011443187065842e-07    8.273106787038403e-02
    5,1        2,1        1,2    
   -2.223118505149162e-07    7.143937222001513e-02
    5,1        2,1        1,3    
    9.651208016277669e-08   -6.943540515079789e-02
    5,1        2,1        1,5    
   -7.874046983349245e-07    1.385628970936187e-01
    5,1        2,1        1,6    
    1.404023095968083e-07   -8.251246599686200e-02
    5,1        2,1        1,7    
   -2.101299142737555e-07    8.173750424516131e-02
    5,1        2,1        1,8    
   -1.750935872289099e-07    4.231602346701747e-02
    5,1        2,1        1,9    
   -1.518081061390737e-07    3.820327144856186e-02
    5,1        2,1        1,10   
    6.075631294456358e-08   -6.684475029905593e-02
    5,1        2,1        1,11   
    1.524222287633234e-06   -2.855450846870164e-01
    5,1        2,1        1,12   
    2.042741699834597e-08    1.119124175342847e-02
    5,1        2,1        1,13   
   -2.014398843851598e-08   -1.938293673437059e-03
    5,1        2,1        1,14   
    3.229261942117454e-08    5.690120555193655e-03
    5,1        2,2        1,1    
    6.140780957834513e-07   -4.124322176708836e-01
    5,1        2,2        1,2    
    1.419788212719423e-07    2.249452382169008e-02
    5,1        2,2        1,3    
   -6.185668083647800e-08    5.021467916653056e-02
    5,1        2,2        1,5    
   -6.262841980363176e-07    8.307915430752068e-02
    5,1        2,2        1,6    
    5.412763903808983e-07   -8.038717410730674e-02
    5,1        2,2        1,7    
   -6.796331553594534e-08   -1.802885799732757e-02
    5,1        2,2        1,8    
    7.888106095552227e-07   -8.966900502064283e-02
    5,1        2,2        1,9    
    1.340512047325947e-08   -8.559048235411380e-02
    5,1        2,2        1,10   
   -2.332853518482616e-07    2.633211536191356e-02
    5,1        2,2        1,11   
   -1.753676933711862e-07    4.583317055136602e-02
    5,1        2,2        1,12   
    1.724339856704036e-07   -9.497122523665264e-03
    5,1        2,2        1,13   
    1.207080323931850e-07   -1.345757015203163e-01
    5,1        2,2        1,14   
   -1.130830167526932e-07   -7.840702886727886e-02
    5,1        6,1        4,1               # C2v-planar B1 x A2 <- G8 irred-5 x irred-6 x irred-4
   -1.265591448838190e-07    3.297205862592648e-02
    5,1        6,1        4,2    
    3.567842889744029e-08   -9.128235375967066e-02
    5,1        6,1        4,3    
    1.692995415635951e-07    3.093481802350031e-02
    8,1        2,1        4,1               # C2v-perpendicular B1 x A2 <- G8 irred-8 x irred-2 x irred-4
    1.829226631542320e-06    1.402045251489282e+00
    8,1        2,1        4,2    
   -5.595392433089254e-07   -4.398643923733526e-01
    8,1        2,1        4,3    
   -1.824853111451029e-06    3.134724970330378e-01
    8,1        2,2        4,1    
   -2.590811516569604e-06   -3.376674929496779e+00
    8,1        2,2        4,2    
    8.440163191545552e-06    2.027831728774509e+00
    8,1        2,2        4,3    
   -1.109986521104877e-06    5.393517923291038e-01
    8,1        6,1        1,1               # C2v-perpendicular B2 x A1 <- G8 irred-8 x irred-6 x irred-1
   -1.918918199579944e-06    2.780309046616546e-02
    8,1        6,1        1,2    
   -1.068875442494550e-07   -9.548858363235264e-02
    8,1        6,1        1,3    
   -5.970246418147712e-08    7.535867868831119e-04
    8,1        6,1        1,5    
    5.988578197982266e-07   -2.244414246764160e-01
    8,1        6,1        1,6    
   -2.622829486968064e-07    4.721400707378630e-01
    8,1        6,1        1,7    
    5.297050260976846e-07   -2.212696494994617e-01
    8,1        6,1        1,8    
   -9.856344894739100e-08    5.107701915859731e-02
    8,1        6,1        1,9    
   -1.141938444485714e-07   -2.570001852600489e-03
    8,1        6,1        1,10   
    4.783174102138322e-08   -5.231051377402262e-02
    8,1        6,1        1,11   
    7.321263457431227e-07    1.408778510518775e-01
    8,1        6,1        1,12   
    3.341461151195877e-08   -6.601516798908532e-04
    8,1        6,1        1,13   
   -1.453992857919294e-07   -6.662257412302869e-02
    8,1        6,1        1,14   
   -2.079219418689018e-06   -2.112589467755156e-01
    5,1        8,1        7,1               # C2v-planar / C2v-perpendicular A2 x B1 <- G8 irred-5 x irred-8 x irred-7
    9.742577816035605e-08   -3.351343080376984e-01
    5,1        8,1        7,2    
   -1.736865622212795e-07    1.559196379668830e-01
    5,1        8,1        7,3    
    7.491610576641061e-08   -6.286340676279403e-02
    5,1        8,1        7,4    
    2.155146560561335e-08    2.848889296720563e-01
    5,1        8,1        7,5    
    1.432370280637588e-07   -2.654973742040626e-01
    5,1        8,1        7,6    
    4.009938692252599e-07   -6.886981994809573e-01
    3,13                                     # HN spherical coordinate angles
   -4.011004019586301e-06    1.204086184223645e-01
    3,13       1,4    
   -1.816486619094638e-06   -9.969466211157589e-03
