 N      7.   -4.48087107    0.13956346   -0.25855351   14.00307401
 C      6.   -1.75473633    0.01113316   -0.11636029   12.00000000
 C      6.   -0.37104287    0.20530858   -2.34659691   12.00000000
 C      6.   -0.46253238   -0.16159677    2.16946582   12.00000000
 C      6.    2.24147172    0.17526415   -2.28587346   12.00000000
 C      6.    2.15605996   -0.14210323    2.21753205   12.00000000
 C      6.    3.51610573    0.01441133   -0.00597769   12.00000000
 H      1.   -5.16430778   -1.64498420   -0.65311334    1.00782504
 H      1.   -5.12311364    0.49862821    1.54024958    1.00782504
 H      1.   -1.35556217    0.39509736   -4.10701637    1.00782504
 H      1.   -1.50160059   -0.32724993    3.90377107    1.00782504
 H      1.    3.28602780    0.31415965   -4.01967313    1.00782504
 H      1.    3.12596018   -0.26869585    3.99549884    1.00782504
 H      1.    5.54433042    0.01586625    0.03327301    1.00782504
