-285.8513868952
-285.8517209185
-285.8509480402
-285.8506715319
-285.8520423957
-285.8511855523
-285.8514953839
-285.8513838645
-285.8513511656
-285.8513814078
-285.8513538693
-285.8513979640
-285.8513368868
-285.8515140562
-285.8512269417
-285.8513071396
-285.8514258023
-285.8521142914
-285.8499858661
-285.8518531788
-285.8502229591
-285.8513790026
-285.8513656932
-285.8513317890
-285.8514133150
-285.8513276494
-285.8514213299
-285.8512851300
-285.8513952407
-285.8513857654
-285.8513386933
-285.8513663469
-285.8513393986
-285.8513675374
-285.8513682147
-285.8513579623
-285.8513783160
-285.8513305037
-285.8513495776
-285.8513803635
-285.8513801438
-285.8513698542
-285.8513766770
-285.8513652518
-285.8513820869
-285.8514655951
-285.8512863227
-285.8513139289
-285.8514339903
-285.8513789382
-285.8513800419
-285.8513822966
-285.8513817759
-285.8513756900
-285.8513801973
-285.8513650557
-285.8513767272
-285.8513635482
-285.8513800935
-285.8513810916
-285.8513875416
