0.0623912
0.0561162
0.0507316
0.0460426
0.0419797
0.0384793
0.0353944
0.0321356
0.0277628
0.0241825
0.0229078
0.0241825
0.0277628
0.0321356
0.0353944
0.0384792
0.0419797
0.0460426
0.0507316
0.0561162
0.0623912
0.0584247
0.0523398
0.0470867
0.0425059
0.0385427
0.0351533
0.0322534
0.029539
0.0261212
0.0228483
0.0216219
0.0228483
0.0261212
0.029539
0.0322534
0.0351533
0.0385427
0.0425059
0.0470867
0.0523397
0.0584246
0.0549243
0.0490038
0.0438649
0.039378
0.0355006
0.0322035
0.0294403
0.0270714
0.0245668
0.0218214
0.0206763
0.0218214
0.0245668
0.0270714
0.0294403
0.0322035
0.0355006
0.0393779
0.0438648
0.0490038
0.0549243
0.0518485
0.0460694
0.0410288
0.0366229
0.0328193
0.0295988
0.0269385
0.0247837
0.0229335
0.0209959
0.0200173
0.0209959
0.0229335
0.0247837
0.0269385
0.0295988
0.0328193
0.0366229
0.0410288
0.0460694
0.0518485
0.0491585
0.0435003
0.0385442
0.0342078
0.030467
0.0273102
0.0247285
0.0227093
0.0212193
0.0201495
0.0195948
0.0201495
0.0212193
0.0227093
0.0247285
0.0273102
0.030467
0.0342078
0.0385441
0.0435003
0.0491585
0.046819
0.0412635
0.0363792
0.0321022
0.0284147
0.0253108
0.0227902
0.02086
0.0195471
0.0189457
0.0193624
0.0189457
0.0195471
0.02086
0.0227902
0.0253108
0.0284147
0.0321021
0.0363792
0.0412635
0.0468189
0.0447974
0.0393286
0.0345052
0.0302783
0.026636
0.0235759
0.0211032
0.0192338
0.0180094
0.0175203
0.0176518
0.0175203
0.0180094
0.0192338
0.0211032
0.0235759
0.0266359
0.0302783
0.0345051
0.0393286
0.0447974
0.0430645
0.0376682
0.0328959
0.0287113
0.0251068
0.022083
0.0196482
0.0178219
0.0166445
0.016166
0.016181
0.016166
0.0166445
0.0178219
0.0196482
0.022083
0.0251067
0.0287113
0.0328959
0.0376682
0.0430645
0.041594
0.0362579
0.0315281
0.0273788
0.0238056
0.0208118
0.0184072
0.0166122
0.0154617
0.0149732
0.01493
0.0149732
0.0154617
0.0166122
0.0184072
0.0208118
0.0238056
0.0273788
0.0315281
0.0362579
0.041594
0.0403629
0.035076
0.0303812
0.0262609
0.0227137
0.0197443
0.0173638
0.0155923
0.0144583
0.0139576
0.0138813
0.0139576
0.0144583
0.0155923
0.0173638
0.0197443
0.0227137
0.0262609
0.0303812
0.035076
0.0403629
0.039351
0.0341039
0.0294373
0.0253406
0.0218145
0.0188649
0.0165035
0.0147499
0.0136269
0.0131161
0.0130196
0.0131161
0.0136269
0.0147499
0.0165035
0.0188649
0.0218145
0.0253406
0.0294373
0.0341039
0.039351
0.0385414
0.0333255
0.0286814
0.0246034
0.0210941
0.0181602
0.015814
0.0140741
0.0129591
0.0124413
0.0123321
0.0124413
0.0129591
0.0140741
0.015814
0.0181602
0.0210941
0.0246034
0.0286814
0.0333255
0.0385414
0.0379201
0.032728
0.028101
0.0240374
0.020541
0.0176194
0.015285
0.0135557
0.012447
0.0119251
0.0118083
0.0119251
0.012447
0.0135557
0.015285
0.0176194
0.020541
0.0240374
0.028101
0.032728
0.0379201
0.0374763
0.0323012
0.0276864
0.0236332
0.0201463
0.0172337
0.0149082
0.0131871
0.0120839
0.0115608
0.01144
0.0115608
0.0120839
0.0131871
0.0149082
0.0172337
0.0201463
0.0236332
0.0276864
0.0323012
0.0374763
0.0372021
0.0320377
0.0274307
0.0233842
0.0199036
0.0169971
0.0146777
0.012963
0.0118648
0.0113432
0.0112214
0.0113432
0.0118648
0.012963
0.0146777
0.0169971
0.0199035
0.0233842
0.0274307
0.0320377
0.0372021
0.0370928
0.0319331
0.0273297
0.0232863
0.0198087
0.0169055
0.01459
0.0128796
0.0117864
0.011269
0.0111489
0.011269
0.0117864
0.0128796
0.01459
0.0169055
0.0198087
0.0232863
0.0273297
0.0319331
0.0370928
0.0371467
0.0319858
0.0273817
0.023338
0.0198603
0.0169576
0.0146434
0.0129358
0.0118475
0.0113372
0.0112214
0.0113372
0.0118475
0.0129358
0.0146434
0.0169576
0.0198603
0.023338
0.0273817
0.0319858
0.0371467
0.0373652
0.032197
0.0275879
0.0235402
0.0200593
0.0171542
0.0148387
0.013132
0.0120486
0.0115484
0.01144
0.0115484
0.0120486
0.013132
0.0148387
0.0171542
0.0200593
0.0235402
0.0275879
0.032197
0.0373652
0.0377526
0.0325709
0.0279522
0.0238966
0.0204091
0.0174985
0.0151789
0.0134709
0.0123921
0.0119056
0.0118083
0.0119056
0.0123921
0.0134709
0.0151789
0.0174985
0.0204091
0.0238966
0.0279522
0.0325709
0.0377526
0.0383166
0.0331144
0.0284811
0.0244135
0.0209157
0.017996
0.0156691
0.0139571
0.0128822
0.0124134
0.0123321
0.0124134
0.0128822
0.0139571
0.0156691
0.017996
0.0209157
0.0244136
0.0284811
0.0331144
0.0383166
0.0390675
0.0338372
0.0291839
0.0250997
0.0215872
0.0186545
0.0163164
0.0145969
0.0135242
0.0130776
0.0130196
0.0130776
0.0135242
0.0145969
0.0163164
0.0186545
0.0215873
0.0250997
0.0291839
0.0338372
0.0390675
0.0400191
0.034752
0.0300725
0.0259665
0.0224347
0.0194842
0.0171301
0.0153982
0.0143244
0.0139049
0.0138813
0.0139049
0.0143244
0.0153982
0.0171301
0.0194842
0.0224347
0.0259665
0.0300725
0.0347521
0.0400191
0.0411879
0.0358744
0.0311616
0.0270278
0.0234711
0.0204974
0.0181211
0.0163699
0.0152885
0.0149003
0.01493
0.0149003
0.0152885
0.0163699
0.0181211
0.0204974
0.0234711
0.0270278
0.0311616
0.0358744
0.0411879
0.0425937
0.0372226
0.0324686
0.0283002
0.0247122
0.0217086
0.0193023
0.0175216
0.0164202
0.0160617
0.016181
0.0160617
0.0164202
0.0175216
0.0193024
0.0217086
0.0247122
0.0283002
0.0324686
0.0372226
0.0425937
0.0442593
0.0388178
0.0340135
0.0298027
0.026176
0.0231344
0.020688
0.0188627
0.0177167
0.0173639
0.0176518
0.0173639
0.0177167
0.0188627
0.0206881
0.0231344
0.026176
0.0298027
0.0340135
0.0388179
0.0442593
0.0462106
0.0406843
0.0358192
0.031557
0.0278828
0.0247934
0.0222936
0.0204006
0.0191622
0.0187086
0.0193624
0.0187086
0.0191622
0.0204007
0.0222936
0.0247934
0.0278829
0.031557
0.0358192
0.0406843
0.0462106
0.0484766
0.0428488
0.0379111
0.0335874
0.0298556
0.0267064
0.0241351
0.0221392
0.0207175
0.0198707
0.0195948
0.0198708
0.0207175
0.0221392
0.0241352
0.0267064
0.0298556
0.0335874
0.0379112
0.0428489
0.0484766
0.0510894
0.0453415
0.0403178
0.0359207
0.0321194
0.0288958
0.026229
0.0240756
0.0223152
0.020771
0.0200173
0.020771
0.0223152
0.0240757
0.026229
0.0288958
0.0321195
0.0359207
0.0403178
0.0453415
0.0510894
0.0540843
0.048195
0.0430701
0.0385865
0.034702
0.031386
0.0285911
0.0261986
0.023896
0.0216498
0.0206763
0.0216499
0.0238961
0.0261986
0.0285912
0.031386
0.0347021
0.0385865
0.0430702
0.0481951
0.0540843
0.0574997
0.0514453
0.0462023
0.041617
0.0376335
0.0342031
0.0312365
0.0284903
0.0254835
0.0227099
0.0216219
0.0227099
0.0254835
0.0284904
0.0312366
0.0342031
0.0376336
0.0416171
0.0462023
0.0514453
0.0574997
0.0613771
0.0551311
0.049751
0.0450474
0.0409466
0.0373751
0.0341795
0.0309405
0.0271923
0.0240646
0.0229078
0.0240646
0.0271923
0.0309406
0.0341796
0.0373752
0.0409467
0.0450474
0.049751
0.0551312
0.0613772
