0.164139
0.13752
0.113776
0.0928378
0.0747127
0.0594443
0.0471746
0.0384925
0.034338
0.0328031
0.032373
0.0328031
0.034338
0.0384925
0.0471746
0.0594442
0.0747125
0.0928376
0.113775
0.13752
0.164138
0.162285
0.135819
0.112172
0.0913019
0.0732181
0.0579521
0.0455869
0.0364282
0.0313661
0.0295518
0.0290826
0.0295518
0.031366
0.0364282
0.0455868
0.057952
0.073218
0.0913017
0.112171
0.135818
0.162285
0.160892
0.134545
0.110974
0.0901568
0.0721042
0.05684
0.0444124
0.0349644
0.0290283
0.0267097
0.0261669
0.0267097
0.0290283
0.0349644
0.0444123
0.0568399
0.072104
0.0901566
0.110974
0.134545
0.160891
0.159889
0.133633
0.11012
0.0893422
0.071312
0.0560484
0.0435789
0.0339629
0.0274046
0.0242972
0.0235942
0.0242971
0.0274046
0.0339629
0.0435788
0.0560483
0.0713119
0.089342
0.11012
0.133633
0.159888
0.15921
0.133023
0.109552
0.0888019
0.0707868
0.0555222
0.0430234
0.0333092
0.0264167
0.0224568
0.021335
0.0224568
0.0264167
0.0333091
0.0430233
0.0555221
0.0707867
0.0888017
0.109552
0.133023
0.15921
0.158796
0.132657
0.109216
0.0884843
0.0704784
0.0552109
0.0426905
0.032917
0.0258683
0.0214522
0.019363
0.0214522
0.0258682
0.032917
0.0426905
0.0552108
0.0704782
0.0884842
0.109216
0.132657
0.158796
0.158592
0.132485
0.109062
0.0883424
0.0703405
0.0550686
0.0425313
0.0327204
0.0255995
0.0210807
0.0192798
0.0210807
0.0255994
0.0327204
0.0425313
0.0550685
0.0703404
0.0883422
0.109062
0.132485
0.158591
0.158547
0.132459
0.109048
0.0883332
0.0703316
0.0550539
0.0425027
0.0326667
0.0255113
0.0209893
0.0193074
0.0209893
0.0255113
0.0326667
0.0425026
0.0550539
0.0703315
0.0883331
0.109048
0.132459
0.158547
0.158617
0.132539
0.109132
0.0884185
0.0704144
0.0551299
0.0425666
0.0327129
0.02554
0.0210336
0.0194116
0.0210335
0.02554
0.0327128
0.0425666
0.0551299
0.0704143
0.0884184
0.109132
0.132539
0.158617
0.158763
0.132687
0.10928
0.0885645
0.0705559
0.0552641
0.04269
0.0328229
0.0256403
0.0211501
0.0195627
0.0211501
0.0256403
0.0328228
0.04269
0.055264
0.0705558
0.0885644
0.10928
0.132687
0.158762
0.15895
0.132872
0.109462
0.0887418
0.0707276
0.0554282
0.0428446
0.0329667
0.0257781
0.0213008
0.0197344
0.0213008
0.0257781
0.0329667
0.0428446
0.0554282
0.0707275
0.0887418
0.109462
0.132872
0.158949
0.159149
0.133066
0.109651
0.0889257
0.0709054
0.0555987
0.0430065
0.0331197
0.0259264
0.021458
0.019905
0.021458
0.0259264
0.0331197
0.0430065
0.0555987
0.0709053
0.0889256
0.109651
0.133066
0.159148
0.159336
0.133247
0.109826
0.0890957
0.0710694
0.0557561
0.0431563
0.033262
0.0260644
0.0216013
0.0200563
0.0216013
0.0260644
0.033262
0.0431563
0.0557561
0.0710694
0.0890956
0.109826
0.133247
0.159336
0.159493
0.133397
0.109972
0.089236
0.0712045
0.0558854
0.0432792
0.0333784
0.0261764
0.0217152
0.0201744
0.0217152
0.0261764
0.0333784
0.0432792
0.0558854
0.0712045
0.089236
0.109972
0.133397
0.159493
0.159607
0.133505
0.110075
0.0893354
0.0712996
0.0559758
0.0433645
0.0334581
0.0262515
0.021789
0.0202492
0.021789
0.0262515
0.0334581
0.0433645
0.0559758
0.0712996
0.0893353
0.110075
0.133505
0.159606
0.159668
0.133563
0.11013
0.0893869
0.0713482
0.0560212
0.043406
0.033495
0.0262832
0.0218163
0.0202748
0.0218163
0.0262832
0.033495
0.043406
0.0560212
0.0713482
0.0893869
0.11013
0.133563
0.159668
0.159674
0.133567
0.110132
0.0893884
0.0713482
0.0560194
0.0434017
0.0334871
0.0262697
0.0217952
0.0202492
0.0217952
0.0262697
0.0334871
0.0434017
0.0560194
0.0713482
0.0893884
0.110133
0.133567
0.159674
0.159628
0.133521
0.110086
0.0893421
0.071302
0.0559729
0.0433543
0.033437
0.0262135
0.021728
0.0201744
0.021728
0.0262135
0.033437
0.0433543
0.055973
0.071302
0.0893421
0.110086
0.133521
0.159628
0.159536
0.13343
0.109997
0.0892548
0.0712162
0.0558885
0.0432705
0.0333519
0.0261218
0.0216214
0.0200563
0.0216214
0.0261218
0.0333519
0.0432706
0.0558885
0.0712163
0.0892549
0.109997
0.13343
0.159536
0.159411
0.133308
0.109878
0.0891379
0.0711021
0.0557773
0.0431617
0.0332431
0.0260064
0.0214868
0.019905
0.0214868
0.0260064
0.0332431
0.0431617
0.0557774
0.0711022
0.089138
0.109878
0.133308
0.159411
0.159272
0.133172
0.109744
0.0890073
0.0709754
0.055655
0.0430436
0.0331272
0.0258844
0.0213402
0.0197344
0.0213402
0.0258844
0.0331272
0.0430437
0.055655
0.0709755
0.0890074
0.109744
0.133172
0.159272
0.159141
0.133042
0.109616
0.0888833
0.0708561
0.0555415
0.0429367
0.0330253
0.0257783
0.0212039
0.0195627
0.0212039
0.0257783
0.0330253
0.0429367
0.0555415
0.0708562
0.0888834
0.109616
0.133042
0.159141
0.159047
0.132946
0.109521
0.0887911
0.0707688
0.0554614
0.0428659
0.0329639
0.0257175
0.0211076
0.0194116
0.0211076
0.0257175
0.0329639
0.0428659
0.0554614
0.0707689
0.0887912
0.109521
0.132946
0.159047
0.159023
0.132915
0.109488
0.0887601
0.0707427
0.0554438
0.0428611
0.0329756
0.02574
0.0210947
0.0193074
0.0210947
0.02574
0.0329756
0.0428612
0.0554438
0.0707428
0.0887602
0.109489
0.132915
0.159024
0.159109
0.132986
0.109554
0.0888244
0.0708112
0.0555223
0.0429575
0.0330996
0.0258965
0.0212383
0.0192798
0.0212383
0.0258965
0.0330996
0.0429576
0.0555224
0.0708113
0.0888245
0.109554
0.132986
0.159109
0.159347
0.1332
0.109756
0.0890226
0.0710124
0.0557354
0.0431955
0.0333833
0.026257
0.0216904
0.019363
0.0216904
0.026257
0.0333833
0.0431956
0.0557355
0.0710125
0.0890228
0.109756
0.1332
0.159348
0.159788
0.133603
0.11014
0.0893978
0.0713889
0.0561262
0.0436215
0.0338844
0.0269218
0.0227366
0.021335
0.0227366
0.0269218
0.0338844
0.0436215
0.0561262
0.071389
0.089398
0.11014
0.133603
0.159789
0.160485
0.134246
0.110754
0.0899975
0.0719876
0.0567424
0.044288
0.0346737
0.0280253
0.0245229
0.0235942
0.0245229
0.0280253
0.0346737
0.0442881
0.0567425
0.0719878
0.0899977
0.110755
0.134247
0.160486
0.161498
0.135185
0.111653
0.0908738
0.0728601
0.0576371
0.0452549
0.035837
0.0297004
0.0268818
0.0261669
0.0268818
0.0297004
0.035837
0.0452549
0.0576372
0.0728602
0.090874
0.111653
0.135186
0.161499
0.16289
0.13648
0.112893
0.0920828
0.0740621
0.0588679
0.0465892
0.0374728
0.0320035
0.0296904
0.0290826
0.0296904
0.0320035
0.0374728
0.0465892
0.058868
0.0740623
0.0920831
0.112893
0.136481
0.162891
0.164731
0.138196
0.114536
0.0936851
0.0756536
0.0604972
0.0483653
0.0396789
0.0349064
0.0329208
0.032373
0.0329208
0.0349064
0.0396789
0.0483654
0.0604973
0.0756538
0.0936854
0.114537
0.138196
0.164732
