     8.205263    -0.819410     0.413397     0.129185     0.096994    -0.010516     0.012735    -0.005447
     0.133466     0.032219     0.140394     0.082063    -0.004887     0.000000     0.000000     0.000000
     0.000000     0.000000     0.000000     0.000000     0.000000     0.000000     0.000000     0.000000
     0.000000     0.000000     0.000000     0.000000     0.000000     0.000000     0.000000     0.000000
     0.000000     0.000000     0.000000     0.000000
    -0.819410    13.407725    -0.931641     0.001830     0.037240     0.017165    -0.004037    -0.050370
    -0.497999    -0.221661    -0.372050     0.343236    -0.000945     0.000000     0.000000     0.000000
     0.000000     0.000000     0.000000     0.000000     0.000000     0.000000     0.000000     0.000000
     0.000000     0.000000     0.000000     0.000000     0.000000     0.000000     0.000000     0.000000
     0.000000     0.000000     0.000000     0.000000
     0.413397    -0.931641     7.236296    -0.041894    -0.018764     0.076481     0.889983    -0.050626
     0.098880     0.043176     0.157044    -0.386876     0.046757     0.000000     0.000000     0.000000
     0.000000     0.000000     0.000000     0.000000     0.000000     0.000000     0.000000     0.000000
     0.000000     0.000000     0.000000     0.000000     0.000000     0.000000     0.000000     0.000000
     0.000000     0.000000     0.000000     0.000000
     0.129185     0.001830    -0.041894     6.008771     0.057745     0.021981    -0.005430    -0.001066
    -0.116089     0.110714    -0.009199     0.011874    -0.001705     0.000000     0.000000     0.000000
     0.000000     0.000000     0.000000     0.000000     0.000000     0.000000     0.000000     0.000000
     0.000000     0.000000     0.000000     0.000000     0.000000     0.000000     0.000000     0.000000
     0.000000     0.000000     0.000000     0.000000
     0.096994     0.037240    -0.018764     0.057745     6.035054     0.052964     0.012893    -0.004697
     0.099135    -0.165170    -0.021885    -0.015966     0.002654     0.000000     0.000000     0.000000
     0.000000     0.000000     0.000000     0.000000     0.000000     0.000000     0.000000     0.000000
     0.000000     0.000000     0.000000     0.000000     0.000000     0.000000     0.000000     0.000000
     0.000000     0.000000     0.000000     0.000000
    -0.010516     0.017165     0.076481     0.021981     0.052964     6.128579     0.053426    -0.003717
     0.091296     0.180639     0.014681     0.007817     0.023905     0.000000     0.000000     0.000000
     0.000000     0.000000     0.000000     0.000000     0.000000     0.000000     0.000000     0.000000
     0.000000     0.000000     0.000000     0.000000     0.000000     0.000000     0.000000     0.000000
     0.000000     0.000000     0.000000     0.000000
     0.012735    -0.004037     0.889983    -0.005430     0.012893     0.053426     9.743537    -0.223519
    -0.436098    -0.270030    -0.002468     0.038386     0.382739     0.000000     0.000000     0.000000
     0.000000     0.000000     0.000000     0.000000     0.000000     0.000000     0.000000     0.000000
     0.000000     0.000000     0.000000     0.000000     0.000000     0.000000     0.000000     0.000000
     0.000000     0.000000     0.000000     0.000000
    -0.005447    -0.050370    -0.050626    -0.001066    -0.004697    -0.003717    -0.223519     6.522463
     0.017076    -0.010232    -0.004252    -0.003695    -0.163828     0.000000     0.000000     0.000000
     0.000000     0.000000     0.000000     0.000000     0.000000     0.000000     0.000000     0.000000
     0.000000     0.000000     0.000000     0.000000     0.000000     0.000000     0.000000     0.000000
     0.000000     0.000000     0.000000     0.000000
     0.133466    -0.497999     0.098880    -0.116089     0.099135     0.091296    -0.436098     0.017076
     1.587101     0.131111    -0.091157    -0.414746    -0.040647     0.000000     0.000000     0.000000
     0.000000     0.000000     0.000000     0.000000     0.000000     0.000000     0.000000     0.000000
     0.000000     0.000000     0.000000     0.000000     0.000000     0.000000     0.000000     0.000000
     0.000000     0.000000     0.000000     0.000000
     0.032219    -0.221661     0.043176     0.110714    -0.165170     0.180639    -0.270030    -0.010232
     0.131111     1.758184     0.353473    -0.350736    -0.043721     0.000000     0.000000     0.000000
     0.000000     0.000000     0.000000     0.000000     0.000000     0.000000     0.000000     0.000000
     0.000000     0.000000     0.000000     0.000000     0.000000     0.000000     0.000000     0.000000
     0.000000     0.000000     0.000000     0.000000
     0.140394    -0.372050     0.157044    -0.009199    -0.021885     0.014681    -0.002468    -0.004252
    -0.091157     0.353473     1.240044     0.022808    -0.005179     0.000000     0.000000     0.000000
     0.000000     0.000000     0.000000     0.000000     0.000000     0.000000     0.000000     0.000000
     0.000000     0.000000     0.000000     0.000000     0.000000     0.000000     0.000000     0.000000
     0.000000     0.000000     0.000000     0.000000
     0.082063     0.343236    -0.386876     0.011874    -0.015966     0.007817     0.038386    -0.003695
    -0.414746    -0.350736     0.022808     1.231766    -0.014412     0.000000     0.000000     0.000000
     0.000000     0.000000     0.000000     0.000000     0.000000     0.000000     0.000000     0.000000
     0.000000     0.000000     0.000000     0.000000     0.000000     0.000000     0.000000     0.000000
     0.000000     0.000000     0.000000     0.000000
    -0.004887    -0.000945     0.046757    -0.001705     0.002654     0.023905     0.382739    -0.163828
    -0.040647    -0.043721    -0.005179    -0.014412     1.515820     0.000000     0.000000     0.000000
     0.000000     0.000000     0.000000     0.000000     0.000000     0.000000     0.000000     0.000000
     0.000000     0.000000     0.000000     0.000000     0.000000     0.000000     0.000000     0.000000
     0.000000     0.000000     0.000000     0.000000
     0.000000     0.000000     0.000000     0.000000     0.000000     0.000000     0.000000     0.000000
     0.000000     0.000000     0.000000     0.000000     0.000000     0.300782     0.086569     0.180996
    -0.114721    -0.066499     0.172681     0.021992     0.000000     0.000000     0.000000     0.000000
     0.000000     0.000000     0.000000     0.000000     0.000000     0.000000     0.000000     0.000000
     0.000000     0.000000     0.000000     0.000000
     0.000000     0.000000     0.000000     0.000000     0.000000     0.000000     0.000000     0.000000
     0.000000     0.000000     0.000000     0.000000     0.000000     0.086569     0.174204     0.162676
    -0.072115    -0.034595    -0.140223    -0.020904     0.000000     0.000000     0.000000     0.000000
     0.000000     0.000000     0.000000     0.000000     0.000000     0.000000     0.000000     0.000000
     0.000000     0.000000     0.000000     0.000000
     0.000000     0.000000     0.000000     0.000000     0.000000     0.000000     0.000000     0.000000
     0.000000     0.000000     0.000000     0.000000     0.000000     0.180996     0.162676     0.436596
    -0.100019     0.022282    -0.011837    -0.001505     0.000000     0.000000     0.000000     0.000000
     0.000000     0.000000     0.000000     0.000000     0.000000     0.000000     0.000000     0.000000
     0.000000     0.000000     0.000000     0.000000
     0.000000     0.000000     0.000000     0.000000     0.000000     0.000000     0.000000     0.000000
     0.000000     0.000000     0.000000     0.000000     0.000000    -0.114721    -0.072115    -0.100019
     0.205739     0.061018     0.017594     0.002832     0.000000     0.000000     0.000000     0.000000
     0.000000     0.000000     0.000000     0.000000     0.000000     0.000000     0.000000     0.000000
     0.000000     0.000000     0.000000     0.000000
     0.000000     0.000000     0.000000     0.000000     0.000000     0.000000     0.000000     0.000000
     0.000000     0.000000     0.000000     0.000000     0.000000    -0.066499    -0.034595     0.022282
     0.061018     0.100778    -0.084363    -0.008300     0.000000     0.000000     0.000000     0.000000
     0.000000     0.000000     0.000000     0.000000     0.000000     0.000000     0.000000     0.000000
     0.000000     0.000000     0.000000     0.000000
     0.000000     0.000000     0.000000     0.000000     0.000000     0.000000     0.000000     0.000000
     0.000000     0.000000     0.000000     0.000000     0.000000     0.172681    -0.140223    -0.011837
     0.017594    -0.084363     0.782709    -0.002094     0.000000     0.000000     0.000000     0.000000
     0.000000     0.000000     0.000000     0.000000     0.000000     0.000000     0.000000     0.000000
     0.000000     0.000000     0.000000     0.000000
     0.000000     0.000000     0.000000     0.000000     0.000000     0.000000     0.000000     0.000000
     0.000000     0.000000     0.000000     0.000000     0.000000     0.021992    -0.020904    -0.001505
     0.002832    -0.008300    -0.002094    -0.102153     0.000000     0.000000     0.000000     0.000000
     0.000000     0.000000     0.000000     0.000000     0.000000     0.000000     0.000000     0.000000
     0.000000     0.000000     0.000000     0.000000
     0.000000     0.000000     0.000000     0.000000     0.000000     0.000000     0.000000     0.000000
     0.000000     0.000000     0.000000     0.000000     0.000000     0.000000     0.000000     0.000000
     0.000000     0.000000     0.000000     0.000000     5.862470    -2.003148    -1.768654     0.178127
     0.002590    -0.028802    -0.761381     0.269028     0.054619    -0.072650     0.349380    -0.050317
     0.000000     0.000000     0.000000     0.000000
     0.000000     0.000000     0.000000     0.000000     0.000000     0.000000     0.000000     0.000000
     0.000000     0.000000     0.000000     0.000000     0.000000     0.000000     0.000000     0.000000
     0.000000     0.000000     0.000000     0.000000    -2.003148     8.938035     0.223338     0.155413
     0.099873    -0.004802     0.179789    -0.012638    -0.542386     0.006785     0.016315    -0.013479
     0.000000     0.000000     0.000000     0.000000
     0.000000     0.000000     0.000000     0.000000     0.000000     0.000000     0.000000     0.000000
     0.000000     0.000000     0.000000     0.000000     0.000000     0.000000     0.000000     0.000000
     0.000000     0.000000     0.000000     0.000000    -1.768654     0.223338     6.560187    -0.003722
     0.129091     0.032583     0.740452    -0.024895    -0.159409    -0.351763     0.344715     0.001933
     0.000000     0.000000     0.000000     0.000000
     0.000000     0.000000     0.000000     0.000000     0.000000     0.000000     0.000000     0.000000
     0.000000     0.000000     0.000000     0.000000     0.000000     0.000000     0.000000     0.000000
     0.000000     0.000000     0.000000     0.000000     0.178127     0.155413    -0.003722     6.004640
     0.046481    -0.002923     0.166686    -0.008812    -0.041954    -0.014671     0.024049    -0.003218
     0.000000     0.000000     0.000000     0.000000
     0.000000     0.000000     0.000000     0.000000     0.000000     0.000000     0.000000     0.000000
     0.000000     0.000000     0.000000     0.000000     0.000000     0.000000     0.000000     0.000000
     0.000000     0.000000     0.000000     0.000000     0.002590     0.099873     0.129091     0.046481
     6.080367     0.006437    -0.160691     0.011740     0.013490     0.029344    -0.037873     0.010479
     0.000000     0.000000     0.000000     0.000000
     0.000000     0.000000     0.000000     0.000000     0.000000     0.000000     0.000000     0.000000
     0.000000     0.000000     0.000000     0.000000     0.000000     0.000000     0.000000     0.000000
     0.000000     0.000000     0.000000     0.000000    -0.028802    -0.004802     0.032583    -0.002923
     0.006437     6.109815    -0.031120    -0.000665     0.004254    -0.015998    -0.118139     0.312993
     0.000000     0.000000     0.000000     0.000000
     0.000000     0.000000     0.000000     0.000000     0.000000     0.000000     0.000000     0.000000
     0.000000     0.000000     0.000000     0.000000     0.000000     0.000000     0.000000     0.000000
     0.000000     0.000000     0.000000     0.000000    -0.761381     0.179789     0.740452     0.166686
    -0.160691    -0.031120     1.515233    -0.086287    -0.524997     0.290673     0.038788    -0.025613
     0.000000     0.000000     0.000000     0.000000
     0.000000     0.000000     0.000000     0.000000     0.000000     0.000000     0.000000     0.000000
     0.000000     0.000000     0.000000     0.000000     0.000000     0.000000     0.000000     0.000000
     0.000000     0.000000     0.000000     0.000000     0.269028    -0.012638    -0.024895    -0.008812
     0.011740    -0.000665    -0.086287     0.589665    -0.022941     0.026763     0.001479    -0.001346
     0.000000     0.000000     0.000000     0.000000
     0.000000     0.000000     0.000000     0.000000     0.000000     0.000000     0.000000     0.000000
     0.000000     0.000000     0.000000     0.000000     0.000000     0.000000     0.000000     0.000000
     0.000000     0.000000     0.000000     0.000000     0.054619    -0.542386    -0.159409    -0.041954
     0.013490     0.004254    -0.524997    -0.022941     1.184193     0.016812    -0.034446     0.006422
     0.000000     0.000000     0.000000     0.000000
     0.000000     0.000000     0.000000     0.000000     0.000000     0.000000     0.000000     0.000000
     0.000000     0.000000     0.000000     0.000000     0.000000     0.000000     0.000000     0.000000
     0.000000     0.000000     0.000000     0.000000    -0.072650     0.006785    -0.351763    -0.014671
     0.029344    -0.015998     0.290673     0.026763     0.016812     1.170533     0.006998    -0.012228
     0.000000     0.000000     0.000000     0.000000
     0.000000     0.000000     0.000000     0.000000     0.000000     0.000000     0.000000     0.000000
     0.000000     0.000000     0.000000     0.000000     0.000000     0.000000     0.000000     0.000000
     0.000000     0.000000     0.000000     0.000000     0.349380     0.016315     0.344715     0.024049
    -0.037873    -0.118139     0.038788     0.001479    -0.034446     0.006998     1.115280    -0.081352
     0.000000     0.000000     0.000000     0.000000
     0.000000     0.000000     0.000000     0.000000     0.000000     0.000000     0.000000     0.000000
     0.000000     0.000000     0.000000     0.000000     0.000000     0.000000     0.000000     0.000000
     0.000000     0.000000     0.000000     0.000000    -0.050317    -0.013479     0.001933    -0.003218
     0.010479     0.312993    -0.025613    -0.001346     0.006422    -0.012228    -0.081352     0.546753
     0.000000     0.000000     0.000000     0.000000
     0.000000     0.000000     0.000000     0.000000     0.000000     0.000000     0.000000     0.000000
     0.000000     0.000000     0.000000     0.000000     0.000000     0.000000     0.000000     0.000000
     0.000000     0.000000     0.000000     0.000000     0.000000     0.000000     0.000000     0.000000
     0.000000     0.000000     0.000000     0.000000     0.000000     0.000000     0.000000     0.000000
     0.084452    -0.052559    -0.064622     0.014374
     0.000000     0.000000     0.000000     0.000000     0.000000     0.000000     0.000000     0.000000
     0.000000     0.000000     0.000000     0.000000     0.000000     0.000000     0.000000     0.000000
     0.000000     0.000000     0.000000     0.000000     0.000000     0.000000     0.000000     0.000000
     0.000000     0.000000     0.000000     0.000000     0.000000     0.000000     0.000000     0.000000
    -0.052559     0.218935     0.040159    -0.001293
     0.000000     0.000000     0.000000     0.000000     0.000000     0.000000     0.000000     0.000000
     0.000000     0.000000     0.000000     0.000000     0.000000     0.000000     0.000000     0.000000
     0.000000     0.000000     0.000000     0.000000     0.000000     0.000000     0.000000     0.000000
     0.000000     0.000000     0.000000     0.000000     0.000000     0.000000     0.000000     0.000000
    -0.064622     0.040159     0.103744     0.019904
     0.000000     0.000000     0.000000     0.000000     0.000000     0.000000     0.000000     0.000000
     0.000000     0.000000     0.000000     0.000000     0.000000     0.000000     0.000000     0.000000
     0.000000     0.000000     0.000000     0.000000     0.000000     0.000000     0.000000     0.000000
     0.000000     0.000000     0.000000     0.000000     0.000000     0.000000     0.000000     0.000000
     0.014374    -0.001293     0.019904     0.069642
