  -1.619070E-01   1.474388E-01  -4.099508E-02
   8.711887E-02  -2.182826E-01   1.895993E-01
  -2.397994E-02   3.274207E-02   2.119772E-02
   2.000108E-02   8.164473E-02  -9.442846E-03
  -3.633716E-02  -3.286261E-02   3.693240E-03
   5.067900E-02  -4.970741E-02  -1.897568E-02
  -5.818878E-03  -1.385808E-02  -3.360847E-03
   1.364759E-02  -6.619184E-02  -3.024049E-01
   6.273579E-02   8.431018E-03   9.040421E-02
   2.195893E-03  -1.054270E-03  -5.500314E-03
  -6.031483E-03   1.439206E-03   2.556793E-03
   1.731393E-03  -2.209846E-04   2.761113E-04
  -1.779485E-03   2.080869E-03   1.624770E-03
  -4.665175E-04  -1.064244E-04   4.116036E-04
   1.635095E-01  -1.499389E-01   4.192540E-02
  -8.881131E-02   2.188025E-01  -1.913366E-01
   2.224267E-02  -3.478428E-02  -2.101569E-02
  -1.777792E-02  -8.305146E-02   9.694555E-03
   3.687608E-02   3.671261E-02  -3.609472E-03
  -5.038689E-02   5.190331E-02   1.949372E-02
   4.954296E-03   1.474959E-02   3.576691E-03
  -1.322189E-02   6.554891E-02   3.010563E-01
  -6.330104E-02  -9.009265E-03  -8.983503E-02
  -2.074391E-03   1.179799E-03   5.699258E-03
   5.920530E-03  -1.488515E-03  -2.882793E-03
  -1.796056E-03   1.248813E-04  -3.678874E-04
   1.826051E-03  -2.285039E-03  -1.779061E-03
   4.463812E-04  -3.106704E-05  -3.522046E-04
  -1.606892E-01   1.533120E-01  -3.883599E-02
   8.744913E-02  -2.242910E-01   1.904167E-01
  -2.457665E-02   3.547343E-02   2.123629E-02
   2.011301E-02   8.318978E-02  -9.776199E-03
  -3.857927E-02  -3.636046E-02   3.878170E-03
   5.180381E-02  -5.113913E-02  -1.901572E-02
  -4.576901E-03  -1.353969E-02  -3.661949E-03
   1.264303E-02  -6.689658E-02  -3.039292E-01
   6.225578E-02   8.613410E-03   8.979442E-02
   2.167083E-03  -1.063354E-03  -5.681095E-03
  -5.990811E-03   1.510702E-03   2.615395E-03
   1.774919E-03  -1.577293E-04   3.163948E-04
  -1.804877E-03   2.182701E-03   1.731467E-03
  -4.386413E-04  -3.891084E-05   3.093919E-04
   1.647870E-01  -1.439647E-01   4.409180E-02
  -8.840370E-02   2.128494E-01  -1.904764E-01
   2.159561E-02  -3.210090E-02  -2.096404E-02
  -1.769966E-02  -8.167358E-02   9.338369E-03
   3.462618E-02   3.327088E-02  -3.431783E-03
  -4.923309E-02   5.051509E-02   1.942539E-02
   6.145364E-03   1.508801E-02   3.278680E-03
  -1.422784E-02   6.482995E-02   2.994921E-01
  -6.380918E-02  -8.866224E-03  -9.042100E-02
  -2.108695E-03   1.171344E-03   5.514422E-03
   5.967210E-03  -1.419585E-03  -2.818215E-03
  -1.749617E-03   1.895714E-04  -3.245692E-04
   1.800187E-03  -2.180084E-03  -1.662848E-03
   4.762006E-04   3.916627E-05  -4.556973E-04
  -1.647879E-01   1.409560E-01  -4.452138E-02
   8.864636E-02  -2.084588E-01   1.901631E-01
  -2.239064E-02   3.048549E-02   2.136751E-02
   1.809666E-02   7.924228E-02  -9.659321E-03
  -3.640511E-02  -3.298614E-02   3.626198E-03
   5.000651E-02  -4.782557E-02  -1.997957E-02
  -4.920728E-03  -1.419083E-02  -3.435045E-03
   1.478813E-02  -6.385884E-02  -3.000180E-01
   6.324503E-02   8.441816E-03   9.203477E-02
   1.994148E-03  -1.252707E-03  -5.852578E-03
  -5.847838E-03   1.548665E-03   3.279812E-03
   1.742117E-03  -2.122243E-04   2.968604E-04
  -1.783070E-03   2.166220E-03   1.711049E-03
  -4.426858E-04  -1.390485E-05   4.522073E-04
   1.606682E-01  -1.562709E-01   3.863889E-02
  -8.727364E-02   2.282122E-01  -1.909103E-01
   2.351586E-02  -3.701890E-02  -2.076424E-02
  -1.938444E-02  -8.545131E-02   9.478256E-03
   3.649285E-02   3.654801E-02  -3.661603E-03
  -5.072941E-02   5.374063E-02   1.849722E-02
   5.844509E-03   1.471891E-02   3.482742E-03
  -1.204003E-02   6.784563E-02   3.031987E-01
  -6.287095E-02  -8.980588E-03  -8.817698E-02
  -2.277783E-03   9.875173E-04   5.352033E-03
   6.108376E-03  -1.378541E-03  -2.177330E-03
  -1.782850E-03   1.321912E-04  -3.503187E-04
   1.821339E-03  -2.202256E-03  -1.692679E-03
   4.713542E-04   6.188068E-05  -3.120590E-04
  -1.624388E-01   1.490198E-01  -4.115019E-02
   8.780884E-02  -2.190052E-01   1.904188E-01
  -2.328334E-02   3.367939E-02   2.115270E-02
   1.909611E-02   8.228070E-02  -9.595946E-03
  -3.674190E-02  -3.457685E-02   3.680277E-03
   5.069575E-02  -5.061739E-02  -1.922297E-02
  -5.390141E-03  -1.439611E-02  -3.479643E-03
   1.338390E-02  -6.598417E-02  -3.020425E-01
   6.289932E-02   8.673067E-03   9.013835E-02
   2.133139E-03  -1.108166E-03  -5.615216E-03
  -5.969441E-03   1.473721E-03   2.711009E-03
   1.763829E-03  -1.767388E-04   3.182731E-04
  -1.804530E-03   2.177043E-03   1.707074E-03
  -4.586990E-04   6.690875E-05   3.808731E-04
   1.624683E-01  -1.488812E-01   4.118290E-02
  -8.783598E-02   2.188418E-01  -1.903967E-01
   2.328890E-02  -3.368871E-02  -2.114748E-02
  -1.907282E-02  -8.223441E-02   9.580207E-03
   3.675013E-02   3.470562E-02  -3.672131E-03
  -5.067286E-02   5.067385E-02   1.922963E-02
   5.362349E-03   1.395308E-02   3.465248E-03
  -1.340377E-02   6.595717E-02   3.020089E-01
  -6.290602E-02  -8.673273E-03  -9.014316E-02
  -2.127407E-03   1.122047E-03   5.611773E-03
   5.962773E-03  -1.459209E-03  -2.714176E-03
  -1.757824E-03   1.765738E-04  -3.169024E-04
   1.798894E-03  -2.173384E-03  -1.701429E-03
   4.541449E-04   1.459463E-04  -3.748607E-04
  -1.624501E-01   1.490169E-01  -4.118060E-02
   8.783768E-02  -2.189902E-01   1.904438E-01
  -2.330866E-02   3.368738E-02   2.116415E-02
   1.909068E-02   8.225261E-02  -9.591343E-03
  -3.668779E-02  -3.467029E-02   3.660933E-03
   5.064366E-02  -5.065951E-02  -1.923441E-02
  -5.376120E-03  -1.415129E-02  -3.478695E-03
   1.338483E-02  -6.597441E-02  -3.020341E-01
   6.290626E-02   8.675841E-03   9.014350E-02
   2.132845E-03  -1.114120E-03  -5.616757E-03
  -5.970580E-03   1.467989E-03   2.710572E-03
   1.743117E-03  -1.713101E-04   3.216589E-04
  -1.796224E-03   2.183100E-03   1.714199E-03
  -4.568177E-04  -4.170676E-05   3.773109E-04
   1.624564E-01  -1.488858E-01   4.115226E-02
  -8.780631E-02   2.188581E-01  -1.903721E-01
   2.326363E-02  -3.368201E-02  -2.113594E-02
  -1.907827E-02  -8.226241E-02   9.584249E-03
   3.680578E-02   3.461221E-02  -3.691455E-03
  -5.072584E-02   5.063118E-02   1.921826E-02
   5.376029E-03   1.420121E-02   3.466423E-03
  -1.340246E-02   6.596718E-02   3.020179E-01
  -6.289892E-02  -8.670411E-03  -9.013727E-02
  -2.127737E-03   1.116104E-03   5.610298E-03
   5.961725E-03  -1.464972E-03  -2.714601E-03
  -1.779127E-03   1.823545E-04  -3.136596E-04
   1.807855E-03  -2.167096E-03  -1.694467E-03
   4.559234E-04   3.595642E-05  -3.783892E-04
  -1.622338E-01   1.493750E-01  -4.104132E-02
   8.784232E-02  -2.194463E-01   1.905056E-01
  -2.319208E-02   3.386554E-02   2.125713E-02
   1.890555E-02   8.247063E-02  -9.608051E-03
  -3.687363E-02  -3.471164E-02   3.642223E-03
   5.083528E-02  -5.072949E-02  -1.920317E-02
  -5.381624E-03  -1.417137E-02  -3.490516E-03
   1.330834E-02  -6.604451E-02  -3.021675E-01
   6.287912E-02   8.669776E-03   9.006128E-02
   2.037421E-03  -1.134175E-03  -5.658251E-03
  -5.921951E-03   1.352428E-03   2.684499E-03
   1.762471E-03  -1.785555E-04   3.186318E-04
  -1.809852E-03   2.178646E-03   1.710606E-03
  -4.564984E-04  -4.756330E-05   3.823025E-04
   1.626750E-01  -1.485220E-01   4.129407E-02
  -8.780247E-02   2.183958E-01  -1.903096E-01
   2.337956E-02  -3.350192E-02  -2.104344E-02
  -1.926238E-02  -8.204427E-02   9.567044E-03
   3.661811E-02   3.457082E-02  -3.709886E-03
  -5.053263E-02   5.056131E-02   1.924950E-02
   5.370684E-03   1.418092E-02   3.454575E-03
  -1.348012E-02   6.589589E-02   3.018825E-01
  -6.292688E-02  -8.676899E-03  -9.022022E-02
  -2.222801E-03   1.095480E-03   5.569100E-03
   6.009866E-03  -1.579840E-03  -2.739913E-03
  -1.759274E-03   1.748474E-04  -3.166463E-04
   1.793694E-03  -2.171731E-03  -1.697906E-03
   4.562394E-04   3.014548E-05  -3.734353E-04
   1.619776E-01  -1.565052E-01   3.824947E-02
  -8.826164E-02   2.277019E-01  -1.912789E-01
   2.429400E-02  -3.557902E-02  -2.170277E-02
  -2.033551E-02  -8.495240E-02   9.611796E-03
   3.737726E-02   3.615249E-02  -3.928920E-03
  -5.169020E-02   5.313677E-02   1.946612E-02
   5.730838E-03   1.421199E-02   3.510760E-03
  -1.233438E-02   6.730479E-02   3.053755E-01
  -6.245178E-02  -9.036885E-03  -8.933078E-02
  -2.269408E-03   1.117467E-03   5.649451E-03
   6.107291E-03  -1.493338E-03  -2.680537E-03
  -1.804322E-03   1.848536E-04  -3.259691E-04
   1.836844E-03  -2.185158E-03  -1.696990E-03
   4.653175E-04   6.269960E-05  -3.656793E-04
  -1.631027E-01   1.413792E-01  -4.426419E-02
   8.742928E-02  -2.100856E-01   1.895669E-01
  -2.217786E-02   3.191181E-02   2.054865E-02
   1.777106E-02   7.972969E-02  -9.539726E-03
  -3.602877E-02  -3.327525E-02   3.404911E-03
   4.956968E-02  -4.833632E-02  -1.900444E-02
  -5.024786E-03  -1.419908E-02  -3.429018E-03
   1.446713E-02  -6.454473E-02  -2.984903E-01
   6.346010E-02   8.332029E-03   9.095530E-02
   1.999708E-03  -1.111312E-03  -5.557590E-03
  -5.835810E-03   1.441469E-03   2.752718E-03
   1.719847E-03  -1.662616E-04   3.147265E-04
  -1.767076E-03   2.168713E-03   1.705922E-03
  -4.473677E-04  -1.608380E-05   3.955555E-04
  -1.608807E-01   1.514440E-01  -3.945361E-02
   8.644953E-02  -2.238849E-01   1.896916E-01
  -2.494082E-02   3.479196E-02   2.105323E-02
   2.159309E-02   8.400573E-02  -9.655273E-03
  -3.621998E-02  -3.443891E-02   3.626330E-03
   5.061998E-02  -5.235204E-02  -1.855438E-02
  -6.142770E-03  -1.367233E-02  -3.295491E-03
   1.295618E-02  -6.713597E-02  -3.028797E-01
   6.260108E-02   8.584825E-03   8.922679E-02
   2.332918E-03  -1.010036E-03  -5.391708E-03
  -6.206531E-03   1.551998E-03   2.405791E-03
   1.758048E-03  -1.630893E-04   2.864102E-04
  -1.790231E-03   2.097935E-03   1.633382E-03
  -4.781980E-04   3.450002E-07   3.441553E-04
   1.640882E-01  -1.463739E-01   4.287912E-02
  -8.921005E-02   2.138620E-01  -1.911586E-01
   2.160650E-02  -3.249084E-02  -2.127372E-02
  -1.658249E-02  -8.060071E-02   9.564354E-03
   3.723600E-02   3.476907E-02  -3.730545E-03
  -5.081187E-02   4.904113E-02   1.995111E-02
   4.699667E-03   1.466659E-02   3.646562E-03
  -1.385063E-02   6.477025E-02   3.011341E-01
  -6.319849E-02  -8.758716E-03  -9.107245E-02
  -1.926080E-03   1.221838E-03   5.845110E-03
   5.724342E-03  -1.376568E-03  -3.033947E-03
  -1.765012E-03   1.888497E-04  -3.493291E-04
   1.814118E-03  -2.261362E-03  -1.785788E-03
   4.356636E-04   7.777827E-05  -4.064278E-04
  -1.606806E-01   1.521903E-01  -3.966029E-02
   8.642957E-02  -2.244719E-01   1.898149E-01
  -2.517657E-02   3.523263E-02   2.102849E-02
   2.190910E-02   8.407542E-02  -9.433980E-03
  -3.624693E-02  -3.481808E-02   3.662463E-03
   5.043651E-02  -5.233365E-02  -1.852577E-02
  -5.977494E-03  -1.386890E-02  -3.359517E-03
   1.278885E-02  -6.724680E-02  -3.029433E-01
   6.253523E-02   8.570351E-03   8.912899E-02
   2.370155E-03  -1.018604E-03  -5.433165E-03
  -6.262607E-03   1.604352E-03   2.447931E-03
   1.710713E-03  -1.771942E-04   2.968432E-04
  -1.757867E-03   2.080348E-03   1.597620E-03
  -4.757869E-04  -6.455779E-05   3.293841E-04
  -1.642606E-01   1.456258E-01  -4.263282E-02
   8.922387E-02  -2.132966E-01   1.910342E-01
  -2.139779E-02   3.205303E-02   2.129274E-02
   1.627418E-02   8.048374E-02  -9.796913E-03
  -3.723396E-02  -3.440285E-02   3.694014E-03
   5.098202E-02  -4.897305E-02  -1.998063E-02
  -4.820941E-03  -1.446722E-02  -3.582154E-03
   1.401631E-02  -6.466417E-02  -3.011020E-01
   6.325207E-02   8.764126E-03   9.117842E-02
   1.890095E-03  -1.212064E-03  -5.804612E-03
  -5.669568E-03   1.325992E-03   2.991033E-03
   1.811386E-03  -1.743309E-04   3.383492E-04
  -1.844239E-03   2.280809E-03   1.823797E-03
  -4.375480E-04  -1.261957E-05   4.243059E-04
  -1.623821E-01   1.490700E-01  -4.113396E-02
   8.773963E-02  -2.190625E-01   1.903747E-01
  -2.333583E-02   3.373744E-02   2.116100E-02
   1.921287E-02   8.230361E-02  -9.548783E-03
  -3.675342E-02  -3.463449E-02   3.676224E-03
   5.071237E-02  -5.065774E-02  -1.919885E-02
  -5.398581E-03  -1.414284E-02  -3.484478E-03
   1.336740E-02  -6.601112E-02  -3.020648E-01
   6.287290E-02   8.663850E-03   9.011451E-02
   2.129229E-03  -1.114190E-03  -5.620255E-03
  -5.968401E-03   1.475229E-03   2.718532E-03
   1.726018E-03  -2.256483E-04   3.269748E-04
  -1.778277E-03   2.122003E-03   1.680387E-03
  -4.567492E-04  -4.238580E-05   3.699769E-04
   1.625249E-01  -1.488347E-01   4.119655E-02
  -8.790127E-02   2.187898E-01  -1.904410E-01
   2.323657E-02  -3.362790E-02  -2.114029E-02
  -1.896013E-02  -8.221296E-02   9.627629E-03
   3.674192E-02   3.464519E-02  -3.675740E-03
  -5.065577E-02   5.063199E-02   1.925439E-02
   5.349942E-03   1.420772E-02   3.460126E-03
  -1.342009E-02   6.593084E-02   3.019887E-01
  -6.293164E-02  -8.682228E-03  -9.016650E-02
  -2.131586E-03   1.115835E-03   5.606936E-03
   5.964188E-03  -1.457521E-03  -2.706453E-03
  -1.794273E-03   1.284343E-04  -3.085135E-04
   1.823584E-03  -2.227928E-03  -1.728552E-03
   4.568295E-04   3.527799E-05  -3.855873E-04
   1.625814E-01  -1.485401E-01   4.135924E-02
  -8.792929E-02   2.184869E-01  -1.903837E-01
   2.326559E-02  -3.362042E-02  -2.110193E-02
  -1.888334E-02  -8.223577E-02   9.536475E-03
   3.673629E-02   3.467096E-02  -3.670056E-03
  -5.066402E-02   5.062277E-02   1.927764E-02
   5.362460E-03   1.416737E-02   3.465889E-03
  -1.347060E-02   6.588167E-02   3.018956E-01
  -6.299462E-02  -8.698399E-03  -9.024229E-02
  -2.118965E-03   1.036695E-03   5.551014E-03
   5.910739E-03  -1.414950E-03  -2.693566E-03
  -1.761053E-03   1.749515E-04  -3.165402E-04
   1.802788E-03  -2.181127E-03  -1.702537E-03
   4.557640E-04   4.510211E-05  -3.893550E-04
   1.623219E-01  -1.493706E-01   4.096896E-02
  -8.771288E-02   2.193727E-01  -1.904326E-01
   2.330841E-02  -3.375197E-02  -2.119779E-02
  -1.928936E-02  -8.228268E-02   9.639008E-03
   3.675746E-02   3.461190E-02  -3.682842E-03
  -5.070603E-02   5.066990E-02   1.917503E-02
   5.390463E-03   1.418341E-02   3.478993E-03
  -1.331493E-02   6.606140E-02   3.021587E-01
  -6.280852E-02  -8.647374E-03  -9.003681E-02
  -2.142772E-03   1.195874E-03   5.677289E-03
   6.021949E-03  -1.517959E-03  -2.732113E-03
  -1.760910E-03   1.785002E-04  -3.186701E-04
   1.800835E-03  -2.169090E-03  -1.705840E-03
   4.570092E-04   3.270107E-05  -3.662934E-04
  -1.630355E-01   1.495266E-01  -4.096190E-02
   8.253605E-02  -2.193014E-01   1.903565E-01
  -1.983800E-02   2.772401E-02   2.194470E-02
   2.248774E-02   8.805595E-02  -1.052108E-02
  -3.470201E-02  -2.893268E-02   3.711756E-03
   5.250454E-02  -5.596942E-02  -1.933047E-02
  -9.091701E-03  -1.421656E-02  -3.263839E-03
   1.351486E-02  -6.616140E-02  -3.018264E-01
   6.280149E-02   8.644481E-03   9.001730E-02
   2.130440E-03  -1.213350E-03  -5.818095E-03
  -5.916450E-03   1.501894E-03   2.760778E-03
   1.752498E-03  -1.858214E-04   2.742676E-04
  -1.811447E-03   2.194290E-03   1.717375E-03
  -6.644238E-04  -4.182548E-05   3.469900E-04
   1.620503E-01  -1.484111E-01   4.171518E-02
  -9.329038E-02   2.187770E-01  -1.903941E-01
   2.672705E-02  -3.946343E-02  -2.030422E-02
  -1.559536E-02  -7.622957E-02   8.554663E-03
   3.863356E-02   4.007784E-02  -3.600007E-03
  -4.874916E-02   4.509315E-02   1.915684E-02
   1.735861E-03   1.418180E-02   3.672501E-03
  -1.333751E-02   6.564243E-02   3.017186E-01
  -6.303954E-02  -8.809180E-03  -9.017669E-02
  -2.141945E-03   1.018370E-03   5.394537E-03
   6.028506E-03  -1.433310E-03  -2.681613E-03
  -1.773462E-03   1.640355E-04  -3.643460E-04
   1.794101E-03  -2.162423E-03  -1.683649E-03
   2.487870E-04   4.147034E-05  -4.160209E-04
  -1.614396E-01   1.491918E-01  -4.155493E-02
   8.556177E-02  -2.187433E-01   1.910158E-01
  -2.332791E-02   3.422947E-02   2.080828E-02
   1.899213E-02   8.154527E-02  -9.260865E-03
  -3.684918E-02  -3.534591E-02   3.638670E-03
   5.071554E-02  -4.986498E-02  -1.945011E-02
  -4.913377E-03  -1.415418E-02  -3.492118E-03
   1.325812E-02  -6.596047E-02  -3.019127E-01
   6.297864E-02   8.437639E-03   9.019942E-02
   2.229011E-03  -1.131986E-03  -5.611994E-03
  -5.828267E-03   1.392479E-03   2.674688E-03
   1.776418E-03  -1.355581E-04   3.204788E-04
  -1.812619E-03   2.169272E-03   1.690614E-03
  -3.944982E-04  -3.656724E-05   4.133235E-04
   1.634452E-01  -1.487504E-01   4.073779E-02
  -9.008209E-02   2.191600E-01  -1.897855E-01
   2.326855E-02  -3.312611E-02  -2.149778E-02
  -1.919742E-02  -8.294638E-02   9.921934E-03
   3.664388E-02   3.391571E-02  -3.716138E-03
  -5.064914E-02   5.138633E-02   1.899908E-02
   5.833437E-03   1.417715E-02   3.450991E-03
  -1.352589E-02   6.598429E-02   3.021667E-01
  -6.280965E-02  -8.907326E-03  -9.008573E-02
  -2.031294E-03   1.100489E-03   5.618575E-03
   6.103583E-03  -1.541548E-03  -2.750794E-03
  -1.744552E-03   2.184963E-04  -3.135691E-04
   1.790418E-03  -2.180802E-03  -1.717122E-03
   5.180115E-04   4.113793E-05  -3.416155E-04
  -1.624116E-01   1.495854E-01  -4.100833E-02
   9.465597E-02  -2.191725E-01   1.896138E-01
  -2.643668E-02   3.791042E-02   2.140025E-02
   1.538142E-02   7.801753E-02  -8.983403E-03
  -3.796989E-02  -3.838770E-02   3.479026E-03
   4.970065E-02  -4.710209E-02  -1.882589E-02
  -3.722526E-03  -1.424645E-02  -3.579672E-03
   1.314477E-02  -6.605901E-02  -3.019923E-01
   6.294571E-02   8.661152E-03   9.007682E-02
   2.194363E-03  -1.153257E-03  -5.589003E-03
  -5.859650E-03   1.286841E-03   2.430770E-03
   1.745523E-03  -2.297282E-04   3.574524E-04
  -1.840983E-03   2.265497E-03   1.678994E-03
  -3.731996E-04  -4.502549E-05   3.536392E-04
  -1.626958E-01   1.480903E-01  -4.165480E-02
   8.113969E-02  -2.185746E-01   1.911473E-01
  -2.011524E-02   2.937970E-02   2.086338E-02
   2.268632E-02   8.632447E-02  -1.012675E-02
  -3.541041E-02  -3.079888E-02   3.844292E-03
   5.151843E-02  -5.398250E-02  -1.964635E-02
  -6.997850E-03  -1.416202E-02  -3.358833E-03
   1.372547E-02  -6.574152E-02  -3.016550E-01
   6.291109E-02   8.751443E-03   9.018236E-02
   2.070996E-03  -1.077916E-03  -5.624137E-03
  -6.076689E-03   1.652790E-03   3.009635E-03
   1.777924E-03  -1.221803E-04   2.786701E-04
  -1.764165E-03   2.089048E-03   1.721642E-03
  -5.385089E-04  -3.393819E-05   4.081124E-04
  -1.624314E-01   1.490053E-01  -4.114839E-02
   8.774849E-02  -2.189691E-01   1.903960E-01
  -2.327257E-02   3.362372E-02   2.117470E-02
   1.912958E-02   8.233885E-02  -9.589951E-03
  -3.668001E-02  -3.458725E-02   3.672582E-03
   5.074379E-02  -5.072592E-02  -1.921877E-02
  -5.439464E-03  -1.416738E-02  -3.472297E-03
   1.338285E-02  -6.598923E-02  -3.020412E-01
   6.288870E-02   8.670858E-03   9.013097E-02
   2.130472E-03  -1.116493E-03  -5.621838E-03
  -5.962917E-03   1.466322E-03   2.713132E-03
   1.737845E-03  -1.725851E-04   3.216093E-04
  -1.813742E-03   2.168211E-03   1.695659E-03
  -4.551534E-04  -3.940848E-05   3.778285E-04
   1.624756E-01  -1.488966E-01   4.118449E-02
  -8.789619E-02   2.188786E-01  -1.904202E-01
   2.329959E-02  -3.374576E-02  -2.112543E-02
  -1.903897E-02  -8.217625E-02   9.585467E-03
   3.681358E-02   3.469510E-02  -3.679812E-03
  -5.062614E-02   5.056458E-02   1.923400E-02
   5.312921E-03   1.418550E-02   3.472811E-03
  -1.340467E-02   6.595222E-02   3.020107E-01
  -6.291654E-02  -8.675388E-03  -9.014968E-02
  -2.130077E-03   1.113737E-03   5.605211E-03
   5.969289E-03  -1.466591E-03  -2.711978E-03
  -1.784585E-03   1.811991E-04  -3.136777E-04
   1.790643E-03  -2.181802E-03  -1.713009E-03
   4.575660E-04   3.810039E-05  -3.778470E-04
   1.625100E-01  -1.488245E-01   4.119750E-02
  -8.787568E-02   2.188479E-01  -1.904091E-01
   2.315435E-02  -3.383837E-02  -2.118769E-02
  -1.923102E-02  -8.203517E-02   9.563024E-03
   3.685246E-02   3.477658E-02  -3.637184E-03
  -5.052648E-02   5.047872E-02   1.922974E-02
   5.216066E-03   1.418765E-02   3.477934E-03
  -1.340571E-02   6.593204E-02   3.019856E-01
  -6.288966E-02  -8.685626E-03  -9.016193E-02
  -2.029076E-03   1.131014E-03   5.652312E-03
   6.021234E-03  -1.568664E-03  -2.706984E-03
  -1.760080E-03   1.790168E-04  -3.204705E-04
   1.797496E-03  -2.173448E-03  -1.701613E-03
   4.648187E-04   3.793503E-05  -3.931234E-04
  -1.623992E-01   1.490724E-01  -4.113666E-02
   8.776951E-02  -2.189934E-01   1.904067E-01
  -2.341819E-02   3.352801E-02   2.111274E-02
   1.893769E-02   8.247871E-02  -9.612615E-03
  -3.663906E-02  -3.450568E-02   3.714945E-03
   5.084181E-02  -5.081217E-02  -1.922299E-02
  -5.536561E-03  -1.416451E-02  -3.467208E-03
   1.338272E-02  -6.600859E-02  -3.020641E-01
   6.291602E-02   8.660900E-03   9.011955E-02
   2.231482E-03  -1.098022E-03  -5.574879E-03
  -5.910723E-03   1.364099E-03   2.717925E-03
   1.761514E-03  -1.743123E-04   3.148001E-04
  -1.805994E-03   2.176962E-03   1.706897E-03
  -4.479162E-04  -3.969806E-05   3.626443E-04
  -1.624481E-01   1.491045E-01  -4.107224E-02
   8.573448E-02  -2.188088E-01   1.907380E-01
  -2.231131E-02   3.179688E-02   2.145382E-02
   1.971601E-02   8.412261E-02  -9.976574E-03
  -3.557808E-02  -3.238163E-02   3.619760E-03
   5.195667E-02  -5.280506E-02  -1.942453E-02
  -7.408948E-03  -1.413113E-02  -3.369274E-03
   1.343022E-02  -6.601735E-02  -3.020366E-01
   6.293480E-02   8.562947E-03   9.017047E-02
   2.178936E-03  -1.178304E-03  -5.734950E-03
  -5.843855E-03   1.381725E-03   2.675533E-03
   1.741290E-03  -1.705029E-04   2.931065E-04
  -1.811333E-03   2.191922E-03   1.741252E-03
  -4.932985E-04  -3.657276E-05   4.039981E-04
  -1.624480E-01   1.488282E-01  -4.125362E-02
   8.991927E-02  -2.190798E-01   1.900716E-01
  -2.426714E-02   3.556799E-02   2.084351E-02
   1.844786E-02   8.036139E-02  -9.194909E-03
  -3.793579E-02  -3.690144E-02   3.734134E-03
   4.942103E-02  -4.845723E-02  -1.903209E-02
  -3.331498E-03  -1.420528E-02  -3.577230E-03
   1.335578E-02  -6.592422E-02  -3.020055E-01
   6.286099E-02   8.784652E-03   9.010701E-02
   2.083521E-03  -1.052766E-03  -5.494451E-03
  -6.090178E-03   1.554367E-03   2.749894E-03
   1.780736E-03  -1.836735E-04   3.424377E-04
  -1.792484E-03   2.158298E-03   1.667459E-03
  -4.194283E-04  -4.112430E-05   3.517663E-04
   1.624392E-01  -1.489705E-01   4.116299E-02
  -8.773965E-02   2.189368E-01  -1.904063E-01
   2.325385E-02  -3.359757E-02  -2.115924E-02
  -1.912076E-02  -8.233612E-02   9.593237E-03
   3.667399E-02   3.453178E-02  -3.674239E-03
  -5.075387E-02   5.074454E-02   1.922230E-02
   5.534819E-03   1.417264E-02   3.466949E-03
  -1.339135E-02   6.597786E-02   3.020298E-01
  -6.290237E-02  -8.667740E-03  -9.013872E-02
  -2.135089E-03   1.112489E-03   5.614968E-03
   5.960694E-03  -1.464466E-03  -2.711874E-03
  -1.759640E-03   1.764825E-04  -3.173253E-04
   1.803129E-03  -2.174266E-03  -1.702406E-03
   4.455877E-04   4.185773E-05  -3.736360E-04
  -1.624663E-01   1.489330E-01  -4.116835E-02
   8.790455E-02  -2.189139E-01   1.904094E-01
  -2.331965E-02   3.377130E-02   2.114055E-02
   1.904848E-02   8.217829E-02  -9.582800E-03
  -3.681941E-02  -3.475035E-02   3.678481E-03
   5.061639E-02  -5.054561E-02  -1.923000E-02
  -5.218277E-03  -1.417900E-02  -3.477954E-03
   1.339562E-02  -6.596419E-02  -3.020233E-01
   6.290221E-02   8.678322E-03   9.014284E-02
   2.125560E-03  -1.117579E-03  -5.612036E-03
  -5.971631E-03   1.468641E-03   2.713308E-03
   1.762294E-03  -1.768594E-04   3.178530E-04
  -1.800543E-03   2.176080E-03   1.706010E-03
  -4.669272E-04  -3.587778E-05   3.820603E-04
   1.625382E-01  -1.488548E-01   4.116174E-02
  -8.805658E-02   2.188468E-01  -1.904272E-01
   2.335479E-02  -3.377314E-02  -2.116029E-02
  -1.893631E-02  -8.218497E-02   9.627903E-03
   3.679428E-02   3.471846E-02  -3.663373E-03
  -5.062193E-02   5.057025E-02   1.924541E-02
   5.139561E-03   1.418564E-02   3.483073E-03
  -1.341823E-02   6.594179E-02   3.020113E-01
  -6.291848E-02  -8.686723E-03  -9.015233E-02
  -2.127722E-03   1.113108E-03   5.610508E-03
   5.964632E-03  -1.456227E-03  -2.703401E-03
  -1.720464E-03   2.246756E-04  -3.275291E-04
   1.829502E-03  -2.227206E-03  -1.730064E-03
   4.531311E-04   3.726596E-05  -3.861880E-04
   1.623673E-01  -1.490492E-01   4.116878E-02
  -8.758767E-02   2.190035E-01  -1.903885E-01
   2.321821E-02  -3.359454E-02  -2.113982E-02
  -1.923275E-02  -8.232900E-02   9.548775E-03
   3.669858E-02   3.456236E-02  -3.689222E-03
  -5.074742E-02   5.071858E-02   1.920682E-02
   5.612837E-03   1.416708E-02   3.461945E-03
  -1.336911E-02   6.600023E-02   3.020422E-01
  -6.288612E-02  -8.659354E-03  -9.012858E-02
  -2.132954E-03   1.116909E-03   5.616445E-03
   5.967619E-03  -1.476789E-03  -2.721548E-03
  -1.800157E-03   1.285764E-04  -3.077188E-04
   1.772737E-03  -2.123053E-03  -1.678537E-03
   4.596053E-04   4.051910E-05  -3.695956E-04
   1.624309E-01  -1.488897E-01   4.120579E-02
  -8.778321E-02   2.189646E-01  -1.903896E-01
   2.333604E-02  -3.361514E-02  -2.108304E-02
  -1.918736E-02  -8.226674E-02   9.589730E-03
   3.674032E-02   3.460444E-02  -3.681626E-03
  -5.067028E-02   5.065392E-02   1.920252E-02
   5.387427E-03   1.417380E-02   3.471261E-03
  -1.341117E-02   6.595787E-02   3.020282E-01
  -6.291622E-02  -8.669192E-03  -9.014959E-02
  -2.133654E-03   1.032496E-03   5.549178E-03
   6.014397E-03  -1.515490E-03  -2.735705E-03
  -1.761681E-03   1.746556E-04  -3.163393E-04
   1.800368E-03  -2.169259E-03  -1.701463E-03
   4.576186E-04   3.929004E-05  -3.740490E-04
  -1.624722E-01   1.490224E-01  -4.112245E-02
   8.785819E-02  -2.188964E-01   1.904268E-01
  -2.323835E-02   3.375701E-02   2.121662E-02
   1.898627E-02   8.225155E-02  -9.586116E-03
  -3.675394E-02  -3.467816E-02   3.671418E-03
   5.070022E-02  -5.063845E-02  -1.925007E-02
  -5.365358E-03  -1.417656E-02  -3.473573E-03
   1.337446E-02  -6.598546E-02  -3.020267E-01
   6.288650E-02   8.676356E-03   9.012946E-02
   2.127953E-03  -1.200239E-03  -5.679090E-03
  -5.918299E-03   1.417661E-03   2.690054E-03
   1.760267E-03  -1.788071E-04   3.188520E-04
  -1.803243E-03   2.180934E-03   1.706910E-03
  -4.551617E-04  -3.852761E-05   3.815500E-04
  -1.608655E-01   1.518332E-01  -4.078639E-02
   8.541909E-02  -2.208141E-01   1.903797E-01
  -2.277108E-02   3.220244E-02   2.155933E-02
   1.995326E-02   8.395618E-02  -9.728583E-03
  -3.596420E-02  -3.318723E-02   3.820261E-03
   5.189523E-02  -5.264414E-02  -1.906749E-02
  -7.292591E-03  -1.406799E-02  -3.413828E-03
   1.260456E-02  -6.675527E-02  -3.024724E-01
   6.263194E-02   8.266323E-03   8.984355E-02
   2.155565E-03  -1.211510E-03  -5.872273E-03
  -5.895870E-03   1.430063E-03   2.615603E-03
   1.781377E-03  -1.599503E-04   2.998949E-04
  -1.792776E-03   2.137977E-03   1.690861E-03
  -4.780641E-04  -4.442210E-05   3.111517E-04
   1.640348E-01  -1.460351E-01   4.156669E-02
  -9.019771E-02   2.170088E-01  -1.904399E-01
   2.377613E-02  -3.514761E-02  -2.074386E-02
  -1.821569E-02  -8.058060E-02   9.449754E-03
   3.751623E-02   3.607680E-02  -3.531182E-03
  -4.947938E-02   4.866447E-02   1.938811E-02
   3.479853E-03   1.429407E-02   3.531247E-03
  -1.417871E-02   6.517410E-02   3.015614E-01
  -6.317324E-02  -9.084768E-03  -9.044165E-02
  -2.105131E-03   1.020411E-03   5.355022E-03
   6.037485E-03  -1.505821E-03  -2.811248E-03
  -1.740804E-03   1.929176E-04  -3.352886E-04
   1.810501E-03  -2.212645E-03  -1.718153E-03
   4.348038E-04   3.347165E-05  -4.452369E-04
  -1.616507E-01   1.467290E-01  -3.628014E-02
   8.724233E-02  -2.157539E-01   1.885422E-01
  -2.228387E-02   3.232340E-02   2.184729E-02
   1.792601E-02   8.033032E-02  -9.899829E-03
  -3.713610E-02  -3.366209E-02   3.828233E-03
   5.107854E-02  -4.936788E-02  -1.869123E-02
  -5.198572E-03  -1.445938E-02  -3.640109E-03
   1.399705E-02  -6.645809E-02  -3.040155E-01
   6.216423E-02   7.744312E-03   8.762824E-02
   2.028078E-03  -1.093955E-03  -5.799831E-03
  -5.888622E-03   1.472950E-03   2.379337E-03
   1.752042E-03  -1.701101E-04   3.071585E-04
  -1.806865E-03   2.170813E-03   1.798337E-03
  -4.601961E-04  -1.271847E-05   2.782258E-04
  -1.639883E-01   1.499560E-01  -4.713868E-02
   8.875336E-02  -2.208205E-01   1.923874E-01
  -2.370577E-02   3.531640E-02   2.030567E-02
   1.966393E-02   8.447092E-02  -9.136114E-03
  -3.597254E-02  -3.604727E-02   3.449293E-03
   4.975789E-02  -5.225999E-02  -1.977048E-02
  -5.464538E-03  -1.428023E-02  -3.302839E-03
   1.292395E-02  -6.512936E-02  -2.989910E-01
   6.396380E-02   9.782657E-03   9.261412E-02
   2.249662E-03  -1.144385E-03  -5.379066E-03
  -6.077061E-03   1.452646E-03   3.061934E-03
   1.774873E-03  -1.745506E-04   3.420305E-04
  -1.798659E-03   2.197518E-03   1.591067E-03
  -4.517738E-04  -6.473940E-05   4.931152E-04
  -1.638774E-01   1.485196E-01  -4.288520E-02
   8.841587E-02  -2.183100E-01   1.902738E-01
  -2.299367E-02   3.366250E-02   2.123739E-02
   1.865471E-02   8.240868E-02  -9.620624E-03
  -3.637606E-02  -3.469104E-02   3.609518E-03
   5.041773E-02  -5.079444E-02  -1.917197E-02
  -5.438797E-03  -1.446939E-02  -3.458312E-03
   1.363038E-02  -6.576049E-02  -3.017539E-01
   6.348477E-02   8.899301E-03   9.178953E-02
   2.155540E-03  -1.137925E-03  -5.567365E-03
  -5.957737E-03   1.437977E-03   2.661375E-03
   1.763191E-03  -1.732021E-04   3.174537E-04
  -1.801625E-03   2.193850E-03   1.704338E-03
  -4.559529E-04  -3.823479E-05   3.780219E-04
   1.610175E-01  -1.493332E-01   3.949338E-02
  -8.723459E-02   2.194887E-01  -1.905386E-01
   2.355957E-02  -3.373048E-02  -2.105364E-02
  -1.949041E-02  -8.212049E-02   9.548798E-03
   3.709762E-02   3.461517E-02  -3.742158E-03
  -5.092554E-02   5.051883E-02   1.927680E-02
   5.311259E-03   1.390281E-02   3.485495E-03
  -1.315199E-02   6.617003E-02   3.022674E-01
  -6.231707E-02  -8.459309E-03  -8.851180E-02
  -2.105830E-03   1.092260E-03   5.659594E-03
   5.976243E-03  -1.494654E-03  -2.763900E-03
  -1.758921E-03   1.798296E-04  -3.181544E-04
   1.802121E-03  -2.156970E-03  -1.702915E-03
   4.567634E-04   3.952536E-05  -3.774440E-04
  -1.605267E-01   1.477965E-01  -4.260213E-02
   8.663428E-02  -2.205958E-01   1.909253E-01
  -2.338020E-02   3.428096E-02   2.160880E-02
   1.921337E-02   8.188329E-02  -9.452384E-03
  -3.697241E-02  -3.505929E-02   3.745564E-03
   5.062068E-02  -5.084314E-02  -1.903681E-02
  -5.088691E-03  -1.400924E-02  -3.557805E-03
   1.291979E-02  -6.320684E-02  -3.020061E-01
   6.266016E-02   8.973583E-03   9.034361E-02
   2.121358E-03  -1.072153E-03  -5.679585E-03
  -5.977774E-03   1.475618E-03   2.611149E-03
   1.753175E-03  -1.831598E-04   3.124565E-04
  -1.802764E-03   2.140680E-03   1.723021E-03
  -4.587133E-04  -3.916869E-05   3.337421E-04
  -1.643777E-01   1.502309E-01  -3.971144E-02
   8.902735E-02  -2.173000E-01   1.899127E-01
  -2.319863E-02   3.310461E-02   2.070132E-02
   1.895531E-02   8.262890E-02  -9.716518E-03
  -3.652840E-02  -3.424024E-02   3.608794E-03
   5.074547E-02  -5.044477E-02  -1.941043E-02
  -5.647373E-03  -1.434031E-02  -3.390444E-03
   1.385612E-02  -6.878611E-02  -3.020784E-01
   6.313438E-02   8.362478E-03   8.992727E-02
   2.139093E-03  -1.158165E-03  -5.549698E-03
  -5.954174E-03   1.457263E-03   2.811149E-03
   1.768670E-03  -1.705289E-04   3.229790E-04
  -1.801077E-03   2.209945E-03   1.685695E-03
  -4.539857E-04  -3.893554E-05   4.208647E-04
  -1.596485E-01   1.508354E-01  -3.971686E-02
   8.671196E-02  -2.222174E-01   1.903784E-01
  -2.362478E-02   3.400092E-02   2.132542E-02
   1.987529E-02   8.284873E-02  -9.692797E-03
  -3.713275E-02  -3.467300E-02   3.685386E-03
   5.137589E-02  -5.147735E-02  -1.906270E-02
  -5.667711E-03  -1.393995E-02  -3.507408E-03
   1.175601E-02  -6.678538E-02  -3.036095E-01
   6.208739E-02   9.388719E-03   8.971902E-02
   2.137063E-03  -1.096411E-03  -5.655748E-03
  -5.955238E-03   1.509663E-03   2.616344E-03
   1.767997E-03  -1.770615E-04   3.144301E-04
  -1.807418E-03   2.150516E-03   1.726953E-03
  -4.651614E-04  -3.951187E-05   3.485440E-04
   1.653131E-01  -1.469974E-01   4.270418E-02
  -8.895875E-02   2.155282E-01  -1.904373E-01
   2.290016E-02  -3.338177E-02  -2.096094E-02
  -1.824979E-02  -8.169983E-02   9.475645E-03
   3.631506E-02   3.462623E-02  -3.661545E-03
  -4.995751E-02   4.986005E-02   1.939219E-02
   5.101718E-03   1.444406E-02   3.435265E-03
  -1.505696E-02   6.512726E-02   3.003335E-01
  -6.372808E-02  -7.951429E-03  -9.055615E-02
  -2.125105E-03   1.134513E-03   5.567121E-03
   5.979590E-03  -1.423008E-03  -2.811440E-03
  -1.754446E-03   1.754794E-04  -3.220417E-04
   1.796016E-03  -2.201053E-03  -1.680414E-03
   4.478935E-04   3.820357E-05  -4.080743E-04
   1.619306E-01  -1.495736E-01   4.017603E-02
  -8.784216E-02   2.196905E-01  -1.900073E-01
   2.352754E-02  -3.415843E-02  -2.096981E-02
  -1.884261E-02  -8.172490E-02   9.654759E-03
   3.729093E-02   3.543700E-02  -4.012696E-03
  -5.053847E-02   4.974895E-02   1.877952E-02
   4.569271E-03   1.417020E-02   3.698227E-03
  -1.331426E-02   6.500229E-02   3.028004E-01
  -6.287527E-02  -8.218763E-03  -9.011373E-02
  -2.064703E-03   1.068078E-03   5.631011E-03
   6.005958E-03  -1.478034E-03  -2.659285E-03
  -1.758858E-03   1.761933E-04  -3.312029E-04
   1.811706E-03  -2.197521E-03  -1.685728E-03
   4.450383E-04   4.782921E-05  -2.305050E-04
   1.629738E-01  -1.483474E-01   4.213803E-02
  -8.780165E-02   2.181844E-01  -1.908088E-01
   2.303886E-02  -3.321080E-02  -2.132883E-02
  -1.932166E-02  -8.280857E-02   9.522737E-03
   3.620158E-02   3.384082E-02  -3.345465E-03
  -5.084276E-02   5.155822E-02   1.967805E-02
   6.195456E-03   1.418581E-02   3.249317E-03
  -1.346981E-02   6.693672E-02   3.012540E-01
  -6.292920E-02  -9.130169E-03  -9.016095E-02
  -2.194715E-03   1.161310E-03   5.595127E-03
   5.924740E-03  -1.455059E-03  -2.764400E-03
  -1.763663E-03   1.766220E-04  -3.060376E-04
   1.792085E-03  -2.153407E-03  -1.721495E-03
   4.678895E-04   3.248120E-05  -5.249106E-04
  -1.622807E-01   1.490715E-01  -4.104010E-02
   8.782653E-02  -2.189973E-01   1.906155E-01
  -2.332953E-02   3.379641E-02   2.108135E-02
   1.904799E-02   8.211940E-02  -9.689950E-03
  -3.689935E-02  -3.476476E-02   2.991364E-03
   5.055183E-02  -5.046756E-02  -1.989153E-02
  -5.159570E-03  -1.417395E-02  -2.116382E-03
   1.336815E-02  -6.611896E-02  -3.021283E-01
   6.289333E-02   8.687800E-03   9.009330E-02
   2.169529E-03  -1.085128E-03  -5.441999E-03
  -5.960704E-03   1.493012E-03   2.863196E-03
   1.762534E-03  -1.740346E-04   2.726779E-04
  -1.806113E-03   2.171817E-03   1.647909E-03
  -4.653495E-04  -4.187245E-05   2.867810E-04
  -1.626256E-01   1.488718E-01  -4.127505E-02
   8.781951E-02  -2.189020E-01   1.902050E-01
  -2.324009E-02   3.359478E-02   2.121649E-02
   1.912019E-02   8.242352E-02  -9.493585E-03
  -3.659420E-02  -3.452731E-02   4.359885E-03
   5.082090E-02  -5.084144E-02  -1.856049E-02
  -5.596997E-03  -1.421266E-02  -4.826646E-03
   1.341293E-02  -6.582814E-02  -3.019218E-01
   6.291362E-02   8.663224E-03   9.017456E-02
   2.091617E-03  -1.143492E-03  -5.784013E-03
  -5.972346E-03   1.441813E-03   2.561466E-03
   1.758784E-03  -1.792683E-04   3.625333E-04
  -1.796871E-03   2.178666E-03   1.761943E-03
  -4.474791E-04  -3.230638E-05   4.688694E-04
  -1.624390E-01   1.486667E-01  -4.126444E-02
   8.849684E-02  -2.186101E-01   1.900003E-01
  -2.377667E-02   3.449825E-02   2.101093E-02
   1.869665E-02   8.115614E-02  -9.488092E-03
  -3.730147E-02  -3.570703E-02   3.886208E-03
   5.003897E-02  -4.932040E-02  -1.890293E-02
  -4.181511E-03  -1.415949E-02  -3.437565E-03
   1.338284E-02  -6.598186E-02  -3.019415E-01
   6.295685E-02   8.701962E-03   9.024198E-02
   2.139038E-03  -1.102850E-03  -5.540369E-03
  -5.974209E-03   1.460889E-03   2.722442E-03
   1.758442E-03  -1.824750E-04   2.323614E-04
  -1.811030E-03   2.120736E-03   1.573759E-03
  -4.339064E-04  -4.564892E-05   2.794758E-04
  -1.624859E-01   1.492079E-01  -4.109023E-02
   8.716189E-02  -2.192027E-01   1.908195E-01
  -2.278766E-02   3.287193E-02   2.128420E-02
   1.945331E-02   8.335403E-02  -9.685183E-03
  -3.617661E-02  -3.358062E-02   3.460649E-03
   5.131228E-02  -5.196719E-02  -1.954929E-02
  -6.569343E-03  -1.420481E-02  -3.506920E-03
   1.340961E-02  -6.595020E-02  -3.020865E-01
   6.285695E-02   8.647251E-03   9.003968E-02
   2.122069E-03  -1.127007E-03  -5.681579E-03
  -5.958258E-03   1.471108E-03   2.699120E-03
   1.760998E-03  -1.699651E-04   4.029543E-04
  -1.789057E-03   2.231563E-03   1.836024E-03
  -4.784663E-04  -3.180614E-05   4.770555E-04
  -1.618994E-01   1.491738E-01  -4.064293E-02
   8.785853E-02  -2.189053E-01   1.903363E-01
  -2.323722E-02   3.405551E-02   2.210717E-02
   1.881792E-02   8.183960E-02  -8.736274E-03
  -3.713857E-02  -3.505647E-02   3.240353E-03
   5.065638E-02  -5.008364E-02  -1.963641E-02
  -4.876496E-03  -1.415130E-02  -3.705347E-03
   1.332728E-02  -6.614266E-02  -3.025425E-01
   6.291933E-02   8.577874E-03   9.004951E-02
   1.935228E-03  -1.082216E-03  -5.903116E-03
  -6.075279E-03   1.488089E-03   2.330251E-03
   1.749375E-03  -1.753691E-04   3.621015E-04
  -1.806158E-03   2.197446E-03   1.758873E-03
  -4.381244E-04  -3.046113E-05   5.989913E-04
   1.630278E-01  -1.487143E-01   4.168567E-02
  -8.779282E-02   2.189402E-01  -1.904792E-01
   2.330484E-02  -3.332398E-02  -2.018429E-02
  -1.932635E-02  -8.270413E-02   1.044068E-02
   3.634287E-02   3.422416E-02  -4.113049E-03
  -5.071585E-02   5.123364E-02   1.881673E-02
   5.893745E-03   1.420934E-02   3.238179E-03
  -1.346386E-02   6.579714E-02   3.014983E-01
  -6.289149E-02  -8.773718E-03  -9.022620E-02
  -2.318837E-03   1.151581E-03   5.318785E-03
   5.849196E-03  -1.441473E-03  -3.091761E-03
  -1.772653E-03   1.772819E-04  -2.737522E-04
   1.797345E-03  -2.153709E-03  -1.648904E-03
   4.750152E-04   4.780376E-05  -1.566205E-04
   1.615197E-01  -1.502492E-01   3.937858E-02
  -8.750955E-02   2.204222E-01  -1.903973E-01
   2.350212E-02  -3.408494E-02  -2.051648E-02
  -1.886520E-02  -8.177454E-02   1.018777E-02
   3.749009E-02   3.553538E-02  -3.797033E-03
  -5.063577E-02   4.963160E-02   1.895517E-02
   4.497662E-03   1.419091E-02   3.433309E-03
  -1.324648E-02   6.441872E-02   3.034424E-01
  -6.280545E-02  -7.899145E-03  -9.000474E-02
  -2.110428E-03   1.022454E-03   5.435686E-03
   5.989199E-03  -1.509289E-03  -2.856224E-03
  -1.766479E-03   1.702243E-04  -3.381902E-04
   1.823102E-03  -2.234452E-03  -1.674143E-03
   4.360816E-04   3.472427E-05  -4.170048E-04
   1.633772E-01  -1.477001E-01   4.289523E-02
  -8.812671E-02   2.175161E-01  -1.904148E-01
   2.307130E-02  -3.329286E-02  -2.178579E-02
  -1.931959E-02  -8.279245E-02   8.999763E-03
   3.599619E-02   3.373938E-02  -3.565071E-03
  -5.076699E-02   5.171955E-02   1.950744E-02
   6.297909E-03   1.415987E-02   3.512630E-03
  -1.353312E-02   6.751895E-02   3.006158E-01
  -6.299474E-02  -9.456370E-03  -9.025320E-02
  -2.149862E-03   1.205302E-03   5.793642E-03
   5.943637E-03  -1.426567E-03  -2.569058E-03
  -1.756454E-03   1.818675E-04  -2.982039E-04
   1.780793E-03  -2.116400E-03  -1.733745E-03
   4.773965E-04   4.276909E-05  -3.376646E-04
   1.606401E-01  -1.445689E-01   4.037838E-02
  -8.827997E-02   2.151922E-01  -1.892811E-01
   2.264833E-02  -3.190815E-02  -2.150508E-02
  -1.958456E-02  -8.333940E-02   9.601302E-03
   3.489608E-02   3.216705E-02  -4.052788E-03
  -5.126506E-02   5.260258E-02   1.924300E-02
   7.327272E-03   1.431195E-02   3.506891E-03
  -9.551524E-03   6.946729E-02   3.034019E-01
  -6.289276E-02  -1.269338E-02  -9.166367E-02
  -2.106908E-03   1.213161E-03   5.867050E-03
   5.936480E-03  -1.430981E-03  -2.691128E-03
  -1.755046E-03   2.114657E-04  -3.487451E-04
   1.779511E-03  -2.143432E-03  -1.867924E-03
   5.151293E-04   5.543019E-05  -2.935659E-04
  -1.642794E-01   1.533342E-01  -4.181134E-02
   8.749962E-02  -2.225988E-01   1.915102E-01
  -2.396916E-02   3.549589E-02   2.075907E-02
   1.849576E-02   8.107718E-02  -9.532293E-03
  -3.857735E-02  -3.715625E-02   3.321332E-03
   5.005123E-02  -4.860336E-02  -1.924630E-02
  -3.411628E-03  -1.405258E-02  -3.439494E-03
   1.722251E-02  -6.249665E-02  -3.005597E-01
   6.294738E-02   4.710278E-03   8.846103E-02
   2.153941E-03  -1.012666E-03  -5.356729E-03
  -5.997940E-03   1.505824E-03   2.739828E-03
   1.766977E-03  -1.449117E-04   2.851742E-04
  -1.824449E-03   2.205355E-03   1.538438E-03
  -3.955545E-04  -2.155943E-05   4.645554E-04
  -1.621756E-01   1.497709E-01  -4.171374E-02
   8.693512E-02  -2.196668E-01   1.910012E-01
  -2.324411E-02   3.351584E-02   2.198420E-02
   1.917029E-02   8.272490E-02  -1.055633E-02
  -3.657245E-02  -3.424077E-02   3.698552E-03
   5.114491E-02  -5.117638E-02  -1.927282E-02
  -5.904211E-03  -1.420250E-02  -3.445168E-03
   1.460739E-02  -6.617995E-02  -3.023067E-01
   6.255922E-02   8.625706E-03   9.061457E-02
   2.033017E-03  -1.106018E-03  -5.868957E-03
  -5.906438E-03   1.468308E-03   2.941550E-03
   1.754670E-03  -1.714452E-04   2.817402E-04
  -1.808090E-03   2.235325E-03   1.744587E-03
  -4.695768E-04  -3.635457E-05   3.941693E-04
  -1.626174E-01   1.483091E-01  -4.108329E-02
   8.862741E-02  -2.184217E-01   1.898540E-01
  -2.341721E-02   3.395832E-02   2.034700E-02
   1.925534E-02   8.199024E-02  -8.582554E-03
  -3.718329E-02  -3.501673E-02   3.652125E-03
   5.029167E-02  -5.041990E-02  -1.913983E-02
  -4.808622E-03  -1.425543E-02  -3.495198E-03
   1.224594E-02  -6.563722E-02  -3.013936E-01
   6.313709E-02   8.742502E-03   8.959786E-02
   2.239142E-03  -1.125887E-03  -5.357421E-03
  -6.042274E-03   1.456516E-03   2.509644E-03
   1.778021E-03  -1.890469E-04   3.596117E-04
  -1.802136E-03   2.123973E-03   1.658388E-03
  -4.456615E-04  -2.799957E-05   3.738372E-04
  -1.624426E-01   1.492164E-01  -4.125075E-02
   8.680523E-02  -2.191779E-01   1.906810E-01
  -2.283490E-02   3.271538E-02   2.130345E-02
   1.957117E-02   8.344207E-02  -9.735178E-03
  -3.610911E-02  -3.345989E-02   3.614482E-03
   5.146885E-02  -5.207022E-02  -1.937512E-02
  -6.740485E-03  -1.416215E-02  -3.417739E-03
   1.365024E-02  -6.606502E-02  -3.021171E-01
   6.282351E-02   8.663662E-03   9.020372E-02
   2.140322E-03  -1.121140E-03  -5.586661E-03
  -5.954143E-03   1.465717E-03   2.667920E-03
   1.774606E-03  -1.580179E-04   2.489967E-04
  -1.792401E-03   2.230179E-03   1.802639E-03
  -4.850387E-04  -3.533127E-05   3.952883E-04
   1.624815E-01  -1.486655E-01   4.110324E-02
  -8.885847E-02   2.186452E-01  -1.901494E-01
   2.372916E-02  -3.466531E-02  -2.099225E-02
  -1.857644E-02  -8.107142E-02   9.437353E-03
   3.737569E-02   3.584185E-02  -3.729817E-03
  -4.988110E-02   4.922244E-02   1.908206E-02
   4.003399E-03   1.420006E-02   3.529593E-03
  -1.314101E-02   6.586670E-02   3.019079E-01
  -6.298987E-02  -8.686502E-03  -9.007208E-02
  -2.120387E-03   1.109036E-03   5.640452E-03
   5.978607E-03  -1.466355E-03  -2.753673E-03
  -1.745736E-03   1.936572E-04  -3.866882E-04
   1.808807E-03  -2.122605E-03  -1.606094E-03
   4.272809E-04   4.165738E-05  -3.671988E-04
  -1.623777E-01   1.488610E-01  -4.111203E-02
   8.734690E-02  -2.194612E-01   1.903651E-01
  -2.301713E-02   3.345518E-02   2.207760E-02
   1.940966E-02   8.299666E-02  -1.052704E-02
  -3.636190E-02  -3.377905E-02   3.198921E-03
   5.116794E-02  -5.156918E-02  -1.884013E-02
  -6.073039E-03  -1.411284E-02  -3.438226E-03
   1.366463E-02  -6.599504E-02  -3.019423E-01
   6.263157E-02   8.741976E-03   8.997994E-02
   1.981003E-03  -1.048582E-03  -5.824430E-03
  -5.852661E-03   1.411165E-03   2.974380E-03
   1.751446E-03  -1.734718E-04   3.584317E-04
  -1.800407E-03   2.156005E-03   1.693294E-03
  -4.860150E-04  -3.786872E-05   3.913526E-04
  -1.567965E-01   1.499284E-01  -3.498992E-02
   8.517896E-02  -2.136516E-01   1.934641E-01
  -2.022033E-02   2.835517E-02   2.074368E-02
   1.633256E-02   7.690019E-02  -9.337412E-03
  -3.289952E-02  -2.957485E-02   3.963386E-03
   4.618162E-02  -4.461272E-02  -1.998975E-02
  -4.756402E-03  -1.563058E-02  -3.506693E-03
   1.044070E-02  -6.982474E-02  -3.119287E-01
   6.223154E-02   7.154116E-03   9.160212E-02
   2.058765E-03  -1.100022E-03  -5.554011E-03
  -5.832979E-03   1.597987E-03   2.536943E-03
   1.645635E-03  -9.696276E-05   2.199993E-04
  -1.703608E-03   2.217705E-03   1.875771E-03
  -4.600366E-04  -6.845778E-05   3.392728E-04
   1.613118E-01  -1.475334E-01   3.871545E-02
  -8.978563E-02   2.181054E-01  -1.895082E-01
   2.367302E-02  -3.404630E-02  -2.147093E-02
  -1.863925E-02  -8.149153E-02   9.939389E-03
   3.703066E-02   3.496527E-02  -3.793728E-03
  -5.053641E-02   4.980354E-02   1.910678E-02
   4.523440E-03   1.426424E-02   3.516375E-03
  -9.793271E-03   6.633849E-02   3.043885E-01
  -6.348007E-02  -9.970746E-03  -9.103916E-02
  -2.140187E-03   1.106962E-03   5.701737E-03
   5.982648E-03  -1.449370E-03  -2.685930E-03
  -1.753380E-03   2.018247E-04  -3.038993E-04
   1.816305E-03  -2.201150E-03  -1.761287E-03
   4.541418E-04   4.320590E-05  -3.523226E-04
   1.635732E-01  -1.503605E-01   4.359957E-02
  -8.584767E-02   2.197466E-01  -1.913035E-01
   2.289027E-02  -3.332221E-02  -2.082466E-02
  -1.953570E-02  -8.305213E-02   9.237726E-03
   3.645289E-02   3.431919E-02  -3.559049E-03
  -5.083233E-02   5.150816E-02   1.934370E-02
   6.238530E-03   1.409218E-02   3.426484E-03
  -1.695168E-02   6.559729E-02   2.996362E-01
  -6.234432E-02  -7.388205E-03  -8.921709E-02
  -2.121801E-03   1.122948E-03   5.526326E-03
   5.951555E-03  -1.483887E-03  -2.738754E-03
  -1.768886E-03   1.513752E-04  -3.315493E-04
   1.787389E-03  -2.149295E-03  -1.646716E-03
   4.587971E-04   3.471080E-05  -4.027963E-04
   1.641454E-01  -1.514967E-01   4.191465E-02
  -8.815576E-02   2.208155E-01  -1.906603E-01
   2.337246E-02  -3.408835E-02  -2.152737E-02
  -1.914484E-02  -8.270864E-02   9.881919E-03
   3.697536E-02   3.493004E-02  -3.541971E-03
  -5.090024E-02   5.084086E-02   1.905772E-02
   5.352788E-03   1.418177E-02   3.497450E-03
  -1.398331E-02   6.593510E-02   3.005670E-01
  -6.344737E-02  -7.286867E-03  -8.914810E-02
  -2.165890E-03   1.141468E-03   5.565413E-03
   5.975773E-03  -1.452891E-03  -2.633946E-03
  -1.763245E-03   1.630979E-04  -3.000447E-04
   1.800309E-03  -2.198210E-03  -1.730770E-03
   4.545167E-04   3.139231E-05  -3.693832E-04
   1.607794E-01  -1.463798E-01   4.037947E-02
  -8.749592E-02   2.169980E-01  -1.901480E-01
   2.320244E-02  -3.327415E-02  -2.077286E-02
  -1.902076E-02  -8.179578E-02   9.294746E-03
   3.651352E-02   3.434821E-02  -3.811986E-03
  -5.046252E-02   5.043859E-02   1.939559E-02
   5.397262E-03   1.416848E-02   3.446770E-03
  -1.281625E-02   6.599960E-02   3.034897E-01
  -6.236492E-02  -1.006330E-02  -9.111441E-02
  -2.094076E-03   1.088337E-03   5.662003E-03
   5.956044E-03  -1.479884E-03  -2.792173E-03
  -1.758450E-03   1.907149E-04  -3.347857E-04
   1.803166E-03  -2.151978E-03  -1.677589E-03
   4.581647E-04   4.650401E-05  -3.863811E-04
