  -8.162793E-02   3.378199E-02   5.381144E-03
  -4.770872E-02  -2.465982E-02   4.700646E-02
   1.080942E-02   1.531464E-01   5.318607E-02
   4.280408E-02  -9.731111E-02  -3.983871E-02
  -1.802727E-01  -3.243385E-01   2.374105E-02
  -1.452237E-01   2.841446E-01  -4.743866E-02
   3.664457E-01   8.298158E-03  -2.211787E-02
   4.576036E-02  -2.158906E-02  -2.643713E-02
   5.557730E-04  -8.265455E-03  -1.466934E-02
  -3.943413E-03   1.521985E-03  -2.477814E-02
  -3.959678E-04  -1.396879E-03   3.125810E-02
  -4.359407E-03  -3.560731E-03   2.010595E-03
  -3.602205E-03   2.504614E-03   1.290207E-02
   3.215863E-03   6.886270E-05   1.257153E-03
  -8.041213E-02   3.723718E-02   7.179621E-03
  -5.631540E-02  -2.157880E-02   5.173876E-02
   1.503047E-02   1.555099E-01   5.457706E-02
   4.526973E-02  -1.007824E-01  -4.179599E-02
  -1.865888E-01  -3.361301E-01   2.474139E-02
  -1.503493E-01   2.940546E-01  -5.083428E-02
   3.802159E-01   9.391358E-03  -2.274580E-02
   4.616273E-02  -2.411177E-02  -3.251183E-02
  -4.679975E-04  -1.028916E-02  -1.449958E-02
  -4.127046E-03   1.717733E-03  -2.483066E-02
  -1.298214E-04  -1.454897E-03   3.329658E-02
  -4.661329E-03  -3.645532E-03   1.796687E-03
  -3.773952E-03   2.521399E-03   1.401075E-02
   3.032539E-03   6.580103E-05   1.263849E-03
   7.874121E-02  -3.605331E-02  -7.633116E-03
   5.254105E-02   2.070355E-02  -4.946864E-02
  -1.384400E-02  -1.538974E-01  -5.338173E-02
  -4.256896E-02   9.924644E-02   4.073742E-02
   1.815915E-01   3.297836E-01  -2.419195E-02
   1.473010E-01  -2.878777E-01   4.818699E-02
  -3.709094E-01  -8.887403E-03   2.248101E-02
  -4.525257E-02   2.351256E-02   3.169364E-02
   2.263205E-04   1.011710E-02   1.387374E-02
   4.091358E-03  -1.650361E-03   2.469698E-02
   1.937858E-04   1.409024E-03  -3.192079E-02
   4.550052E-03   3.581745E-03  -1.946824E-03
   3.684194E-03  -2.496054E-03  -1.331521E-02
  -3.084258E-03  -5.917142E-05  -1.197744E-03
   8.326327E-02  -3.508557E-02  -5.177849E-03
   5.136910E-02   2.587646E-02  -4.910087E-02
  -1.174245E-02  -1.549284E-01  -5.446240E-02
  -4.569478E-02   9.877008E-02   4.087858E-02
   1.854300E-01   3.308013E-01  -2.430260E-02
   1.480927E-01  -2.902415E-01   5.007508E-02
  -3.756358E-01  -8.965951E-03   2.239080E-02
  -4.668846E-02   2.218163E-02   2.736115E-02
  -2.855878E-04   8.421103E-03   1.532965E-02
   3.979480E-03  -1.584632E-03   2.495890E-02
   3.325269E-04   1.441077E-03  -3.262814E-02
   4.465046E-03   3.626370E-03  -1.872159E-03
   3.687586E-03  -2.526428E-03  -1.359356E-02
  -3.175503E-03  -7.558340E-05  -1.323922E-03
  -8.276517E-02   3.489352E-02   5.378201E-03
  -5.058767E-02  -2.328678E-02   5.068591E-02
   1.299790E-02   1.534746E-01   5.416507E-02
   4.350634E-02  -9.783303E-02  -4.219169E-02
  -1.799783E-01  -3.249194E-01   2.389059E-02
  -1.451614E-01   2.831389E-01  -5.065281E-02
   3.666833E-01   8.604097E-03  -2.176295E-02
   4.660397E-02  -2.228036E-02  -2.893620E-02
   3.930708E-04  -9.016304E-03  -1.508086E-02
  -3.952502E-03   1.563626E-03  -2.454875E-02
  -2.405826E-04  -1.340352E-03   3.377731E-02
  -4.407509E-03  -3.539381E-03   1.625561E-03
  -3.588457E-03   2.497575E-03   1.374866E-02
   3.104341E-03   6.485488E-05   1.339288E-03
  -7.944024E-02   3.606547E-02   7.098407E-03
  -5.320654E-02  -2.329753E-02   4.797953E-02
   1.261186E-02   1.554140E-01   5.360349E-02
   4.462606E-02  -1.003102E-01  -3.943566E-02
  -1.870985E-01  -3.358384E-01   2.462282E-02
  -1.504170E-01   2.952698E-01  -4.767288E-02
   3.801673E-01   9.145566E-03  -2.310395E-02
   4.537910E-02  -2.331559E-02  -2.977801E-02
  -2.798076E-04  -9.440907E-03  -1.416597E-02
  -4.106703E-03   1.671528E-03  -2.506753E-02
  -2.864066E-04  -1.506758E-03   3.081295E-02
  -4.607355E-03  -3.666160E-03   2.173107E-03
  -3.787672E-03   2.531838E-03   1.316324E-02
   3.159425E-03   7.053212E-05   1.185398E-03
   8.119573E-02  -3.538376E-02  -6.192954E-03
   5.196513E-02   2.313960E-02  -4.927616E-02
  -1.291934E-02  -1.543679E-01  -5.387837E-02
  -4.403796E-02   9.896493E-02   4.079338E-02
   1.834252E-01   3.303858E-01  -2.423343E-02
   1.477859E-01  -2.891411E-01   4.910065E-02
  -3.732108E-01  -8.849361E-03   2.243236E-02
  -4.600683E-02   2.278157E-02   2.928261E-02
  -9.020793E-05   9.217106E-03   1.460953E-02
   4.029164E-03  -1.614363E-03   2.481666E-02
   2.690850E-04   1.425133E-03  -3.226618E-02
   4.511757E-03   3.599348E-03  -1.917291E-03
   3.695321E-03  -2.515788E-03  -1.342964E-02
  -3.270958E-03  -5.391176E-05  -1.266901E-03
   8.118162E-02  -3.537590E-02  -6.220996E-03
   5.197274E-02   2.317756E-02  -4.927796E-02
  -1.293567E-02  -1.543744E-01  -5.388723E-02
  -4.405476E-02   9.895687E-02   4.080281E-02
   1.834612E-01   3.302775E-01  -2.423780E-02
   1.478556E-01  -2.890699E-01   4.910414E-02
  -3.735446E-01  -8.797310E-03   2.243344E-02
  -4.600683E-02   2.277383E-02   2.930588E-02
  -9.554157E-05   9.213115E-03   1.461400E-02
   4.029258E-03  -1.618278E-03   2.480854E-02
   2.740185E-04   1.427354E-03  -3.226236E-02
   4.502049E-03   3.602750E-03  -1.900152E-03
   3.682191E-03  -2.516669E-03  -1.345261E-02
  -2.989272E-03  -8.081768E-05  -1.256070E-03
   8.119904E-02  -3.539132E-02  -6.208101E-03
   5.201256E-02   2.316258E-02  -4.932059E-02
  -1.291196E-02  -1.543770E-01  -5.391087E-02
  -4.404653E-02   9.895281E-02   4.084736E-02
   1.834027E-01   3.303143E-01  -2.421719E-02
   1.477613E-01  -2.891064E-01   4.919198E-02
  -3.734846E-01  -8.820641E-03   2.245638E-02
  -4.601653E-02   2.278713E-02   2.930899E-02
  -9.173297E-05   9.218809E-03   1.461617E-02
   4.030056E-03  -1.619270E-03   2.482726E-02
   2.709290E-04   1.428649E-03  -3.227819E-02
   4.575353E-03   3.684863E-03  -1.937199E-03
   3.756730E-03  -2.577777E-03  -1.353985E-02
  -3.124508E-03  -6.729180E-05  -1.257976E-03
  -8.117867E-02   3.537002E-02   6.206620E-03
  -5.192998E-02  -2.315596E-02   4.923347E-02
   1.294465E-02   1.543652E-01   5.385552E-02
   4.404902E-02  -9.896778E-02  -4.074967E-02
  -1.834842E-01  -3.303524E-01   2.425372E-02
  -1.478819E-01   2.891079E-01  -4.901402E-02
   3.732760E-01   8.826265E-03  -2.240920E-02
   4.599733E-02  -2.276842E-02  -2.928040E-02
   9.422735E-05  -9.211495E-03  -1.460727E-02
  -4.028340E-03   1.613323E-03  -2.479851E-02
  -2.720710E-04  -1.423782E-03   3.225115E-02
  -4.438870E-03  -3.518381E-03   1.880738E-03
  -3.620909E-03   2.455714E-03   1.334334E-02
   3.134041E-03   6.743140E-05   1.264873E-03
   8.125260E-02  -3.541454E-02  -6.220983E-03
   5.202002E-02   2.319112E-02  -4.940644E-02
  -1.292172E-02  -1.543861E-01  -5.409454E-02
  -4.409544E-02   9.890527E-02   4.125475E-02
   1.835387E-01   3.305537E-01  -2.424688E-02
   1.479039E-01  -2.892490E-01   4.902222E-02
  -3.735866E-01  -8.842079E-03   2.250661E-02
  -4.603656E-02   2.280488E-02   2.930012E-02
  -8.330512E-05   9.213952E-03   1.463446E-02
   4.019408E-03  -1.658014E-03   2.502953E-02
   2.487947E-04   1.443524E-03  -3.254891E-02
   4.507655E-03   3.600073E-03  -1.951593E-03
   3.690057E-03  -2.513948E-03  -1.344771E-02
  -3.126920E-03  -6.741217E-05  -1.254816E-03
   8.062901E-02  -3.522432E-02  -6.895744E-03
   4.869812E-02   2.273842E-02  -4.894839E-02
  -1.192758E-02  -1.538953E-01  -5.345161E-02
  -4.260946E-02   9.911594E-02   4.020891E-02
   1.814030E-01   3.269085E-01  -2.406174E-02
   1.464446E-01  -2.861104E-01   4.920812E-02
  -3.689157E-01  -8.770393E-03   2.216921E-02
  -4.565474E-02   2.283898E-02   2.976502E-02
  -7.518016E-05   9.173423E-03   1.468192E-02
   4.038760E-03  -1.564553E-03   2.459459E-02
   2.903846E-04   1.390050E-03  -3.204548E-02
   4.474420E-03   3.584713E-03  -1.902509E-03
   3.639748E-03  -2.517609E-03  -1.347413E-02
  -3.093272E-03  -6.750848E-05  -1.275932E-03
   8.113071E-02  -3.699868E-02  -7.314614E-03
   5.154639E-02   2.240838E-02  -4.957292E-02
  -1.302660E-02  -1.546998E-01  -5.460916E-02
  -4.413263E-02   9.977832E-02   4.040130E-02
   1.834828E-01   3.305557E-01  -2.349015E-02
   1.472030E-01  -2.890650E-01   4.828553E-02
  -3.725039E-01  -9.455218E-03   2.250659E-02
  -4.670532E-02   2.396392E-02   3.148978E-02
   3.054679E-04   9.932172E-03   1.441301E-02
   4.169331E-03  -1.691890E-03   2.470613E-02
   2.582278E-04   1.463466E-03  -3.175073E-02
   4.556986E-03   3.622872E-03  -2.209667E-03
   3.728292E-03  -2.499070E-03  -1.307103E-02
  -3.051872E-03  -6.485929E-05  -1.237381E-03
   8.096779E-02  -3.392680E-02  -5.220674E-03
   5.245944E-02   2.394417E-02  -4.901713E-02
  -1.278516E-02  -1.539176E-01  -5.320871E-02
  -4.398358E-02   9.805262E-02   4.120574E-02
   1.832298E-01   3.298055E-01  -2.499040E-02
   1.481966E-01  -2.888508E-01   4.996924E-02
  -3.737586E-01  -8.249487E-03   2.233601E-02
  -4.526054E-02   2.166997E-02   2.729475E-02
  -4.388096E-04   8.545289E-03   1.478976E-02
   3.895466E-03  -1.542439E-03   2.494175E-02
   2.727543E-04   1.389283E-03  -3.279375E-02
   4.455832E-03   3.575123E-03  -1.594249E-03
   3.642962E-03  -2.524716E-03  -1.382865E-02
  -3.201682E-03  -7.045392E-05  -1.284004E-03
  -8.090359E-02   3.401836E-02   5.087727E-03
  -4.911055E-02  -2.373977E-02   4.702317E-02
   1.041909E-02   1.524085E-01   5.314340E-02
   4.240810E-02  -9.700421E-02  -3.993148E-02
  -1.809636E-01  -3.284836E-01   2.400633E-02
  -1.449406E-01   2.875828E-01  -4.670795E-02
   3.696936E-01   9.021555E-03  -2.232009E-02
   4.532726E-02  -2.188110E-02  -2.632620E-02
   2.544585E-04  -8.465521E-03  -1.435459E-02
  -4.048000E-03   1.574145E-03  -2.498421E-02
  -3.430884E-04  -1.422460E-03   3.080728E-02
  -4.481219E-03  -3.629425E-03   2.097526E-03
  -3.733314E-03   2.554242E-03   1.269878E-02
   2.990922E-03   6.821080E-05   1.200489E-03
   8.131823E-02  -3.679281E-02  -7.333217E-03
   5.446819E-02   2.243232E-02  -5.178833E-02
  -1.525654E-02  -1.566314E-01  -5.461314E-02
  -4.552103E-02   1.012220E-01   4.173215E-02
   1.858281E-01   3.320859E-01  -2.446987E-02
   1.506127E-01  -2.904409E-01   5.166914E-02
  -3.767201E-01  -8.670176E-03   2.253777E-02
  -4.667220E-02   2.370379E-02   3.244186E-02
   1.028318E-04   1.004405E-02   1.485274E-02
   4.017061E-03  -1.662186E-03   2.461749E-02
   1.861584E-04   1.427583E-03  -3.378564E-02
   4.530165E-03   3.572321E-03  -1.700722E-03
   3.633693E-03  -2.471008E-03  -1.425131E-02
  -3.272173E-03  -6.696418E-05  -1.326786E-03
  -8.087810E-02   3.433272E-02   5.383222E-03
  -5.029161E-02  -2.389162E-02   4.724936E-02
   1.057277E-02   1.524464E-01   5.344323E-02
   4.274503E-02  -9.671549E-02  -4.006038E-02
  -1.816164E-01  -3.288276E-01   2.413807E-02
  -1.457243E-01   2.878245E-01  -4.709445E-02
   3.718357E-01   8.934461E-03  -2.238079E-02
   4.542513E-02  -2.208486E-02  -2.688881E-02
   2.146005E-04  -8.564401E-03  -1.439960E-02
  -4.069705E-03   1.584610E-03  -2.512026E-02
  -3.189009E-04  -1.439194E-03   3.118221E-02
  -4.538131E-03  -3.554246E-03   2.048318E-03
  -3.777890E-03   2.483599E-03   1.274204E-02
   3.067062E-03   6.948409E-05   1.197272E-03
   8.144642E-02  -3.645593E-02  -7.057291E-03
   5.331072E-02   2.232732E-02  -5.151518E-02
  -1.514723E-02  -1.565229E-01  -5.432855E-02
  -4.521579E-02   1.014096E-01   4.159792E-02
   1.851371E-01   3.316930E-01  -2.433263E-02
   1.498185E-01  -2.901494E-01   5.125203E-02
  -3.745492E-01  -8.734067E-03   2.247979E-02
  -4.660346E-02   2.348697E-02   3.184523E-02
   4.410866E-05   9.918901E-03   1.482058E-02
   3.994149E-03  -1.648844E-03   2.450134E-02
   2.160575E-04   1.408731E-03  -3.339494E-02
   4.472454E-03   3.648766E-03  -1.755784E-03
   3.591115E-03  -2.543561E-03  -1.419807E-02
  -3.192000E-03  -6.595133E-05  -1.329685E-03
  -8.126118E-02   3.536635E-02   6.147956E-03
  -5.213128E-02  -2.321410E-02   4.921789E-02
   1.297583E-02   1.542931E-01   5.390681E-02
   4.415379E-02  -9.878551E-02  -4.074256E-02
  -1.834127E-01  -3.304251E-01   2.423454E-02
  -1.477277E-01   2.891108E-01  -4.908787E-02
   3.734972E-01   8.837378E-03  -2.246968E-02
   4.603753E-02  -2.276397E-02  -2.921645E-02
   1.064046E-04  -9.191052E-03  -1.462974E-02
  -4.025602E-03   1.619381E-03  -2.481893E-02
  -2.664668E-04  -1.430785E-03   3.231066E-02
  -4.610758E-03  -3.538260E-03   1.921026E-03
  -3.779612E-03   2.467927E-03   1.339563E-02
   3.120474E-03   6.619095E-05   1.256384E-03
   8.111491E-02  -3.539126E-02  -6.266773E-03
   5.180195E-02   2.309807E-02  -4.933685E-02
  -1.287807E-02  -1.544533E-01  -5.385662E-02
  -4.393098E-02   9.913860E-02   4.085453E-02
   1.834659E-01   3.302382E-01  -2.423713E-02
   1.479108E-01  -2.890991E-01   4.911394E-02
  -3.732488E-01  -8.804681E-03   2.239754E-02
  -4.597606E-02   2.279134E-02   2.937237E-02
  -7.973891E-05   9.239158E-03   1.459387E-02
   4.033029E-03  -1.613163E-03   2.480590E-02
   2.759822E-04   1.421129E-03  -3.221729E-02
   4.402467E-03   3.662245E-03  -1.896404E-03
   3.598355E-03  -2.565080E-03  -1.348615E-02
  -3.139491E-03  -6.832028E-05  -1.267069E-03
   8.102846E-02  -3.535618E-02  -6.250978E-03
   5.190201E-02   2.307983E-02  -4.928865E-02
  -1.294032E-02  -1.542208E-01  -5.389937E-02
  -4.394700E-02   9.895303E-02   4.087517E-02
   1.832794E-01   3.300213E-01  -2.432874E-02
   1.477285E-01  -2.888802E-01   4.920125E-02
  -3.730507E-01  -8.809857E-03   2.241382E-02
  -4.593684E-02   2.275852E-02   2.932643E-02
  -7.358798E-05   9.230075E-03   1.459537E-02
   4.018870E-03  -1.659256E-03   2.485608E-02
   2.758686E-04   1.466226E-03  -3.231499E-02
   4.502815E-03   3.599640E-03  -1.912165E-03
   3.685146E-03  -2.516134E-03  -1.344015E-02
  -3.127255E-03  -6.797181E-05  -1.260927E-03
  -8.135011E-02   3.540399E-02   6.162630E-03
  -5.204181E-02  -2.323704E-02   4.926377E-02
   1.291592E-02   1.545185E-01   5.386766E-02
   4.414721E-02  -9.896466E-02  -4.071923E-02
  -1.836061E-01  -3.306446E-01   2.414266E-02
  -1.479119E-01   2.893319E-01  -4.900496E-02
   3.737067E-01   8.837435E-03  -2.245094E-02
   4.607766E-02  -2.279728E-02  -2.926218E-02
   1.124067E-04  -9.200198E-03  -1.462808E-02
  -4.038884E-03   1.573891E-03  -2.476982E-02
  -2.659402E-04  -1.386215E-03   3.221441E-02
  -4.511217E-03  -3.602382E-03   1.904992E-03
  -3.692527E-03   2.516380E-03   1.344130E-02
   3.131244E-03   6.680229E-05   1.261936E-03
   8.202626E-02  -3.647570E-02  -5.915119E-03
   5.199836E-02   2.953039E-02  -4.663857E-02
  -4.678087E-03  -1.633525E-01  -5.364575E-02
  -5.240169E-02   9.001047E-02   4.009174E-02
   1.911263E-01   3.391095E-01  -2.481219E-02
   1.387367E-01  -2.787524E-01   4.933417E-02
  -3.716152E-01  -1.364534E-02   2.257334E-02
  -4.663165E-02   2.120299E-02   2.581131E-02
  -4.350624E-04   8.063451E-03   1.537496E-02
   3.891545E-03  -1.704959E-03   2.461962E-02
   3.295814E-04   1.386121E-03  -3.218052E-02
   4.408440E-03   3.753250E-03  -1.931480E-03
   3.759230E-03  -2.240738E-03  -1.321660E-02
  -3.122031E-03  -1.385158E-04  -1.350841E-03
   8.013188E-02  -3.441959E-02  -6.672925E-03
   5.185257E-02   1.675078E-02  -5.179541E-02
  -2.111329E-02  -1.452345E-01  -5.404561E-02
  -3.552691E-02   1.080691E-01   4.139108E-02
   1.756065E-01   3.213920E-01  -2.366741E-02
   1.569660E-01  -2.996559E-01   4.876556E-02
  -3.751539E-01  -3.927178E-03   2.228210E-02
  -4.527984E-02   2.442349E-02   3.298386E-02
   2.775181E-04   1.041193E-02   1.379316E-02
   4.172222E-03  -1.533058E-03   2.497358E-02
   2.134192E-04   1.473553E-03  -3.230174E-02
   4.621494E-03   3.452189E-03  -1.879501E-03
   3.630069E-03  -2.794141E-03  -1.362445E-02
  -3.111764E-03   3.122904E-06  -1.162227E-03
  -8.170768E-02   3.488820E-02   5.855997E-03
  -5.165555E-02  -2.393938E-02   4.972649E-02
   1.218069E-02   1.515171E-01   5.375510E-02
   4.477541E-02  -1.017265E-01  -4.088766E-02
  -1.799958E-01  -3.264574E-01   2.414439E-02
  -1.508550E-01   2.929033E-01  -4.920331E-02
   3.731451E-01   7.886816E-03  -2.248556E-02
   4.598583E-02  -2.264083E-02  -2.853117E-02
   2.274307E-04  -8.806506E-03  -1.480700E-02
  -3.991483E-03   1.525384E-03  -2.485799E-02
  -3.622244E-04  -1.518506E-03   3.204429E-02
  -4.535677E-03  -3.634441E-03   1.899078E-03
  -3.644369E-03   2.485827E-03   1.371151E-02
   3.117913E-03   7.010618E-05   1.099281E-03
   8.065114E-02  -3.586871E-02  -6.572742E-03
   5.225608E-02   2.234527E-02  -4.879065E-02
  -1.370115E-02  -1.571451E-01  -5.397660E-02
  -4.331395E-02   9.615573E-02   4.068046E-02
   1.867569E-01   3.339796E-01  -2.431917E-02
   1.446845E-01  -2.851035E-01   4.897202E-02
  -3.733080E-01  -9.759159E-03   2.236000E-02
  -4.601157E-02   2.291215E-02   3.006562E-02
   3.824885E-05   9.628927E-03   1.440362E-02
   4.064422E-03  -1.705697E-03   2.474995E-02
   1.790462E-04   1.333909E-03  -3.246557E-02
   4.475072E-03   3.565707E-03  -1.914457E-03
   3.729808E-03  -2.543911E-03  -1.316460E-02
  -3.139748E-03  -6.394981E-05  -1.416197E-03
  -8.191803E-02   3.513157E-02   3.332045E-03
  -5.127378E-02  -1.838896E-02   5.234766E-02
   1.776381E-02   1.480848E-01   5.383660E-02
   3.881792E-02  -1.054422E-01  -4.098726E-02
  -1.781306E-01  -3.260482E-01   2.386134E-02
  -1.548960E-01   2.962762E-01  -4.945507E-02
   3.758785E-01   6.176532E-03  -2.244204E-02
   4.606343E-02  -2.330804E-02  -2.891486E-02
   4.700545E-05  -9.693426E-03  -1.415935E-02
  -4.160565E-03   1.601055E-03  -2.497227E-02
  -2.660369E-04  -1.478166E-03   3.181053E-02
  -4.577337E-03  -3.531203E-03   1.812766E-03
  -3.696528E-03   2.716786E-03   1.384524E-02
   3.106834E-03   5.166290E-05   1.256761E-03
  -8.025377E-02   3.570821E-02   9.147769E-03
  -5.328656E-02  -2.786095E-02   4.619382E-02
   8.387681E-03   1.602092E-01   5.386349E-02
   4.940990E-02  -9.232670E-02  -4.053938E-02
  -1.884770E-01  -3.342103E-01   2.459824E-02
  -1.406734E-01   2.817891E-01  -4.870993E-02
   3.705131E-01   1.143688E-02  -2.240258E-02
   4.588057E-02  -2.227761E-02  -2.977869E-02
   1.297721E-04  -8.778521E-03  -1.503050E-02
  -3.886016E-03   1.621687E-03  -2.463552E-02
  -2.599545E-04  -1.366598E-03   3.268550E-02
  -4.432732E-03  -3.660793E-03   1.998863E-03
  -3.676166E-03   2.307103E-03   1.302183E-02
   3.155262E-03   8.214377E-05   1.263392E-03
   8.133805E-02  -3.534572E-02  -6.141520E-03
   5.191155E-02   2.338783E-02  -4.919495E-02
  -1.274029E-02  -1.544934E-01  -5.390170E-02
  -4.425081E-02   9.878801E-02   4.077180E-02
   1.834331E-01   3.303250E-01  -2.420706E-02
   1.478632E-01  -2.891257E-01   4.904232E-02
  -3.734195E-01  -8.792465E-03   2.241162E-02
  -4.603870E-02   2.271913E-02   2.912545E-02
  -1.284319E-04   9.139514E-03   1.464692E-02
   4.023154E-03  -1.615031E-03   2.481412E-02
   2.784446E-04   1.426743E-03  -3.226945E-02
   4.575373E-03   3.691649E-03  -1.924274E-03
   3.619948E-03  -2.449570E-03  -1.335062E-02
  -3.128900E-03  -7.483898E-05  -1.264215E-03
   8.103895E-02  -3.541455E-02  -6.273349E-03
   5.203025E-02   2.293013E-02  -4.935931E-02
  -1.311585E-02  -1.542476E-01  -5.386461E-02
  -4.384415E-02   9.913283E-02   4.082518E-02
   1.834538E-01   3.303406E-01  -2.426408E-02
   1.477801E-01  -2.890887E-01   4.916378E-02
  -3.733411E-01  -8.854586E-03   2.245416E-02
  -4.597516E-02   2.283652E-02   2.946428E-02
  -5.719337E-05   9.290854E-03   1.457652E-02
   4.035187E-03  -1.617589E-03   2.481157E-02
   2.645718E-04   1.425714E-03  -3.225999E-02
   4.438897E-03   3.511725E-03  -1.893452E-03
   3.757543E-03  -2.584067E-03  -1.353259E-02
  -3.129569E-03  -5.985864E-05  -1.258612E-03
   8.102614E-02  -3.539322E-02  -6.402672E-03
   5.199061E-02   2.301326E-02  -4.920750E-02
  -1.302258E-02  -1.542938E-01  -5.405031E-02
  -4.391065E-02   9.906204E-02   4.033674E-02
   1.833325E-01   3.302663E-01  -2.422247E-02
   1.478973E-01  -2.890958E-01   4.915031E-02
  -3.733273E-01  -8.810943E-03   2.246480E-02
  -4.594946E-02   2.285383E-02   2.958718E-02
  -6.758916E-05   9.275209E-03   1.457943E-02
   4.016706E-03  -1.658122E-03   2.495520E-02
   2.897239E-04   1.407523E-03  -3.197756E-02
   4.503197E-03   3.595212E-03  -1.931424E-03
   3.689349E-03  -2.522158E-03  -1.343965E-02
  -3.130705E-03  -6.582198E-05  -1.265764E-03
   8.135173E-02  -3.536324E-02  -6.011192E-03
   5.194857E-02   2.330283E-02  -4.934765E-02
  -1.283219E-02  -1.544481E-01  -5.371945E-02
  -4.418307E-02   9.885831E-02   4.126670E-02
   1.835526E-01   3.303979E-01  -2.424835E-02
   1.477440E-01  -2.891173E-01   4.905458E-02
  -3.734312E-01  -8.836296E-03   2.240091E-02
  -4.606358E-02   2.270159E-02   2.900063E-02
  -1.176172E-04   9.154509E-03   1.464405E-02
   4.041225E-03  -1.574707E-03   2.467311E-02
   2.528168E-04   1.445334E-03  -3.255619E-02
   4.510680E-03   3.606973E-03  -1.886048E-03
   3.688287E-03  -2.510296E-03  -1.344241E-02
  -3.127813E-03  -6.890190E-05  -1.257011E-03
  -8.369025E-02   3.496518E-02   3.999916E-03
  -5.052430E-02  -2.708432E-02   4.923717E-02
   8.418852E-03   1.569098E-01   5.359339E-02
   4.829092E-02  -9.609016E-02  -4.103806E-02
  -1.851356E-01  -3.316663E-01   2.410052E-02
  -1.455216E-01   2.869199E-01  -4.941060E-02
   3.727672E-01   9.111020E-03  -2.250756E-02
   4.668276E-02  -2.147868E-02  -2.516664E-02
   7.141418E-04  -7.849415E-03  -1.530294E-02
  -3.935713E-03   1.576798E-03  -2.475498E-02
  -4.063542E-04  -1.448028E-03   3.203683E-02
  -4.491223E-03  -3.608233E-03   1.999712E-03
  -3.656220E-03   2.483039E-03   1.357146E-02
   3.136103E-03   8.315461E-05   1.340990E-03
  -7.868784E-02   3.580063E-02   8.403383E-03
  -5.350782E-02  -1.922303E-02   4.932282E-02
   1.748989E-02   1.518032E-01   5.416510E-02
   3.980009E-02  -1.018178E-01  -4.055346E-02
  -1.817728E-01  -3.290338E-01   2.437058E-02
  -1.501925E-01   2.913453E-01  -4.879473E-02
   3.741109E-01   8.519428E-03  -2.236002E-02
   4.532593E-02  -2.407904E-02  -3.341808E-02
  -5.142214E-04  -1.058162E-02  -1.392129E-02
  -4.123016E-03   1.656675E-03  -2.486402E-02
  -1.377934E-04  -1.407856E-03   3.249310E-02
  -4.521940E-03  -3.593556E-03   1.815310E-03
  -3.720121E-03   2.549518E-03   1.330921E-02
   3.123443E-03   5.136578E-05   1.183682E-03
   8.108473E-02  -3.544622E-02  -6.158624E-03
   5.206914E-02   2.296048E-02  -4.933315E-02
  -1.298285E-02  -1.543507E-01  -5.389232E-02
  -4.401810E-02   9.900266E-02   4.080734E-02
   1.835662E-01   3.304293E-01  -2.424797E-02
   1.476633E-01  -2.889654E-01   4.907244E-02
  -3.733294E-01  -8.861372E-03   2.246060E-02
  -4.601125E-02   2.281559E-02   2.931987E-02
  -6.424278E-05   9.276843E-03   1.458290E-02
   4.035181E-03  -1.621136E-03   2.482074E-02
   2.639897E-04   1.424123E-03  -3.224954E-02
   4.502012E-03   3.598961E-03  -1.912576E-03
   3.692527E-03  -2.514278E-03  -1.343657E-02
  -3.132713E-03  -1.760111E-04  -1.261773E-03
   8.129333E-02  -3.531374E-02  -6.255269E-03
   5.187284E-02   2.335863E-02  -4.922076E-02
  -1.287325E-02  -1.543904E-01  -5.387460E-02
  -4.407721E-02   9.891498E-02   4.078881E-02
   1.833183E-01   3.302349E-01  -2.422295E-02
   1.479774E-01  -2.892463E-01   4.913321E-02
  -3.734242E-01  -8.786169E-03   2.240458E-02
  -4.600300E-02   2.273976E-02   2.926855E-02
  -1.216895E-04   9.153188E-03   1.464066E-02
   4.023196E-03  -1.611396E-03   2.480508E-02
   2.792023E-04   1.428395E-03  -3.227942E-02
   4.511912E-03   3.603254E-03  -1.904905E-03
   3.684872E-03  -2.518125E-03  -1.344567E-02
  -3.126974E-03   4.122982E-05  -1.260899E-03
   8.116460E-02  -3.536808E-02  -6.402483E-03
   5.184429E-02   2.332299E-02  -4.929433E-02
  -1.285452E-02  -1.545294E-01  -5.386779E-02
  -4.404717E-02   9.886115E-02   4.083825E-02
   1.833067E-01   3.304235E-01  -2.423885E-02
   1.479231E-01  -2.889560E-01   4.912911E-02
  -3.733201E-01  -8.798735E-03   2.242870E-02
  -4.596732E-02   2.276438E-02   2.944325E-02
  -9.660746E-05   9.199400E-03   1.462538E-02
   4.023476E-03  -1.614092E-03   2.482412E-02
   2.828327E-04   1.424285E-03  -3.223009E-02
   4.602314E-03   3.541506E-03  -1.913875E-03
   3.602858E-03  -2.561716E-03  -1.348885E-02
  -3.128734E-03  -6.903221E-05  -1.270065E-03
   8.121307E-02  -3.539108E-02  -6.011225E-03
   5.209532E-02   2.299432E-02  -4.926005E-02
  -1.300045E-02  -1.542111E-01  -5.389778E-02
  -4.404577E-02   9.905802E-02   4.075826E-02
   1.835767E-01   3.302373E-01  -2.423183E-02
   1.477166E-01  -2.892527E-01   4.907470E-02
  -3.734353E-01  -8.847731E-03   2.243750E-02
  -4.604648E-02   2.279085E-02   2.914500E-02
  -8.938757E-05   9.230655E-03   1.459797E-02
   4.034877E-03  -1.618487E-03   2.480130E-02
   2.602927E-04   1.428203E-03  -3.229791E-02
   4.411565E-03   3.660739E-03  -1.903968E-03
   3.774700E-03  -2.470800E-03  -1.339373E-02
  -3.129562E-03  -6.575339E-05  -1.252912E-03
   8.110864E-02  -3.539766E-02  -6.207588E-03
   5.208367E-02   2.302422E-02  -4.903214E-02
  -1.303168E-02  -1.542314E-01  -5.392714E-02
  -4.398004E-02   9.911576E-02   4.072794E-02
   1.834286E-01   3.302824E-01  -2.433440E-02
   1.478152E-01  -2.891449E-01   4.899855E-02
  -3.733543E-01  -8.840086E-03   2.248021E-02
  -4.600046E-02   2.278565E-02   2.933429E-02
  -7.439540E-05   9.268487E-03   1.459702E-02
   4.024091E-03  -1.662625E-03   2.481531E-02
   2.566170E-04   1.383218E-03  -3.224924E-02
   4.502291E-03   3.599943E-03  -1.919614E-03
   3.689994E-03  -2.515192E-03  -1.345031E-02
  -3.130043E-03  -7.166507E-05  -1.253263E-03
   8.084928E-02  -3.528280E-02  -6.436679E-03
   4.976453E-02   2.302435E-02  -4.957264E-02
  -1.216138E-02  -1.542623E-01  -5.364241E-02
  -4.313382E-02   9.888463E-02   4.077564E-02
   1.818699E-01   3.281564E-01  -2.405674E-02
   1.468462E-01  -2.871484E-01   4.928783E-02
  -3.701736E-01  -8.682609E-03   2.225722E-02
  -4.578421E-02   2.279507E-02   2.944648E-02
  -8.720147E-05   9.177421E-03   1.469562E-02
   4.039586E-03  -1.555255E-03   2.481269E-02
   2.762309E-04   1.460989E-03  -3.234194E-02
   4.483578E-03   3.589220E-03  -1.915771E-03
   3.651349E-03  -2.509505E-03  -1.346684E-02
  -3.107143E-03  -6.203598E-05  -1.274091E-03
  -8.068550E-02   3.597665E-02   4.899579E-03
  -5.404773E-02  -2.089455E-02   4.961112E-02
   1.331475E-02   1.531244E-01   5.448789E-02
   4.492463E-02  -9.977407E-02  -4.077026E-02
  -1.840216E-01  -3.308555E-01   2.386021E-02
  -1.480054E-01   2.901825E-01  -4.881137E-02
   3.744389E-01   9.406134E-03  -2.239474E-02
   4.638854E-02  -2.354875E-02  -2.885848E-02
  -2.092516E-04  -9.700050E-03  -1.432240E-02
  -4.081347E-03   1.659055E-03  -2.462468E-02
  -2.199019E-04  -1.460544E-03   3.191580E-02
  -4.517740E-03  -3.631966E-03   1.953413E-03
  -3.718026E-03   2.456398E-03   1.334276E-02
   3.129782E-03   9.225232E-05   1.249356E-03
  -8.168959E-02   3.478462E-02   7.478402E-03
  -4.989260E-02  -2.541234E-02   4.894589E-02
   1.254148E-02   1.555952E-01   5.328624E-02
   4.318738E-02  -9.812825E-02  -4.082094E-02
  -1.828546E-01  -3.297789E-01   2.460740E-02
  -1.476129E-01   2.879941E-01  -4.939544E-02
   3.722737E-01   8.248069E-03  -2.246706E-02
   4.562584E-02  -2.201357E-02  -2.970932E-02
   3.872102E-04  -8.730346E-03  -1.490186E-02
  -3.978869E-03   1.575158E-03  -2.499845E-02
  -3.231930E-04  -1.390795E-03   3.261621E-02
  -4.495843E-03  -3.569699E-03   1.863849E-03
  -3.658824E-03   2.574169E-03   1.353719E-02
   3.128555E-03   4.261624E-05   1.273433E-03
  -8.397121E-02   3.476256E-02   5.050028E-03
  -5.826124E-02  -2.453543E-02   5.032328E-02
   1.504905E-02   1.574000E-01   5.494604E-02
   4.689093E-02  -9.903496E-02  -4.205628E-02
  -1.885749E-01  -3.393494E-01   2.473548E-02
  -1.520525E-01   2.962150E-01  -4.997820E-02
   3.847807E-01   8.525613E-03  -2.307387E-02
   4.749279E-02  -2.252298E-02  -2.796161E-02
   5.305857E-04  -8.669353E-03  -1.524753E-02
  -4.005650E-03   1.606372E-03  -2.532368E-02
  -3.656036E-04  -1.436071E-03   3.302650E-02
  -4.571807E-03  -3.632888E-03   1.962960E-03
  -3.789588E-03   2.575555E-03   1.368720E-02
   3.264822E-03   6.947321E-05   1.301652E-03
  -7.800169E-02   3.638195E-02   7.747054E-03
  -4.616465E-02  -2.212900E-02   4.831228E-02
   1.071858E-02   1.512718E-01   5.291598E-02
   4.148994E-02  -9.889825E-02  -3.966533E-02
  -1.785144E-01  -3.213577E-01   2.377087E-02
  -1.434707E-01   2.821658E-01  -4.828206E-02
   3.620699E-01   9.274900E-03  -2.180922E-02
   4.448785E-02  -2.315247E-02  -3.104893E-02
  -4.541910E-04  -9.857127E-03  -1.397089E-02
  -4.059034E-03   1.630842E-03  -2.434268E-02
  -1.601507E-04  -1.413685E-03   3.153628E-02
  -4.444116E-03  -3.567755E-03   1.852126E-03
  -3.584507E-03   2.446237E-03   1.323151E-02
   2.998802E-03   6.532848E-05   1.216607E-03
   8.097821E-02  -3.546752E-02  -5.954159E-03
   5.147979E-02   2.324065E-02  -4.947458E-02
  -1.259832E-02  -1.544473E-01  -5.388520E-02
  -4.386704E-02   9.916391E-02   4.059425E-02
   1.834109E-01   3.300427E-01  -2.403107E-02
   1.475604E-01  -2.889075E-01   4.899872E-02
  -3.730163E-01  -8.912745E-03   2.243838E-02
  -4.597567E-02   2.276164E-02   2.918791E-02
   2.916529E-06   9.290979E-03   1.467244E-02
   4.017683E-03  -1.626182E-03   2.467531E-02
   2.811925E-04   1.419768E-03  -3.206431E-02
   4.498815E-03   3.600616E-03  -1.912004E-03
   3.684225E-03  -2.510518E-03  -1.341341E-02
  -3.131286E-03  -6.892321E-05  -1.261189E-03
   8.140650E-02  -3.530632E-02  -6.477021E-03
   5.247059E-02   2.309426E-02  -4.907166E-02
  -1.325609E-02  -1.542931E-01  -5.387823E-02
  -4.423517E-02   9.875624E-02   4.100260E-02
   1.834805E-01   3.306287E-01  -2.444254E-02
   1.480790E-01  -2.893140E-01   4.920336E-02
  -3.737478E-01  -8.738569E-03   2.242810E-02
  -4.603800E-02   2.279565E-02   2.940719E-02
  -1.942944E-04   9.141366E-03   1.455564E-02
   4.040885E-03  -1.606456E-03   2.495046E-02
   2.614479E-04   1.433001E-03  -3.246564E-02
   4.515237E-03   3.601463E-03  -1.906027E-03
   3.693558E-03  -2.521944E-03  -1.346774E-02
  -3.127311E-03  -6.577259E-05  -1.261473E-03
   8.220657E-02  -3.565182E-02  -7.028029E-03
   5.466532E-02   2.434433E-02  -4.931536E-02
  -1.344636E-02  -1.554591E-01  -5.485787E-02
  -4.553262E-02   9.752603E-02   4.176578E-02
   1.850163E-01   3.335238E-01  -2.423606E-02
   1.484168E-01  -2.902163E-01   4.894766E-02
  -3.760547E-01  -9.256782E-03   2.259262E-02
  -4.712974E-02   2.298918E-02   2.987939E-02
  -2.039206E-04   9.075899E-03   1.490008E-02
   4.032673E-03  -1.629769E-03   2.488824E-02
   2.905646E-04   1.423160E-03  -3.229192E-02
   4.541552E-03   3.602808E-03  -1.941911E-03
   3.718963E-03  -2.515012E-03  -1.345942E-02
  -3.144923E-03  -6.299150E-05  -1.269829E-03
  -8.017833E-02   3.509782E-02   5.427140E-03
  -4.902037E-02  -2.200675E-02   4.921192E-02
   1.232582E-02   1.533036E-01   5.289718E-02
   4.244969E-02  -1.003409E-01  -3.983005E-02
  -1.816943E-01  -3.269497E-01   2.422270E-02
  -1.471115E-01   2.877536E-01  -4.923793E-02
   3.703482E-01   8.383746E-03  -2.225612E-02
   4.488919E-02  -2.256053E-02  -2.872498E-02
  -1.110540E-05  -9.334124E-03  -1.433375E-02
  -4.023935E-03   1.600717E-03  -2.473275E-02
  -2.552622E-04  -1.428428E-03   3.223413E-02
  -4.469239E-03  -3.597551E-03   1.878115E-03
  -3.655643E-03   2.517428E-03   1.341575E-02
   3.110741E-03   7.104058E-05   1.253186E-03
   8.199356E-02  -3.577123E-02  -6.121962E-03
   5.445344E-02   2.314349E-02  -4.947836E-02
  -1.374529E-02  -1.548311E-01  -5.436262E-02
  -4.536691E-02   9.847461E-02   4.124578E-02
   1.854034E-01   3.337360E-01  -2.461276E-02
   1.489752E-01  -2.915522E-01   4.917167E-02
  -3.772583E-01  -8.977142E-03   2.263191E-02
  -4.638168E-02   2.308113E-02   2.921928E-02
  -2.460015E-04   9.309900E-03   1.482688E-02
   4.065920E-03  -1.636250E-03   2.507842E-02
   2.428309E-04   1.447646E-03  -3.252085E-02
   4.567063E-03   3.630540E-03  -1.884919E-03
   3.745108E-03  -2.519886E-03  -1.338208E-02
  -3.137806E-03  -7.080896E-05  -1.259808E-03
  -8.036327E-02   3.501010E-02   6.305799E-03
  -4.948989E-02  -2.318796E-02   4.907453E-02
   1.208714E-02   1.539003E-01   5.340415E-02
   4.274272E-02  -9.944555E-02  -4.034954E-02
  -1.814906E-01  -3.269068E-01   2.385768E-02
  -1.466301E-01   2.866434E-01  -4.903038E-02
   3.694703E-01   8.682506E-03  -2.223310E-02
   4.562910E-02  -2.248092E-02  -2.938214E-02
  -6.620839E-05  -9.125503E-03  -1.439860E-02
  -3.993190E-03   1.596881E-03  -2.454684E-02
  -2.985309E-04  -1.405069E-03   3.200673E-02
  -4.446843E-03  -3.571910E-03   1.933302E-03
  -3.632491E-03   2.511639E-03   1.349895E-02
   3.120236E-03   6.419048E-05   1.262672E-03
   8.162140E-02  -3.561787E-02  -7.384088E-03
   5.089551E-02   2.325979E-02  -4.865871E-02
  -1.286309E-02  -1.538074E-01  -5.308430E-02
  -4.344712E-02   9.957084E-02   3.983068E-02
   1.829798E-01   3.301018E-01  -2.542967E-02
   1.478518E-01  -2.891004E-01   4.993935E-02
  -3.731876E-01  -8.953535E-03   2.252882E-02
  -4.604774E-02   2.267758E-02   2.992098E-02
  -1.219403E-04   9.043492E-03   1.494283E-02
   4.087698E-03  -1.556460E-03   2.478312E-02
   4.356761E-04   1.406356E-03  -3.226189E-02
   4.463022E-03   3.567859E-03  -2.310007E-03
   3.776092E-03  -2.584531E-03  -1.301636E-02
  -3.118845E-03  -6.243575E-05  -1.183586E-03
   8.073864E-02  -3.514516E-02  -5.024564E-03
   5.308044E-02   2.304406E-02  -4.990159E-02
  -1.300059E-02  -1.549329E-01  -5.468642E-02
  -4.465976E-02   9.835827E-02   4.176759E-02
   1.839333E-01   3.305921E-01  -2.304319E-02
   1.478026E-01  -2.891453E-01   4.827079E-02
  -3.736111E-01  -8.694787E-03   2.234157E-02
  -4.596341E-02   2.287858E-02   2.867297E-02
  -5.765941E-05   9.392654E-03   1.427534E-02
   3.971352E-03  -1.677195E-03   2.484206E-02
   1.062392E-04   1.446571E-03  -3.226929E-02
   4.548058E-03   3.632204E-03  -1.506360E-03
   3.597967E-03  -2.444345E-03  -1.386711E-02
  -3.138960E-03  -7.125730E-05  -1.340228E-03
   8.132691E-02  -3.542970E-02  -6.315000E-03
   5.199763E-02   2.333522E-02  -4.918244E-02
  -1.298909E-02  -1.541975E-01  -5.471299E-02
  -4.409078E-02   9.879651E-02   4.144437E-02
   1.833838E-01   3.300756E-01  -2.464368E-02
   1.479215E-01  -2.889523E-01   4.949920E-02
  -3.734207E-01  -8.824600E-03   2.268599E-02
  -4.600203E-02   2.276967E-02   2.932964E-02
  -1.244631E-04   9.167437E-03   1.463007E-02
   4.024408E-03  -1.591144E-03   2.489775E-02
   2.553818E-04   1.418329E-03  -3.234040E-02
   4.545440E-03   3.615329E-03  -1.281152E-03
   3.653587E-03  -2.517684E-03  -1.395575E-02
  -3.136267E-03  -3.905492E-05  -1.488435E-03
   8.103866E-02  -3.534538E-02  -6.099955E-03
   5.198570E-02   2.295412E-02  -4.939173E-02
  -1.288777E-02  -1.545443E-01  -5.305713E-02
  -4.401109E-02   9.914134E-02   4.016179E-02
   1.835632E-01   3.306735E-01  -2.383654E-02
   1.477623E-01  -2.893406E-01   4.870883E-02
  -3.734441E-01  -8.836461E-03   2.218635E-02
  -4.600730E-02   2.279855E-02   2.927922E-02
  -5.359524E-05   9.273650E-03   1.458818E-02
   4.035543E-03  -1.642162E-03   2.472945E-02
   2.861425E-04   1.434118E-03  -3.218873E-02
   4.469828E-03   3.588372E-03  -2.536172E-03
   3.724766E-03  -2.515456E-03  -1.292920E-02
  -3.134269E-03  -8.800001E-05  -1.032965E-03
  -8.138233E-02   3.619102E-02   7.621823E-03
  -5.189060E-02  -2.519819E-02   4.888655E-02
   1.316559E-02   1.546572E-01   5.333993E-02
   4.444918E-02  -9.875926E-02  -4.029477E-02
  -1.829588E-01  -3.299545E-01   2.420223E-02
  -1.486034E-01   2.890457E-01  -4.914078E-02
   3.732005E-01   9.045822E-03  -2.225884E-02
   4.588606E-02  -2.285549E-02  -3.070761E-02
   2.094373E-04  -9.171528E-03  -1.438194E-02
  -3.901325E-03   1.651594E-03  -2.434964E-02
  -4.141786E-04  -1.376685E-03   3.183355E-02
  -4.459839E-03  -3.584419E-03   1.873228E-03
  -3.797133E-03   2.291936E-03   1.353153E-02
   3.114618E-03   3.998689E-05   1.185422E-03
   8.100334E-02  -3.457927E-02  -4.798038E-03
   5.207934E-02   2.114142E-02  -4.968616E-02
  -1.269295E-02  -1.540868E-01  -5.442750E-02
  -4.365958E-02   9.916402E-02   4.131489E-02
   1.839505E-01   3.307506E-01  -2.429615E-02
   1.470492E-01  -2.892196E-01   4.906722E-02
  -3.736185E-01  -8.601183E-03   2.262846E-02
  -4.612831E-02   2.270221E-02   2.788717E-02
   2.561887E-05   9.256441E-03   1.484584E-02
   4.157577E-03  -1.580735E-03   2.528145E-02
   1.295399E-04   1.475795E-03  -3.269713E-02
   4.556039E-03   3.624396E-03  -1.937731E-03
   3.582522E-03  -2.745445E-03  -1.335437E-02
  -3.144456E-03  -9.505267E-05  -1.339863E-03
  -8.168444E-02   3.513759E-02   7.018455E-03
  -5.020386E-02  -2.139518E-02   4.878230E-02
   1.286493E-02   1.538452E-01   5.472238E-02
   4.272650E-02  -1.001317E-01  -4.148964E-02
  -1.829992E-01  -3.300112E-01   2.446005E-02
  -1.470928E-01   2.886777E-01  -4.919564E-02
   3.728611E-01   8.883790E-03  -2.248320E-02
   4.613335E-02  -2.284937E-02  -2.976397E-02
   2.748411E-04  -9.154050E-03  -1.476346E-02
  -4.451950E-03   1.307863E-03  -2.557954E-02
  -6.566894E-04  -1.179515E-03   3.309446E-02
  -4.500645E-03  -3.592421E-03   2.174136E-03
  -3.743016E-03   2.609563E-03   1.317289E-02
   3.159029E-03   5.618688E-05   1.249038E-03
   8.071051E-02  -3.563334E-02  -5.383869E-03
   5.374884E-02   2.496011E-02  -4.976875E-02
  -1.298995E-02  -1.549358E-01  -5.304134E-02
  -4.541714E-02   9.781995E-02   4.010515E-02
   1.839401E-01   3.307242E-01  -2.401275E-02
   1.485809E-01  -2.896166E-01   4.900861E-02
  -3.739967E-01  -8.764881E-03   2.238648E-02
  -4.588745E-02   2.270444E-02   2.880715E-02
   9.031559E-05   9.271863E-03   1.446353E-02
   3.622488E-03  -1.915619E-03   2.403590E-02
  -9.626376E-05   1.660641E-03  -3.142819E-02
   4.514113E-03   3.611543E-03  -1.642445E-03
   3.635014E-03  -2.423389E-03  -1.371066E-02
  -3.100439E-03  -7.874527E-05  -1.273368E-03
  -8.192421E-02   3.556478E-02   7.596702E-03
  -5.041114E-02  -2.299184E-02   4.834474E-02
   1.267454E-02   1.530401E-01   5.281255E-02
   4.304296E-02  -9.973262E-02  -3.924647E-02
  -1.828686E-01  -3.297626E-01   2.633367E-02
  -1.475695E-01   2.890901E-01  -5.086869E-02
   3.731161E-01   8.937321E-03  -2.253890E-02
   4.606028E-02  -2.251958E-02  -2.961349E-02
   5.337413E-05  -8.879109E-03  -1.534223E-02
  -4.080873E-03   1.504732E-03  -2.502392E-02
  -2.924356E-04  -1.479015E-03   3.242274E-02
  -4.494692E-03  -3.581742E-03   1.952447E-03
  -3.733072E-03   2.737451E-03   1.329702E-02
   3.131682E-03   5.855496E-05   1.270192E-03
   8.043628E-02  -3.518794E-02  -4.780386E-03
   5.355639E-02   2.331409E-02  -5.021724E-02
  -1.317029E-02  -1.557129E-01  -5.495459E-02
  -4.507128E-02   9.820193E-02   4.234549E-02
   1.840696E-01   3.309595E-01  -2.213607E-02
   1.480933E-01  -2.891854E-01   4.733259E-02
  -3.737350E-01  -8.710050E-03   2.233112E-02
  -4.595133E-02   2.303550E-02   2.894859E-02
  -1.219099E-04   9.548619E-03   1.387201E-02
   3.979159E-03  -1.728700E-03   2.460059E-02
   2.500446E-04   1.372931E-03  -3.210594E-02
   4.520902E-03   3.622208E-03  -1.863193E-03
   3.646166E-03  -2.292390E-03  -1.357554E-02
  -3.127035E-03  -7.684958E-05  -1.252828E-03
   7.826154E-02  -3.521074E-02  -3.644197E-03
   5.189652E-02   2.177014E-02  -5.067958E-02
  -1.139725E-02  -1.576137E-01  -5.398628E-02
  -4.424559E-02   9.761713E-02   4.081068E-02
   1.840797E-01   3.315160E-01  -2.228273E-02
   1.470848E-01  -2.884208E-01   4.762180E-02
  -3.729001E-01  -8.445566E-03   2.224932E-02
  -4.461886E-02   2.434115E-02   2.875221E-02
   9.785473E-05   1.007900E-02   1.383117E-02
   4.175284E-03  -1.839548E-03   2.483525E-02
   8.859007E-05   1.573132E-03  -3.222487E-02
   4.489187E-03   3.651246E-03  -2.302891E-03
   3.643706E-03  -2.342008E-03  -1.322181E-02
  -3.178897E-03  -1.127819E-04  -1.276281E-03
  -8.397011E-02   3.557608E-02   8.929063E-03
  -5.206190E-02  -2.456668E-02   4.776421E-02
   1.453869E-02   1.509306E-01   5.376033E-02
   4.377049E-02  -1.003657E-01  -4.077091E-02
  -1.827077E-01  -3.289110E-01   2.618460E-02
  -1.485892E-01   2.898379E-01  -5.056171E-02
   3.737866E-01   9.173393E-03  -2.262017E-02
   4.734435E-02  -2.120174E-02  -2.992722E-02
   2.070231E-04  -8.369264E-03  -1.534907E-02
  -3.885341E-03   1.388867E-03  -2.479508E-02
  -4.502455E-04  -1.277085E-03   3.229747E-02
  -4.523418E-03  -3.553295E-03   1.511769E-03
  -3.731523E-03   2.694958E-03   1.365385E-02
   3.079777E-03   2.106815E-05   1.245313E-03
   8.067023E-02  -3.669401E-02  -5.720427E-03
   5.240142E-02   2.367874E-02  -4.795410E-02
  -1.247289E-02  -1.547558E-01  -5.491327E-02
  -4.430854E-02   9.849704E-02   3.910896E-02
   1.838749E-01   3.307032E-01  -2.450236E-02
   1.473415E-01  -2.890154E-01   4.885619E-02
  -3.735423E-01  -8.961293E-03   2.340007E-02
  -4.589871E-02   2.334056E-02   2.922034E-02
   8.269951E-05   9.571557E-03   1.435023E-02
   4.086057E-03  -1.646398E-03   2.456135E-02
  -1.119662E-05   1.574842E-03  -3.227754E-02
   4.504641E-03   3.593329E-03  -2.007121E-03
   3.636183E-03  -2.750069E-03  -1.343912E-02
  -3.075776E-03  -1.736260E-05  -2.528883E-04
  -8.174504E-02   3.407677E-02   6.696990E-03
  -5.159983E-02  -2.265850E-02   5.064030E-02
   1.339904E-02   1.540289E-01   5.285525E-02
   4.381821E-02  -9.943842E-02  -4.248428E-02
  -1.830844E-01  -3.300989E-01   2.397690E-02
  -1.483601E-01   2.893169E-01  -4.939181E-02
   3.733885E-01   8.686222E-03  -2.147368E-02
   4.613400E-02  -2.222245E-02  -2.938630E-02
   2.709839E-04  -8.855843E-03  -1.488784E-02
  -3.969738E-03   1.585488E-03  -2.505836E-02
  -5.543884E-04  -1.276605E-03   3.226345E-02
  -4.509608E-03  -3.612184E-03   1.809491E-03
  -3.742692E-03   2.284689E-03   1.345158E-02
   3.174318E-03   1.173939E-04   2.270924E-03
  -8.116250E-02   3.556320E-02   4.176340E-03
  -5.166054E-02  -2.236338E-02   4.822404E-02
   1.229710E-02   1.543013E-01   5.326219E-02
   4.387793E-02  -9.894989E-02  -4.137559E-02
  -1.841328E-01  -3.306348E-01   2.534700E-02
  -1.472457E-01   2.890062E-01  -4.761984E-02
   3.738147E-01   8.673989E-03  -2.240207E-02
   4.627113E-02  -2.252567E-02  -2.730536E-02
  -1.324562E-04  -9.619476E-03  -1.430695E-02
  -3.998383E-03   1.702394E-03  -2.448037E-02
  -2.108231E-04  -1.437628E-03   3.251070E-02
  -4.480274E-03  -3.628218E-03   1.938636E-03
  -3.624251E-03   2.743132E-03   1.327381E-02
   3.072965E-03   4.074630E-05   3.379976E-04
  -8.122743E-02   3.520003E-02   8.244295E-03
  -5.232228E-02  -2.396776E-02   5.035504E-02
   1.357393E-02   1.544501E-01   5.451709E-02
   4.423497E-02  -9.897531E-02  -4.024146E-02
  -1.827971E-01  -3.301001E-01   2.311512E-02
  -1.484321E-01   2.892806E-01  -5.058282E-02
   3.730603E-01   8.975185E-03  -2.247381E-02
   4.574344E-02  -2.303350E-02  -3.129506E-02
   3.181604E-04  -8.808804E-03  -1.492245E-02
  -4.060966E-03   1.529907E-03  -2.515041E-02
  -3.332474E-04  -1.414733E-03   3.202563E-02
  -4.537822E-03  -3.586395E-03   1.886960E-03
  -3.761706E-03   2.300096E-03   1.360997E-02
   3.187562E-03   9.354104E-05   2.183340E-03
  -7.951162E-02   3.828315E-02   7.263711E-03
  -5.285579E-02  -2.538149E-02   4.976722E-02
   1.201894E-02   1.558082E-01   5.404755E-02
   4.575200E-02  -9.653739E-02  -4.025472E-02
  -1.837333E-01  -3.315861E-01   2.461909E-02
  -1.478464E-01   2.881675E-01  -4.893295E-02
   3.733660E-01   9.247831E-03  -2.311614E-02
   4.553922E-02  -2.329608E-02  -3.062323E-02
  -8.073406E-04  -1.006616E-02  -1.434092E-02
  -4.404151E-03   1.285777E-03  -2.555881E-02
   2.226716E-04  -1.863519E-03   3.149072E-02
  -4.528122E-03  -3.613251E-03   2.364090E-03
  -3.636232E-03   2.425360E-03   1.378181E-02
   3.108422E-03   9.766110E-05   1.021979E-03
   8.288321E-02  -3.249058E-02  -5.144618E-03
   5.116286E-02   2.097998E-02  -4.881063E-02
  -1.384877E-02  -1.529794E-01  -5.366878E-02
  -4.241100E-02   1.014001E-01   4.130824E-02
   1.832179E-01   3.292003E-01  -2.386965E-02
   1.478416E-01  -2.901591E-01   4.928656E-02
  -3.735452E-01  -8.401377E-03   2.175998E-02
  -4.648651E-02   2.226126E-02   2.796123E-02
  -9.923213E-04   8.361096E-03   1.488978E-02
   3.670204E-03  -1.936837E-03   2.404581E-02
   7.837285E-04   9.742528E-04  -3.302024E-02
   4.487416E-03   3.590314E-03  -1.457444E-03
   3.742156E-03  -2.607519E-03  -1.310252E-02
  -3.153203E-03  -3.727459E-05  -1.499821E-03
   7.945554E-02  -3.674341E-02  -7.493064E-03
   5.094939E-02   2.357063E-02  -4.918032E-02
  -1.242990E-02  -1.565238E-01  -5.386204E-02
  -4.339522E-02   9.872537E-02   3.975269E-02
   1.829287E-01   3.306320E-01  -2.409555E-02
   1.477223E-01  -2.877333E-01   4.891650E-02
  -3.723371E-01  -9.079018E-03   2.221450E-02
  -4.490441E-02   2.441322E-02   3.156235E-02
   1.340229E-05   9.581215E-03   1.445801E-02
   4.064580E-03  -1.645006E-03   2.481986E-02
   2.697822E-04   1.401977E-03  -3.211231E-02
   4.504649E-03   3.598753E-03  -1.908169E-03
   3.663396E-03  -2.504373E-03  -1.320313E-02
  -3.146383E-03  -6.232120E-05  -1.263252E-03
   8.289285E-02  -3.397738E-02  -4.840602E-03
   5.297001E-02   2.273209E-02  -4.937630E-02
  -1.342103E-02  -1.521764E-01  -5.389453E-02
  -4.470374E-02   9.920491E-02   4.185137E-02
   1.839523E-01   3.299860E-01  -2.437890E-02
   1.478996E-01  -2.904826E-01   4.928790E-02
  -3.743945E-01  -8.560058E-03   2.264982E-02
  -4.705774E-02   2.111873E-02   2.695278E-02
  -2.043702E-04   8.836162E-03   1.474795E-02
   3.993655E-03  -1.587386E-03   2.480908E-02
   2.737139E-04   1.451135E-03  -3.241785E-02
   4.508783E-03   3.603624E-03  -1.908667E-03
   3.714573E-03  -2.528206E-03  -1.367990E-02
  -3.111395E-03  -7.272162E-05  -1.259332E-03
  -8.197390E-02   3.531349E-02   5.694140E-03
  -5.313759E-02  -2.353457E-02   4.950025E-02
   1.331392E-02   1.545573E-01   5.425390E-02
   4.475737E-02  -9.901105E-02  -4.084826E-02
  -1.846591E-01  -3.324067E-01   2.433510E-02
  -1.486104E-01   2.909250E-01  -4.925846E-02
   3.758775E-01   8.985162E-03  -2.251882E-02
   4.626609E-02  -2.269776E-02  -2.916074E-02
   2.755405E-04  -9.004246E-03  -1.451460E-02
  -4.012939E-03   1.634811E-03  -2.482724E-02
  -3.079238E-04  -1.429112E-03   3.235679E-02
  -4.541579E-03  -3.609984E-03   1.798165E-03
  -3.729519E-03   2.526237E-03   1.338117E-02
   3.139323E-03   6.270641E-05   1.262687E-03
  -8.039587E-02   3.543941E-02   6.722986E-03
  -5.075643E-02  -2.278718E-02   4.904643E-02
   1.252453E-02   1.541780E-01   5.350514E-02
   4.331629E-02  -9.890178E-02  -4.074247E-02
  -1.821899E-01  -3.282019E-01   2.412973E-02
  -1.470024E-01   2.872325E-01  -4.894212E-02
   3.708032E-01   8.662910E-03  -2.234235E-02
   4.574425E-02  -2.285290E-02  -2.942681E-02
  -9.298980E-05  -9.423729E-03  -1.470596E-02
  -4.044813E-03   1.597674E-03  -2.479298E-02
  -2.356702E-04  -1.422969E-03   3.216701E-02
  -4.471367E-03  -3.591687E-03   2.019076E-03
  -3.647278E-03   2.506097E-03   1.349968E-02
   3.118828E-03   7.193270E-05   1.260158E-03
