    1.98088902135632    1.92778495391783    2.02616105700656
    1.07243802685703    1.51555758775540    1.51176224244484
    1.33220503317808    1.45390622368877    2.10554831673801
    2.97521702738530    2.95353397625798    3.00275765067634
    3.00209094129050    0.00000016014774   -0.00000081262127
   -0.00000036257648    0.00000061491478   -0.00000032155128
   -0.00000004804831    0.00000048992035   -0.00000006063742
   -0.00000013492739    0.00000025116118   -0.00000021459066
   -0.00000040150229   -0.00000026915388   -0.00000006650622
   -0.00000064777056    0.00000022574529    0.00000055071872
   -0.00000005079309    0.00000030960277   -0.00837472182289
   -0.00189285646899   -0.00584030016432    0.30292384530755
