    1    3,1    
    7.937210226632335e-02   -1.179174303809962e-01    4.109098504347717e-02   -2.001807996931048e-01   -9.918598033544967e-02    1.916435798786872e-01   -2.794176867761083e-03   -1.953028884411574e-02
    1    3,2    
    1.995403314543755e-02    7.728181640973412e-02   -5.364858379015736e-02    8.573481472937440e-02    7.307381360269896e-02   -7.125014895929245e-02    4.917681699496104e-02    3.220463337091549e-02
    1    3,3    
   -4.455734210590387e-02    5.710326245960523e-02    4.997795150670291e-02   -1.568771217969308e-02    1.906853842747859e-02    6.815868399836580e-03    6.981299529759649e-02    4.158925799324601e-02
    1    3,4    
   -2.596437414431687e-02   -5.514823971870089e-02   -3.524019187751997e-02    6.678964340923525e-02    2.113400792103401e-03    1.815148585169051e-02   -3.491087119683989e-02    7.647895717329087e-02
    1    3,5    
   -1.933950944134814e-02   -7.294559395683863e-02   -6.001461989642277e-02    5.043713392721891e-02    5.571453164952837e-02    4.392400812313996e-03    4.236322926779169e-02    4.917194362328626e-03
    1    3,6    
    3.419950079454925e-02   -1.806477093677930e-01    5.185350387749806e-02    4.192423764708146e-02    6.314279987753119e-02   -4.553507164043464e-02    2.082929229319112e-02    2.432807700259492e-02
    1    3,7    
    6.312846327381928e-02   -4.807233147728873e-02    3.250928570941211e-03    1.162141885408821e-02   -4.877535495059097e-02   -5.161339388527889e-02   -6.500406934910823e-02   -5.009011227995874e-02
    1    3,8    
    4.717061621864785e-02   -1.245349147276056e-02    2.535182955433533e-02    2.613440765796597e-03    2.467147920544311e-02   -1.267257090036896e-03   -8.848796413059974e-03   -3.366582102861221e-02
    1    3,9    
    5.790196856377943e-02    4.978092876236778e-02   -4.865937878063659e-02    2.416379471458870e-02   -9.606024455684285e-03    3.167824761608425e-02    5.632840103485697e-02   -4.326605402021957e-02
    1    3,10   
    8.055075299869172e-02    1.216404852689552e-02   -3.364378925644576e-02   -7.416223927649031e-03    1.554459708785750e-02   -1.306416363815737e-02   -1.960407200980628e-02   -2.461058130137132e-02
    1    3,11   
   -1.859017199313754e-02   -5.259409842398759e-02    5.775856786716858e-02    6.438397063547835e-02    7.857508776299399e-03    5.888964661260997e-02    1.439669805923763e-02    6.153073718458927e-02
    1    3,12   
   -3.775597377697157e-02    1.360576501728968e-02   -3.798837175121926e-02    1.109413797758528e-02    3.212446256440787e-02    3.704664162979891e-02   -3.796549709324519e-02    4.889227917683223e-02
    2    3,1        1,1    
   -3.313146594467375e-02    1.503634473650117e-03   -1.355627193379353e-03   -2.878481801121158e-02    8.109182785535310e-02   -4.339776303918394e-02    6.817373996272419e-02   -2.023158231890922e-02
    2    3,2        1,1    
    3.488865394623635e-02   -2.219752802088989e-02   -9.199133673443874e-03   -1.158470754438820e-02   -4.328322531026010e-02    6.327500902353006e-02    2.546087792966089e-02   -3.496537068401662e-02
    2    3,3        1,1    
   -6.105396427972662e-02   -5.654848941877089e-02   -1.240731550495191e-02   -1.274597602432743e-02   -7.591757700442633e-02   -4.612447575829246e-02   -7.429984293238456e-03   -7.600285503683174e-02
    2    3,4        1,1    
    7.322974023193841e-03   -4.856659094252974e-02   -1.876269229529307e-02    2.953535166610476e-02    2.596325780826271e-02   -3.196499390267973e-02    5.802478729691197e-02   -4.226443945016402e-02
    2    3,5        1,1    
   -6.841517935221274e-02    3.351185392521133e-02   -5.905793922819277e-02   -5.451754471148160e-02   -1.056374897423655e-02   -5.716451683056940e-02   -6.243064987773044e-02   -1.495470070606436e-02
    2    3,6        1,1    
   -4.961671322746956e-02    3.146733666202860e-02    9.568032665645336e-03    7.097043704248325e-02   -2.100766341791314e-02   -3.222246742542600e-02   -3.413441665363062e-02   -6.042975098053509e-02
    2    3,7        1,1    
    6.979340585845177e-02   -7.174688095567569e-02   -4.333144495586919e-02   -7.519330503180106e-02    5.303177768480329e-02    7.791308135330112e-02   -2.897697472894762e-02    5.471293052109850e-02
    2    3,8        1,1    
    7.167128119820278e-03   -6.282502214283811e-02   -3.351056557872843e-02   -2.789844391199344e-02    1.834140421160748e-02    3.981833088896047e-02   -4.131758390488451e-02    6.538723004165205e-03
    2    3,9        1,1    
   -4.590632863194977e-02   -3.405365124000842e-02   -3.501111248345836e-03   -2.099121224280979e-02    8.913836718974348e-03   -3.476205955271548e-02    3.011391860748914e-02   -6.740873591855168e-02
    2    3,10       1,1    
    5.878696424601327e-02   -6.351801557355166e-02   -4.890369389718224e-02    2.209682280550921e-02   -1.422456649102731e-02   -4.862877901507977e-02   -2.713905163487002e-02    5.354486519906947e-02
    2    3,11       1,1    
    4.038746073423174e-02    6.276241084306675e-02   -1.777191227195349e-02    1.957692355929301e-04   -4.267532926798977e-02   -2.169468044064036e-02    3.051974091402446e-02   -2.202425249527113e-02
    2    3,12       1,1    
    2.451829057014327e-02    4.187928409933504e-02    2.099755596392804e-02   -4.228037339393542e-03   -5.426816941328242e-02   -8.940326249403960e-02   -3.636865720578905e-02    8.485714632328845e-02
    2    3,1        1,2    
   -4.628870768793761e-02    1.594964190950714e-01    3.243205133330718e-02    8.402674029691637e-02    6.861091071408592e-03   -1.821831043134909e-01    1.633119175616043e-02    8.696648271651705e-02
    2    3,2        1,2    
    5.956728438170299e-02   -9.508043829781594e-02   -1.910997348099015e-03    1.130193931105864e-02   -7.556037829101156e-02    7.606496149308037e-02   -3.673797086247862e-02   -8.733543004287825e-02
    2    3,3        1,2    
   -4.879017552575768e-02   -9.004979180849043e-02   -2.193631196252635e-02   -1.588800660303476e-02   -5.879485817703600e-02    7.628724874252224e-02   -4.704433643781336e-02    1.319723576304272e-02
    2    3,4        1,2    
    4.368417286816671e-02    2.411645728750192e-02   -1.709020791373285e-02    4.547651360720817e-02   -4.915371146606298e-02   -5.403210493661735e-02   -7.548890103816143e-02   -5.726630140137293e-02
    2    3,5        1,2    
    4.469194701436112e-02    3.972066856398792e-02    4.049892180378761e-02    2.595495127254207e-02   -5.256890816402079e-02    3.835215892978593e-02    5.699899362828872e-02   -4.725188286010734e-03
    2    3,6        1,2    
   -2.079883718053919e-02   -1.667954901572917e-02    3.914225773646132e-02    2.261758962954320e-02    9.566929282946319e-03   -3.553069526077302e-02   -7.685284443457698e-03   -6.410445543907847e-02
    2    3,7        1,2    
    4.649548713869001e-02   -8.451077132121921e-03    1.510255464627704e-02    8.111444642942557e-02    1.004377441648103e-02   -7.742382789228829e-02   -5.047104599630811e-02   -2.807315204590678e-02
    2    3,8        1,2    
   -7.050157779753226e-02   -3.629395517074250e-02    1.055962008283912e-02   -4.676832860764368e-02    4.154636715382151e-02   -9.644149250135807e-02   -1.515055550296504e-02   -4.849813410486280e-02
    2    3,9        1,2    
    6.309380144943079e-02   -6.087311741888967e-02   -5.049797923512778e-02   -7.909252612332241e-03    1.202140395437699e-03   -6.902084694761362e-02   -5.568519679982338e-02    6.228938822505731e-03
    2    3,10       1,2    
   -4.632601056906945e-02    1.258512058309203e-02    2.665775233420532e-02   -9.785047526180493e-02    3.203381719485784e-03   -9.149312418836647e-04    3.639987838562947e-02    1.090039896665698e-02
    2    3,11       1,2    
   -6.348834605256165e-02   -2.786489085741407e-02    5.904015741595759e-02   -7.908250100001611e-02    2.691317101369068e-03    2.280817981000984e-02    3.697126331757744e-02   -5.241149040078449e-02
    2    3,12       1,2    
    4.907150826699291e-02   -4.191441403719210e-02    1.329392540550608e-02   -2.425059577699973e-02   -3.823576217344448e-02    3.718243027508188e-02    1.586746077417199e-02    4.923819418012367e-02
    2    3,1        1,3    
   -5.886266385381725e-02   -1.509019947745991e-01    1.275945139130863e-02   -8.307891879275078e-04   -3.322326783783807e-02    1.152011572391661e-01    9.078664634345051e-03   -5.108795236188425e-02
    2    3,2        1,3    
   -4.214970620618702e-02    1.106811437933121e-02   -1.620132713132345e-02    7.946543478614187e-03    3.717226171924980e-02   -8.928478135236222e-02    3.495164480914931e-02    9.184283427521149e-02
    2    3,3        1,3    
    2.695450940980810e-02    2.620836078853279e-02   -5.963631407973904e-02   -6.212287865010157e-02   -2.676398110608959e-02    2.128223741876501e-02   -4.406071181846331e-02    5.265836860401962e-02
    2    3,4        1,3    
   -4.978570074695689e-02   -6.120817492895512e-02    6.039829776815650e-02   -1.058845827665630e-02   -4.967365258969188e-02   -2.942778885266611e-02    2.631177880643771e-02   -4.364455840808463e-03
    2    3,5        1,3    
   -1.235033868382385e-02   -4.507301970278155e-02   -2.578765939770651e-02    9.089045427036190e-03   -9.404786687776048e-03    3.683148791373790e-02    1.226954046837576e-02   -2.343846487711541e-02
    2    3,6        1,3    
   -1.278681995478468e-04   -4.279927962756094e-02    5.743623732775767e-02   -7.460741565822902e-03    2.878982545428180e-02   -1.666945367334991e-03    1.953792189613750e-02   -2.542379512745078e-02
    2    3,7        1,3    
    2.704212490516403e-02    2.508076788085723e-02    4.884580856218516e-02    1.907631395992653e-02    5.051535396137470e-02    6.762139352247312e-02   -6.239381421252414e-02    3.158406461446393e-02
    2    3,8        1,3    
    6.279354864380154e-02   -3.789437186877911e-02   -1.701704883869965e-03   -2.391229288473055e-02    3.221596915149159e-02   -4.982537702730775e-02   -6.743046390537386e-02   -3.926001601485350e-02
    2    3,9        1,3    
   -5.253261607989882e-02    2.346285211560723e-02    4.179966854971785e-02    4.730036462472787e-02   -5.359765127394926e-02    1.703073877421378e-02    6.548263170408083e-02   -9.428371474869036e-03
    2    3,10       1,3    
   -4.168880181294755e-02   -9.434285994616390e-03   -5.640913196838128e-02   -1.687458720998071e-02   -4.227538337186334e-02    3.883444672002164e-02   -6.150251120914788e-02    7.622893005069806e-02
    2    3,11       1,3    
    1.551383115606998e-02   -4.248324836531291e-02   -3.469387789656608e-02   -3.496579884795099e-02    7.309030008538143e-02   -2.335641564687438e-02   -5.193749031383153e-02    4.707583707145618e-02
    2    3,12       1,3    
    2.119160387060901e-02   -6.050930068646553e-03    4.314419396682374e-02   -5.160202616042956e-02    8.838035625789704e-02   -7.804138328786027e-02    3.227971968638257e-02    2.163206799511848e-02
    2    3,1        1,4    
   -1.195655006041290e-02   -4.255418774526304e-02   -1.103349644761834e-02   -7.316798712464163e-03   -4.767842386087807e-02   -4.765995468178799e-02    1.349837474938220e-02   -4.274483836098260e-02
    2    3,2        1,4    
   -5.765936151516758e-02   -1.738029064697597e-03   -4.235083212421970e-02   -5.856017973593602e-02   -1.418967664291807e-02    3.404452951616436e-02    5.892398920111878e-02    3.204745237197957e-02
    2    3,3        1,4    
   -4.292731249904085e-02   -4.539137539808039e-02    4.729947231290751e-02    1.511733288829627e-03    5.136496537025465e-02    4.237875009272505e-02   -2.170614364115696e-02   -7.708171533841163e-03
    2    3,4        1,4    
   -8.501133397724637e-03    3.719276248917601e-02   -4.368230702731827e-02   -5.141428170513128e-02   -5.055230868672904e-02   -3.139990881817054e-02   -2.461718520534014e-02    2.002795972573699e-02
    2    3,5        1,4    
    1.705372339774899e-03   -3.702433377329073e-03    4.027377266122677e-02    6.429948701048666e-03   -4.066380271419403e-02   -3.094353828651311e-02    2.106991303502239e-02   -6.248578595017521e-02
    2    3,6        1,4    
   -3.381241817019686e-02    4.408104768124140e-02   -3.052032660199464e-03    3.315399025061367e-02   -7.734905323587786e-02   -1.428165465030821e-02   -2.354261533033596e-02    3.276768219615441e-03
    2    3,7        1,4    
   -3.679036243747364e-02    2.281901595293622e-02    1.974750509507294e-02   -3.583888368067942e-02    1.865822881804266e-02    1.889458683498605e-03   -2.485567588087681e-02   -3.321753171888186e-02
    2    3,8        1,4    
    5.500434943152073e-02   -4.049395385421600e-02    1.742537164490001e-02    5.257947739015451e-02   -4.284945735247025e-03    2.346684748638870e-02    6.615672956527308e-02    2.390504324995543e-03
    2    3,9        1,4    
    3.679830428332075e-02    3.103713625732917e-02   -6.226693043105402e-02    3.014310006629372e-02   -5.449753147673593e-03   -1.044109737315012e-02    2.043259745889493e-02   -4.420083072886366e-02
    2    3,10       1,4    
    3.852027472719009e-04   -2.577928794999305e-02    4.536038816758724e-02   -1.473391852940987e-02    1.011486024261991e-02   -3.809916118122016e-02   -2.509707476064951e-02   -1.559451015815149e-02
    2    3,11       1,4    
   -9.889419579351216e-03    1.262917328923287e-02    6.187998806743371e-02   -3.418547182555216e-02   -1.106029272139825e-02    4.635086246780915e-03    1.949110217573640e-02   -3.462538152340093e-03
    2    3,12       1,4    
   -7.269929948749746e-03   -3.998538841181500e-02   -9.122747131654237e-03    2.466447086265531e-02    6.682587384128318e-02    1.319062816081402e-03   -1.421731759651762e-02    5.837345439478735e-02
    2    3,1        1,5    
    6.677324869991444e-02   -4.908162592396476e-03    2.651834392788499e-02    7.159963907134495e-02    1.220342568270682e-02    2.906995426177544e-02   -6.767434716580126e-02    8.975284630663875e-03
    2    3,2        1,5    
   -6.111049214955081e-02    3.608193301751900e-02   -4.172195031470448e-02   -1.889854297354210e-02   -1.875425750352636e-02   -1.298237047964865e-02    4.560052654725616e-02    2.181405412385881e-02
    2    3,3        1,5    
   -1.308973330704677e-02    1.186340621291212e-02    4.742739778737814e-02   -4.382459459096875e-02    5.556700067231161e-02    1.885821157005763e-02   -4.433225333655148e-02    2.192471541215488e-02
    2    3,4        1,5    
    3.573549628564498e-02    1.044645048393759e-03   -5.353186782320801e-03    4.685191158609778e-02   -3.391529740159574e-02    4.331528563363301e-02    6.923254766511359e-02    3.235001300783535e-02
    2    3,5        1,5    
    3.722150036955919e-02   -4.110991520004997e-02    7.127524512612037e-02    4.850720027613924e-02    5.040184365768995e-02    6.016264403050710e-02    7.365842075197773e-02   -8.096705755884268e-03
    2    3,6        1,5    
   -6.132598834529873e-02   -5.098494681859485e-02    8.887873324260163e-03    1.933509093844186e-02    7.837845219422664e-02   -4.861564596752857e-03   -5.511964479831476e-02    1.572470954008802e-04
    2    3,7        1,5    
   -6.081987668039897e-02   -3.242210778520655e-02   -2.723353984407578e-03   -6.033815433291331e-02    2.038173893800087e-03   -5.914252553673577e-03    1.917124932384679e-02    2.177655561674761e-02
    2    3,8        1,5    
    1.852388642771461e-03   -5.125036648772462e-02   -6.593594935994818e-02   -4.972796092414162e-02   -6.304462138181473e-03   -7.419190347954145e-02    8.555745887407016e-03    3.909890009703813e-02
    2    3,9        1,5    
   -6.807179677700732e-02    2.034119446501468e-02    3.656399335066327e-02    3.056991356375319e-03    4.075940962885003e-02    1.752131573141680e-02   -1.670343991274162e-02   -3.294460056339189e-03
    2    3,10       1,5    
    6.641460724038674e-02   -2.408950230872661e-02   -3.123943726355937e-02    3.930200703174044e-02    4.403069324461482e-02   -2.609626430341837e-02   -6.221853642311598e-03   -2.433597127909821e-02
    2    3,11       1,5    
   -3.245508639403536e-02   -6.236141635955170e-02    1.605096386894415e-02    4.234807648306671e-03   -7.461056688183716e-02    9.851730765370810e-03   -1.093604794050029e-02    5.530861772884275e-02
    2    3,12       1,5    
    1.812132593750947e-02   -7.097211747794054e-02    3.057314902327578e-02   -3.895410416282703e-02   -5.493587600892403e-02   -7.104142167038385e-02   -3.100581735561123e-02   -3.211652765403353e-02
    2    3,1        1,6    
   -5.311571896420755e-02    1.188866159325752e-02    3.088316137956511e-02   -4.128720541463195e-02    6.994078830013326e-02    4.154247722006031e-02    3.261545852815255e-02   -2.677090816483958e-02
    2    3,2        1,6    
   -4.259417526630520e-03   -5.111499266010115e-02    6.036095367143392e-02    4.094209913321672e-02    2.366604264642885e-02    2.247842815131756e-02   -1.642480753500665e-02   -6.348200924794846e-02
    2    3,3        1,6    
   -6.582978669875142e-02   -1.139500145691690e-03    2.841963281904048e-02   -3.948721530659020e-02   -5.409232749329169e-02   -7.467782914448200e-03    5.142028416029615e-02    2.272078650546274e-02
    2    3,4        1,6    
   -1.785820345231615e-02   -5.886543809198316e-02    4.603145312756667e-02   -6.840790630869199e-02    2.445408840510635e-02   -3.254694955739059e-02    2.654535353441468e-02    3.788068355691627e-02
    2    3,5        1,6    
    4.272253398426331e-02    7.754115053964217e-03   -6.342924479192806e-02   -4.018204742328652e-03    2.730082686049768e-02    7.590856495055652e-02    4.753558617447459e-02    4.915258190464915e-02
    2    3,6        1,6    
   -6.562634127703564e-02   -7.710585987300404e-02    1.436659324117529e-02   -3.882048821948367e-02    3.062909507824371e-02   -3.593362514796881e-02   -1.569693543175952e-02    4.429251175181438e-02
    2    3,7        1,6    
    6.119900423186918e-02   -3.780442420281654e-02   -1.839596273858808e-02   -4.070551449059078e-02   -9.648649319650428e-03    1.796320062779108e-02    6.607273300560636e-02    2.511824860715029e-02
    2    3,8        1,6    
   -6.027684238755816e-02    5.661777878066424e-02   -4.955553043896367e-02    5.100919981216024e-02   -7.419338973989165e-02   -5.225894402574211e-02   -2.802967470192843e-02   -5.710165092275408e-02
    2    3,9        1,6    
   -5.385333748795961e-02   -2.320984752141981e-02   -4.812247400046609e-02   -5.281879542440465e-02    8.202336127081122e-02   -3.816582885606726e-02   -2.541046766769775e-02    2.061295049401187e-02
    2    3,10       1,6    
    5.112330026561002e-02   -3.850321370758107e-02    1.087733676246265e-02    1.254626799995774e-02    4.132590032675153e-03   -4.472907207381249e-02    4.287528785819007e-03   -5.485590468489693e-02
    2    3,11       1,6    
    4.529922534065976e-02   -7.917928436989866e-02   -2.013058723530464e-02   -2.828711824183452e-02   -1.935003236796476e-02   -3.606220357029165e-02    2.434610838462476e-02   -3.845620242258336e-02
    2    3,12       1,6    
    5.973894678879398e-02    2.418516152495591e-02    3.235175701080958e-02   -6.999792360591299e-03   -6.292859380118855e-02    2.685008136374507e-02   -2.280253513001020e-02   -2.342875680923692e-02
    2    3,1        1,7    
   -1.262740584144338e-02    2.044427075979460e-01    1.494255053271325e-02    1.500338639806813e-01    1.444377775289401e-01   -3.010730401717396e-01    1.566080921176566e-01    2.187228933097057e-01
    2    3,2        1,7    
   -1.771213545760151e-02   -1.753513579214360e-01    1.674571969462288e-02   -1.025816411057032e-01   -8.534346382734577e-02    1.080938674929504e-01   -9.061246993856023e-02   -7.927853290008556e-02
    2    3,3        1,7    
   -9.629199375922517e-03   -1.017729801475028e-02    6.187876606017888e-02    2.807985686792330e-02   -2.178839682279283e-02    9.295783433006222e-02    1.413983306625049e-02    7.249495510059318e-03
    2    3,4        1,7    
   -2.731645673812012e-02   -3.154722752694340e-02   -4.751344790098782e-02    9.750949229236000e-03   -1.058252415230986e-02    3.309656794012777e-02    7.323809016543827e-02    1.048708240314850e-02
    2    3,5        1,7    
    1.418074735289644e-02   -4.440054027283159e-02   -5.910189197801079e-02    2.895879178775096e-02    1.269767450260833e-02    8.130989006343058e-03   -9.412473400465221e-03   -3.346925927862257e-02
    2    3,6        1,7    
    2.085164089407877e-02   -4.913868819230788e-02    9.894553696950100e-03   -1.867081801581214e-02    6.565339288499845e-02    2.865249401236652e-02    1.826528765397750e-02    2.965090618846435e-02
    2    3,7        1,7    
    3.694495633526019e-02    5.997873344967858e-02    5.079094487342997e-02    4.822571716806506e-02   -3.570957747732251e-02   -5.425110826755594e-02    6.238700042027538e-02    7.750910037930467e-02
    2    3,8        1,7    
   -1.300407139318679e-02   -4.937247837642877e-03    1.272003075975359e-02   -2.614946939892226e-02   -3.447263561314842e-02   -4.343720914280428e-02   -2.472198104336728e-02    4.132009276293900e-03
    2    3,9        1,7    
    2.651548072153863e-02    5.342966947271694e-03   -9.113256765201076e-03   -6.422817413789939e-02    5.222397997669139e-02    5.058852016504015e-02    4.097898953097984e-02    3.092232964210734e-02
    2    3,10       1,7    
   -6.669574090666824e-02    9.743227211452694e-03   -5.892826042595900e-02   -1.926015494529705e-02   -5.359797092530400e-02   -5.304315967670941e-03   -4.744822975905424e-02    1.037303327786832e-02
    2    3,11       1,7    
    2.271046398592675e-02   -1.469786922270280e-02    6.104088960385548e-02    6.406808548621169e-03   -4.928747338509953e-02   -5.390922167531676e-02    1.629769116352983e-02    7.452122571792391e-02
    2    3,12       1,7    
    4.268290793186196e-04    8.951096724619571e-02   -5.446268096696438e-02   -4.013002109968582e-02    2.050999898939797e-02   -8.002337877125816e-02   -5.704145200491689e-02    1.216399802316641e-02
    2    3,1        1,8    
   -4.586869878097138e-02    5.950560716540168e-02    2.728541853860873e-02   -2.155985556344902e-02    2.720219343936178e-02    9.822491499849973e-03    8.935980398671482e-02    1.976229912189565e-02
    2    3,2        1,8    
   -5.486928160089858e-03    5.866830296424365e-03    6.442378366774175e-03    5.787328766117406e-02   -2.251360314388036e-02    5.715208350402301e-02    7.061254459993768e-02   -3.150580274890288e-02
    2    3,3        1,8    
   -3.780192187930512e-02    3.864319093393510e-02   -5.734798115440413e-02    4.872862096973746e-02   -4.963811580846021e-02    3.279138810291266e-03   -5.883796783966370e-02   -4.302411163218722e-02
    2    3,4        1,8    
    5.015399354222429e-02    1.766359748064749e-02   -7.078786716065455e-02   -1.895583219195755e-02    8.463861161573652e-04   -4.081241372277040e-02    1.396655065110508e-02   -6.480377678505422e-02
    2    3,5        1,8    
    3.088929868327850e-02    3.652908317070973e-03   -1.406260791707491e-02    1.774861431477086e-02    1.868631493263692e-02    4.399293651790932e-02    3.401031678092306e-02    2.528186398925123e-03
    2    3,6        1,8    
   -6.650702569412080e-02   -7.993101484567906e-02    5.958808989527233e-02   -3.830986390813087e-02    3.473072813829964e-01    7.751974098699996e-02   -6.916122109008828e-02   -6.066792309493817e-02
    2    3,7        1,8    
   -3.714179900010899e-02    2.430097920394491e-02    5.716897312446526e-02   -6.121627832905441e-02    6.028793283938499e-02   -3.330032014288282e-02    3.519969610232144e-02   -7.646726587964353e-02
    2    3,8        1,8    
   -1.166135694026375e-02    5.086476224041637e-02    4.421587158794890e-03    2.142964930216825e-02   -5.465021493213090e-02    1.841383830107524e-02    3.297474494540642e-02   -1.105380369250247e-02
    2    3,9        1,8    
   -1.344951548029407e-02    5.421957493684054e-02    3.248754437705777e-03    3.336902218811733e-03   -4.093763762993496e-03    1.174329585669312e-02   -1.243684077188045e-02   -2.980390066201173e-02
    2    3,10       1,8    
   -5.259812892655586e-02   -1.230056150947926e-02    5.358906947561982e-02   -1.102742649266175e-02   -5.851712883454076e-02   -2.060923241992656e-02    6.607915977716121e-02    1.094876682273944e-03
    2    3,11       1,8    
    7.022367470232919e-03   -2.708663810410935e-02    2.226946019578669e-02    3.531887225464710e-02    3.673766899969138e-02    4.651576088555982e-02    2.372476681856224e-02    1.804001984885129e-02
    2    3,12       1,8    
   -3.897482749295771e-02   -5.829391299312530e-02    4.035822231521778e-02   -9.266926014709400e-03    2.871531280072471e-02   -3.004350679862347e-02   -6.607861117354025e-03   -1.433551058948235e-02
    2    3,1        1,9    
   -2.439463786225664e-02   -5.232249206075164e-02    2.706313106486181e-02   -6.636057096112322e-02   -5.018235380439589e-02   -2.177564576744797e-02    5.896018180596659e-02    4.917087325281486e-03
    2    3,2        1,9    
   -2.762121792108036e-02    2.558784148665225e-02    6.069984356885586e-02    2.787710614788216e-02    4.339803171905843e-02   -2.158656913703342e-02    3.824205461430191e-02    8.200255012229211e-02
    2    3,3        1,9    
    1.307969231642760e-02   -2.033330775488071e-02   -5.397584942818923e-02   -2.394761765992249e-02   -4.866226039834431e-02    6.399304290889331e-02   -6.709354469212178e-02   -6.024432448321943e-02
    2    3,4        1,9    
   -5.280880379918700e-02    8.192512108598385e-03   -2.414126980491624e-02    2.007855862100084e-02   -2.741424906900487e-02    1.630506246708286e-02   -7.446542880277929e-04    3.384290356365725e-02
    2    3,5        1,9    
    6.190556385703032e-02   -1.044875852217175e-02    1.630488604764790e-02   -3.347663781160719e-02   -4.280178945646724e-02   -3.358578487242223e-02    7.160308077202357e-02   -3.336378205276388e-02
    2    3,6        1,9    
    4.020677900151490e-02    3.695073329164070e-02   -4.443649536993173e-02   -7.674283207593957e-02    4.490660871162989e-02    2.198768322443738e-02    3.557063501170682e-02    1.179224372519635e-04
    2    3,7        1,9    
    7.216850286138153e-03    5.171838724922913e-02   -6.129315552241379e-02   -4.725418238101092e-02   -4.866054438930176e-02   -2.246896014557049e-02    4.460633305486006e-02    1.900858716335446e-02
    2    3,8        1,9    
    3.739425332598598e-02   -1.074128650519104e-03   -4.988293440396188e-02    1.098640669774975e-02   -2.299686110660993e-02   -4.485077286913011e-02    9.186656070814165e-03   -1.559847243794519e-02
    2    3,9        1,9    
   -2.217040657337934e-02    6.335447301214929e-02   -3.273630899811115e-02   -5.396737318097285e-03    8.764021857567892e-03   -7.594639189302268e-03   -2.925017326035105e-02    5.714395852374873e-02
    2    3,10       1,9    
   -6.047334495037859e-02    1.511525251315862e-03   -6.031154763366130e-02   -6.959096525033519e-02    4.405561090486212e-02   -2.312502134725463e-02   -2.823590746171508e-02    3.694503782848142e-02
    2    3,11       1,9    
   -2.074720735351684e-02   -1.171110786730855e-02    6.737807468925751e-02    4.248187698889538e-02    1.885579929212730e-02    3.256336330511429e-02    6.159641599138489e-02   -5.749613427933167e-02
    2    3,12       1,9    
   -5.535656935306715e-02    3.971354174217189e-02    4.512139279713681e-02    6.970826081175605e-02   -4.219652089964107e-02    2.999331824697841e-02   -4.548780496415303e-02   -2.323385529475717e-02
    2    3,1        1,10   
   -3.976059068392934e-02    1.417073818217700e-02    3.617981948447718e-02   -7.259128894572471e-02   -4.393899045026859e-02    1.159642175215107e-01    2.280281766637786e-02   -1.032005726448839e-01
    2    3,2        1,10   
    2.118968604463869e-02    4.328077303647717e-02    3.333071810007374e-02    5.624855754776371e-02    5.304093563393886e-02   -4.276876489290160e-02   -3.270520314464877e-02   -3.250269782011954e-02
    2    3,3        1,10   
   -5.288761220061915e-02    2.571248375311257e-02    2.345883628112531e-02   -1.456758527895725e-02   -4.474633819439241e-02    2.670199947235827e-02   -2.445990286135417e-02   -1.831212443344189e-02
    2    3,4        1,10   
   -5.280032916040937e-02    6.299025029934915e-02   -4.539204801448449e-02   -3.259466761525402e-02   -5.610844133234641e-02   -2.414124363582116e-03    6.671252743349899e-02   -2.640267321545887e-02
    2    3,5        1,10   
   -2.263204311420344e-02   -1.240257763691019e-02   -6.940473696112207e-02    4.573526436872060e-02    5.551115965710407e-02    2.852589287897337e-02   -4.972068404633771e-02   -5.371358812966671e-03
    2    3,6        1,10   
   -2.314066391061799e-03    3.039675842867113e-02    6.572269349410220e-02    2.617814155768252e-02   -4.130477338723153e-02   -3.755151360780280e-02    1.473839662988915e-02   -5.906645316399712e-02
    2    3,7        1,10   
    5.252270417410903e-02    2.307793096119879e-02    3.213177753658334e-02    5.772251059587274e-02    2.512458858115856e-02    9.493322426909816e-02   -2.439662518492591e-02    9.813207010436252e-03
    2    3,8        1,10   
   -1.554957098271676e-03    4.493705645030503e-02    5.085582877900727e-02    1.904613676347264e-02   -6.600989526223928e-02    1.441078980656809e-02   -4.091536110904614e-02   -1.791519166585046e-02
    2    3,9        1,10   
    3.524416789971393e-02   -1.036092072108911e-02    1.871305417223938e-02    1.316980603461947e-02   -1.327764218349831e-02   -1.695549621066398e-02   -4.525243366289795e-02    5.115980296090901e-02
    2    3,10       1,10   
    6.717985711282434e-02   -1.872837748669706e-02   -6.673519890779681e-02   -8.516686039395585e-03    2.550469849877012e-02   -4.220783500449493e-02   -5.667208156995239e-02   -4.673658716152532e-02
    2    3,11       1,10   
   -1.766982319998825e-02   -1.202349583363828e-02    3.624930122007089e-02   -3.987799102146040e-02    2.566773373359317e-02   -3.165477655612455e-02    3.346412550627826e-02   -5.109966543603735e-02
    2    3,12       1,10   
    4.665953185604933e-02    2.801152306106195e-02    1.391772147915548e-02    4.953354611618427e-02   -9.901234001218449e-03   -4.699817090263806e-03   -5.174891972246960e-02    7.878575145315932e-03
    2    3,1        1,11   
   -3.468639649202031e-02    5.929392406253198e-04    2.492114070231445e-02   -4.816467078865673e-02    1.740550776085760e-02   -5.313998916064510e-02    3.525404087570494e-02    1.205616012767223e-02
    2    3,2        1,11   
    3.203712116112439e-02    4.439198904341859e-02    4.391812364013496e-02   -8.605996181923633e-04    6.621799928366489e-03   -8.956754096596598e-03    3.975777171778196e-02    3.715702073518196e-02
    2    3,3        1,11   
    2.451266093602441e-02   -4.051015392698447e-03    5.451432645421971e-03    9.718321409944223e-03   -1.977413241735961e-02   -2.908365044863718e-02   -4.171541364038021e-02    3.563695980266376e-02
    2    3,4        1,11   
    5.877363568490936e-02    4.776213438657351e-02   -3.722098224908969e-02   -2.032401939619674e-02    7.062902103971455e-02    3.304307106138370e-02    5.913381818910803e-02   -4.216378268825333e-02
    2    3,5        1,11   
   -4.567659887101168e-02   -3.954287754059261e-03    6.264212562647449e-02   -3.015205232271236e-02   -6.050103822706793e-02    2.014894994485498e-02    7.257104489093827e-02    6.230777895270571e-02
    2    3,6        1,11   
    5.149046164182160e-02   -3.923197069903769e-02   -5.208333921653266e-02    1.243062709190952e-02    3.188433896003489e-02    1.701239325165584e-02    5.984884524509299e-02    2.497128297435797e-03
    2    3,7        1,11   
   -6.257317060815019e-02    7.918446872794090e-02    7.111244182445189e-02    6.760396205225345e-03   -3.751746772511142e-02    4.697006402952935e-02   -5.848454832153720e-02    1.993680892100837e-02
    2    3,8        1,11   
   -1.445365141173851e-02   -1.936640650724666e-02   -4.492179167684367e-02    7.596915050266506e-02    2.000436023156063e-02    1.058937686446167e-02   -3.879392867728070e-02   -2.176654982194533e-02
    2    3,9        1,11   
   -2.795979813638591e-02    1.858683633144374e-02    3.549509630040561e-02   -3.951128548413452e-02   -3.376169982217184e-02    8.383915080737392e-02    5.258758442441155e-02    3.553595558522272e-02
    2    3,10       1,11   
   -5.882467753388902e-02    6.675707548807180e-02   -2.171860270038121e-02    4.333153869494969e-02   -2.197382526549608e-03    5.698052457553418e-02    5.225204067461979e-02   -3.384271233958657e-02
    2    3,11       1,11   
   -1.070708999235288e-02   -9.248926546005608e-03   -6.731802272674431e-02    4.406304389424800e-02    2.868199973452876e-02    1.175362177347777e-02   -2.237365788792625e-03    5.306600451483065e-02
    2    3,12       1,11   
    5.789790825934692e-02   -3.346445184240016e-02   -1.920953556117870e-02   -6.122706644598900e-02    1.824313610485845e-03   -3.823553556905465e-02    3.413900459798214e-02   -8.613002097701985e-03
    2    3,1        1,12   
    3.422096784519679e-02   -4.030632273378450e-02   -5.541377494756208e-02    3.367300687636007e-02    2.849562309214882e-02    5.293072193442539e-02   -3.596680488760175e-02   -5.482490265604693e-02
    2    3,2        1,12   
    6.131619983017081e-02    3.595857146162767e-02    7.209769153969070e-03    4.389761814991253e-02    7.380057762157605e-02   -1.830764659342600e-02   -2.776782245921056e-02    1.431037685857046e-02
    2    3,3        1,12   
    6.173051550484885e-02    4.269183396006692e-02   -6.099060579254812e-02   -1.286781555171469e-02    5.501388519281269e-02    3.399904437265706e-02   -3.081396737255209e-02    5.174973987290806e-02
    2    3,4        1,12   
    1.031227639911821e-02   -2.036561545288507e-02    7.053517661979421e-02   -3.727187540925109e-02    3.976243373781295e-02    2.001472638436502e-03    5.657083962672101e-03    2.793939064793739e-03
    2    3,5        1,12   
   -2.135077683709177e-02   -5.559515836780813e-02   -3.875361959023404e-02    7.663895317202407e-02   -1.621678023519637e-02   -5.413736699901649e-02   -2.192415521665872e-02    2.655138766997893e-02
    2    3,6        1,12   
   -9.327337104330449e-03   -2.962347704076066e-02   -5.091178914803403e-02   -3.322487689664190e-02   -4.086885996470723e-03   -8.181576422149867e-02    9.956245210328890e-04   -4.556258027568046e-02
    2    3,7        1,12   
   -2.651712064790258e-02   -4.366098092746636e-02    3.635590901465818e-02   -3.947499710009729e-03   -7.313972800209124e-03    1.233024195293082e-02    2.185789535766867e-02    4.336745201366176e-02
    2    3,8        1,12   
   -1.510792817829374e-02    6.193084029807586e-02    1.439766199887835e-02   -2.393076823415295e-02    2.349464357102261e-02    5.447270053254852e-03   -3.959447427574209e-02   -6.079112871896208e-02
    2    3,9        1,12   
    4.664734991815980e-02    8.953237763860727e-03    1.253490850653522e-02    7.102993985279475e-02   -5.297983285546534e-02    2.101427431239550e-02    3.549193957754707e-02   -6.489183994512272e-02
    2    3,10       1,12   
   -3.595744408320996e-02    1.250464680574420e-02   -4.946448499586629e-02   -3.899417739413297e-02   -6.443688039935795e-02   -3.327727517585952e-02    1.404603489538810e-02    3.521474380464316e-02
    2    3,11       1,12   
   -5.328314560926972e-02   -4.532784013428667e-02   -8.156770186234992e-04   -4.970831324742062e-02    3.529017985199352e-02   -3.167666223266193e-02    3.229294308857757e-02    1.812949393796466e-02
    2    3,12       1,12   
    6.326412936506402e-02   -5.994911434223633e-02    1.209281697312931e-02   -4.252954981197696e-02   -6.428724206638770e-02   -6.056992030052677e-02    5.819516567168280e-02   -5.468570852114252e-02
    2    3,1        1,13   
    3.601601863408133e-02    2.897838252135265e-02   -1.474138308086148e-02    4.127377087072537e-02    9.161757934860250e-02    3.278197077381129e-02   -4.242561658433670e-02   -3.644328222104284e-02
    2    3,2        1,13   
   -6.890099882112530e-02   -1.030476150928916e-02   -1.697753696591463e-03   -3.307328763655080e-02   -8.296522729814595e-03   -1.133306845319596e-01    8.321600727154495e-02    6.661472895976842e-02
    2    3,3        1,13   
    5.808396445449252e-02   -1.993772642372233e-02    2.790192804310481e-02   -1.233572060641823e-02   -1.055848624257908e-01    2.946080911990779e-02   -1.646194112113091e-02   -1.149373286191472e-01
    2    3,4        1,13   
    5.387305022626498e-02    2.628255699861353e-02   -3.710671755395917e-02    4.657383652703583e-02   -1.422231902890886e-02    5.746046167126843e-02    4.085308227035747e-02    8.817579075322893e-03
    2    3,5        1,13   
    2.136070640818860e-02   -3.529958552884850e-03    5.846295122484272e-02   -4.280922509144620e-02    6.379375023268824e-02    8.440466264633475e-03   -1.828185788290979e-02   -2.941337445318978e-02
    2    3,6        1,13   
   -8.399075913250548e-02    6.483033460471674e-02    2.685996689867624e-03   -4.211857646043819e-02   -1.404459407843576e-01   -4.303565450622698e-02    2.319161823143064e-02    1.882331313306564e-02
    2    3,7        1,13   
   -3.187498572947916e-02   -1.842882168996635e-02    4.509835187291968e-02    3.898031420563688e-02    3.250576432605960e-02   -2.006383289283245e-02   -2.270407036246840e-02    7.138814272300131e-03
    2    3,8        1,13   
    4.432999114885237e-03    3.071083268731664e-02   -2.984393239285408e-02   -6.135889588596090e-02   -7.724718086136262e-02   -2.417797017059212e-02    5.625651309307905e-02    9.508156695621739e-03
    2    3,9        1,13   
   -1.042813958873040e-02    3.255345242571594e-02    3.907873504659069e-02    1.405717130415728e-03   -6.621921314573175e-02    1.513646956518683e-02   -2.669044986184492e-02    5.720606517354887e-02
    2    3,10       1,13   
   -5.035734844091688e-03   -4.670207595974159e-03   -5.769983640755788e-02    8.022503430599590e-02   -3.587949938806426e-02    2.939449883686264e-02   -3.764954040785624e-02    6.173452346085501e-02
    2    3,11       1,13   
    1.361421933245149e-02    2.462979221920416e-02    5.553100463796078e-02   -3.697906152245191e-02    8.544571456456763e-02    5.084254686979378e-02    4.796200103903293e-02   -2.589375950272834e-02
    2    3,12       1,13   
    2.589375653771808e-03   -6.161013696667062e-02    3.524135349044445e-02    2.670990023927435e-02   -6.129878547856064e-02   -6.124362981875074e-02    2.171617299336887e-02    2.000259654325584e-02
    2    4,1        2,1    
   -4.301097052246439e-02   -8.094982031894449e-03   -6.126711652950068e-02   -5.826761654514233e-03   -6.963789076479643e-02    9.589445261539098e-02   -3.562850391013692e-02    3.662398986487121e-02
    2    4,2        2,1    
    1.352588983893589e-02   -2.492072800698064e-02    7.438539839040662e-02    7.014046515159410e-02   -5.467950551752129e-02   -8.203416573462700e-04   -1.339810590489200e-02   -3.404055851354895e-02
    2    4,3        2,1    
    1.507443543000004e-02    6.760033440989673e-02    2.778123694330621e-02   -1.904196038212451e-02   -2.443324355058252e-02    6.132429456024873e-02   -2.864004289009952e-02   -1.981544320751532e-02
    2    4,4        2,1    
    2.483160926424269e-02    8.634759527178346e-02    1.417318123562016e-02    3.093128405510192e-02    1.808229948977921e-02   -3.899518157150227e-02    7.205877331935817e-02   -2.538666823312392e-02
    2    4,1        2,2    
   -6.301624929341622e-02    4.465292865580768e-02   -7.115745384873261e-02    5.144796311396282e-02    5.707470607139251e-02   -1.585999546019632e-02   -2.486495469122277e-02   -3.327500437196827e-02
    2    4,2        2,2    
    5.277495234790296e-02   -6.689566213096609e-03    1.496289651189684e-03    1.366980344944787e-02    3.814472471887742e-02    1.577817203303292e-02    3.890804571932321e-02   -1.234909990711743e-02
    2    4,3        2,2    
   -1.837957828492843e-02    5.310099984614974e-02    3.478931939768776e-02   -5.078896161190903e-02    4.388611109959920e-02    3.731765004126598e-02    7.461019792406965e-03   -3.452117697245750e-02
    2    4,4        2,2    
   -4.727790719224022e-02    2.539780766648475e-02   -6.059298172237387e-02   -4.004106890544683e-03    2.004029578901904e-02    6.805124364433424e-02    2.015477980289755e-02    2.592285498537327e-03
    2    4,1        2,3    
    5.265096484908904e-02    7.205439810626016e-02    3.138648992515181e-02   -2.780103861692369e-02   -4.012054038587763e-02    2.267200685597189e-02   -5.022683583655280e-02   -8.629010775335792e-03
    2    4,2        2,3    
    2.897651056493700e-02    3.159245254851911e-02    3.410062133948169e-02    6.675150823495914e-02   -5.190010504242804e-02    1.747442681292100e-02   -6.370955799794459e-02    1.389219988224641e-02
    2    4,3        2,3    
    6.187721905167516e-02    1.206429309134436e-02   -5.552066243462803e-02   -1.613668042905600e-02   -1.282243066527453e-02   -8.297951448803123e-03   -2.284732452745192e-02   -4.857827906964438e-02
    2    4,4        2,3    
   -1.991240983019000e-02   -7.934628221218602e-03   -6.566840444749321e-02   -2.490438295231786e-02    5.214887511113395e-02    4.647278287970814e-02    7.263684348621346e-02   -6.391092684984319e-02
    2    4,1        2,4    
   -1.534314602985375e-02   -8.010784124520379e-02   -6.206349484627426e-02    3.250676358863252e-02   -3.018098076996170e-02    3.866298906737543e-03    1.027166252992689e-02   -9.646127762153425e-02
    2    4,2        2,4    
   -6.650134708422233e-02    2.911011619438145e-02   -6.463112468401684e-02   -1.921230758736994e-02   -2.881596063149177e-03    3.630925935457964e-02    6.734848333313412e-02   -3.773076273476529e-02
    2    4,3        2,4    
   -3.232087667697103e-02   -2.117899178582957e-02    5.430714365925421e-02   -5.005248503307048e-02    2.033616370435686e-02   -1.180171477459820e-02   -3.283040869307455e-02   -6.508609730894020e-02
    2    4,4        2,4    
    3.123908259641751e-02   -2.699508707744245e-02   -1.604908530484706e-02    1.188688435202674e-02    2.006760938988588e-02    8.120740880565212e-02   -1.421847099451973e-02    3.027947194726757e-02
    2    4,1        2,5    
    3.653720161425150e-02    3.324064090709864e-02   -6.751147857230879e-03   -2.249811965606087e-03   -3.801195230128591e-02   -4.423676713615343e-02   -4.526038274401792e-02   -1.432811141309185e-02
    2    4,2        2,5    
   -2.647510472328399e-02    1.743257701178634e-02   -5.337218260874560e-02    2.509007331305187e-04    2.192934713560002e-02    8.186342515983927e-03   -2.353385338518953e-02    3.611740647827091e-02
    2    4,3        2,5    
   -8.966001390404276e-03    5.174635934249060e-02   -5.845602526477250e-02    1.778242341132401e-03   -5.175185682387386e-02   -8.134304137737369e-03   -5.261740048495854e-02    1.653599295509669e-02
    2    4,4        2,5    
   -2.981593141302325e-02    5.165378013620744e-02    7.039083168713887e-02    1.337757553350279e-02    3.393319373436652e-03   -7.984140465071270e-02    6.216045395584911e-02   -8.611605682405087e-03
    2    4,1        2,6    
   -7.858714910703444e-03   -7.611768538010162e-02    2.899527477136810e-02   -7.374454375969129e-02    8.903969072836200e-03   -1.462388497455730e-02    7.686151112255370e-03   -1.008483770227778e-01
    2    4,2        2,6    
    4.202193548156842e-02   -4.082944394893519e-02    6.098887559028561e-02   -8.340741876979246e-04   -4.109860101796025e-02    3.235368741845574e-02   -4.245860246488802e-02    7.154760910692518e-02
    2    4,3        2,6    
    4.415180733308918e-02    3.569627294703274e-02   -3.726938277111862e-02   -2.543901989047863e-03   -2.156398068986074e-03   -4.859090852894996e-02   -7.199499753039727e-02    5.377872813568371e-02
    2    4,4        2,6    
   -6.535606492800557e-02    7.604191677764101e-02    3.531242122143718e-02    3.742590379279929e-02    4.927831528184869e-02   -1.352002476544385e-02    8.135955579839663e-02    4.667148844121719e-02
    2    4,1        2,7    
    2.758217841743511e-02    7.725318200236525e-03   -6.744007133718784e-02   -2.619630895341043e-02    4.920923807825023e-02    1.273039369558913e-02    1.583308545742067e-03   -2.853784133091855e-02
    2    4,2        2,7    
   -5.550836708893275e-02    5.198850525252142e-02    2.521580654976846e-02    6.898248822675239e-02    1.201166909534352e-02    1.948517218744117e-02   -4.327381859530201e-02   -6.271846520808272e-02
    2    4,3        2,7    
   -6.727118367034961e-03   -2.239480316522464e-02    2.071982651180121e-03    3.954334158829141e-02    7.014768851604530e-02   -2.081275519239671e-03   -4.104722937083117e-02   -3.723442883917870e-02
    2    4,4        2,7    
    3.701845537210238e-02    1.008503401690409e-01   -4.831626506168015e-02   -5.404505515519276e-02   -4.646274237580773e-03    4.279168594620587e-02   -5.433352496984594e-02    4.732109232816979e-02
