    4,1                                     # harmonic no-HN
   -1.640195214209943e-01    3.047288932822396e-07
    4,2    
   -7.487800466104474e-01   -2.385528677767739e-07
    4,3    
    1.078554875665280e+00    2.888162120914213e-07
    4,1        1,1    
   -2.555247437261765e-01   -8.890800574774851e-07
    4,2        1,1    
   -7.035975306781489e-01    3.138792195809037e-07
    4,3        1,1    
    1.100682231385005e+00   -6.462499121049967e-07
    4,1        1,2    
    6.892711419382085e-03    7.121039998764230e-08
    4,2        1,2    
   -4.391099160203140e-02    1.261281877811160e-07
    4,3        1,2    
   -4.069300277376086e-01   -7.672336339863386e-08
    4,1        1,5    
   -1.247010082240715e-01    2.658555209812010e-07
    4,2        1,5    
   -1.837358705209978e-01    1.368368185316959e-07
    4,3        1,5    
    1.844565208790693e-01   -7.443364810752397e-08
    4,1        1,6    
    8.285339566066555e-02    9.188832440021703e-08
    4,2        1,6    
    2.370832489364161e-01   -4.596038055911416e-08
    4,3        1,6    
   -7.043643989410869e-01   -1.850721186131495e-07
    4,1        1,7    
    2.718816879567452e-01    1.017448971940664e-07
    4,2        1,7    
   -5.001038411181702e-01   -1.727731697885185e-07
    4,3        1,7    
    1.290299224208440e+00    4.483176456523849e-07
    4,1        1,8    
   -1.395872301274412e-01    2.394509905526869e-08
    4,2        1,8    
    1.642132309351173e-01    2.738214281893558e-08
    4,3        1,8    
    3.176791431926882e-01    4.772120889920693e-08
    4,1        1,9    
   -3.791197390957097e-01   -7.657333890001084e-08
    4,2        1,9    
    7.713928981546067e-03   -4.369167120928579e-08
    4,3        1,9    
   -3.251644207318855e-01   -1.772309133738500e-07
    4,1        1,10   
    2.255701589956774e-01   -2.108709790621393e-07
    4,2        1,10   
   -5.106272205521765e-01   -7.789680395668406e-08
    4,3        1,10   
    7.942641022234207e-01   -5.971926781389425e-08
    4,1        1,11   
   -2.547140287533195e-01    1.664518158324901e-07
    4,2        1,11   
    1.549186681116133e-01    2.675942692696591e-08
    4,3        1,11   
   -5.525251675852685e-01   -4.219964163898937e-08
    4,1        1,12   
    1.211314640262970e-01    7.204166598197044e-08
    4,2        1,12   
   -1.323088036155635e-01    1.677936931952050e-07
    4,3        1,12   
    8.209866932000033e-02   -2.882853528475427e-08
    4,1        1,13   
   -5.413544856533663e-02   -5.324254884545537e-08
    4,2        1,13   
   -1.316547521972057e-01    2.708946624055702e-08
    4,3        1,13   
    1.389647773240154e-01   -4.141097929060213e-08
    7,1        3,1    
    1.403496596031458e+00   -8.021395042506352e-08
    7,2        3,1    
   -6.808447353677612e-01    3.399983764329503e-08
    7,3        3,1    
   -5.087476112926877e-02   -5.468354215584496e-08
    7,4        3,1    
    4.614282743506552e-02    1.778799050903492e-07
    7,5        3,1    
    4.305328389875097e-01   -5.375447967599836e-08
    7,6        3,1    
   -1.776515661041766e+00    2.251828132420956e-07
    7,1        3,2    
   -1.112492302561158e+00    6.799703031847048e-08
    7,2        3,2    
   -3.245773928941689e-01   -9.259621350316558e-08
    7,3        3,2    
   -4.460296744706448e-02    3.515931519099565e-08
    7,4        3,2    
    3.466709910788981e-02   -2.175069630528642e-09
    7,5        3,2    
    6.350432805489448e-01    1.820978086390158e-07
    7,6        3,2    
    9.153107829537909e-01   -2.595293667225998e-07
    7,1        3,3    
   -1.860729397601182e-01   -5.316036896563314e-08
    7,2        3,3    
    8.755105646329524e-01   -8.662161734502270e-08
    7,3        3,3    
    1.718221826814041e-01    1.764498880213075e-08
    7,4        3,3    
   -3.994462482246209e-01    1.835955666085255e-08
    7,5        3,3    
   -3.693152207331434e-01   -3.663515660073703e-08
    7,6        3,3    
   -2.823456191340843e+00    1.624915402665659e-07
    7,1        3,4    
    7.766083430144737e-02    4.912891039191028e-09
    7,2        3,4    
    1.955576761138345e-01   -6.448363706132335e-08
    7,3        3,4    
   -1.152099292045917e-02   -2.673066652892289e-08
    7,4        3,4    
   -5.546440955977391e-02    3.080924088224477e-08
    7,5        3,4    
    3.047464576709482e-01    3.710331336715304e-08
    7,6        3,4    
    9.412388575476546e-02   -5.039708900890325e-08
    7,1        3,5    
    1.589634338809964e-01   -2.583150490026926e-08
    7,2        3,5    
    4.098637609464804e-01   -8.189707917485761e-08
    7,3        3,5    
   -8.925468858123992e-02    4.176177279622574e-08
    7,4        3,5    
   -4.160012530608003e-01    1.106315827364331e-07
    7,5        3,5    
   -3.733711847657727e-01    4.492033293936412e-08
    7,6        3,5    
   -2.575493861343574e-01    6.302478669873527e-08
    7,1        3,6    
    8.130436086897877e-02   -3.606480271433904e-08
    7,2        3,6    
   -6.080559054899211e-01    1.373540852065935e-07
    7,3        3,6    
    5.085029829860446e-02   -3.511096532955839e-08
    7,4        3,6    
    4.390591829815916e-01   -6.986576154658303e-08
    7,5        3,6    
    7.426874026763518e-01   -8.557578994133653e-08
    7,6        3,6    
   -1.095119636367087e+00    5.157924010528334e-08
    7,1        3,7    
    4.300985454396585e-02   -1.085931631713215e-08
    7,2        3,7    
    1.100897764830189e-01    2.774002444158442e-08
    7,3        3,7    
   -1.761431212564165e-01    3.481396635529134e-08
    7,4        3,7    
    6.177349367199167e-03   -5.367456893834133e-08
    7,5        3,7    
   -1.144153270428121e-01   -3.431406012493127e-08
    7,6        3,7    
   -7.386967498658358e-02    3.305126535528050e-08
    7,1        3,8    
    3.819109450996133e-02   -2.546241035408773e-12
    7,2        3,8    
   -1.201970605977554e-01   -4.180925905212981e-09
    7,3        3,8    
   -2.245340598764610e-02    2.291716653511562e-08
    7,4        3,8    
    7.766403809032274e-02   -2.859737917615469e-08
    7,5        3,8    
    1.335149296683662e-01    1.334871218499349e-08
    7,6        3,8    
    5.386532291872187e-02   -3.601753914502069e-09
    7,1        3,9    
   -3.645642037710718e-02   -1.843072256448655e-08
    7,2        3,9    
    7.023992548740850e-02   -1.960550591681820e-09
    7,3        3,9    
   -2.660061257230575e-02    1.825797710863720e-08
    7,4        3,9    
   -4.002198906471355e-02    4.533879518280234e-09
    7,5        3,9    
    2.207365093085134e-02   -3.335151639282762e-08
    7,6        3,9    
   -1.294052642300561e-01    2.267326594133994e-08
    7,1        3,10   
    3.135195572749331e-01    1.288141000095356e-08
    7,2        3,10   
    3.113481488080937e-01   -2.105001729082897e-09
    7,3        3,10   
   -1.024780572992291e-01   -1.026033124495866e-08
    7,4        3,10   
   -1.635529737481436e-01    4.083624856400711e-08
    7,5        3,10   
   -3.299050076927890e-01   -1.887858457876577e-08
    7,6        3,10   
   -7.917989230673517e-01    1.088274273671016e-07
    4,1        1,3                          # harmonic with-HN
    4.052912387399223e-06    2.757364100474383e-01
    4,2        1,3    
   -1.204434503521644e-06    2.240569672324826e-02
    4,3        1,3    
    7.819293429791377e-06    5.518195806782206e-01
    4,1        1,14   
    6.540158455337410e-06    2.105714936673617e-01
    4,2        1,14   
   -2.745672656385540e-08   -1.614618504567959e-01
    4,3        1,14   
    8.833763000325719e-06    5.125058058123422e-01
    2,1        6,1    
   -3.378691154401741e-07    9.574136818393800e-02
    2,2        6,1    
   -1.387239832921648e-06   -3.431723572009256e-01
    5,1        2,1        7,1               # C2v-planar B2 x B1 -> G8 irred-5 x irred-7 x irred-2
    6.815373474187929e-07    8.573761972199033e-02
    5,1        2,1        7,2    
    6.249287467985778e-07    1.070143826472228e-02
    5,1        2,1        7,3    
    1.249246723091673e-07    2.247540826897535e-02
    5,1        2,1        7,4    
   -2.102485764951119e-06   -3.013612358768843e-01
    5,1        2,1        7,5    
    1.767372545613955e-07    8.093125424482858e-03
    5,1        2,1        7,6    
    2.234989687806749e-07    9.304525028439080e-02
    5,1        2,2        7,1    
    1.120582056127399e-06   -1.395171990381842e-01
    5,1        2,2        7,2    
    7.524171204616270e-07    7.021121270045121e-02
    5,1        2,2        7,3    
    1.136266340264086e-06   -1.272138514800995e-03
    5,1        2,2        7,4    
   -1.687759326323846e-07   -1.064965963325763e-01
    5,1        2,2        7,5    
   -1.244504148417496e-06    8.907209190762952e-03
    5,1        2,2        7,6    
   -2.326222244018454e-06   -4.134076285685234e-01
    5,1        6,1        3,1               # C2v-planar B1 x B2 -> G8 irred-5 x irred-6 x irred-3
    1.129163456337006e-05   -1.726908762510780e+00
    5,1        6,1        3,2    
   -7.858943403663408e-06    1.524343618387482e+00
    5,1        6,1        3,3    
   -3.754816468674314e-06   -8.578965085728750e-01
    5,1        6,1        3,4    
    2.650772304257726e-06    8.319482944865306e-02
    5,1        6,1        3,5    
   -2.241128696622037e-06   -6.844639061820050e-02
    5,1        6,1        3,6    
   -1.396187132273139e-06   -1.080558919456097e+00
    5,1        6,1        3,7    
    1.909170703046688e-06   -2.017670527116464e-01
    5,1        6,1        3,8    
    7.858127617633398e-07    9.245794977702758e-02
    5,1        6,1        3,9    
   -1.510588756325089e-06    4.466354063836368e-02
    5,1        6,1        3,10   
   -4.176575867055441e-06   -6.173253983998451e-01
    8,1        2,1        3,1               # C2v-perpendicular B1 x B2 -> G8 irred-8 x irred-2 x irred-3
   -8.011160819587199e-05    4.391406172028891e+01
    8,1        2,1        3,2    
    1.387246947069620e-04   -4.015443853163006e+01
    8,1        2,1        3,3    
   -1.433745250278658e-04    5.981458591872699e+01
    8,1        2,1        3,4    
   -3.270894629905340e-05    7.756339609214350e+00
    8,1        2,1        3,5    
   -1.219733458742136e-05    2.105872405423883e-01
    8,1        2,1        3,6    
    3.109606557174454e-05   -6.210896478655938e+00
    8,1        2,1        3,7    
   -1.295088217101486e-05   -3.635112565374224e-01
    8,1        2,1        3,8    
   -2.797283861599011e-05    3.753745007192999e+00
    8,1        2,1        3,9    
    3.969988888307364e-05   -9.287843855549383e-01
    8,1        2,1        3,10   
   -5.001666962727616e-06    5.071130031775334e+00
    8,1        2,2        3,1    
    1.811525657676264e-04   -9.577855316579985e+01
    8,1        2,2        3,2    
   -3.206059832892561e-04    9.801451895249130e+01
    8,1        2,2        3,3    
    2.811488162201012e-04   -1.865656804828355e+02
    8,1        2,2        3,4    
    1.368311971469489e-04   -1.672582677785422e+01
    8,1        2,2        3,5    
    1.353112385823175e-05    5.317511710524965e+00
    8,1        2,2        3,6    
   -1.300017638599382e-04   -4.371288366308444e+00
    8,1        2,2        3,7    
    2.918116076229628e-05   -8.329792702383594e-01
    8,1        2,2        3,8    
    7.575134504250516e-05    6.583085862759245e+00
    8,1        2,2        3,9    
   -2.689395526354631e-04    2.197401603445968e-01
    8,1        2,2        3,10   
    9.449507000503014e-05   -6.605124758863268e+00
    8,1        6,1        7,1               # C2v-perpendicular B2 x B1 -> G8 irred-8 x irred-6 x irred-7
    9.854824486843058e-07    5.332260651117576e-02
    8,1        6,1        7,2    
   -3.593822224955830e-07    6.752326600346721e-03
    8,1        6,1        7,3    
    1.188468890252732e-06    1.826204717905273e-02
    8,1        6,1        7,4    
   -8.379185327144735e-07    1.674300007684491e-02
    8,1        6,1        7,5    
   -3.065419905802576e-06    4.285010962159698e-02
    8,1        6,1        7,6    
    1.230186937529778e-06   -3.539762799674193e-02
    5,1        8,1        1,1               # C2v-planar / C2v-perpendicular A2 x A1 -> G8 irred-5 x irred-8 x irred-1
    6.976776069527789e-06    3.196812432698952e-01
    5,1        8,1        1,2    
    6.721674743725209e-07   -2.305163680526217e-01
    5,1        8,1        1,3    
    1.227478115404878e-06   -1.703593041191862e-01
    5,1        8,1        1,5    
   -4.918485359884967e-06    5.996788441367223e-02
    5,1        8,1        1,6    
    4.892967299259706e-06    1.241269513279175e-01
    5,1        8,1        1,7    
   -1.279209160227262e-06    2.501906150271920e-01
    5,1        8,1        1,8    
    3.243892548821285e-06    4.101384672064552e-01
    5,1        8,1        1,9    
   -2.586436152172044e-06   -3.735841923528766e-02
    5,1        8,1        1,10   
    3.381125200486824e-06   -1.051044557168681e-01
    5,1        8,1        1,11   
   -5.998739300823618e-06   -2.345940529095668e-01
    5,1        8,1        1,12   
    1.422261816270849e-06    1.403058533385691e-01
    5,1        8,1        1,13   
    6.615736687472022e-07    1.298550115000454e-01
    5,1        8,1        1,14   
    4.710663960958574e-06    7.355366011510347e-01
    7,7        3,13                         # HN spherical coordinate angles
   -1.836016927883342e-06   -1.832046878189812e-01
    8,1        5,1    
    8.284917036130848e-06   -8.516183650144811e-01
