   0.167316e-01   0.250743e-01   0.736554e-01
  -0.991196e-04  -0.691010e-04  -0.155776e-02
  -0.109375e-04  -0.132404e-04  -0.127873e-04
   0.629965e-04   0.492864e-04   0.880244e-03
  -0.215280e-04  -0.360656e-04  -0.775434e-06
  -0.803160e-05   0.116700e-04   0.721609e-05
   0.494007e-04   0.223942e-04  -0.206567e-05
  -0.166519e-01  -0.249890e-01  -0.719134e-01
  -0.510010e-04  -0.490297e-04  -0.105125e-02
   0.412097e-06  -0.494283e-06   0.387959e-05
   0.953909e-06  -0.787098e-06  -0.523952e-05
  -0.113213e-05  -0.296713e-06   0.163995e-05
  -0.927485e-06  -0.310859e-06  -0.367449e-05
  -0.746848e-06   0.747742e-06  -0.145712e-05
