    1,1                                     # harmonic no-HN
   -4.361240635411034e-02
    1,2    
    1.465081485148413e-03
    1,5    
    6.998917023707268e-02
    1,6    
   -2.304799209834455e-01
    1,7    
    8.695296679794631e-02
    1,8    
   -5.969624267435979e-02
    1,9    
    6.431460909819063e-03
    1,10   
   -1.698736147995324e-03
    1,11   
    2.730702910041822e-04
    1,12   
   -1.798099782870254e-03
    1,13   
   -5.953773228453854e-04
    1,1        1,1    
    1.636193159108682e+00
    1,2        1,1    
   -3.231144727322220e-03
    1,5        1,1    
    1.470837173302043e-02
    1,6        1,1    
    1.631923962923301e-01
    1,7        1,1    
    6.395854366613516e-01
    1,8        1,1    
    1.304950263718475e-01
    1,9        1,1    
    9.038658409356298e-02
    1,10       1,1    
   -7.038700246305893e-04
    1,11       1,1    
   -2.695524473064618e-04
    1,12       1,1    
   -3.097374046467813e-03
    1,13       1,1    
   -5.366446451538970e-03
    1,2        1,2    
    7.951083304144458e-01
    1,5        1,2    
    4.010673766383848e-02
    1,6        1,2    
    2.681470269752241e-02
    1,7        1,2    
    8.009270806877446e-03
    1,8        1,2    
    3.363271234191732e-02
    1,9        1,2    
   -3.315224071825606e-02
    1,10       1,2    
   -1.223607572407240e-02
    1,11       1,2    
   -4.864924431990959e-03
    1,12       1,2    
   -1.823082516321491e-03
    1,13       1,2    
   -5.699707022560933e-04
    1,5        1,5    
    1.772191950372411e+00
    1,6        1,5    
    2.635764185336515e-01
    1,7        1,5    
   -1.678409985359727e-02
    1,8        1,5    
   -5.989139455272246e-02
    1,9        1,5    
   -1.357188373282464e-02
    1,10       1,5    
   -1.828490686174374e-02
    1,11       1,5    
   -4.128057655466237e-02
    1,12       1,5    
   -6.052702001105752e-02
    1,13       1,5    
    3.965380557317769e-03
    1,6        1,6    
    1.862267071049841e+00
    1,7        1,6    
    1.351206815055773e-01
    1,8        1,6    
    1.663389102748638e-01
    1,9        1,6    
   -2.223280503609541e-02
    1,10       1,6    
    3.658829329550927e-02
    1,11       1,6    
    3.633225684813744e-02
    1,12       1,6    
    8.350212496062745e-02
    1,13       1,6    
   -8.468718249534962e-02
    1,7        1,7    
    1.823258627113288e+00
    1,8        1,7    
    5.466428431306644e-02
    1,9        1,7    
    9.035892076574516e-02
    1,10       1,7    
    2.891878355193226e-02
    1,11       1,7    
    2.435336083083524e-02
    1,12       1,7    
   -1.621268307664864e-03
    1,13       1,7    
    1.101468961036648e-01
    1,8        1,8    
    1.790746494972806e-01
    1,9        1,8    
    2.697774034283966e-02
    1,10       1,8    
   -2.636168892961196e-02
    1,11       1,8    
   -2.620306789528921e-02
    1,12       1,8    
    3.524083328901569e-02
    1,13       1,8    
   -2.797388287479402e-02
    1,9        1,9    
    1.839171587171304e-01
    1,10       1,9    
    5.125102343319205e-02
    1,11       1,9    
   -4.823585647555729e-02
    1,12       1,9    
   -4.474857206771473e-04
    1,13       1,9    
    2.897621816765734e-03
    1,10       1,10   
    7.990869113996436e-01
    1,11       1,10   
   -1.525019157396792e-02
    1,12       1,10   
    1.351609691778187e-02
    1,13       1,10   
    1.998882295807313e-03
    1,11       1,11   
    7.883522630168893e-01
    1,12       1,11   
   -7.258029843478722e-04
    1,13       1,11   
    9.841552247539654e-03
    1,12       1,12   
    1.012012100618412e-01
    1,13       1,12   
    8.930859370132903e-04
    1,13       1,13   
    1.038577038714019e-01
    3,1        3,1    
    1.406904202969742e+00
    3,2        3,1    
    2.014474118321107e-01
    3,3        3,1    
   -1.700746712366042e-01
    3,4        3,1    
    1.535634296361803e-01
    3,5        3,1    
   -4.878701578265742e-03
    3,6        3,1    
    2.638015883721337e-02
    3,7        3,1    
   -1.244253096014368e-01
    3,8        3,1    
   -7.187895435922034e-02
    3,9        3,1    
   -1.835491686936878e-02
    3,10       3,1    
   -7.508280300114696e-02
    3,2        3,2    
    1.265272457366283e+00
    3,3        3,2    
    2.395918965628298e-01
    3,4        3,2    
   -5.423804340931670e-02
    3,5        3,2    
    3.894258392836727e-02
    3,6        3,2    
    6.329024881652422e-02
    3,7        3,2    
   -1.234955987721779e-02
    3,8        3,2    
    7.930831934999354e-02
    3,9        3,2    
   -7.523883471865520e-02
    3,10       3,2    
    9.241339049600146e-02
    3,3        3,3    
    1.446531251073605e+00
    3,4        3,3    
   -1.311475630124962e-01
    3,5        3,3    
    1.689596979278407e-02
    3,6        3,3    
    6.955807878620354e-02
    3,7        3,3    
    1.071740097113750e-02
    3,8        3,3    
    1.192999953120892e-02
    3,9        3,3    
    7.175076438878027e-02
    3,10       3,3    
   -3.004427427254457e-02
    3,4        3,4    
    2.096747172895291e-01
    3,5        3,4    
   -4.124649895811463e-02
    3,6        3,4    
    4.402346054256799e-02
    3,7        3,4    
   -3.111079470751865e-02
    3,8        3,4    
   -2.504503125881426e-02
    3,9        3,4    
   -2.119430186966851e-02
    3,10       3,4    
    2.643910159148973e-02
    3,5        3,5    
    7.984113934125205e-01
    3,6        3,5    
    1.108706820531080e-02
    3,7        3,5    
    3.339656708562420e-03
    3,8        3,5    
    9.156090319691668e-03
    3,9        3,5    
    2.331219317750094e-04
    3,10       3,5    
   -2.463880286903801e-02
    3,6        3,6    
    8.004952205612768e-01
    3,7        3,6    
   -1.804462127197783e-03
    3,8        3,6    
   -4.141247764911779e-03
    3,9        3,6    
   -3.584168546469815e-03
    3,10       3,6    
   -1.082372304209455e-01
    3,7        3,7    
    1.027523717603684e-01
    3,8        3,7    
   -2.282323628800888e-03
    3,9        3,7    
    5.202154035825923e-03
    3,10       3,7    
   -2.153548798770154e-04
    3,8        3,8    
    9.803672104803290e-02
    3,9        3,8    
   -1.365169797745095e-03
    3,10       3,8    
   -1.339901874074566e-03
    3,9        3,9    
    9.401299553748584e-02
    3,10       3,9    
   -2.051891854363592e-03
    3,10       3,10   
    1.551121777364793e-01
    4,1        4,1    
    2.394616883326971e-02
    4,2        4,1    
   -3.551986702274855e-02
    4,3        4,1    
   -3.712659068656210e-02
    4,2        4,2    
    6.974842754936561e-02
    4,3        4,2    
    7.842569658849082e-03
    4,3        4,3    
    4.814763641256569e-02
    7,1        7,1    
    2.105721626234296e-02
    7,2        7,1    
    1.872863671097610e-02
    7,3        7,1    
   -4.345490771270414e-02
    7,4        7,1    
   -2.559602449919913e-02
    7,5        7,1    
    4.737678910162573e-03
    7,6        7,1    
    3.384135069749389e-02
    7,2        7,2    
    2.261564409209989e-02
    7,3        7,2    
   -4.258894921263776e-02
    7,4        7,2    
   -2.834440911204037e-02
    7,5        7,2    
   -1.542917364114842e-02
    7,6        7,2    
   -3.165520022148627e-02
    7,3        7,3    
    7.580299332770239e-02
    7,4        7,3    
    2.975079109959520e-02
    7,5        7,3    
    4.814199543892153e-03
    7,6        7,3    
    3.107951864518615e-03
    7,4        7,4    
    5.841241269276697e-02
    7,5        7,4    
    2.824024765664468e-03
    7,6        7,4    
   -1.647872654898565e-03
    7,5        7,5    
    3.683981645966450e-02
    7,6        7,5    
    2.091643329136479e-02
    7,6        7,6    
    7.781581889407550e-02
    1,8        1,8        1,8               # 4th-order benzene angles
   -2.891171739473353e-02
    1,8        1,8        1,8        1,8    
    6.332191075774780e-02
    1,9        1,9        1,9    
   -9.748700394158164e-04
    1,9        1,9        1,9        1,9    
    2.387345068578550e-02
    3,4        3,4        3,4        3,4    
    6.285370353888621e-02
    4,1        4,1        4,1        4,1    
    1.695676729383905e-04
    7,1        7,1        7,1        7,1    
    3.998114629637942e-03
    7,2        7,2        7,2        7,2    
    5.051505610178463e-04
    7,6        7,6        7,6        7,6    # 4th-order N out of benzene
    6.126252806104767e-02
    1,15                                    # no-HN redundancy
   -7.752266868805971e-02
    1,15       1,15   
    1.258946117785338e-01
    1,15       1,15       1,15   
    1.836942715929846e-01
    1,15       1,15       1,15       1,15   
    6.258676864954607e-02
    1,16   
   -5.880532602107207e-02
    1,16       1,16   
    1.609053931024716e-01
    3,11       3,11   
    5.349472683594537e-02
    1,16       1,16       1,16   
    1.356338306687442e-01
    3,11       3,11       1,16   
    2.529502710983030e-01
    1,16       1,16       1,16       1,16   
    3.872781964685759e-02
    3,11       3,11       3,11       3,11   
    1.214513492223918e-01
    1,17   
   -3.511899849230536e-02
    1,17       1,17   
    1.321906181113500e-01
    3,12       3,12   
    6.262351291061888e-02
    1,17       1,17       1,17   
    6.323329323659380e-02
    3,12       3,12       1,17   
    1.450950347540370e-01
    1,17       1,17       1,17       1,17   
    8.585394620656518e-02
    3,12       3,12       3,12       3,12   
    9.802153995108663e-02
    3,7        3,7        3,7        3,7    # no-HN corresponding independency
    7.712499435075869e-02
    7,3        7,3        7,3        7,3    
    7.277852893998882e-02
    1,12       1,12       1,12   
   -4.287903050046904e-03
    3,8        3,8        1,12   
   -9.680569582323661e-03
    4,2        4,2        1,12   
    3.254305433998321e-02
    7,4        7,4        1,12   
   -1.093968551227614e-02
    1,12       1,12       1,12       1,12   
    2.915781159392432e-02
    4,2        4,2        1,12       1,12   
    9.749855538451103e-02
    7,4        7,4        1,12       1,12   
    1.075958331277626e-01
    3,8        3,8        3,8        3,8    
    3.101328646356132e-02
    4,2        4,2        4,2        4,2    
    4.946084624950186e-02
    7,4        7,4        7,4        7,4    
    5.575277979680233e-02
    1,13       1,13       1,13   
   -1.283306560307637e-02
    3,9        3,9        1,13   
   -1.214977104422496e-02
    4,3        4,3        1,13   
    4.167975392623131e-03
    7,5        7,5        1,13   
    1.828393099894576e-02
    1,13       1,13       1,13       1,13   
    3.235994307284817e-02
    4,3        4,3        1,13       1,13   
    9.472395736587762e-02
    7,5        7,5        1,13       1,13   
    1.000967028347621e-01
    3,9        3,9        3,9        3,9    
    3.364103451462032e-02
    4,3        4,3        4,3        4,3    
    6.382570526627200e-02
    7,5        7,5        7,5        7,5    
    5.248996941657817e-02
    3,7        3,7        1,15              # no-HN redundancy coupled with corresponding independency
   -1.759633350980271e-01
    7,3        7,3        1,15   
   -1.921420182339127e-01
    3,7        3,7        1,15       1,15   
    1.208565177159862e-01
    7,3        7,3        1,15       1,15   
    1.030307731074634e-01
    1,16       1,12   
    1.743351480235889e-03
    3,11       3,8    
    8.641212817668395e-03
    1,16       1,12       1,12   
   -1.278407283303473e-01
    1,16       1,16       1,12   
   -3.011357315957360e-01
    3,11       3,8        1,12   
    2.639570968006663e-01
    3,11       3,11       1,12   
    1.835093042408300e-01
    3,8        3,8        1,16   
   -1.296139197939478e-01
    3,11       3,8        1,16   
   -2.356292565412344e-01
    4,2        4,2        1,16   
   -2.007418947797152e-01
    7,4        7,4        1,16   
   -2.243596075611745e-01
    1,16       1,12       1,12       1,12   
    3.501554901244439e-02
    1,16       1,16       1,12       1,12   
    7.898439971517494e-02
    1,16       1,16       1,16       1,12   
    4.346688978508690e-01
    3,8        3,8        1,16       1,12   
    5.201972885469722e-02
    4,2        4,2        1,16       1,12   
   -1.234666076407809e-02
    7,4        7,4        1,16       1,12   
    9.383407083901726e-02
    3,8        3,8        1,16       1,16   
    8.470300349292911e-02
    4,2        4,2        1,16       1,16   
    9.558317095196023e-02
    7,4        7,4        1,16       1,16   
    9.337522509480943e-02
    3,11       3,8        3,8        3,8    
    1.387480038522669e-02
    3,11       3,11       3,8        3,8    
    1.960119708253963e-01
    3,11       3,11       3,11       3,8    
    6.446290543777653e-01
    1,17       1,13   
   -6.840829108108030e-03
    3,12       3,9    
    1.433275608372825e-02
    1,17       1,13       1,13   
   -1.227248240171457e-01
    1,17       1,17       1,13   
   -2.514798585219838e-01
    3,12       3,9        1,13   
    1.580045004470464e-01
    3,12       3,12       1,13   
    1.158192182380381e-01
    3,9        3,9        1,17   
   -1.226259192741131e-01
    3,12       3,9        1,17   
   -2.801098729716283e-01
    4,3        4,3        1,17   
   -2.057894043447669e-01
    7,5        7,5        1,17   
   -1.958662516804469e-01
    1,17       1,13       1,13       1,13   
    6.355090963050597e-02
    1,17       1,17       1,13       1,13   
    1.000200501055868e-01
    1,17       1,17       1,17       1,13   
    3.157091009846812e-01
    3,9        3,9        1,17       1,13   
    1.106656826812719e-01
    4,3        4,3        1,17       1,13   
   -8.831969524363124e-02
    7,5        7,5        1,17       1,13   
    1.125496351887670e-01
    3,9        3,9        1,17       1,17   
    1.033520842459396e-01
    4,3        4,3        1,17       1,17   
    1.671306314646100e-01
    7,5        7,5        1,17       1,17   
    9.639973686065792e-02
    3,12       3,9        3,9        3,9    
    4.010096802419144e-02
    3,12       3,12       3,9        3,9    
    1.586642428275308e-01
    3,12       3,12       3,12       3,9    
    5.316740243434792e-01
    1,3                                     # harmonic with-HN
    1.089208966809175e-02
    1,14   
   -1.361825084591857e-03
    1,3        1,1    
   -3.378398233471012e-02
    1,3        1,2    
    8.376664985450063e-03
    1,3        1,3    
    1.272582711480651e-01
    1,3        1,5    
   -2.332845467924625e-02
    1,3        1,6    
   -7.268324157586429e-03
    1,3        1,7    
   -4.589396468828692e-02
    1,3        1,8    
   -5.788988037250388e-03
    1,3        1,9    
   -5.614796115722495e-04
    1,3        1,10   
   -7.232735339097063e-03
    1,3        1,11   
    2.104079458786151e-02
    1,3        1,12   
   -3.096128728486730e-04
    1,3        1,13   
    1.034008503460971e-03
    1,3        1,14   
   -1.202937914394664e-02
    1,14       1,1    
    1.238976992053333e-01
    1,14       1,2    
   -3.526845616906471e-06
    1,14       1,5    
   -9.144525475075948e-03
    1,14       1,6    
    1.227435465874039e-02
    1,14       1,7    
    1.534355117108160e-02
    1,14       1,8    
    7.509481580176956e-03
    1,14       1,9    
    1.053038367523063e-02
    1,14       1,10   
    1.140163617877315e-03
    1,14       1,11   
    1.918158544145720e-03
    1,14       1,12   
   -1.374917547750086e-03
    1,14       1,13   
    3.448954605547050e-03
    1,14       1,14   
    1.118878693505431e-01
    2,1        2,1    
    9.735216765574277e-02
    2,2        2,1    
   -2.110912760072018e-02
    2,2        2,2    
    8.734393754735269e-02
    6,1        6,1    
    1.381080721070259e-03
    5,1        2,1        3,1               # C2v-planar B2 x B2 <- G8 irred-5 x irred-2 x irred-3
    5.027535590097485e-03
    5,1        2,1        3,2    
   -2.556396621741105e-03
    5,1        2,1        3,3    
   -4.009843066603701e-02
    5,1        2,1        3,4    
   -1.615942939063463e-03
    5,1        2,1        3,5    
    2.617750085470889e-03
    5,1        2,1        3,6    
    1.222642904306558e-02
    5,1        2,1        3,7    
    1.842403573085976e-06
    5,1        2,1        3,8    
   -3.176027572601426e-04
    5,1        2,1        3,9    
   -1.667463590868805e-03
    5,1        2,1        3,10   
    3.148727961970127e-02
    5,1        2,2        3,1    
   -3.015299442075291e-03
    5,1        2,2        3,2    
   -4.429527602349812e-04
    5,1        2,2        3,3    
   -9.832444059061956e-03
    5,1        2,2        3,4    
    9.249831158338613e-03
    5,1        2,2        3,5    
    2.124005379930789e-03
    5,1        2,2        3,6    
    8.015387683292031e-03
    5,1        2,2        3,7    
   -6.705321954088629e-04
    5,1        2,2        3,8    
    7.858645595888267e-05
    5,1        2,2        3,9    
    3.178859121539052e-03
    5,1        2,2        3,10   
    1.338404475046284e-02
    5,1        6,1        7,1               # C2v-planar B1 x B1 <- G8 irred-5 x irred-6 x irred-7
    6.246773606504922e-03
    5,1        6,1        7,2    
   -4.201420656184656e-03
    5,1        6,1        7,3    
   -1.336896520446734e-04
    5,1        6,1        7,4    
    1.022850659094609e-03
    5,1        6,1        7,5    
    1.308236447301099e-03
    5,1        6,1        7,6    
    1.064020597460246e-02
    8,1        2,1        7,1               # C2v-perpendicular B1 x B1 <- G8 irred-8 x irred-2 x irred-7
   -9.020424922486609e-04
    8,1        2,1        7,2    
    8.153138347832585e-04
    8,1        2,1        7,3    
   -8.678246354323492e-04
    8,1        2,1        7,4    
   -1.197807970260236e-02
    8,1        2,1        7,5    
    3.124001893343526e-02
    8,1        2,1        7,6    
   -5.758131443924334e-02
    8,1        2,2        7,1    
    5.839143853664437e-03
    8,1        2,2        7,2    
    2.467591279340648e-02
    8,1        2,2        7,3    
   -2.393571900893240e-02
    8,1        2,2        7,4    
   -1.924923095415934e-02
    8,1        2,2        7,5    
    8.493538001673588e-03
    8,1        2,2        7,6    
    1.345409839573395e-02
    8,1        6,1        3,1               # C2v-perpendicular B2 x B2 <- G8 irred-8 x irred-6 x irred-3
    4.446286019124574e-03
    8,1        6,1        3,2    
    9.095930260736058e-03
    8,1        6,1        3,3    
    1.153949472312338e-02
    8,1        6,1        3,4    
    2.662082149371926e-03
    8,1        6,1        3,5    
    7.208511766303986e-03
    8,1        6,1        3,6    
    1.596108003201167e-02
    8,1        6,1        3,7    
   -1.700536979839356e-03
    8,1        6,1        3,8    
    3.318908085078446e-03
    8,1        6,1        3,9    
    2.340454182230698e-03
    8,1        6,1        3,10   
   -1.462666364497930e-03
    5,1        8,1        4,1               # C2v-planar / C2v-perpendicular A2 x A2 <- G8 irred-4 x irred-5 x irred-8
    6.357379013365380e-03
    5,1        8,1        4,2    
   -3.977256695293169e-05
    5,1        8,1        4,3    
   -3.767486156815340e-03
    1,4                                     # HN spherical coordinate angles
    2.560446131975027e-01
    1,4        1,4    
    1.022536502402840e-01
    3,13       3,13   
    1.302961826360927e-01
    5,1        5,1    
    1.769623535420862e-01
    7,7        7,7    
    9.339423212496201e-02
    8,1        8,1    
    1.684233159128912e-02
    1,4        1,4        1,4    
   -1.762359408331022e-01
    2,2        2,2        1,4    
   -7.867644478300694e-02
    3,13       3,13       1,4    
   -1.327726274293140e-01
    5,1        5,1        1,4    
   -1.706037217957819e-01
    7,7        7,7        1,4    
   -9.294941542976089e-02
    8,1        8,1        1,4    
   -3.590663696489058e-01
    5,1        3,13       2,2    
    5.954513108640514e-02
    8,1        7,7        2,2    
    8.961628235824612e-02
    1,4        1,4        1,4        1,4    
    1.256395020957087e-03
    2,2        2,2        1,4        1,4    
    2.527041681268377e-01
    3,13       3,13       1,4        1,4    
   -7.499456970583808e-02
    5,1        5,1        1,4        1,4    
    2.078366819026745e-01
    7,7        7,7        1,4        1,4    
   -7.996638723065941e-02
    8,1        8,1        1,4        1,4    
    3.667140429170134e-01
    5,1        3,13       2,2        1,4    
   -8.580959984404302e-02
    8,1        7,7        2,2        1,4    
   -2.361603577272235e-01
    2,2        2,2        2,2        2,2    
    7.311865808374569e-03
    3,13       3,13       2,2        2,2    
    4.674175758863056e-02
    5,1        5,1        2,2        2,2    
   -5.326445169505564e-02
    7,7        7,7        2,2        2,2    
   -6.441024981147605e-03
    8,1        8,1        2,2        2,2    
    3.408487640321966e-02
    3,13       3,13       3,13       3,13   
   -1.816641530404175e-03
    5,1        5,1        3,13       3,13   
   -2.716697707569610e-02
    7,7        7,7        3,13       3,13   
    9.638802553168856e-03
    8,1        8,1        3,13       3,13   
    3.658627703324922e-02
    8,1        7,7        5,1        3,13   
    1.536820121782551e-01
    5,1        5,1        5,1        5,1    
   -6.130242038206259e-02
    7,7        7,7        5,1        5,1    
   -6.588553999389134e-02
    8,1        8,1        5,1        5,1    
    2.217776267288505e-03
    7,7        7,7        7,7        7,7    
    1.394651597742051e-02
    8,1        8,1        7,7        7,7    
    1.419790054502361e-01
    8,1        8,1        8,1        8,1    
    6.252450478656670e-02
    6,1        6,1        1,1               # C out of NH2 x 1st-order terms
   -2.839484806446620e-02
    6,1        6,1        1,2    
   -1.858654462891587e-03
    6,1        6,1        1,3    
    2.562419906367360e-02
    6,1        6,1        1,5    
   -3.046172042840331e-03
    6,1        6,1        1,6    
    2.087748744533393e-02
    6,1        6,1        1,7    
    1.992759302802371e-02
    6,1        6,1        1,8    
   -2.325748377122336e-03
    6,1        6,1        1,9    
    6.812852998744004e-05
    6,1        6,1        1,10   
    2.334862108423962e-03
    6,1        6,1        1,11   
    4.402686585977495e-03
    6,1        6,1        1,12   
    9.557195427895680e-04
    6,1        6,1        1,13   
   -2.400134290998330e-03
    6,1        6,1        1,14   
   -5.600941251439205e-02
    1,4        1,1                          # 1st-order terms coupled with NH2 rotation
   -2.207959236355971e-03
    1,4        1,2    
    1.604515801162213e-03
    1,4        1,3    
    1.112384917432686e-02
    1,4        1,5    
    1.883915635844641e-02
    1,4        1,6    
    4.473975208341152e-02
    1,4        1,7    
    3.382402958847092e-03
    1,4        1,8    
   -5.803602521411128e-03
    1,4        1,9    
   -4.157183912029277e-03
    1,4        1,10   
    7.686943389026095e-04
    1,4        1,11   
    1.100531443769709e-03
    1,4        1,12   
   -2.741401588186289e-03
    1,4        1,13   
    6.175246772235791e-04
    1,4        1,14   
    1.066525338386496e-02
    3,13       3,1    
   -4.990444693185768e-03
    3,13       3,2    
   -1.745278456826970e-02
    3,13       3,3    
   -2.915782061530832e-03
    3,13       3,4    
   -5.595619843729719e-03
    3,13       3,5    
   -6.071669241512373e-03
    3,13       3,6    
   -9.721088937965706e-03
    3,13       3,7    
    2.111850377648539e-03
    3,13       3,8    
   -3.715838203881425e-03
    3,13       3,9    
    1.027214665643334e-03
    3,13       3,10   
   -3.480551502406288e-02
    7,7        7,1    
    3.763761648266928e-03
    7,7        7,2    
   -1.232276298979314e-03
    7,7        7,3    
   -5.820970166279764e-04
    7,7        7,4    
    1.610096746147561e-03
    7,7        7,5    
   -5.786569234620249e-04
    7,7        7,6    
   -7.862489814294936e-03
    1,4        1,4        1,1    
   -1.889804446066022e-01
    1,4        1,4        1,2    
   -2.390251900732773e-03
    1,4        1,4        1,3    
   -6.356133928640569e-02
    1,4        1,4        1,5    
    1.427668120920551e-02
    1,4        1,4        1,6    
   -6.804650918884753e-02
    1,4        1,4        1,7    
   -5.246378137629217e-02
    1,4        1,4        1,8    
   -2.185580630852984e-02
    1,4        1,4        1,9    
   -1.625480599813647e-02
    1,4        1,4        1,10   
   -1.986910321273987e-03
    1,4        1,4        1,11   
   -8.732532300845166e-03
    1,4        1,4        1,12   
   -4.664864343364207e-03
    1,4        1,4        1,13   
    5.299917906431895e-03
    1,4        1,4        1,14    
   -2.119936401194662e-02
    2,2        2,2        1,1    
   -6.116886105224102e-02
    2,2        2,2        1,2    
    1.783741836039502e-03
    2,2        2,2        1,3    
    2.023903987172589e-02
    2,2        2,2        1,5    
   -7.246682281441031e-03
    2,2        2,2        1,6    
   -1.164399104658007e-02
    2,2        2,2        1,7    
   -3.605222919713195e-02
    2,2        2,2        1,8    
   -1.210039021192675e-02
    2,2        2,2        1,9    
   -1.172230965450552e-02
    2,2        2,2        1,10   
    4.476888410768548e-04
    2,2        2,2        1,11   
   -4.699756793900962e-03
    2,2        2,2        1,12   
    1.681121003946027e-03
    2,2        2,2        1,13   
    1.479205706511378e-03
    2,2        2,2        1,14    
    3.490841184274351e-03
    3,13       3,13       1,1    
   -1.697030431835568e-01
    3,13       3,13       1,2    
    2.032143108941444e-03
    3,13       3,13       1,3    
   -5.348555499847957e-02
    3,13       3,13       1,5    
    7.192186263834816e-03
    3,13       3,13       1,6    
   -2.794412448243847e-02
    3,13       3,13       1,7    
   -9.105141267698407e-03
    3,13       3,13       1,8    
    9.776596742884988e-03
    3,13       3,13       1,9    
    3.809407110977745e-03
    3,13       3,13       1,10   
   -1.160757236728266e-04
    3,13       3,13       1,11   
   -7.036637870649137e-03
    3,13       3,13       1,12   
    3.310942669326136e-03
    3,13       3,13       1,13   
    1.045762916994743e-03
    3,13       3,13       1,14    
    1.152991621409450e-03
    5,1        5,1        1,1    
   -7.576459408136993e-04
    5,1        5,1        1,2    
   -1.377280312218243e-04
    5,1        5,1        1,3    
   -5.983161446098982e-04
    5,1        5,1        1,5    
   -1.458121999112568e-02
    5,1        5,1        1,6    
   -2.396067052412231e-02
    5,1        5,1        1,7    
   -4.541360110849688e-03
    5,1        5,1        1,8    
    4.585728064985440e-04
    5,1        5,1        1,9    
    2.301749888024889e-03
    5,1        5,1        1,10   
   -7.176696467559852e-04
    5,1        5,1        1,11   
   -8.274644161320056e-04
    5,1        5,1        1,12   
    4.097860993709195e-04
    5,1        5,1        1,13   
    2.312362357853270e-04
    5,1        5,1        1,14   
    3.769766202982784e-03
    7,7        7,7        1,1    
   -1.853224046767783e-01
    7,7        7,7        1,2    
    4.327940404299064e-03
    7,7        7,7        1,3    
   -5.440673830400844e-02
    7,7        7,7        1,5    
    1.390043370248207e-02
    7,7        7,7        1,6    
   -4.112400727659869e-02
    7,7        7,7        1,7    
    3.207043975024484e-02
    7,7        7,7        1,8    
    4.055359554044414e-03
    7,7        7,7        1,9    
   -8.163969324343471e-03
    7,7        7,7        1,10   
    5.433645537770370e-04
    7,7        7,7        1,11   
   -4.414794537806665e-03
    7,7        7,7        1,12   
   -1.994235475314633e-04
    7,7        7,7        1,13   
    5.300303239095417e-03
    7,7        7,7        1,14   
    1.036015711271041e-03
    8,1        8,1        1,1    
   -8.064989803290708e-02
    8,1        8,1        1,2    
    4.233185078768443e-04
    8,1        8,1        1,3    
    3.131668669678321e-03
    8,1        8,1        1,5    
   -7.937541866309013e-03
    8,1        8,1        1,6    
   -3.841383370037644e-02
    8,1        8,1        1,7    
    3.058522502428576e-02
    8,1        8,1        1,8    
   -1.591000887373151e-03
    8,1        8,1        1,9    
   -9.424885420138735e-03
    8,1        8,1        1,10   
   -1.118427341157336e-03
    8,1        8,1        1,11   
    5.170359073908029e-04
    8,1        8,1        1,12   
   -1.953778095137684e-03
    8,1        8,1        1,13   
    4.735538738515076e-03
    8,1        8,1        1,14   
    1.087572202821545e-02
    1,14       1,14       1,14              # with-HN corresponding independency
   -9.927751749010325e-02
    1,14       1,14       1,14       1,14   
    5.830684263915625e-02
    6,1        6,1        1,14       1,14   
    5.728036919842290e-02
    6,1        6,1        6,1        6,1    
    5.209805000798194e-03
    1,14       1,14       1,4               # with-HN redundancy coupled with corresponding independency
   -3.135388097593627e-01
    6,1        6,1        1,4    
   -9.559560539699045e-02
    1,14       1,4        1,4        1,4    
    1.801997115783346e-01
    1,14       1,14       1,4        1,4    
    1.836145030011313e-01
    6,1        6,1        1,4        1,4    
    4.061156560929735e-02
    1,14       1,14       1,14       1,4    
    9.628995094368925e-02
    2,2        2,2        1,14       1,4    
   -1.747934378283784e-01
    6,1        6,1        1,14       1,4    
    8.647132920487278e-03
bias
    1.145096827052676e-01
