    1.95591276228464    1.95784768877316    1.96820033232901
    1.07367810427288    1.51830247786547    1.51666078789171
    1.46205576022291    1.46365236962779    2.08879188570777
    2.96850055309145    2.96122356198675    2.96938899859502
    2.58860128169457    0.00098824456916   -0.00055658398024
   -0.00276070814879   -0.00458546390547   -0.00378419799165
   -0.02500818901972    0.95469710582222   -0.00178283119970
    0.00181471528933   -0.00399373746889   -0.00032656326999
   -0.00147569024522    0.01393939761850    0.00156214344589
    0.00114716807431   -0.00135164418363    0.00987209580092
   -0.07187320934976    0.00831780292475    0.00514297034274
   -0.00773469819051   -0.01442548004278    1.91851726818557
