    2,6        8,1        7,1    # 1st-scaling bias replacing an irred-2 HN coord
   -1.214882284275180e-01
    2,6        8,1        7,2    
    1.362236440175001e-01
    2,6        8,1        7,3    
    3.071253569827307e-03
    2,6        8,1        7,4    
   -1.153791521596915e-01
    2,6        8,1        7,5    
   -2.650679082538418e-02
    2,6        8,1        7,6    
   -3.710676213856769e-01
    1,22       1,4        1,1    # 1st-scaling bias replacing an irred-1 HN coord
    2.417384198129318e-02
    1,22       1,4        1,2    
    1.826568639374245e-03
    1,22       1,4        1,3    
   -2.240873284934185e-02
    1,22       1,4        1,4    
    2.607463677769576e-03
    1,22       1,4        1,5    
    2.578586870018049e-03
    1,22       1,4        1,6    
    1.530407885739425e-02
    1,22       1,4        1,7    
   -2.212502637213101e-03
    1,22       1,4        1,8    
    9.477395009482264e-03
    1,22       1,4        1,9    
    5.577617127743531e-03
    1,22       1,4        1,10   
    7.852647129390436e-04
    1,22       1,4        1,11   
   -6.019083230805451e-03
    1,22       1,4        1,12   
    1.037194298039156e-03
    1,22       1,4        1,13   
   -1.096491347342066e-03
    1,22       1,4        1,14    
    2.273376196709417e-03
    1,22       1,22       1,1    # 1st-scaling bias replacing a square of HN coord
    2.759276478520367e-02
    1,22       1,22       1,2    
    1.729601405893613e-02
    1,22       1,22       1,3    
    2.664378271860941e-03
    1,22       1,22       1,4    
   -1.482403833094404e-01
    1,22       1,22       1,5    
   -4.347398139284281e-02
    1,22       1,22       1,6    
    1.712357400374906e-02
    1,22       1,22       1,7    
    6.609673733205651e-02
    1,22       1,22       1,8    
    3.851406036385541e-02
    1,22       1,22       1,9    
    1.565904024825552e-02
    1,22       1,22       1,10   
    1.351723050227585e-02
    1,22       1,22       1,11   
    1.803139674940636e-02
    1,22       1,22       1,12   
    5.199520390538517e-03
    1,22       1,22       1,13   
    9.889538122822615e-03
    1,22       1,22       1,14    
   -4.898450782837132e-02
    2,6        2,6        1,1    
   -4.898211839235331e-02
    2,6        2,6        1,2    
   -2.106821690874974e-02
    2,6        2,6        1,3    
    5.337778889950530e-03
    2,6        2,6        1,4    
    1.552783685217685e-01
    2,6        2,6        1,5    
    5.271537743695584e-02
    2,6        2,6        1,6    
   -2.957736117963099e-02
    2,6        2,6        1,7    
   -8.112320012491006e-02
    2,6        2,6        1,8    
   -4.904919891296437e-02
    2,6        2,6        1,9    
   -2.229240927552341e-02
    2,6        2,6        1,10   
   -1.363969509806621e-02
    2,6        2,6        1,11   
   -1.620670051659663e-02
    2,6        2,6        1,12   
   -4.419955639560402e-03
    2,6        2,6        1,13   
   -1.721094304939746e-02
    2,6        2,6        1,14   
   -9.355085189431384e-01
    1,23       1,23       1,1    # 1st-scaling redundancy bias replacing a square of HN coord
   -6.116446269652996e-02
    1,23       1,23       1,2    
   -3.515543933297555e-02
    1,23       1,23       1,3    
   -4.561593482236745e-03
    1,23       1,23       1,4    
    2.865853109255526e-01
    1,23       1,23       1,5    
    8.634004740206294e-02
    1,23       1,23       1,6    
   -3.638311468986191e-02
    1,23       1,23       1,7    
   -1.324237724889794e-01
    1,23       1,23       1,8    
   -8.111046401764320e-02
    1,23       1,23       1,9    
   -3.299260863206163e-02
    1,23       1,23       1,10   
   -2.652938359812858e-02
    1,23       1,23       1,11   
   -3.273884147127604e-02
    1,23       1,23       1,12   
   -1.087649823521541e-02
    1,23       1,23       1,13   
   -1.931403566534147e-02
    1,23       1,23       1,14   
    9.676706224591847e-02
    8,2        2,3        7,1    # 2nd-scaling C2v-perpendicular B1 x B1 <- G8 irred-8 x irred-2 x irred-7
   -8.393205517314760e-02
    8,2        2,3        7,2    
    9.424352762054802e-02
    8,2        2,3        7,3    
    5.990185270488444e-03
    8,2        2,3        7,4    
   -7.087929321873072e-02
    8,2        2,3        7,5    
   -3.955354490176840e-02
    8,2        2,3        7,6    
   -1.400450676909717e-01
    8,2        2,4        7,1    
   -3.170437022120647e-01
    8,2        2,4        7,2    
   -2.413355600619946e-01
    8,2        2,4        7,3    
    2.514470763400055e-01
    8,2        2,4        7,4    
    3.066318871081759e-01
    8,2        2,4        7,5    
   -3.466533772973567e-02
    8,2        2,4        7,6    
    5.205592502393919e-02
    5,2        5,2               # 2nd-scaling HN spherical coordinate angles
   -1.230397272204079e-02
    1,19       1,19       1,1    # 2nd-scaling 1st-order terms coupled with NH2 rotation
    1.520799922580977e-01
    1,19       1,19       1,2    
    1.565914274488653e-02
    1,19       1,19       1,18   
    3.373155422462312e-01
    1,19       1,19       1,19    
    1.797443500304224e+00
    1,19       1,19       1,5    
   -1.140473055429783e+00
    1,19       1,19       1,6    
    4.180095516054244e-01
    1,19       1,19       1,7    
   -4.348733237300382e+00
    1,19       1,19       1,8    
    1.698208470264122e+00
    1,19       1,19       1,9    
    5.230384099964215e-01
    1,19       1,19       1,10   
   -6.301894863365088e-01
    1,19       1,19       1,11   
   -1.235367888825095e+00
    1,19       1,19       1,12   
    8.489830930247869e-03
    1,19       1,19       1,13   
   -2.805724867816398e-01
    2,4        2,4        1,1    
   -8.041060071784661e-01
    2,4        2,4        1,2    
   -1.822374798849742e-01
    2,4        2,4        1,18   
    1.322966477817066e-01
    2,4        2,4        1,19    
    6.877119351786072e-01
    2,4        2,4        1,5    
    2.995335084528102e-01
    2,4        2,4        1,6    
    7.231352538282917e-01
    2,4        2,4        1,7    
    2.795039558562170e-01
    2,4        2,4        1,8    
    1.949998737769635e-01
    2,4        2,4        1,9    
    4.126506621498096e-01
    2,4        2,4        1,10   
   -1.950923006145382e-01
    2,4        2,4        1,11   
   -6.768087948447592e-01
    2,4        2,4        1,12   
    2.729654786024609e-01
    2,4        2,4        1,13   
   -2.741977927096658e-01
    3,14       3,14       1,1    
    1.129522699196024e+00
    3,14       3,14       1,2    
   -2.107247696282019e-01
    3,14       3,14       1,18   
    1.633460721446693e-01
    3,14       3,14       1,19    
   -3.041320677072316e-01
    3,14       3,14       1,5    
    9.941247051438000e-02
    3,14       3,14       1,6    
    1.517544334182408e-01
    3,14       3,14       1,7    
   -1.331834555130504e+00
    3,14       3,14       1,8    
    6.477082645456070e-01
    3,14       3,14       1,9    
    3.516228289425677e-01
    3,14       3,14       1,10   
   -5.558277737819552e-01
    3,14       3,14       1,11   
   -1.420013440260639e+00
    3,14       3,14       1,12   
    7.991565871692181e-02
    3,14       3,14       1,13   
   -2.099031916992505e-01
    5,2        5,2        1,1    
    7.291815741778384e-01
    5,2        5,2        1,2    
   -1.768603753470998e-01
    5,2        5,2        1,18   
    9.605920227061615e-02
    5,2        5,2        1,19    
   -7.390596379405495e-01
    5,2        5,2        1,5    
    3.851851939477927e-01
    5,2        5,2        1,6    
    1.425807756566904e-02
    5,2        5,2        1,7    
   -6.554966230606251e-01
    5,2        5,2        1,8    
    2.657984559119121e-01
    5,2        5,2        1,9    
    1.947215044543744e-01
    5,2        5,2        1,10   
   -2.594686498742256e-01
    5,2        5,2        1,11   
   -7.077541755380002e-01
    5,2        5,2        1,12   
    6.874553863596071e-03
    5,2        5,2        1,13   
   -1.132721627674583e-01
    7,8        7,8        1,1    
    1.067554717750517e+00
    7,8        7,8        1,2    
   -2.582618145725029e-01
    7,8        7,8        1,18   
    1.018215985707985e-01
    7,8        7,8        1,19    
   -7.292595502705805e-01
    7,8        7,8        1,5    
    4.335932600767565e-01
    7,8        7,8        1,6    
    9.502929906574444e-02
    7,8        7,8        1,7    
   -1.113097742932419e+00
    7,8        7,8        1,8    
    3.621870363595144e-01
    7,8        7,8        1,9    
    2.885698919238065e-01
    7,8        7,8        1,10   
   -4.288647961414601e-01
    7,8        7,8        1,11   
   -1.225942314531008e+00
    7,8        7,8        1,12   
    3.252700143775428e-02
    7,8        7,8        1,13   
   -1.992885060056237e-01
    8,2        8,2        1,1    
    8.297341581205395e-01
    8,2        8,2        1,2    
   -1.336584400208012e-01
    8,2        8,2        1,18   
    9.592683709329987e-02
    8,2        8,2        1,19    
   -4.965277795663134e-01
    8,2        8,2        1,5    
    1.622513176662873e-01
    8,2        8,2        1,6    
    3.681555369202283e-02
    8,2        8,2        1,7    
   -6.951656571680552e-01
    8,2        8,2        1,8    
    4.698059229199384e-01
    8,2        8,2        1,9    
    2.278315629388266e-01
    8,2        8,2        1,10   
   -3.099143700736662e-01
    8,2        8,2        1,11   
   -7.821915829454081e-01
    8,2        8,2        1,12   
    3.232054327202395e-02
    8,2        8,2        1,13   
   -1.069961367420082e-01
    2,7        8,2        7,1    # 2nd-scaling bias replacing an irred-2 HN coord
    6.718237076430403e-02
    2,7        8,2        7,2    
    4.825005556154475e-02
    2,7        8,2        7,3    
   -5.506772561598606e-02
    2,7        8,2        7,4    
   -5.167552144339173e-02
    2,7        8,2        7,5    
    1.596749535226070e-02
    2,7        8,2        7,6    
   -4.103791905571400e-02
    1,24       1,19       1,1    # 2nd-scaling bias replacing an irred-1 HN coord
   -1.808330507002358e+00
    1,24       1,19       1,2    
    3.411069153316416e-01
    1,24       1,19       1,18   
   -4.018164472408547e-01
    1,24       1,19       1,19    
    5.367366732845034e-01
    1,24       1,19       1,5    
   -2.653878772029250e-01
    1,24       1,19       1,6    
   -3.782143141498659e-01
    1,24       1,19       1,7    
    2.678766226470193e+00
    1,24       1,19       1,8    
   -9.517295224259008e-01
    1,24       1,19       1,9    
   -5.388352841749542e-01
    1,24       1,19       1,10   
    7.605754404921199e-01
    1,24       1,19       1,11   
    2.051898592640886e+00
    1,24       1,19       1,12   
   -7.329854700858136e-02
    1,24       1,19       1,13   
    3.487517181987474e-01
    1,24       1,24       1,1    # 2nd-scaling bias replacing a square of HN coord
   -4.422620293383041e-01
    1,24       1,24       1,2    
    1.110114821339515e-01
    1,24       1,24       1,18   
   -7.059779633523530e-02
    1,24       1,24       1,19    
    8.286930081658431e-02
    1,24       1,24       1,5    
   -2.334598864074056e-01
    1,24       1,24       1,6    
   -1.561270349869785e-02
    1,24       1,24       1,7    
    4.170320074733369e-01
    1,24       1,24       1,8    
   -1.638873956549319e-01
    1,24       1,24       1,9    
   -1.262830592611048e-01
    1,24       1,24       1,10   
    1.556776386084431e-01
    1,24       1,24       1,11   
    4.214070932961023e-01
    1,24       1,24       1,12   
   -3.758034186060500e-03
    1,24       1,24       1,13   
    7.392383574249445e-02
    2,7        2,7        1,1    
   -9.260384917558581e-01
    2,7        2,7        1,2    
    1.510511625030510e-01
    2,7        2,7        1,18   
   -1.226104895143733e-01
    2,7        2,7        1,19    
    5.809523594261049e-01
    2,7        2,7        1,5    
   -9.953495775349647e-02
    2,7        2,7        1,6    
   -1.262330709439753e-01
    2,7        2,7        1,7    
    9.223325410813951e-01
    2,7        2,7        1,8    
   -5.314813150292755e-01
    2,7        2,7        1,9    
   -2.825015284713572e-01
    2,7        2,7        1,10   
    4.121000809520881e-01
    2,7        2,7        1,11   
    1.091893388319351e+00
    2,7        2,7        1,12   
   -6.159257405816378e-02
    2,7        2,7        1,13   
    1.449418610265173e-01
bias
    3.915632753694696e-04
