    1    4,1    
    1    4,2    
    1    4,3    
    1    4,4    
    2    4,1        1,1    
    2    4,2        1,1    
    2    4,3        1,1    
    2    4,4        1,1    
    2    4,1        1,2    
    2    4,2        1,2    
    2    4,3        1,2    
    2    4,4        1,2    
    2    4,1        1,3    
    2    4,2        1,3    
    2    4,3        1,3    
    2    4,4        1,3    
    2    4,1        1,4    
    2    4,2        1,4    
    2    4,3        1,4    
    2    4,4        1,4    
    2    4,1        1,5    
    2    4,2        1,5    
    2    4,3        1,5    
    2    4,4        1,5    
    2    4,1        1,6    
    2    4,2        1,6    
    2    4,3        1,6    
    2    4,4        1,6    
    2    4,1        1,7    
    2    4,2        1,7    
    2    4,3        1,7    
    2    4,4        1,7    
    2    4,1        1,8    
    2    4,2        1,8    
    2    4,3        1,8    
    2    4,4        1,8    
    2    4,1        1,9    
    2    4,2        1,9    
    2    4,3        1,9    
    2    4,4        1,9    
    2    4,1        1,10   
    2    4,2        1,10   
    2    4,3        1,10   
    2    4,4        1,10   
    2    4,1        1,11   
    2    4,2        1,11   
    2    4,3        1,11   
    2    4,4        1,11   
    2    4,1        1,12   
    2    4,2        1,12   
    2    4,3        1,12   
    2    4,4        1,12   
    2    4,1        1,13   
    2    4,2        1,13   
    2    4,3        1,13   
    2    4,4        1,13   
    2    3,1        2,1    
    2    3,2        2,1    
    2    3,3        2,1    
    2    3,4        2,1    
    2    3,5        2,1    
    2    3,6        2,1    
    2    3,7        2,1    
    2    3,8        2,1    
    2    3,9        2,1    
    2    3,10       2,1    
    2    3,11       2,1    
    2    3,12       2,1    
    2    3,1        2,2    
    2    3,2        2,2    
    2    3,3        2,2    
    2    3,4        2,2    
    2    3,5        2,2    
    2    3,6        2,2    
    2    3,7        2,2    
    2    3,8        2,2    
    2    3,9        2,2    
    2    3,10       2,2    
    2    3,11       2,2    
    2    3,12       2,2    
    2    3,1        2,3    
    2    3,2        2,3    
    2    3,3        2,3    
    2    3,4        2,3    
    2    3,5        2,3    
    2    3,6        2,3    
    2    3,7        2,3    
    2    3,8        2,3    
    2    3,9        2,3    
    2    3,10       2,3    
    2    3,11       2,3    
    2    3,12       2,3    
    2    3,1        2,4    
    2    3,2        2,4    
    2    3,3        2,4    
    2    3,4        2,4    
    2    3,5        2,4    
    2    3,6        2,4    
    2    3,7        2,4    
    2    3,8        2,4    
    2    3,9        2,4    
    2    3,10       2,4    
    2    3,11       2,4    
    2    3,12       2,4    
    2    3,1        2,5    
    2    3,2        2,5    
    2    3,3        2,5    
    2    3,4        2,5    
    2    3,5        2,5    
    2    3,6        2,5    
    2    3,7        2,5    
    2    3,8        2,5    
    2    3,9        2,5    
    2    3,10       2,5    
    2    3,11       2,5    
    2    3,12       2,5    
    2    3,1        2,6    
    2    3,2        2,6    
    2    3,3        2,6    
    2    3,4        2,6    
    2    3,5        2,6    
    2    3,6        2,6    
    2    3,7        2,6    
    2    3,8        2,6    
    2    3,9        2,6    
    2    3,10       2,6    
    2    3,11       2,6    
    2    3,12       2,6    
    2    3,1        2,7    
    2    3,2        2,7    
    2    3,3        2,7    
    2    3,4        2,7    
    2    3,5        2,7    
    2    3,6        2,7    
    2    3,7        2,7    
    2    3,8        2,7    
    2    3,9        2,7    
    2    3,10       2,7    
    2    3,11       2,7    
    2    3,12       2,7    
    3    4,4        1,8        1,8    
    3    4,4        1,13       1,8    
    3    3,6        2,7        1,8    
    3    3,12       2,7        1,8    
    3    4,4        1,13       1,13   
    3    3,6        2,7        1,13   
    3    3,12       2,7        1,13   
    3    4,4        2,7        2,7    
    3    4,4        3,6        3,6    
    3    4,4        3,12       3,6    
    3    4,4        3,12       3,12   
    3    4,4        4,4        4,4    
    4    4,4        1,8        1,8        1,8    
    4    4,4        1,13       1,8        1,8    
    4    3,6        2,7        1,8        1,8    
    4    3,12       2,7        1,8        1,8    
    4    4,4        1,13       1,13       1,8    
    4    3,6        2,7        1,13       1,8    
    4    3,12       2,7        1,13       1,8    
    4    4,4        2,7        2,7        1,8    
    4    4,4        3,6        3,6        1,8    
    4    4,4        3,12       3,6        1,8    
    4    4,4        3,12       3,12       1,8    
    4    4,4        4,4        4,4        1,8    
    4    4,4        1,13       1,13       1,13   
    4    3,6        2,7        1,13       1,13   
    4    3,12       2,7        1,13       1,13   
    4    4,4        2,7        2,7        1,13   
    4    4,4        3,6        3,6        1,13   
    4    4,4        3,12       3,6        1,13   
    4    4,4        3,12       3,12       1,13   
    4    4,4        4,4        4,4        1,13   
    4    3,6        2,7        2,7        2,7    
    4    3,12       2,7        2,7        2,7    
    4    3,6        3,6        3,6        2,7    
    4    3,12       3,6        3,6        2,7    
    4    3,12       3,12       3,6        2,7    
    4    4,4        4,4        3,6        2,7    
    4    3,12       3,12       3,12       2,7    
    4    4,4        4,4        3,12       2,7    
    5    4,4        1,8        1,8        1,8        1,8    
    5    4,4        1,13       1,8        1,8        1,8    
    5    3,6        2,7        1,8        1,8        1,8    
    5    3,12       2,7        1,8        1,8        1,8    
    5    4,4        1,13       1,13       1,8        1,8    
    5    3,6        2,7        1,13       1,8        1,8    
    5    3,12       2,7        1,13       1,8        1,8    
    5    4,4        2,7        2,7        1,8        1,8    
    5    4,4        3,6        3,6        1,8        1,8    
    5    4,4        3,12       3,6        1,8        1,8    
    5    4,4        3,12       3,12       1,8        1,8    
    5    4,4        4,4        4,4        1,8        1,8    
    5    4,4        1,13       1,13       1,13       1,8    
    5    3,6        2,7        1,13       1,13       1,8    
    5    3,12       2,7        1,13       1,13       1,8    
    5    4,4        2,7        2,7        1,13       1,8    
    5    4,4        3,6        3,6        1,13       1,8    
    5    4,4        3,12       3,6        1,13       1,8    
    5    4,4        3,12       3,12       1,13       1,8    
    5    4,4        4,4        4,4        1,13       1,8    
    5    3,6        2,7        2,7        2,7        1,8    
    5    3,12       2,7        2,7        2,7        1,8    
    5    3,6        3,6        3,6        2,7        1,8    
    5    3,12       3,6        3,6        2,7        1,8    
    5    3,12       3,12       3,6        2,7        1,8    
    5    4,4        4,4        3,6        2,7        1,8    
    5    3,12       3,12       3,12       2,7        1,8    
    5    4,4        4,4        3,12       2,7        1,8    
    5    4,4        1,13       1,13       1,13       1,13   
    5    3,6        2,7        1,13       1,13       1,13   
    5    3,12       2,7        1,13       1,13       1,13   
    5    4,4        2,7        2,7        1,13       1,13   
    5    4,4        3,6        3,6        1,13       1,13   
    5    4,4        3,12       3,6        1,13       1,13   
    5    4,4        3,12       3,12       1,13       1,13   
    5    4,4        4,4        4,4        1,13       1,13   
    5    3,6        2,7        2,7        2,7        1,13   
    5    3,12       2,7        2,7        2,7        1,13   
    5    3,6        3,6        3,6        2,7        1,13   
    5    3,12       3,6        3,6        2,7        1,13   
    5    3,12       3,12       3,6        2,7        1,13   
    5    4,4        4,4        3,6        2,7        1,13   
    5    3,12       3,12       3,12       2,7        1,13   
    5    4,4        4,4        3,12       2,7        1,13   
    5    4,4        2,7        2,7        2,7        2,7    
    5    4,4        3,6        3,6        2,7        2,7    
    5    4,4        3,12       3,6        2,7        2,7    
    5    4,4        3,12       3,12       2,7        2,7    
    5    4,4        4,4        4,4        2,7        2,7    
    5    4,4        3,6        3,6        3,6        3,6    
    5    4,4        3,12       3,6        3,6        3,6    
    5    4,4        3,12       3,12       3,6        3,6    
    5    4,4        4,4        4,4        3,6        3,6    
    5    4,4        3,12       3,12       3,12       3,6    
    5    4,4        4,4        4,4        3,12       3,6    
    5    4,4        3,12       3,12       3,12       3,12   
    5    4,4        4,4        4,4        3,12       3,12   
    5    4,4        4,4        4,4        4,4        4,4    
    6    4,4        1,8        1,8        1,8        1,8        1,8    
    6    4,4        1,13       1,8        1,8        1,8        1,8    
    6    3,6        2,7        1,8        1,8        1,8        1,8    
    6    3,12       2,7        1,8        1,8        1,8        1,8    
    6    4,4        1,13       1,13       1,8        1,8        1,8    
    6    3,6        2,7        1,13       1,8        1,8        1,8    
    6    3,12       2,7        1,13       1,8        1,8        1,8    
    6    4,4        2,7        2,7        1,8        1,8        1,8    
    6    4,4        3,6        3,6        1,8        1,8        1,8    
    6    4,4        3,12       3,6        1,8        1,8        1,8    
    6    4,4        3,12       3,12       1,8        1,8        1,8    
    6    4,4        4,4        4,4        1,8        1,8        1,8    
    6    4,4        1,13       1,13       1,13       1,8        1,8    
    6    3,6        2,7        1,13       1,13       1,8        1,8    
    6    3,12       2,7        1,13       1,13       1,8        1,8    
    6    4,4        2,7        2,7        1,13       1,8        1,8    
    6    4,4        3,6        3,6        1,13       1,8        1,8    
    6    4,4        3,12       3,6        1,13       1,8        1,8    
    6    4,4        3,12       3,12       1,13       1,8        1,8    
    6    4,4        4,4        4,4        1,13       1,8        1,8    
    6    3,6        2,7        2,7        2,7        1,8        1,8    
    6    3,12       2,7        2,7        2,7        1,8        1,8    
    6    3,6        3,6        3,6        2,7        1,8        1,8    
    6    3,12       3,6        3,6        2,7        1,8        1,8    
    6    3,12       3,12       3,6        2,7        1,8        1,8    
    6    4,4        4,4        3,6        2,7        1,8        1,8    
    6    3,12       3,12       3,12       2,7        1,8        1,8    
    6    4,4        4,4        3,12       2,7        1,8        1,8    
    6    4,4        1,13       1,13       1,13       1,13       1,8    
    6    3,6        2,7        1,13       1,13       1,13       1,8    
    6    3,12       2,7        1,13       1,13       1,13       1,8    
    6    4,4        2,7        2,7        1,13       1,13       1,8    
    6    4,4        3,6        3,6        1,13       1,13       1,8    
    6    4,4        3,12       3,6        1,13       1,13       1,8    
    6    4,4        3,12       3,12       1,13       1,13       1,8    
    6    4,4        4,4        4,4        1,13       1,13       1,8    
    6    3,6        2,7        2,7        2,7        1,13       1,8    
    6    3,12       2,7        2,7        2,7        1,13       1,8    
    6    3,6        3,6        3,6        2,7        1,13       1,8    
    6    3,12       3,6        3,6        2,7        1,13       1,8    
    6    3,12       3,12       3,6        2,7        1,13       1,8    
    6    4,4        4,4        3,6        2,7        1,13       1,8    
    6    3,12       3,12       3,12       2,7        1,13       1,8    
    6    4,4        4,4        3,12       2,7        1,13       1,8    
    6    4,4        2,7        2,7        2,7        2,7        1,8    
    6    4,4        3,6        3,6        2,7        2,7        1,8    
    6    4,4        3,12       3,6        2,7        2,7        1,8    
    6    4,4        3,12       3,12       2,7        2,7        1,8    
    6    4,4        4,4        4,4        2,7        2,7        1,8    
    6    4,4        3,6        3,6        3,6        3,6        1,8    
    6    4,4        3,12       3,6        3,6        3,6        1,8    
    6    4,4        3,12       3,12       3,6        3,6        1,8    
    6    4,4        4,4        4,4        3,6        3,6        1,8    
    6    4,4        3,12       3,12       3,12       3,6        1,8    
    6    4,4        4,4        4,4        3,12       3,6        1,8    
    6    4,4        3,12       3,12       3,12       3,12       1,8    
    6    4,4        4,4        4,4        3,12       3,12       1,8    
    6    4,4        4,4        4,4        4,4        4,4        1,8    
    6    4,4        1,13       1,13       1,13       1,13       1,13   
    6    3,6        2,7        1,13       1,13       1,13       1,13   
    6    3,12       2,7        1,13       1,13       1,13       1,13   
    6    4,4        2,7        2,7        1,13       1,13       1,13   
    6    4,4        3,6        3,6        1,13       1,13       1,13   
    6    4,4        3,12       3,6        1,13       1,13       1,13   
    6    4,4        3,12       3,12       1,13       1,13       1,13   
    6    4,4        4,4        4,4        1,13       1,13       1,13   
    6    3,6        2,7        2,7        2,7        1,13       1,13   
    6    3,12       2,7        2,7        2,7        1,13       1,13   
    6    3,6        3,6        3,6        2,7        1,13       1,13   
    6    3,12       3,6        3,6        2,7        1,13       1,13   
    6    3,12       3,12       3,6        2,7        1,13       1,13   
    6    4,4        4,4        3,6        2,7        1,13       1,13   
    6    3,12       3,12       3,12       2,7        1,13       1,13   
    6    4,4        4,4        3,12       2,7        1,13       1,13   
    6    4,4        2,7        2,7        2,7        2,7        1,13   
    6    4,4        3,6        3,6        2,7        2,7        1,13   
    6    4,4        3,12       3,6        2,7        2,7        1,13   
    6    4,4        3,12       3,12       2,7        2,7        1,13   
    6    4,4        4,4        4,4        2,7        2,7        1,13   
    6    4,4        3,6        3,6        3,6        3,6        1,13   
    6    4,4        3,12       3,6        3,6        3,6        1,13   
    6    4,4        3,12       3,12       3,6        3,6        1,13   
    6    4,4        4,4        4,4        3,6        3,6        1,13   
    6    4,4        3,12       3,12       3,12       3,6        1,13   
    6    4,4        4,4        4,4        3,12       3,6        1,13   
    6    4,4        3,12       3,12       3,12       3,12       1,13   
    6    4,4        4,4        4,4        3,12       3,12       1,13   
    6    4,4        4,4        4,4        4,4        4,4        1,13   
    6    3,6        2,7        2,7        2,7        2,7        2,7    
    6    3,12       2,7        2,7        2,7        2,7        2,7    
    6    3,6        3,6        3,6        2,7        2,7        2,7    
    6    3,12       3,6        3,6        2,7        2,7        2,7    
    6    3,12       3,12       3,6        2,7        2,7        2,7    
    6    4,4        4,4        3,6        2,7        2,7        2,7    
    6    3,12       3,12       3,12       2,7        2,7        2,7    
    6    4,4        4,4        3,12       2,7        2,7        2,7    
    6    3,6        3,6        3,6        3,6        3,6        2,7    
    6    3,12       3,6        3,6        3,6        3,6        2,7    
    6    3,12       3,12       3,6        3,6        3,6        2,7    
    6    4,4        4,4        3,6        3,6        3,6        2,7    
    6    3,12       3,12       3,12       3,6        3,6        2,7    
    6    4,4        4,4        3,12       3,6        3,6        2,7    
    6    3,12       3,12       3,12       3,12       3,6        2,7    
    6    4,4        4,4        3,12       3,12       3,6        2,7    
    6    4,4        4,4        4,4        4,4        3,6        2,7    
    6    3,12       3,12       3,12       3,12       3,12       2,7    
    6    4,4        4,4        3,12       3,12       3,12       2,7    
    6    4,4        4,4        4,4        4,4        3,12       2,7    
