   8.072607E-01   8.292909E-07  -6.925369E-06
   1.613645E+01   7.098277E-07   4.657500E-06
  -5.346344E+00  -6.422350E-07  -6.121539E-07
  -5.346356E+00  -9.414570E-07  -1.511325E-06
  -4.532250E+00  -1.032793E-06   9.855433E-07
  -4.532248E+00   1.386004E-06   1.000976E-06
   4.907316E+00  -9.800482E-08   4.237547E-07
  -2.532071E+00  -1.999690E-07   1.283576E-08
  -2.532071E+00  -1.135937E-07   3.009392E-07
   8.260831E-01   6.242139E-08   2.331761E-07
   8.260914E-01   9.091023E-08   2.327878E-07
   4.021895E-01   3.138773E-07   5.521818E-07
   4.021934E-01  -2.996777E-07   5.243300E-07
   5.464396E-01  -6.458703E-08   1.248576E-07
  -4.416781E-01  -4.844190E-07   1.456572E-06
  -8.582806E+00   2.421599E-07  -1.444928E-06
   2.860698E+00  -2.394322E-07   6.139651E-07
   2.860705E+00   2.422568E-07   1.025309E-06
   2.386039E+00   1.359240E-06   3.319462E-08
   2.386041E+00  -1.286001E-06  -2.007219E-07
  -2.590732E+00  -4.963828E-08  -1.157228E-06
   1.346848E+00   3.241832E-07   1.314323E-07
   1.346848E+00  -7.154332E-11  -1.319712E-09
  -4.469072E-01   1.055834E-07  -2.734667E-08
  -4.469117E-01  -2.170703E-07  -3.191225E-08
  -2.097219E-01  -9.141518E-08  -3.996743E-08
  -2.097231E-01   9.758083E-08  -8.103803E-08
  -2.914101E-01  -2.933025E-09  -2.760263E-07
   7.786140E+00  -3.338540E-06  -1.359235E-05
   1.605808E+02  -4.317288E-06  -7.549939E-06
  -5.287634E+01  -5.056090E-05   6.665184E-05
  -5.287642E+01   6.757563E-05   7.931948E-05
  -4.555188E+01   4.133051E-05   2.857717E-06
  -4.555196E+01  -4.243040E-05  -5.514191E-06
   4.917603E+01  -4.456064E-06  -6.086639E-05
  -2.519486E+01  -3.210420E-05  -1.926555E-05
  -2.519486E+01   3.224184E-05  -1.962005E-05
   8.075200E+00   7.968988E-06  -7.130285E-06
   8.075306E+00  -1.150910E-05  -7.400734E-06
   4.081293E+00  -7.420129E-07  -5.261023E-07
   4.081326E+00   3.481351E-07  -1.121195E-06
   5.422354E+00  -6.739480E-09  -6.242518E-06
   8.677639E-01   3.670702E-07   8.188148E-06
   1.780281E+01  -2.079000E-07  -8.433043E-06
  -5.918255E+00  -2.434459E-06   3.094040E-06
  -5.918276E+00   2.036779E-06   1.190415E-06
  -5.008873E+00   2.097831E-06  -1.653324E-06
  -5.008870E+00  -1.597124E-06  -1.359015E-06
   5.449315E+00  -3.369375E-07  -1.555185E-07
  -2.777112E+00   8.508765E-07   2.282205E-07
  -2.777112E+00  -7.503426E-07  -1.637763E-07
   9.180963E-01   3.651851E-08   7.598683E-08
   9.181143E-01   1.021884E-07   1.379155E-07
   4.436314E-01  -1.241858E-07  -5.062592E-07
   4.436339E-01  -8.233849E-08  -4.201803E-07
   5.978706E-01   4.201386E-08  -2.236355E-07
   7.915904E-01   6.424306E-07  -5.393425E-06
   1.545669E+01   6.136089E-07   2.498146E-06
  -5.103695E+00  -1.630449E-06  -3.931475E-07
  -5.103706E+00   4.184024E-07  -1.203156E-06
  -4.330094E+00  -3.006314E-06   7.486581E-07
  -4.330092E+00   3.344922E-06  -6.178119E-07
   4.666162E+00  -4.195232E-07   4.151070E-06
  -2.439723E+00  -5.052976E-08   1.835962E-07
  -2.439723E+00   7.501780E-08   3.223680E-07
   7.838849E-01   2.998565E-08  -1.270539E-07
   7.838945E-01   1.974424E-07   1.508667E-07
   3.850800E-01   3.823638E-07  -2.585935E-07
   3.850838E-01  -5.313891E-07  -1.204783E-07
   5.272002E-01  -6.597390E-08   5.895063E-08
  -5.443893E-01   5.220645E-07   2.488188E-04
  -1.053938E+01   5.260238E-06  -1.143590E-04
   3.490359E+00   6.344771E-06  -4.523577E-05
   3.490372E+00  -1.435877E-05  -5.993642E-05
   2.996310E+00   1.208933E-04   6.804051E-05
   2.996307E+00  -1.361250E-04   8.591961E-05
  -3.248870E+00   1.851424E-05  -1.211641E-04
   1.644509E+00  -3.695214E-05  -2.297686E-05
   1.644503E+00   3.819340E-05  -2.354274E-05
  -5.378350E-01   2.228544E-05   1.787636E-06
  -5.378411E-01  -2.429231E-05   2.888472E-06
  -2.621130E-01  -3.018116E-06  -2.168341E-06
  -2.621150E-01   3.531914E-06  -3.099768E-06
  -3.623864E-01  -8.002939E-07  -1.504601E-05
   1.657059E+00   9.995049E-08  -7.317113E-06
   3.425049E+01   5.997949E-07  -1.215384E-05
  -1.135112E+01  -1.410930E-05   2.258867E-05
  -1.135114E+01   1.108181E-05   1.993735E-05
  -9.504423E+00   1.475648E-05  -9.818726E-06
  -9.504420E+00  -1.254404E-05  -9.999861E-06
   1.027613E+01  -2.241784E-07  -4.582493E-06
  -5.404613E+00  -3.373795E-06  -1.468998E-06
  -5.404613E+00   3.350008E-06  -1.211852E-06
   1.758086E+00  -1.194588E-06   2.278099E-06
   1.758104E+00   1.745766E-06   1.561153E-06
   8.554877E-01  -1.292968E-06   1.776679E-07
   8.554945E-01   1.238866E-06   5.334351E-08
   1.142119E+00  -1.338301E-07  -4.332001E-08
   8.100487E-01   2.233082E-07  -6.500618E-06
   1.621116E+01  -7.219991E-07   3.095777E-06
  -5.374415E+00  -2.084333E-06  -1.107657E-06
  -5.374435E+00   2.314181E-06  -1.961218E-06
  -4.558635E+00  -2.522871E-06   1.140697E-06
  -4.558633E+00   2.447896E-06   9.115066E-07
   4.953911E+00  -4.687687E-08   3.401026E-06
  -2.543206E+00   1.075658E-07   4.930510E-07
  -2.543198E+00   1.542577E-07   5.093267E-07
   8.302320E-01   1.212562E-07   2.606647E-07
   8.302403E-01  -8.692660E-08   2.023808E-07
   4.054842E-01   4.586412E-07   2.862931E-08
   4.054874E-01  -3.999321E-07   1.066905E-07
   5.386027E-01   3.581690E-08  -5.802444E-07
  -8.053087E-01   1.457658E-07   4.611843E-06
  -1.607598E+01  -3.941837E-06  -2.995819E-06
   5.322889E+00   1.669639E-06   2.797965E-06
   5.322900E+00   7.380629E-07   2.009585E-06
   4.509715E+00   2.698940E-06  -2.784671E-06
   4.509712E+00  -2.074371E-06  -1.893521E-06
  -4.864745E+00   5.063355E-07  -6.034702E-07
   2.523239E+00  -1.918650E-07  -6.445997E-07
   2.523239E+00   3.251263E-08  -8.815647E-07
  -8.225566E-01  -1.666606E-08   1.350131E-07
  -8.225649E-01   1.922787E-07  -1.650796E-07
  -3.991804E-01  -2.195795E-07  -7.956288E-08
  -3.991835E-01   4.727577E-07  -3.588023E-08
  -5.548384E-01  -1.199925E-08   5.297996E-07
  -7.857781E-01  -1.308746E-07   7.784077E-06
  -1.578066E+01   1.239347E-06  -8.853699E-06
   5.222706E+00  -1.253804E-06   2.696072E-06
   5.222725E+00   2.431187E-07   3.247960E-07
   4.444148E+00   3.148731E-06  -4.476518E-07
   4.444145E+00  -3.120515E-06  -3.464938E-07
  -4.802539E+00  -2.218816E-07  -4.867828E-07
   2.475054E+00   5.353007E-07   1.678160E-07
   2.475054E+00  -4.825747E-07  -1.578631E-07
  -8.062927E-01   1.213160E-07  -2.043929E-07
  -8.063008E-01  -9.922227E-08  -2.017658E-08
  -4.016538E-01  -4.763670E-07  -1.163812E-07
  -4.016577E-01   5.195339E-07  -1.618577E-07
  -5.315643E-01  -2.210143E-08  -1.774983E-07
  -8.304094E-01  -2.447970E-07  -8.509734E-06
  -1.651925E+01  -2.484156E-07   5.169270E-06
   5.479160E+00   2.247269E-07  -8.367806E-07
   5.479171E+00   2.731878E-08   7.697390E-09
   4.627475E+00  -1.821208E-06   3.066480E-07
   4.627481E+00   2.463709E-06  -4.187228E-07
  -5.020081E+00  -4.865894E-07   2.059325E-06
   2.593441E+00  -5.141591E-07   5.372152E-07
   2.593441E+00   5.866456E-07   6.477490E-07
  -8.472407E-01   1.268166E-07   4.106050E-07
  -8.472576E-01  -6.593762E-08  -1.202261E-07
  -4.030671E-01   9.531176E-08   7.638127E-07
  -4.030703E-01  -1.411629E-07   6.302680E-07
  -5.624615E-01  -2.272259E-09  -6.471569E-07
   7.403879E-01  -5.242134E-07   4.885942E-06
   1.504120E+01   7.817582E-07  -5.353357E-06
  -5.007753E+00  -5.752307E-07   3.579801E-06
  -5.007771E+00  -1.016425E-07   3.590481E-06
  -4.212322E+00   3.249821E-06  -7.650965E-07
  -4.212319E+00  -3.676321E-06  -1.441742E-06
   4.560965E+00   3.009950E-07  -2.699304E-06
  -2.359736E+00   5.971936E-07  -8.819812E-08
  -2.359736E+00  -4.027806E-07  -2.871900E-07
   7.959389E-01   2.165461E-07  -8.182447E-07
   7.959467E-01   2.686955E-07  -4.324075E-07
   3.782042E-01  -6.815775E-07   3.527412E-09
   3.782063E-01   5.935813E-07   1.372615E-09
   5.014087E-01  -4.684028E-08  -1.755808E-07
  -8.855229E-01   6.081985E-07   5.011666E-06
  -1.741533E+01   9.006772E-08  -5.916740E-06
   5.741966E+00   8.832620E-07   3.457857E-06
   5.741978E+00  -1.559280E-06   1.384342E-06
   4.905852E+00   2.354161E-06  -1.586122E-06
   4.905850E+00  -2.484940E-06  -2.658652E-07
  -5.311705E+00  -4.119532E-07  -2.266885E-06
   2.733330E+00   5.592019E-07  -7.299982E-08
   2.733321E+00  -4.070542E-07  -1.221312E-07
  -8.614678E-01   2.190468E-08   2.861072E-08
  -8.614786E-01   1.159228E-07  -1.282976E-07
  -4.301316E-01  -3.815398E-07   6.850505E-08
  -4.301359E-01   6.374294E-07   1.055125E-07
  -5.991637E-01  -2.538950E-08   3.025418E-07
  -4.501629E-01   4.938482E-08   4.261377E-07
  -7.456002E+00   1.489042E-08  -7.186197E-07
   2.469191E+00   1.941948E-09  -1.369405E-07
   2.469198E+00  -5.623116E-08   4.646523E-07
   2.115689E+00   1.226651E-07   2.442888E-07
   2.115686E+00  -9.014793E-08   1.325983E-07
  -2.294017E+00   5.373544E-09  -5.695043E-07
   1.191702E+00  -1.965711E-07   8.393135E-08
   1.191702E+00   1.700341E-07   5.524633E-08
  -3.778851E-01   6.766316E-08   6.910256E-09
  -3.778898E-01  -7.751751E-08  -1.768544E-07
  -1.875052E-01   2.475515E-08   4.151619E-08
  -1.875066E-01  -7.806889E-09   1.301404E-08
  -2.550932E-01  -2.842100E-08   1.335901E-07
  -6.226240E+00   3.620741E-08   6.638809E-06
  -1.551764E+02  -3.849505E-07  -2.436422E-05
   5.143712E+01   2.480029E-05  -1.824843E-05
   5.143727E+01  -2.682921E-05  -4.456724E-05
   4.316362E+01  -7.817959E-05   1.738996E-05
   4.316362E+01   8.075338E-05   3.209952E-05
  -4.666108E+01  -2.708862E-06   7.780901E-06
   2.391007E+01   1.786807E-05   1.154212E-05
   2.391007E+01  -1.581466E-05   1.087815E-05
  -8.023893E+00   5.453739E-07  -1.072061E-06
  -8.023971E+00  -4.588988E-07   2.127703E-06
  -3.837200E+00   5.226592E-06  -2.657810E-06
  -3.837223E+00  -4.912789E-06  -3.838784E-06
  -5.203167E+00   5.881476E-08   6.291292E-06
   6.173257E-01  -5.354128E-07  -6.424740E-06
   3.140755E+01   3.437898E-07   2.816184E-06
  -1.031654E+01  -8.983810E-06   8.769671E-06
  -1.031658E+01   7.802778E-06   1.083518E-05
  -8.753190E+00   1.773032E-05  -5.972950E-06
  -8.753204E+00  -1.742850E-05  -4.119756E-06
   9.532213E+00   1.129802E-06  -2.556123E-06
  -4.565269E+00  -4.520954E-06  -2.608510E-06
  -4.565253E+00   4.421514E-06  -3.041585E-06
   1.584307E+00   4.263661E-07   7.288340E-07
   1.584339E+00  -4.500180E-07   9.364181E-07
   7.670537E-01  -7.755631E-07   8.762575E-07
   7.670583E-01   8.676444E-07   1.049840E-06
   1.042792E+00  -2.789743E-08  -1.288711E-06
   8.740638E-01   1.357816E-08   3.489770E-06
   1.067263E+01  -1.589833E-07  -2.119812E-07
  -3.568145E+00   1.453592E-06  -2.422102E-06
  -3.568153E+00  -9.618263E-07  -1.574407E-06
  -3.022185E+00  -1.363557E-06   9.413055E-07
  -3.022182E+00   1.856716E-06   4.017053E-07
   3.252570E+00  -6.400207E-07  -4.629368E-07
  -1.803844E+00   5.410441E-07   1.873033E-07
  -1.803844E+00  -5.854671E-07   1.375686E-07
   5.548533E-01   1.060538E-07   8.677485E-08
   5.548588E-01  -2.397624E-07  -2.098300E-08
   2.716271E-01   1.660157E-07  -2.077775E-07
   2.716297E-01  -1.706889E-07  -2.104010E-07
   3.689259E-01  -1.667260E-08  -1.338919E-07
   8.696727E-01  -6.917704E-06   1.046501E-04
   1.751960E+01   1.377463E-05  -3.651057E-05
  -5.789330E+00   1.398771E-05  -3.133538E-05
  -5.789342E+00  -1.704080E-05  -4.262489E-05
  -4.903148E+00   4.693783E-05   2.118819E-05
  -4.903154E+00  -3.853758E-05   4.502070E-05
   5.304015E+00  -8.905884E-06  -4.256919E-05
  -2.754991E+00  -2.065760E-05  -1.400403E-05
  -2.754991E+00   1.867562E-05  -1.347383E-05
   8.889567E-01   6.602001E-06   5.102726E-06
   8.889701E-01  -7.703136E-06  -5.567146E-07
   4.303821E-01  -8.599805E-06   5.071167E-06
   4.303856E-01   2.060629E-06  -7.561744E-07
   5.955474E-01   6.323586E-06   8.042101E-07
  -7.534890E-01   6.834042E-06  -7.682743E-05
  -1.498169E+01  -1.147659E-05   2.476845E-05
   4.976398E+00  -8.550176E-06   2.195784E-05
   4.976416E+00   1.788439E-05   3.742836E-05
   4.223160E+00  -3.582927E-05  -1.345945E-05
   4.223158E+00   2.614915E-05  -4.440690E-05
  -4.576705E+00   2.954646E-06   3.795907E-05
   2.345260E+00   1.487736E-05   9.872540E-06
   2.345260E+00  -1.430160E-05   1.028956E-05
  -7.737932E-01  -6.347455E-06  -2.135550E-06
  -7.738086E-01   6.362485E-06   7.359589E-07
  -3.787736E-01   7.085735E-06  -3.592158E-06
  -3.787765E-01  -1.419715E-06  -8.493864E-08
  -5.053603E-01  -4.222495E-06  -2.510918E-06
   8.416844E-01  -1.246990E-05   1.015381E-04
   1.708776E+01   2.133760E-05  -3.464647E-05
  -5.659418E+00   1.296314E-05  -1.976835E-05
  -5.659438E+00  -2.130155E-05  -4.827013E-05
  -4.791660E+00   4.480791E-05   1.899833E-05
  -4.791666E+00  -4.345686E-05   5.395666E-05
   5.197913E+00   3.067125E-06  -5.155112E-05
  -2.682895E+00  -1.954397E-05  -1.434982E-05
  -2.682895E+00   1.820095E-05  -1.143265E-05
   8.736078E-01   5.560454E-06   2.183361E-06
   8.736166E-01  -7.067711E-06  -1.527822E-06
   4.232281E-01  -8.396139E-06   3.664532E-06
   4.232314E-01   1.753856E-06  -1.312614E-07
   5.795536E-01   4.544663E-06   1.342253E-06
   7.721922E-01  -7.314068E-06   8.617014E-05
   1.526483E+01   1.547735E-05  -3.642384E-05
  -5.058770E+00   3.840099E-06  -1.708589E-05
  -5.058781E+00  -1.503194E-05  -3.827491E-05
  -4.294725E+00   3.953529E-05   1.679795E-05
  -4.294730E+00  -2.980733E-05   4.205972E-05
   4.641262E+00  -3.153982E-06  -4.078752E-05
  -2.392783E+00  -1.663174E-05  -1.213942E-05
  -2.392775E+00   1.293677E-05  -7.775169E-06
   7.826139E-01   6.622079E-06   2.451980E-06
   7.826296E-01  -6.334401E-06  -2.075582E-07
   3.828110E-01  -7.358694E-06   3.296476E-06
   3.828148E-01   2.178976E-06  -2.154036E-07
   5.160997E-01   5.041191E-06   2.139476E-06
   8.033967E-01   1.250755E-07  -8.499457E-06
   1.610227E+01   5.894978E-07   5.103283E-06
  -5.331067E+00  -5.272112E-07  -1.463367E-06
  -5.331086E+00   1.317441E-07   5.631001E-07
  -4.525130E+00  -1.916443E-06   1.456390E-06
  -4.525128E+00   1.395605E-06   1.041071E-06
   4.896427E+00   3.316762E-07   5.421725E-07
  -2.527141E+00  -8.678985E-07  -8.037140E-08
  -2.527141E+00   4.538801E-07  -1.158715E-07
   8.249379E-01   1.889180E-07   3.058135E-07
   8.249462E-01  -1.971549E-08  -8.827494E-08
   4.021327E-01   1.413371E-07   4.728723E-07
   4.021367E-01   3.166469E-10   4.776940E-07
   5.431193E-01  -2.678590E-08   2.849528E-07
   8.113350E-01   5.141298E-08   2.973186E-06
   1.617445E+01   4.926765E-07  -1.222525E-06
  -5.362877E+00   3.451154E-08   7.465587E-07
  -5.362897E+00  -1.993733E-07  -9.409072E-07
  -4.540443E+00   2.689999E-06   7.686868E-08
  -4.540449E+00  -2.813738E-06   1.047342E-06
   4.919374E+00  -1.559326E-07  -2.486997E-06
  -2.537609E+00  -5.418623E-08  -2.298961E-08
  -2.537609E+00   1.269107E-07   2.161023E-07
   8.274111E-01   2.743139E-07   9.097262E-08
   8.274276E-01  -1.929728E-07   6.663509E-07
   4.023285E-01  -2.636317E-07  -1.573131E-07
   4.023317E-01  -4.701966E-08  -2.971659E-07
   5.499116E-01   5.705446E-08  -6.894983E-07
  -8.437819E-01   1.061829E-06   8.538785E-06
  -1.708747E+01   4.279135E-07  -4.911992E-06
   5.666790E+00   1.193483E-07   1.747833E-06
   5.666801E+00  -1.252315E-06   1.811157E-07
   4.806012E+00   1.327420E-06  -2.468050E-06
   4.806009E+00  -7.373304E-07  -3.333517E-06
  -5.199445E+00  -5.321525E-07   1.111989E-06
   2.680036E+00   4.141384E-08  -9.423209E-09
   2.680027E+00  -7.730560E-07  -2.630586E-08
  -8.876374E-01   1.554980E-07  -3.012088E-07
  -8.876462E-01   1.746551E-07   5.193361E-08
  -4.268008E-01  -2.457880E-07  -2.396643E-07
  -4.268050E-01   2.753074E-07  -3.343176E-07
  -5.788069E-01  -4.271975E-08  -7.204792E-09
  -7.752920E-01   6.818714E-06  -7.883729E-05
  -1.529556E+01  -1.275945E-05   2.291798E-05
   5.063010E+00  -6.091506E-06   1.808291E-05
   5.063037E+00   1.953394E-05   4.362032E-05
   4.290176E+00  -3.389583E-05  -1.234640E-05
   4.290173E+00   2.702010E-05  -4.121692E-05
  -4.648980E+00  -1.052797E-06   3.494331E-05
   2.401333E+00   1.477431E-05   1.083122E-05
   2.401333E+00  -1.341521E-05   9.430113E-06
  -7.716206E-01  -7.238810E-06  -3.391636E-06
  -7.716324E-01   6.027845E-06   3.062474E-07
  -3.803888E-01   6.538328E-06  -3.923174E-06
  -3.803918E-01  -1.538808E-06   6.414167E-07
  -5.178621E-01  -4.720498E-06  -1.063931E-06
   8.059427E-01  -6.062469E-07  -5.819007E-04
   1.603219E+01  -5.438479E-06   2.583598E-04
  -5.300762E+00  -3.549455E-05   1.183341E-04
  -5.300781E+00   3.739761E-05   1.232839E-04
  -4.506317E+00  -2.669984E-04  -1.600558E-04
  -4.506315E+00   2.856746E-04  -1.840218E-04
   4.875908E+00  -1.823961E-05   2.778031E-04
  -2.523486E+00   1.000981E-04   6.050909E-05
  -2.523486E+00  -9.927435E-05   5.991301E-05
   8.187601E-01  -4.423538E-05  -1.799013E-06
   8.187683E-01   4.496594E-05  -4.116111E-06
   3.976457E-01   2.450578E-06   4.311295E-06
   3.976489E-01  -1.379080E-06   7.053975E-06
   5.468339E-01   1.080108E-06   2.239680E-05
  -8.102310E-01  -1.108905E-06   1.920949E-06
  -1.623148E+01   1.626527E-06   3.892603E-06
   5.389126E+00   4.223305E-06  -7.744543E-06
   5.389146E+00  -5.244068E-06  -8.302277E-06
   4.555719E+00  -5.490147E-06   4.753502E-06
   4.555717E+00   6.073304E-06   3.968904E-06
  -4.935958E+00  -4.733961E-07   1.348621E-06
   2.540060E+00   1.326644E-06   6.614995E-07
   2.540052E+00  -7.960290E-07   2.758891E-07
  -8.330133E-01   4.198373E-07  -3.251728E-08
  -8.330217E-01  -7.009712E-07  -5.471505E-07
  -4.065283E-01   4.340529E-07  -2.122978E-07
  -4.065315E-01  -2.330867E-07  -1.638331E-07
  -5.457780E-01  -5.706683E-08   1.806421E-07
   8.152910E-01   7.938234E-06  -2.007132E+00
   1.611884E+01  -8.007894E-05   8.661162E-01
  -5.340433E+00  -1.724314E-01   4.201235E-01
  -5.340452E+00   1.725063E-01   4.201391E-01
  -4.531646E+00  -8.034847E-01  -5.295994E-01
  -4.531644E+00   8.034040E-01  -5.295606E-01
   4.909806E+00   6.302205E-05   8.870867E-01
  -2.531036E+00   4.152470E-01   2.450436E-01
  -2.531045E+00  -4.152446E-01   2.450453E-01
   8.235100E-01  -1.062660E-01  -1.377499E-02
   8.235265E-01   1.062644E-01  -1.377491E-02
   3.997406E-01  -2.537284E-02   7.889887E-03
   3.997429E-01   2.538550E-02   7.899309E-03
   5.484381E-01   2.156631E-06  -5.593589E-03
  -8.029141E-01  -4.150078E-06   1.566192E+00
  -1.612341E+01   8.638240E-05  -6.320664E-01
   5.339631E+00   1.493979E-01  -3.164075E-01
   5.339650E+00  -1.494785E-01  -3.164470E-01
   4.529968E+00   6.231219E-01   4.021666E-01
   4.529974E+00  -6.230373E-01   4.021328E-01
  -4.904028E+00  -7.362395E-05  -6.953726E-01
   2.529168E+00  -3.106419E-01  -1.932474E-01
   2.529168E+00   3.106427E-01  -1.932482E-01
  -8.249939E-01   7.210853E-02  -3.304229E-03
  -8.250104E-01  -7.210639E-02  -3.305150E-03
  -4.010407E-01   1.670810E-02  -9.257579E-03
  -4.010430E-01  -1.672116E-02  -9.266123E-03
  -5.477582E-01  -1.430088E-06   1.390087E-03
  -8.093549E-01  -1.073211E-05   8.720211E-01
  -1.617729E+01   8.110299E-05  -3.646494E-01
   5.358786E+00   7.986029E-02  -1.752532E-01
   5.358805E+00  -7.993578E-02  -1.752771E-01
   4.542921E+00   3.437872E-01   2.204810E-01
   4.542919E+00  -3.437023E-01   2.204413E-01
  -4.913958E+00  -6.811924E-05  -3.725267E-01
   2.538562E+00  -1.697138E-01  -1.044053E-01
   2.538570E+00   1.697146E-01  -1.044053E-01
  -8.278908E-01   4.292993E-02   1.787717E-04
  -8.279074E-01  -4.292548E-02   1.782165E-04
  -4.027010E-01   1.133852E-02  -3.983316E-03
  -4.027025E-01  -1.135309E-02  -3.994094E-03
  -5.514061E-01  -2.653859E-06  -8.887421E-03
   8.075245E-01   6.931429E-06  -8.962982E-01
   1.615292E+01  -8.754056E-05   3.871890E-01
  -5.351426E+00  -1.051146E-01   1.748937E-01
  -5.351445E+00   1.051945E-01   1.749118E-01
  -4.537981E+00  -3.748577E-01  -2.309741E-01
  -4.537971E+00   3.747770E-01  -2.309353E-01
   4.912456E+00   6.868601E-05   4.055407E-01
  -2.534569E+00   1.784404E-01   1.039308E-01
  -2.534577E+00  -1.784421E-01   1.039317E-01
   8.269353E-01  -3.575427E-02   5.902531E-03
   8.269519E-01   3.575237E-02   5.901890E-03
   4.037914E-01  -6.706084E-04   3.529307E-04
   4.037929E-01   6.860233E-04   3.616792E-04
   5.462109E-01   1.301697E-06  -4.689932E-03
  -8.066583E-01  -1.071955E-05   1.864782E+00
  -1.611952E+01   9.397383E-05  -7.946556E-01
   5.343620E+00   2.130506E-01  -3.526980E-01
   5.343631E+00  -2.131378E-01  -3.527260E-01
   4.526318E+00   7.319488E-01   4.700934E-01
   4.526315E+00  -7.318592E-01   4.700596E-01
  -4.902140E+00  -7.385274E-05  -7.910800E-01
   2.529801E+00  -3.682047E-01  -2.179079E-01
   2.529809E+00   3.682064E-01  -2.179088E-01
  -8.274269E-01   5.945911E-02  -3.186150E-02
  -8.274435E-01  -5.945689E-02  -3.186240E-02
  -4.019184E-01   1.943196E-02  -1.005690E-02
  -4.019207E-01  -1.944609E-02  -1.006635E-02
  -5.451462E-01  -2.044888E-06   5.818231E-03
  -6.084887E-01  -2.575399E-05  -1.406191E+01
  -1.402495E+01   8.688417E-05   5.788489E+00
   4.630117E+00  -1.521101E+00   2.869704E+00
   4.630143E+00   1.521032E+00   2.869703E+00
   3.881612E+00  -5.608464E+00  -3.609239E+00
   3.881625E+00   5.608555E+00  -3.609277E+00
  -4.171414E+00  -7.908472E-05   6.233516E+00
   2.178490E+00   2.735467E+00   1.650250E+00
   2.178498E+00  -2.735459E+00   1.650258E+00
  -7.159034E-01  -5.937074E-01   5.822873E-02
  -7.159157E-01   5.937135E-01   5.822355E-02
  -3.538567E-01  -1.381456E-01   6.985904E-02
  -3.538550E-01   1.381349E-01   6.984966E-02
  -4.687698E-01  -2.323054E-06  -3.699457E-02
   8.342988E-01   1.853226E-05   4.453106E+00
   1.594939E+01  -8.365893E-05  -1.855933E+00
  -5.288784E+00   4.989616E-01  -9.399894E-01
  -5.288803E+00  -4.988854E-01  -9.399648E-01
  -4.483126E+00   1.835584E+00   1.178364E+00
  -4.483124E+00  -1.835674E+00   1.178396E+00
   4.852920E+00   7.321022E-05  -2.044465E+00
  -2.515687E+00  -8.004162E-01  -4.836179E-01
  -2.515696E+00   8.004105E-01  -4.836245E-01
   8.171800E-01   1.971527E-01  -1.473696E-02
   8.171940E-01  -1.971552E-01  -1.473459E-02
   3.980844E-01   4.657282E-02  -2.270921E-02
   3.980842E-01  -4.656096E-02  -2.269988E-02
   5.407511E-01   3.784851E-06   1.224686E-02
  -8.639230E-01  -4.881686E-06   3.698844E-04
  -1.733904E+01   1.042050E-05  -1.943266E-04
   6.225698E+00   1.990889E-05  -8.686277E-05
   5.260488E+00  -3.620106E-05  -9.376149E-05
   4.539449E+00   1.963595E-04   1.438672E-04
   5.193266E+00  -1.711188E-04   1.312628E-04
  -5.268530E+00  -8.301828E-06  -1.660371E-04
   2.863129E+00  -5.707706E-05  -3.557678E-05
   2.577895E+00   5.972726E-05  -3.554767E-05
  -1.088909E+00   3.768724E-05  -1.809302E-06
  -6.810682E-01  -3.248646E-05  -1.446316E-06
  -3.696603E-01  -3.904336E-06   1.287386E-06
  -4.948308E-01  -9.463089E-06  -6.883633E-06
  -5.865056E-01  -6.563264E-07  -2.413729E-05
   8.013334E-01  -8.236176E-06  -5.964953E-04
   1.612494E+01  -1.357607E-05   2.663155E-04
  -5.310564E+00  -3.645306E-05   1.188820E-04
  -5.372787E+00   5.988097E-05   1.339926E-04
  -4.533843E+00  -2.773562E-04  -1.765596E-04
  -4.522417E+00   2.612220E-04  -1.820513E-04
   4.902647E+00   1.790564E-05   2.744759E-04
  -2.518694E+00   1.047111E-04   6.379666E-05
  -2.538248E+00  -1.055024E-04   6.164396E-05
   8.076023E-01  -4.581932E-05   3.044562E-06
   8.436236E-01   4.036769E-05   2.445327E-06
   3.975235E-01  -4.445709E-06   4.038774E-06
   4.056562E-01   8.526107E-06   7.443829E-06
   5.458510E-01  -1.254126E-06   1.908251E-05
  -8.673336E-01  -2.456906E-05   2.811970E-04
  -1.740411E+01   5.740557E-05  -1.229774E-04
   5.301698E+00  -1.443535E-05  -5.735690E-05
   6.220871E+00  -4.073158E-05  -6.881104E-05
   5.261398E+00   1.535150E-04   9.364879E-05
   4.521648E+00  -9.258500E-05   5.938428E-05
  -5.297430E+00  -5.656111E-05  -1.170460E-04
   2.608130E+00  -3.659338E-05  -2.379882E-05
   2.855229E+00   5.711414E-05  -3.154928E-05
  -7.060541E-01   2.120430E-05   2.258695E-06
  -1.072537E+00  -2.081926E-05   1.287241E-06
  -4.898553E-01   2.669714E-06  -1.508584E-06
  -3.747748E-01  -2.587783E-06  -1.964629E-06
  -5.893700E-01  -3.003683E-06  -1.279913E-05
  -8.076387E-01   2.878488E-07   6.562249E-06
  -1.614209E+01  -5.045619E-07  -7.830805E-06
   5.334080E+00  -7.202254E-07   1.214524E-06
   5.362249E+00   1.393569E-06   2.728024E-06
   4.557577E+00   1.685581E-06  -1.379030E-07
   4.510279E+00  -2.973753E-06   3.291235E-07
  -4.908992E+00   9.457204E-07  -2.822241E-06
   2.528677E+00   9.896470E-07   8.044807E-07
   2.537312E+00  -9.906589E-07   7.159019E-07
  -8.221981E-01   8.240564E-08  -2.045957E-07
  -8.304215E-01   5.755736E-08   1.617770E-07
  -4.111701E-01  -4.113385E-07  -6.560373E-07
  -3.935949E-01   2.311507E-07  -6.216862E-07
  -5.466948E-01  -7.293201E-08  -2.427972E-07
   8.075983E-01  -1.082678E-07   8.670795E-06
   1.614228E+01   2.068092E-07  -4.076795E-06
  -5.414404E+00   2.454963E-06  -1.544844E-06
  -5.282595E+00  -2.867476E-06  -1.358914E-06
  -4.522438E+00  -2.150555E-06  -3.582476E-07
  -4.545223E+00   1.272777E-06   6.260242E-08
   4.909083E+00   1.022732E-06   8.760316E-07
  -2.533850E+00   8.548886E-07  -1.408170E-07
  -2.532107E+00  -9.156731E-07  -1.724158E-07
   8.554706E-01  -1.527781E-07  -5.545697E-08
   7.975773E-01   2.215637E-07   1.223395E-09
   4.074320E-01  -2.876761E-07  -4.182460E-07
   3.971178E-01   3.030277E-07  -5.985787E-07
   5.467052E-01   1.456562E-07  -8.863098E-07
   8.112128E-01   3.396394E-06  -5.787783E-04
   1.607401E+01  -1.414986E-05   2.711677E-04
  -5.438387E+00  -4.052367E-05   1.109533E-04
  -5.214502E+00   5.425413E-05   1.383630E-04
  -4.523401E+00  -2.656843E-04  -1.663519E-04
  -4.506995E+00   2.584184E-04  -1.912507E-04
   4.888347E+00   7.466412E-06   2.588665E-04
  -2.413184E+00   9.846736E-05   5.778125E-05
  -2.636686E+00  -1.052102E-04   6.314741E-05
   8.246515E-01  -4.163377E-05   1.926662E-06
   8.215420E-01   4.058943E-05   2.869476E-06
   4.152790E-01  -3.581982E-06   3.988576E-06
   3.862460E-01   7.737529E-06   7.783760E-06
   5.445160E-01   4.279660E-07   1.959256E-05
  -8.084475E-01  -2.060072E-06   3.009253E-05
  -1.614958E+01  -2.068984E-05  -1.153823E-05
   5.412859E+00   1.196228E-05  -6.997007E-06
   5.288884E+00   4.564343E-07   1.944923E-05
   4.507464E+00   1.405631E-05   9.545797E-06
   4.564338E+00  -9.111073E-06  -1.129629E-05
  -4.911326E+00  -4.915189E-06  -1.254710E-05
   2.554412E+00  -2.863964E-06  -4.725881E-06
   2.514100E+00   9.943908E-06  -5.382694E-06
  -8.539703E-01   4.043021E-06  -6.986162E-07
  -7.994791E-01  -4.102878E-08  -3.074105E-06
  -3.975666E-01  -8.354606E-08  -3.428169E-07
  -4.074511E-01   7.610592E-07   1.221732E-08
  -5.469069E-01  -1.435375E-06  -2.483178E-06
   8.072565E-01  -1.191763E-05  -6.110647E-04
   1.613634E+01   2.588816E-05   2.755353E-04
  -5.358725E+00  -5.498175E-05   1.229454E-04
  -5.333920E+00   3.862285E-05   1.243892E-04
  -4.526290E+00  -2.807806E-04  -1.767986E-04
  -4.538222E+00   2.712340E-04  -1.728919E-04
   4.907338E+00   1.322473E-05   2.739808E-04
  -2.535621E+00   1.077259E-04   6.680365E-05
  -2.528502E+00  -1.063001E-04   6.193144E-05
   8.315621E-01  -4.548361E-05   2.772356E-06
   8.206073E-01   4.122715E-05   2.098277E-06
   4.009917E-01  -6.147952E-06   3.809717E-06
   4.034084E-01   8.398043E-06   7.818262E-06
   5.464160E-01  -7.399262E-07   1.872890E-05
  -8.073426E-01  -8.080360E-06   4.414062E-05
  -1.613800E+01  -1.612768E-05  -1.825995E-05
   5.347169E+00   5.853145E-07  -2.003644E-06
   5.346506E+00   6.880690E-06   6.822463E-06
   4.535826E+00   2.246537E-05   1.836850E-05
   4.529590E+00  -1.366027E-05  -9.636676E-06
  -4.907794E+00  -5.278743E-06  -2.195109E-05
   2.530824E+00  -3.698279E-06  -8.029918E-06
   2.533817E+00   1.192252E-05  -6.895191E-06
  -8.275186E-01   4.173240E-06  -5.180009E-07
  -8.248053E-01  -6.379171E-07  -3.243174E-06
  -4.029359E-01   6.383470E-07   4.521039E-07
  -4.015267E-01   7.847940E-07   4.416731E-07
  -5.464985E-01   5.623202E-08   3.266668E-07
   8.076764E-01   2.865166E-07   9.292384E-05
   1.614291E+01   9.747099E-06  -3.852051E-05
  -5.375045E+00   7.492731E-06  -2.388291E-05
  -5.322005E+00  -1.524960E-05  -3.980266E-05
  -4.531741E+00   4.877576E-05   1.893135E-05
  -4.536400E+00  -2.723730E-05   4.665627E-05
   4.909281E+00  -2.538762E-05  -3.717037E-05
  -2.534790E+00  -1.919562E-05  -1.100921E-05
  -2.531419E+00   1.730353E-05  -1.304797E-05
   8.387408E-01   6.811449E-06   5.430175E-07
   8.141144E-01  -3.833507E-06  -1.565834E-07
   4.031296E-01  -5.440795E-06   2.408912E-06
   4.015253E-01   4.738870E-06   1.230906E-06
   5.466809E-01   1.188114E-06   9.018966E-07
   8.104280E-01  -6.369145E-06   9.493307E-05
   1.618818E+01  -1.805924E-05  -4.337570E-05
  -5.388770E+00   2.743131E-05  -2.810701E-05
  -5.338848E+00  -7.029695E-07  -2.519852E-05
  -4.484223E+00   3.116509E-05   3.304560E-05
  -4.608648E+00  -4.459175E-05   2.896894E-05
   4.922588E+00   1.045974E-05  -4.005561E-05
  -2.600472E+00  -1.753561E-05  -1.147068E-05
  -2.480607E+00   1.818918E-05  -1.183991E-05
   8.634572E-01   5.150233E-06  -2.264801E-07
   7.940521E-01  -7.620768E-06   1.145751E-07
   3.867415E-01  -4.515934E-06  -1.013186E-08
   4.205777E-01   5.536765E-06   1.853315E-06
   5.481920E-01   1.462400E-06   1.374810E-06
   8.073249E-01  -6.602847E-06  -5.502110E-04
   1.614178E+01   8.544728E-06   2.490395E-04
  -5.342293E+00  -3.563525E-05   1.172860E-04
  -5.353937E+00   3.213623E-05   1.101008E-04
  -4.538526E+00  -2.592310E-04  -1.548503E-04
  -4.528958E+00   2.552107E-04  -1.623460E-04
   4.908936E+00  -3.414516E-06   2.546489E-04
  -2.518451E+00   9.467246E-05   5.570720E-05
  -2.547164E+00  -9.047903E-05   5.545694E-05
   8.247780E-01  -4.385032E-05  -3.296701E-06
   8.279397E-01   4.121118E-05  -2.073112E-06
   4.019151E-01   3.976688E-06   3.966859E-06
   4.027302E-01   2.817530E-06   5.829190E-06
   5.466185E-01   6.461065E-07   2.081747E-05
   8.110640E-01   6.302623E-02  -4.327490E-04
   1.613518E+01  -2.840779E-01   2.175479E-04
  -5.347160E+00   1.577500E-01  -2.738937E-02
  -5.347188E+00   1.578176E-01   2.756441E-02
  -4.531605E+00  -1.372969E-01  -7.290540E-02
  -4.531603E+00  -1.369007E-01   7.262754E-02
   4.907048E+00   2.346472E-01   1.946289E-04
  -2.533050E+00  -1.828199E-02  -4.966948E-03
  -2.533058E+00  -1.842655E-02   5.055073E-03
   8.260066E-01  -1.463257E-02  -1.635022E-02
   8.260231E-01  -1.456073E-02   1.635298E-02
   4.021264E-01   2.220225E-03  -7.166039E-04
   4.021278E-01   2.226389E-03   7.252589E-04
   5.467358E-01   6.507980E-03   2.403346E-05
   8.120675E-01  -2.766321E-03  -4.219990E-04
   1.615477E+01  -1.335964E-01   2.219509E-04
  -5.353262E+00   5.450088E-02  -2.242292E-02
  -5.353281E+00   5.457128E-02   2.259234E-02
  -4.537220E+00  -6.231001E-02  -1.882875E-02
  -4.537202E+00  -6.191545E-02   1.855039E-02
   4.912937E+00   9.591106E-02   1.894704E-04
  -2.536281E+00   1.454126E-02   7.857889E-03
  -2.536289E+00   1.440442E-02  -7.775822E-03
   8.268837E-01   4.038379E-03   3.640156E-03
   8.269003E-01   4.108603E-03  -3.636897E-03
   4.028009E-01   8.280792E-03  -4.113592E-03
   4.028015E-01   8.286848E-03   4.122027E-03
   5.470228E-01   1.940534E-03   2.583813E-05
   8.115360E-01  -5.706960E-02  -3.990847E-04
   1.614523E+01   3.650910E-01   2.045191E-04
  -5.350524E+00  -1.964900E-01   7.716027E-03
  -5.350543E+00  -1.964322E-01  -7.556460E-03
  -4.534087E+00   1.889176E-01   9.771928E-02
  -4.534085E+00   1.893042E-01  -9.799090E-02
   4.909815E+00  -3.235146E-01   1.866944E-04
  -2.534857E+00   3.328533E-03  -3.048049E-04
  -2.534857E+00   3.194831E-03   3.863985E-04
   8.267545E-01   1.992502E-02   2.607942E-02
   8.267628E-01   1.999477E-02  -2.607634E-02
   4.023991E-01  -2.943587E-03   3.136956E-03
   4.024023E-01  -2.937461E-03  -3.127942E-03
   5.466982E-01  -1.021786E-02   2.563004E-05
   8.121936E-01  -6.141829E-02  -4.215310E-04
   1.615763E+01  -2.951577E-01   2.136981E-04
  -5.354060E+00   1.161183E-01   6.795177E-04
  -5.354088E+00   1.161794E-01  -5.130778E-04
  -4.537869E+00  -1.143529E-01  -5.552792E-02
  -4.537858E+00  -1.139644E-01   5.526096E-02
   4.913587E+00   1.835759E-01   1.880831E-04
  -2.536926E+00   7.824881E-02   6.224417E-02
  -2.536926E+00   7.811137E-02  -6.215995E-02
   8.271024E-01  -2.804545E-05  -1.330335E-03
   8.271108E-01   4.277595E-05   1.332270E-03
   4.027877E-01   3.690033E-03  -7.141018E-04
   4.027900E-01   3.697875E-03   7.230446E-04
   5.471849E-01   5.239347E-03   2.538329E-05
