    1.97309280148476    1.93806630249430    2.00709209543329
    1.07327431701360    1.51536859989871    1.51155815821225
    1.37175740554261    1.45971589450889    2.11263788174889
    2.96449311923790    2.95832073921279    3.00342979201033
    2.99227752688089    0.00000013723513    0.00000036114427
    0.00000063599496   -0.00000061968149    0.00000068284501
    0.00000088856511   -0.00000086858085   -0.00000012566642
    0.00000023408642    0.00000046895432   -0.00000011593252
    0.00000005051212   -0.00000033748759   -0.00000015435809
    0.00000059363426    0.00000041022682   -0.00000065883009
   -0.00000055857046    0.00000008830749   -0.03887503703541
    0.00750444591293    0.00725549663013    1.31267046473477
