    1.99268341417191    1.99665067238538    2.01768303101130
    1.07349261138631    1.51473278422829    1.51361260625151
    1.38021464509728    1.44140098057411    2.11888741162576
    2.96007474614431    2.96050709797065    2.99734674403809
    2.87916374514582   -0.00533249292926   -0.00415648743515
    0.00047551243316   -0.01173577941637   -0.00792516518293
   -0.05490929137170    0.44302182329199    0.00000041444215
    0.00000012440859   -0.00000022076138   -0.00000011716720
   -0.00000072243915   -0.00000005469332   -0.00000010134190
   -0.00000099827967   -0.00000005311024    0.00000037183862
    0.00000028020425   -0.00000034800280    0.00000026178677
   -0.50704652986771
