   0.101626e-04  -0.354610e-06   0.519612e-05
   0.163037e-05   0.109709e-05  -0.945119e-05
  -0.419334e-05  -0.984670e-06   0.693500e-05
  -0.431819e-05   0.258425e-06  -0.381125e-05
   0.550727e-05   0.632618e-06  -0.337445e-05
   0.413924e-05  -0.479335e-06   0.456642e-05
  -0.463715e-06   0.183475e-06  -0.179442e-06
  -0.613478e-05  -0.981922e-05  -0.123283e-05
  -0.669482e-05   0.948305e-05   0.113489e-05
   0.713417e-06   0.838299e-07  -0.636940e-06
  -0.886577e-06   0.422926e-07  -0.611128e-06
   0.898748e-06  -0.171072e-07   0.410371e-06
  -0.371619e-06  -0.372748e-07   0.253291e-06
   0.113884e-07  -0.885579e-07   0.801133e-06
  -0.251122e-03   0.424271e-04  -0.423053e-03
  -0.246446e-02  -0.582973e-04  -0.115171e-03
   0.169135e-02  -0.149060e-03   0.166399e-02
   0.183491e-02   0.238101e-03  -0.155067e-02
   0.163464e-02  -0.310784e-03   0.300774e-02
   0.170493e-02   0.387287e-03  -0.283269e-02
  -0.355881e-02  -0.814578e-04  -0.185887e-03
  -0.169131e-03  -0.140523e-03   0.198417e-03
  -0.176214e-03   0.807883e-04   0.225582e-03
  -0.276888e-03  -0.523938e-04   0.371949e-03
  -0.255690e-03   0.367231e-04  -0.370523e-03
   0.180064e-03  -0.804167e-05   0.111735e-03
   0.182021e-03   0.171753e-04  -0.998836e-04
  -0.755966e-04  -0.194286e-05  -0.153058e-05
   0.271626e-03  -0.456893e-04   0.443808e-03
   0.249473e-02   0.615196e-04   0.919880e-04
  -0.171933e-02   0.145158e-03  -0.164020e-02
  -0.186620e-02  -0.238040e-03   0.154174e-02
  -0.158312e-02   0.306284e-03  -0.295609e-02
  -0.165073e-02  -0.379335e-03   0.277900e-02
   0.348635e-02   0.795458e-04   0.185379e-03
   0.160805e-03   0.125079e-03  -0.206166e-03
   0.165636e-03  -0.629959e-04  -0.227777e-03
   0.278264e-03   0.527127e-04  -0.374281e-03
   0.255183e-03  -0.362900e-04   0.366865e-03
  -0.184018e-03   0.689121e-05  -0.102554e-03
  -0.186623e-03  -0.167831e-04   0.952412e-04
   0.774365e-04   0.194348e-05   0.303802e-05
   0.314999e-03   0.483630e-04  -0.334628e-03
   0.399747e-03   0.122077e-04  -0.472022e-05
   0.346914e-02   0.749681e-04   0.215170e-03
   0.356792e-02   0.972713e-04   0.533762e-04
  -0.339989e-02  -0.109029e-03   0.881429e-04
  -0.348196e-02  -0.649256e-04  -0.304076e-03
  -0.664130e-03  -0.147014e-04  -0.385303e-04
  -0.100882e-03  -0.128951e-03   0.158050e-03
  -0.107233e-03   0.827584e-04   0.183919e-03
   0.114473e-03   0.774226e-05  -0.370237e-04
   0.121329e-03  -0.365030e-06   0.324267e-04
  -0.115940e-03   0.112292e-05  -0.381938e-04
  -0.122179e-03  -0.661794e-05   0.256379e-04
   0.459148e-05   0.156300e-06   0.449344e-06
  -0.311017e-03  -0.521622e-04   0.363158e-03
  -0.389773e-03  -0.877740e-05  -0.147552e-04
  -0.341977e-02  -0.756897e-04  -0.202075e-03
  -0.351962e-02  -0.970371e-04  -0.464754e-04
   0.335766e-02   0.110309e-03  -0.103973e-03
   0.343367e-02   0.611463e-04   0.324192e-03
   0.666022e-03   0.151248e-04   0.359939e-04
   0.922985e-04   0.114978e-03  -0.169056e-03
   0.988926e-04  -0.672428e-04  -0.191485e-03
  -0.113287e-03  -0.726919e-05   0.340595e-04
  -0.119174e-03   0.129998e-05  -0.401248e-04
   0.114679e-03  -0.151650e-05   0.404617e-04
   0.116909e-03   0.709415e-05  -0.307138e-04
  -0.748917e-05  -0.257075e-06   0.792681e-06
   0.885917e-03   0.306068e-04  -0.384969e-04
   0.563187e-02   0.153290e-03   0.948181e-04
  -0.306400e-02  -0.291516e-03   0.169634e-02
  -0.285904e-02   0.124186e-03  -0.174421e-02
  -0.400314e-03  -0.844708e-04   0.611989e-03
  -0.327647e-03   0.663569e-04  -0.634828e-03
  -0.113161e-03  -0.144498e-05  -0.157367e-04
   0.330121e-04  -0.392490e-04   0.212907e-04
   0.318038e-04   0.344049e-04   0.295463e-04
   0.193533e-03   0.429947e-04  -0.313260e-03
   0.166446e-03  -0.308464e-04   0.299974e-03
  -0.910084e-04   0.172339e-06  -0.236892e-04
  -0.949158e-04  -0.473776e-05   0.159528e-04
   0.750757e-05   0.252918e-06   0.308519e-06
  -0.841978e-03  -0.306737e-04   0.445854e-04
  -0.553964e-02  -0.148192e-03  -0.110782e-03
   0.301367e-02   0.279351e-03  -0.160890e-02
   0.280994e-02  -0.116891e-03   0.166507e-02
   0.393135e-03   0.849819e-04  -0.615499e-03
   0.334526e-03  -0.670671e-04   0.645091e-03
   0.107997e-03   0.195793e-05   0.103528e-04
  -0.452770e-04   0.183897e-04  -0.215008e-04
  -0.449759e-04  -0.145611e-04  -0.244879e-04
  -0.191291e-03  -0.420937e-04   0.306371e-03
  -0.169209e-03   0.301848e-04  -0.293861e-03
   0.945956e-04   0.140084e-06   0.215086e-04
   0.900764e-04   0.495420e-05  -0.196507e-04
  -0.115714e-04  -0.481253e-06   0.170330e-05
   0.105464e-04  -0.112207e-05   0.572883e-05
  -0.650171e-05   0.800811e-06  -0.898680e-05
  -0.146926e-04  -0.446438e-05   0.324244e-04
  -0.810563e-05   0.294969e-05  -0.286288e-04
   0.139994e-03   0.115913e-04  -0.622678e-04
   0.131457e-03  -0.423939e-05   0.671743e-04
   0.366226e-02   0.915249e-04   0.128397e-03
  -0.591978e-05  -0.982278e-05  -0.239885e-05
  -0.714551e-05   0.105041e-04   0.861987e-06
   0.953615e-05  -0.333663e-06   0.509613e-05
   0.738553e-05   0.969130e-06  -0.555891e-05
  -0.168912e-04  -0.298671e-05   0.209849e-04
  -0.162004e-04   0.187751e-05  -0.196940e-04
  -0.388573e-02  -0.972485e-04  -0.133132e-03
   0.839535e-05  -0.118763e-05   0.478382e-05
   0.107081e-04   0.186710e-05  -0.154118e-04
   0.562359e-05   0.162702e-05  -0.134618e-04
   0.148821e-05  -0.343708e-05   0.301514e-04
  -0.129909e-03  -0.962086e-05   0.501186e-04
  -0.124965e-03   0.448701e-05  -0.685696e-04
  -0.355401e-02  -0.895500e-04  -0.116473e-03
  -0.537022e-05  -0.872037e-05  -0.985190e-06
  -0.661508e-05   0.927129e-05   0.209610e-05
  -0.872476e-05   0.834981e-06  -0.892005e-05
  -0.893816e-05  -0.665292e-06   0.288267e-05
   0.189453e-04   0.296693e-05  -0.205333e-04
   0.167600e-04  -0.237820e-05   0.238297e-04
   0.377661e-02   0.945051e-04   0.130493e-03
   0.150545e-04  -0.147800e-05   0.796700e-05
   0.184120e-04   0.139587e-05  -0.950160e-05
  -0.119572e-06   0.119092e-04  -0.101100e-03
   0.125470e-05  -0.134037e-04   0.113133e-03
   0.135275e-02   0.299248e-03  -0.217954e-02
   0.120215e-02  -0.235298e-03   0.226917e-02
   0.165359e-03   0.452490e-05   0.226773e-05
  -0.399695e-05  -0.985973e-05  -0.357469e-05
  -0.535511e-05   0.111596e-04  -0.278859e-07
   0.984642e-05  -0.229679e-05   0.216733e-04
   0.973449e-05   0.366952e-05  -0.288293e-04
  -0.143952e-02  -0.318379e-03   0.232009e-02
  -0.129034e-02   0.249710e-03  -0.241128e-02
  -0.352297e-04  -0.901172e-06  -0.445602e-06
   0.589087e-05  -0.106915e-05   0.189506e-05
  -0.168708e-04   0.120697e-05  -0.167553e-04
  -0.121086e-04  -0.148179e-04   0.120955e-03
  -0.119364e-04   0.123810e-04  -0.105773e-03
  -0.130475e-02  -0.290883e-03   0.212129e-02
  -0.116530e-02   0.229418e-03  -0.221154e-02
  -0.170342e-03  -0.462424e-05  -0.100055e-05
  -0.723514e-05  -0.871336e-05   0.279520e-06
  -0.857850e-05   0.900319e-05   0.347249e-05
  -0.944168e-05   0.278696e-05  -0.256971e-04
  -0.829257e-05  -0.269442e-05   0.203583e-04
   0.140956e-02   0.311554e-03  -0.226944e-02
   0.126172e-02  -0.244518e-03   0.236041e-02
   0.376873e-04   0.969572e-06   0.154819e-05
   0.147599e-04  -0.104251e-05   0.311059e-05
  -0.186506e-03  -0.163542e-05  -0.196826e-04
  -0.122642e-02   0.238371e-03  -0.230188e-02
  -0.132846e-02  -0.298001e-03   0.217253e-02
   0.786823e-05   0.125461e-04  -0.104742e-03
  -0.253248e-06  -0.139663e-04   0.117653e-03
  -0.231268e-04  -0.602932e-07  -0.333252e-05
  -0.256560e-05  -0.103802e-04   0.285955e-05
  -0.175358e-05   0.926983e-05   0.496925e-05
   0.133755e-02  -0.252350e-03   0.244540e-02
   0.143587e-02   0.318296e-03  -0.231946e-02
  -0.745903e-05  -0.296002e-05   0.227940e-04
  -0.766337e-05   0.241934e-05  -0.218072e-04
  -0.118370e-04  -0.505599e-06   0.157746e-05
   0.395138e-05  -0.122074e-05   0.674329e-05
   0.194522e-03   0.532958e-05   0.220751e-05
   0.118823e-02  -0.235288e-03   0.226251e-02
   0.128837e-02   0.292115e-03  -0.213961e-02
  -0.838288e-06  -0.122195e-04   0.104630e-03
   0.714834e-05   0.122192e-04  -0.981263e-04
   0.325115e-04   0.114864e-05  -0.247955e-05
  -0.101709e-04  -0.837772e-05  -0.493097e-05
  -0.112497e-04   0.927353e-05  -0.216985e-05
  -0.130744e-02   0.247194e-03  -0.239337e-02
  -0.140939e-02  -0.311974e-03   0.227435e-02
   0.123205e-04   0.355479e-05  -0.273314e-04
   0.453059e-05  -0.206468e-05   0.176296e-04
   0.750720e-05   0.310271e-06  -0.625828e-07
   0.313223e-02   0.110481e-03  -0.167747e-03
  -0.284486e-02  -0.811344e-04  -0.133437e-04
  -0.282072e-03  -0.504381e-05  -0.299235e-04
  -0.293293e-03  -0.946478e-05   0.655505e-05
  -0.593891e-04  -0.974474e-05   0.708091e-04
   0.818524e-05   0.117430e-04  -0.955195e-04
  -0.680882e-04  -0.537520e-05   0.278732e-04
   0.197440e-03  -0.115646e-03   0.994220e-04
   0.190656e-03   0.100779e-03   0.125886e-03
   0.191505e-04   0.154010e-05  -0.776785e-05
   0.207888e-04   0.200216e-05  -0.118579e-04
  -0.118391e-04   0.616819e-07  -0.407209e-05
  -0.125498e-04  -0.339753e-06  -0.440463e-06
   0.363458e-05   0.141399e-06   0.126574e-06
  -0.303712e-02  -0.113218e-03   0.196233e-03
   0.276275e-02   0.817008e-04  -0.125450e-04
   0.267918e-03   0.316160e-05   0.346132e-04
   0.270846e-03   0.824444e-05  -0.293861e-05
   0.638980e-04   0.119655e-04  -0.831785e-04
   0.105353e-04  -0.125875e-04   0.107583e-03
   0.726751e-04   0.494469e-05  -0.223455e-04
  -0.201959e-03   0.101653e-03  -0.109292e-03
  -0.197954e-03  -0.830687e-04  -0.129766e-03
  -0.153355e-04  -0.166201e-05   0.112261e-04
  -0.203396e-04  -0.132286e-05   0.588032e-05
   0.157234e-04   0.269809e-06   0.147417e-05
   0.109520e-04   0.205327e-06   0.929452e-06
  -0.259236e-05  -0.286363e-06   0.212608e-05
  -0.193332e-02  -0.429525e-03   0.313967e-02
   0.962955e-04  -0.126001e-04   0.133593e-03
  -0.215619e-03   0.462746e-05  -0.940837e-04
  -0.190387e-03  -0.109025e-04   0.430226e-04
   0.117672e-03   0.246536e-04  -0.176029e-03
   0.131878e-03  -0.209163e-04   0.208885e-03
   0.193959e-03   0.476711e-05   0.653781e-05
   0.838421e-03   0.249457e-02  -0.135359e-02
   0.970598e-03  -0.205584e-02  -0.189672e-02
  -0.795309e-06   0.628255e-06  -0.445402e-05
  -0.288922e-05   0.693795e-07  -0.123924e-05
  -0.114651e-05   0.403257e-06  -0.403281e-05
  -0.268566e-05   0.174074e-06  -0.259270e-05
  -0.198233e-05  -0.113350e-06   0.103247e-05
   0.189343e-02   0.415760e-03  -0.303272e-02
  -0.849089e-04   0.155951e-04  -0.150537e-03
   0.200094e-03  -0.575369e-05   0.950584e-04
   0.165585e-03   0.103316e-04  -0.475052e-04
  -0.102694e-03  -0.220637e-04   0.161996e-03
  -0.111144e-03   0.181202e-04  -0.177685e-03
  -0.177132e-03  -0.412424e-05  -0.922745e-05
  -0.828163e-03  -0.245349e-02   0.130991e-02
  -0.958786e-03   0.202627e-02   0.184438e-02
   0.188276e-05  -0.372560e-06   0.376314e-05
   0.123744e-05  -0.522918e-07   0.733086e-06
   0.221401e-05  -0.445565e-06   0.418207e-05
  -0.639160e-06   0.300481e-06  -0.333358e-05
  -0.973329e-06  -0.734622e-07   0.987478e-06
  -0.177996e-02  -0.150638e-04  -0.313560e-03
  -0.904931e-02  -0.219530e-03  -0.369535e-03
   0.526328e-02  -0.463875e-03   0.517717e-02
   0.555729e-02   0.740712e-03  -0.485995e-02
   0.508527e-04   0.911229e-04  -0.751837e-03
  -0.103204e-03  -0.933579e-04   0.759568e-03
   0.196053e-02   0.498222e-04   0.608906e-04
  -0.224484e-03  -0.658744e-04   0.140598e-03
  -0.227576e-03   0.186985e-04   0.151419e-03
  -0.122991e-02  -0.218099e-03   0.152980e-02
  -0.115326e-02   0.149697e-03  -0.153794e-02
   0.393890e-03  -0.827898e-05   0.166280e-03
   0.391042e-03   0.301015e-04  -0.157246e-03
   0.150828e-03   0.392479e-05   0.433298e-05
   0.196325e-02   0.236979e-04   0.270372e-03
   0.939007e-02   0.229317e-03   0.369483e-03
  -0.538618e-02   0.444808e-03  -0.505261e-02
  -0.567600e-02  -0.729365e-03   0.473328e-02
  -0.139713e-03  -0.103444e-03   0.836378e-03
   0.144444e-04   0.102076e-03  -0.852107e-03
  -0.203102e-02  -0.506548e-04  -0.710229e-04
   0.208159e-03   0.298597e-04  -0.116168e-03
   0.207847e-03   0.114411e-04  -0.117105e-03
   0.124161e-02   0.212259e-03  -0.147730e-02
   0.116325e-02  -0.142796e-03   0.148238e-02
  -0.408257e-03   0.709692e-05  -0.159364e-03
  -0.403039e-03  -0.305783e-04   0.157574e-03
  -0.144432e-03  -0.371720e-05  -0.378369e-05
  -0.178436e-02  -0.177611e-04  -0.286721e-03
  -0.923895e-02  -0.223413e-03  -0.377972e-03
   0.539329e-02  -0.582524e-03   0.620338e-02
   0.575221e-02   0.865420e-03  -0.585880e-02
   0.116265e-02   0.386926e-03  -0.295967e-02
   0.887495e-03  -0.335954e-03   0.303551e-02
  -0.105241e-02  -0.273667e-04  -0.275101e-04
  -0.198457e-03  -0.479986e-04   0.124881e-03
  -0.199143e-03   0.545999e-05   0.130886e-03
  -0.113171e-02  -0.218849e-03   0.156105e-02
  -0.105732e-02   0.156276e-03  -0.156934e-02
   0.802396e-03   0.446966e-05   0.157572e-03
   0.796718e-03   0.385891e-04  -0.129017e-03
  -0.132408e-03  -0.327541e-05  -0.424942e-05
   0.195403e-02   0.257794e-04   0.252948e-03
   0.957927e-02   0.234148e-03   0.375536e-03
  -0.549878e-02   0.568168e-03  -0.611567e-02
  -0.586077e-02  -0.857019e-03   0.575856e-02
  -0.127260e-02  -0.399325e-03   0.304403e-02
  -0.969152e-03   0.343004e-03  -0.311619e-02
   0.987411e-03   0.262222e-04   0.219606e-04
   0.183184e-03   0.143025e-04  -0.104395e-03
   0.182210e-03   0.220924e-04  -0.102438e-03
   0.115060e-02   0.212100e-03  -0.149810e-02
   0.106966e-02  -0.149222e-03   0.151411e-02
  -0.820634e-03  -0.443047e-05  -0.164230e-03
  -0.821312e-03  -0.390965e-04   0.127618e-03
   0.136880e-03   0.327646e-05   0.625135e-05
  -0.159415e-04  -0.302817e-07  -0.910255e-05
  -0.152100e-03  -0.304744e-05  -0.133265e-04
  -0.187446e-03  -0.599868e-04   0.456413e-03
  -0.163474e-03   0.506734e-04  -0.466204e-03
  -0.921790e-03   0.285010e-04  -0.464330e-03
  -0.942306e-03  -0.759607e-04   0.409354e-03
   0.652813e-03   0.167512e-04   0.189966e-04
  -0.907372e-05  -0.108127e-04   0.478569e-05
  -0.102831e-04   0.953960e-05   0.795839e-05
   0.250616e-04   0.100777e-05  -0.203363e-05
   0.217070e-04   0.387380e-06   0.213077e-05
   0.831937e-03  -0.386695e-04   0.528135e-03
   0.857544e-03   0.813121e-04  -0.473809e-03
   0.133515e-04   0.334902e-06   0.103145e-05
   0.323258e-04  -0.229012e-05   0.201029e-04
   0.158475e-03   0.578962e-05  -0.119451e-04
   0.183449e-03   0.575085e-04  -0.440048e-03
   0.154597e-03  -0.512277e-04   0.468787e-03
   0.927860e-03  -0.256943e-04   0.444106e-03
   0.958124e-03   0.740356e-04  -0.388428e-03
  -0.647058e-03  -0.168773e-04  -0.155136e-04
  -0.227366e-05  -0.759072e-05  -0.837080e-05
  -0.351729e-05   0.100691e-04  -0.534915e-05
  -0.241578e-04  -0.379971e-06  -0.230205e-05
  -0.225907e-04  -0.201842e-06  -0.426036e-05
  -0.836657e-03   0.368180e-04  -0.513657e-03
  -0.868086e-03  -0.795957e-04   0.455880e-03
  -0.104902e-04  -0.363030e-06   0.997806e-06
   0.691087e-04  -0.422359e-06   0.207876e-04
   0.591799e-03   0.164042e-04   0.118766e-04
  -0.900609e-03  -0.756771e-04   0.411500e-03
  -0.898975e-03   0.293598e-04  -0.468704e-03
  -0.142200e-03   0.493588e-04  -0.447183e-03
  -0.178205e-03  -0.584832e-04   0.448834e-03
  -0.196730e-03  -0.424012e-05  -0.125317e-04
  -0.133247e-04  -0.136011e-04  -0.939836e-05
  -0.134135e-04   0.142718e-04  -0.640638e-05
   0.819805e-03   0.797053e-04  -0.467462e-03
   0.828032e-03  -0.364330e-04   0.508218e-03
   0.237020e-04  -0.132605e-06   0.692473e-05
   0.231584e-04   0.397415e-06   0.186802e-05
  -0.121484e-04  -0.508036e-06   0.167584e-05
  -0.484345e-04   0.181466e-05  -0.318529e-05
  -0.593106e-03  -0.974387e-05  -0.400742e-04
   0.890799e-03   0.719005e-04  -0.409739e-03
   0.889319e-03  -0.316923e-04   0.471193e-03
   0.142838e-03  -0.485577e-04   0.435009e-03
   0.182652e-03   0.581100e-04  -0.443079e-03
   0.193669e-03   0.566948e-05   0.144330e-04
   0.104838e-05  -0.501487e-05   0.528985e-05
   0.115832e-05   0.901385e-06   0.724260e-05
  -0.808327e-03  -0.813208e-04   0.484757e-03
  -0.822694e-03   0.386276e-04  -0.520913e-03
  -0.220982e-04   0.275450e-06  -0.399882e-05
  -0.219230e-04  -0.118157e-05   0.276675e-05
   0.150985e-04   0.211954e-06   0.298041e-06
  -0.980744e-03   0.159136e-05  -0.252578e-03
  -0.611940e-03  -0.955832e-04   0.656348e-03
  -0.149985e-03   0.370966e-05  -0.681852e-04
  -0.773821e-04  -0.527173e-05   0.245687e-04
   0.202768e-04   0.738169e-05  -0.550222e-04
   0.629450e-04  -0.755793e-05   0.785808e-04
   0.555840e-04  -0.332317e-06   0.161329e-04
   0.854291e-03  -0.336096e-03  -0.235261e-03
   0.832984e-03   0.429909e-03  -0.144418e-03
   0.355232e-07  -0.941419e-07   0.106737e-05
  -0.427825e-05   0.245152e-05  -0.217563e-04
  -0.535820e-05  -0.106541e-06  -0.117062e-05
   0.360933e-05  -0.903394e-07   0.166124e-05
  -0.377776e-07   0.889400e-07   0.321569e-07
   0.100897e-02  -0.219450e-05   0.263404e-03
   0.609039e-03   0.984018e-04  -0.674585e-03
   0.145942e-03  -0.684427e-05   0.922305e-04
   0.692047e-04   0.546312e-05  -0.310516e-04
  -0.185372e-04  -0.673428e-05   0.536695e-04
  -0.584123e-04   0.711955e-05  -0.725845e-04
  -0.595472e-04   0.347738e-06  -0.180918e-04
  -0.866740e-03   0.331058e-03   0.231658e-03
  -0.844300e-03  -0.425412e-03   0.141527e-03
  -0.287494e-06   0.725031e-06  -0.606813e-05
   0.343682e-05  -0.213595e-05   0.187832e-04
   0.106669e-04   0.715663e-06  -0.366330e-05
  -0.236044e-05  -0.444156e-06   0.299951e-05
   0.292459e-05  -0.655781e-07   0.177321e-05
   0.579431e-05  -0.162437e-05   0.892279e-05
   0.502358e-05  -0.913939e-04   0.764733e-03
   0.109859e-02   0.369734e-04  -0.468878e-04
  -0.107797e-02  -0.136980e-04  -0.147909e-03
   0.101216e-02  -0.232622e-03   0.219311e-02
  -0.108901e-02  -0.271339e-03   0.200536e-02
   0.737971e-04   0.577429e-03  -0.481024e-02
  -0.164944e-04  -0.115449e-04   0.177153e-06
  -0.179414e-04   0.110194e-04   0.374113e-05
  -0.375762e-04  -0.706311e-05   0.505947e-04
   0.378002e-04  -0.570855e-05   0.571609e-04
   0.720310e-04  -0.693243e-05   0.749068e-04
  -0.728996e-04  -0.104939e-04   0.700991e-04
   0.668303e-05   0.269985e-04  -0.223770e-03
   0.186739e-04   0.718647e-06  -0.334327e-05
   0.462671e-06   0.942496e-04  -0.788819e-03
  -0.110352e-02  -0.394791e-04   0.610705e-04
   0.107337e-02   0.134059e-04   0.147693e-03
  -0.978687e-03   0.227351e-03  -0.214423e-02
   0.113173e-02   0.278067e-03  -0.205437e-02
  -0.143640e-03  -0.577997e-03   0.481074e-02
   0.354764e-05  -0.902836e-05  -0.867777e-06
   0.308205e-05   0.926544e-05   0.148986e-05
   0.407025e-04   0.717823e-05  -0.500927e-04
  -0.387537e-04   0.598876e-05  -0.596211e-04
  -0.681306e-04   0.698278e-05  -0.748443e-04
   0.708122e-04   0.104168e-04  -0.703317e-04
  -0.964738e-05  -0.271197e-04   0.225527e-03
   0.311747e-04  -0.751489e-05   0.636386e-04
   0.320944e-04   0.158334e-03  -0.132075e-02
   0.293613e-02  -0.246070e-04   0.920343e-03
  -0.302237e-02  -0.172428e-03   0.706499e-03
  -0.242407e-02  -0.823329e-04   0.101424e-03
   0.242410e-02   0.362123e-04   0.288373e-03
   0.342463e-04   0.107824e-03  -0.895785e-03
  -0.475702e-05  -0.113268e-04  -0.270929e-05
  -0.612410e-05   0.121883e-04   0.101638e-05
  -0.333427e-04  -0.146590e-04   0.115266e-03
   0.274078e-04  -0.134260e-04   0.120001e-03
  -0.660047e-04   0.594488e-06  -0.215581e-04
   0.690831e-04   0.376928e-05  -0.148922e-04
   0.243807e-05   0.737129e-05  -0.608701e-04
  -0.251651e-05   0.656679e-05  -0.626071e-04
  -0.130944e-04  -0.155578e-03   0.130015e-02
  -0.288559e-02   0.246335e-04  -0.912912e-03
   0.307430e-02   0.173277e-03  -0.703357e-03
   0.237108e-02   0.801011e-04  -0.903819e-04
  -0.247198e-02  -0.362720e-04  -0.298809e-03
  -0.565446e-04  -0.108571e-03   0.896814e-03
  -0.928358e-05  -0.103212e-04   0.380819e-05
  -0.105754e-04   0.945378e-05   0.710902e-05
   0.370347e-04   0.147321e-04  -0.114748e-03
  -0.279941e-04   0.135827e-04  -0.121000e-03
   0.674047e-04  -0.577103e-06   0.207529e-04
  -0.732762e-04  -0.363171e-05   0.122758e-04
   0.103467e-05  -0.739687e-05   0.629094e-04
   0.360450e-04   0.206732e-04  -0.182230e-03
   0.241497e-03   0.581194e-03  -0.482869e-02
  -0.905658e-03  -0.317209e-03   0.243378e-02
   0.646134e-03  -0.253010e-03   0.227392e-02
  -0.821010e-03   0.264050e-04  -0.427514e-03
   0.861809e-03   0.675333e-04  -0.362981e-03
  -0.429644e-04  -0.103989e-03   0.873135e-03
  -0.969566e-06  -0.274599e-04  -0.130326e-04
  -0.573382e-05   0.326612e-04  -0.283791e-05
  -0.129457e-03  -0.176696e-04   0.122414e-03
   0.121330e-03  -0.120353e-04   0.138518e-03
  -0.379083e-05   0.178037e-05  -0.176550e-04
   0.246463e-05   0.199188e-05  -0.173862e-04
   0.303942e-06  -0.865750e-06   0.105608e-04
   0.994288e-05  -0.214225e-04   0.175373e-03
  -0.186936e-03  -0.580194e-03   0.482016e-02
   0.857139e-03   0.307285e-03  -0.237075e-02
  -0.692698e-03   0.258018e-03  -0.233458e-02
   0.841010e-03  -0.268801e-04   0.433202e-03
  -0.849893e-03  -0.688987e-04   0.369411e-03
   0.404746e-04   0.106982e-03  -0.887514e-03
  -0.111939e-04   0.234334e-05   0.137500e-04
  -0.120008e-04  -0.516742e-05   0.139221e-04
   0.130424e-03   0.180468e-04  -0.119513e-03
  -0.124312e-03   0.132623e-04  -0.141800e-03
   0.546724e-05  -0.203799e-05   0.181116e-04
  -0.440498e-05  -0.236527e-05   0.190170e-04
  -0.301801e-05   0.102777e-05  -0.879380e-05
   0.483823e-05   0.117018e-05  -0.804607e-05
   0.496218e-05  -0.286702e-05   0.296999e-04
   0.664884e-05   0.110957e-04  -0.942903e-04
  -0.191089e-04   0.108886e-04  -0.964677e-04
   0.138440e-02   0.301999e-03  -0.219395e-02
  -0.120364e-02   0.229530e-03  -0.222143e-02
   0.344649e-05   0.136749e-04  -0.113117e-03
  -0.500874e-05  -0.105214e-04  -0.985449e-06
  -0.478034e-05   0.973476e-05   0.103145e-05
   0.959751e-05  -0.200872e-05   0.201740e-04
  -0.507782e-05  -0.201663e-05   0.152744e-04
  -0.144043e-02  -0.316881e-03   0.230670e-02
   0.126481e-02  -0.242771e-03   0.234653e-02
  -0.659337e-06  -0.102811e-05   0.887015e-05
   0.136685e-04  -0.216231e-05   0.187936e-04
  -0.249250e-05   0.601404e-05  -0.482995e-04
  -0.184071e-04  -0.129959e-04   0.101072e-03
   0.450675e-05  -0.120894e-04   0.101293e-03
  -0.133987e-02  -0.293397e-03   0.213847e-02
   0.124059e-02  -0.234477e-03   0.227117e-02
   0.223570e-05  -0.139535e-04   0.116451e-03
  -0.748447e-05  -0.929433e-05  -0.165765e-05
  -0.783048e-05   0.909900e-05   0.704027e-06
  -0.784409e-05   0.224602e-05  -0.202545e-04
   0.592047e-05   0.288273e-05  -0.230260e-04
   0.141091e-02   0.309998e-03  -0.225716e-02
  -0.128967e-02   0.247300e-03  -0.239015e-02
  -0.424512e-05   0.829654e-06  -0.741119e-05
   0.349040e-05  -0.537354e-05   0.343547e-04
   0.141754e-04   0.176653e-04  -0.145158e-03
  -0.126596e-02   0.236154e-03  -0.229324e-02
   0.131738e-02   0.292912e-03  -0.213823e-02
   0.681744e-05   0.114004e-04  -0.918121e-04
   0.214616e-04   0.125601e-04  -0.997798e-04
  -0.339680e-07  -0.332754e-05   0.278524e-04
  -0.103048e-04  -0.101181e-04   0.326923e-07
  -0.117806e-04   0.105253e-04   0.389676e-05
   0.132924e-02  -0.249058e-03   0.241460e-02
  -0.140358e-02  -0.309165e-03   0.225214e-02
  -0.607255e-05  -0.266483e-05   0.208938e-04
   0.420486e-05  -0.243180e-05   0.215850e-04
   0.963446e-06   0.921546e-06  -0.714036e-05
   0.167832e-04   0.406018e-05  -0.246976e-04
  -0.702482e-05  -0.145590e-04   0.125035e-03
   0.122737e-02  -0.233831e-03   0.226088e-02
  -0.136124e-02  -0.299048e-03   0.217469e-02
   0.505613e-05  -0.101855e-04   0.885367e-04
  -0.142568e-05  -0.125613e-04   0.104768e-03
   0.338565e-05   0.329959e-05  -0.265598e-04
  -0.263687e-05  -0.984392e-05  -0.231544e-05
  -0.209097e-05   0.901137e-05  -0.945642e-06
  -0.130202e-02   0.244477e-03  -0.236926e-02
   0.142888e-02   0.315324e-03  -0.229670e-02
   0.824945e-05   0.252991e-05  -0.197772e-04
  -0.768311e-05   0.249326e-05  -0.227026e-04
  -0.560123e-05  -0.116534e-05   0.904624e-05
   0.456350e-04  -0.223724e-04   0.188736e-03
   0.379768e-04   0.949749e-04  -0.788218e-03
   0.106024e-02  -0.190368e-03   0.185326e-02
  -0.113490e-02  -0.237719e-03   0.171639e-02
   0.510812e-03   0.242816e-03  -0.191091e-02
  -0.415242e-03   0.218245e-03  -0.193162e-02
  -0.647118e-05  -0.139553e-04   0.115530e-03
  -0.404850e-04  -0.155504e-04   0.113167e-04
  -0.420621e-04   0.112062e-04   0.158284e-04
  -0.195489e-03  -0.425443e-04   0.309880e-03
   0.189494e-03  -0.327376e-04   0.321251e-03
   0.571746e-03  -0.195838e-05   0.156017e-03
  -0.582366e-03  -0.314489e-04   0.121405e-03
   0.110561e-05   0.214132e-04  -0.178854e-03
  -0.227755e-04   0.203737e-04  -0.182708e-03
  -0.154745e-04  -0.922123e-04   0.770406e-03
  -0.104642e-02   0.187962e-03  -0.183601e-02
   0.114564e-02   0.239211e-03  -0.172846e-02
  -0.521311e-03  -0.242813e-03   0.191115e-02
   0.408070e-03  -0.217492e-03   0.192483e-02
  -0.632906e-05   0.136123e-04  -0.114985e-03
   0.279623e-04  -0.438260e-05  -0.128025e-04
   0.269268e-04   0.954035e-05  -0.103707e-04
   0.198235e-03   0.422216e-04  -0.305272e-03
  -0.190654e-03   0.334063e-04  -0.326747e-03
  -0.577596e-03   0.130944e-05  -0.151670e-03
   0.576167e-03   0.308446e-04  -0.118168e-03
  -0.244682e-05  -0.215818e-04   0.180804e-03
   0.748921e-05  -0.871239e-07   0.106258e-05
   0.419149e-05  -0.159623e-05   0.153227e-04
   0.379958e-04  -0.983701e-05   0.908393e-04
  -0.497737e-04  -0.961814e-05   0.676367e-04
   0.469819e-03   0.239256e-04  -0.843946e-04
  -0.445139e-03   0.627076e-06  -0.115885e-03
  -0.334576e-04  -0.121841e-03   0.101545e-02
  -0.515537e-05  -0.925043e-05  -0.156497e-05
  -0.559637e-05   0.910278e-05   0.762737e-06
   0.221385e-04   0.118956e-05  -0.442814e-05
  -0.262678e-04  -0.681474e-06  -0.459622e-06
  -0.100722e-04   0.179850e-05  -0.181252e-04
   0.120081e-04   0.222510e-05  -0.150582e-04
   0.218197e-04   0.114043e-03  -0.951157e-03
   0.948654e-05  -0.151565e-05   0.878372e-05
   0.345595e-05   0.365652e-05  -0.292352e-04
  -0.488885e-04   0.771934e-05  -0.798550e-04
   0.382989e-04   0.109742e-04  -0.854925e-04
  -0.448396e-03  -0.231612e-04   0.873526e-04
   0.469251e-03  -0.833651e-06   0.123680e-03
   0.334250e-04   0.122176e-03  -0.101696e-02
  -0.662196e-05  -0.992532e-05  -0.136830e-05
  -0.779345e-05   0.103104e-04   0.186307e-05
  -0.213761e-04  -0.894885e-06   0.245758e-05
   0.214096e-04   0.329305e-07   0.527811e-05
   0.118747e-04  -0.175783e-05   0.177186e-04
  -0.145451e-04  -0.206215e-05   0.132625e-04
  -0.395796e-04  -0.114719e-03   0.952520e-03
   0.105168e-04  -0.428179e-05   0.420248e-04
   0.113633e-04   0.433810e-05  -0.284094e-04
  -0.145897e-03  -0.575387e-04   0.445804e-03
   0.107395e-03  -0.499298e-04   0.441789e-03
  -0.825131e-03   0.496009e-04  -0.617508e-03
   0.868695e-03   0.908255e-04  -0.547823e-03
   0.330501e-04   0.819911e-04  -0.680028e-03
  -0.114176e-04  -0.983264e-05   0.805755e-06
  -0.109126e-04   0.793974e-05   0.222021e-05
   0.200314e-04   0.965988e-06  -0.273712e-05
  -0.175402e-04  -0.207915e-06  -0.210948e-05
   0.806834e-03  -0.347302e-04   0.488871e-03
  -0.839500e-03  -0.744064e-04   0.418624e-03
  -0.748788e-05  -0.473379e-05   0.384761e-04
   0.451454e-05   0.299246e-05  -0.303772e-04
  -0.249309e-05  -0.147606e-05   0.107706e-04
   0.141141e-03   0.552408e-04  -0.431333e-03
  -0.119375e-03   0.497893e-04  -0.448614e-03
   0.835204e-03  -0.478433e-04   0.609030e-03
  -0.851489e-03  -0.924361e-04   0.568771e-03
  -0.252654e-04  -0.814363e-04   0.676204e-03
   0.566203e-07  -0.889808e-05  -0.431724e-05
  -0.120638e-05   0.104650e-04  -0.111274e-05
  -0.199352e-04  -0.417805e-06  -0.161254e-05
   0.167432e-04   0.504801e-06  -0.109137e-06
  -0.811372e-03   0.330455e-04  -0.476045e-03
   0.830021e-03   0.759798e-04  -0.434844e-03
   0.345587e-05   0.449002e-05  -0.364102e-04
   0.451154e-05   0.310218e-05  -0.352368e-04
  -0.674057e-05  -0.770544e-04   0.645343e-03
  -0.814495e-03  -0.934851e-04   0.583397e-03
   0.771807e-03  -0.508168e-04   0.613680e-03
  -0.895465e-04   0.503120e-04  -0.443413e-03
   0.139583e-03   0.550203e-04  -0.427563e-03
   0.578169e-05  -0.636634e-06   0.746331e-05
   0.148055e-05  -0.349960e-05   0.306902e-05
   0.423605e-06   0.381614e-05   0.510436e-05
   0.781576e-03   0.748402e-04  -0.436851e-03
  -0.788442e-03   0.347884e-04  -0.484079e-03
   0.143639e-04  -0.770235e-06   0.103492e-04
  -0.174598e-04  -0.541290e-06   0.340835e-06
  -0.284418e-05   0.492487e-05  -0.416039e-04
   0.592720e-05  -0.127731e-04   0.422717e-04
   0.117712e-04   0.797190e-04  -0.656408e-03
   0.799634e-03   0.907935e-04  -0.578284e-03
  -0.784663e-03   0.501931e-04  -0.620382e-03
   0.106563e-03  -0.476738e-04   0.435341e-03
  -0.133256e-03  -0.568986e-04   0.442361e-03
  -0.119886e-04   0.743222e-08  -0.101914e-04
  -0.109448e-04  -0.107125e-04  -0.930558e-05
  -0.133634e-04   0.192027e-04   0.133677e-05
  -0.771695e-03  -0.755273e-04   0.450980e-03
   0.795242e-03  -0.323346e-04   0.468332e-03
  -0.153901e-04   0.237500e-06  -0.780968e-05
   0.166826e-04   0.749526e-06  -0.130667e-05
   0.548007e-05  -0.498284e-05   0.430652e-04
   0.490111e-04   0.123596e-03  -0.102305e-02
  -0.136674e-03  -0.161178e-03   0.132279e-02
  -0.752617e-03  -0.108352e-04  -0.916850e-04
   0.739023e-03   0.367231e-04  -0.129392e-03
   0.269468e-04  -0.148035e-04   0.129599e-03
  -0.524362e-04  -0.140369e-04   0.104421e-03
  -0.196814e-04   0.744218e-05  -0.657763e-04
   0.711113e-04  -0.660738e-05  -0.796784e-04
   0.710387e-04   0.286036e-04  -0.760090e-04
  -0.490425e-05   0.742412e-05  -0.638134e-04
   0.764842e-05   0.413210e-05  -0.327153e-04
  -0.314177e-04  -0.129384e-05   0.354839e-05
   0.311131e-04   0.156113e-06   0.660308e-05
   0.183829e-05   0.678099e-06  -0.484709e-05
  -0.237406e-06  -0.123947e-03   0.103221e-02
   0.130883e-03   0.163724e-03  -0.134326e-02
   0.734698e-03   0.716374e-05   0.118515e-03
  -0.750500e-03  -0.359352e-04   0.116338e-03
  -0.135399e-04   0.166547e-04  -0.141596e-03
   0.497902e-04   0.140808e-04  -0.104202e-03
   0.152665e-04  -0.773036e-05   0.680021e-04
  -0.815717e-04  -0.132003e-04   0.786586e-04
  -0.823740e-04  -0.941824e-05   0.801321e-04
   0.285392e-05  -0.695478e-05   0.587767e-04
  -0.113323e-04  -0.393087e-05   0.306384e-04
   0.322015e-04   0.761208e-06   0.150001e-05
  -0.288295e-04  -0.734203e-06  -0.140701e-05
   0.269166e-05  -0.532885e-06   0.570038e-05
   0.799389e-03   0.161406e-03  -0.115948e-02
  -0.194029e-04   0.153527e-04  -0.129649e-03
   0.180505e-03  -0.261918e-05   0.639276e-04
   0.963276e-04   0.813977e-05  -0.462755e-04
  -0.604087e-04  -0.143055e-04   0.106817e-03
  -0.791228e-04   0.149629e-04  -0.145213e-03
  -0.138697e-03  -0.397929e-05  -0.917659e-07
  -0.417947e-03   0.807505e-03   0.755985e-03
  -0.365059e-03  -0.985309e-03   0.542129e-03
   0.404309e-05  -0.938369e-06   0.946712e-05
  -0.113451e-04   0.622977e-06  -0.804606e-05
   0.580222e-05  -0.181772e-06   0.275509e-05
   0.565306e-05  -0.663658e-06   0.722059e-05
   0.263555e-06   0.667480e-08   0.449035e-06
  -0.803183e-03  -0.164552e-03   0.117954e-02
   0.287171e-04  -0.126775e-04   0.114583e-03
  -0.193994e-03   0.121241e-05  -0.590923e-04
  -0.106547e-03  -0.830289e-05   0.422258e-04
   0.711304e-04   0.163942e-04  -0.118972e-03
   0.809950e-04  -0.152732e-04   0.148088e-03
   0.150911e-03   0.403297e-05   0.318673e-05
   0.412588e-03  -0.794790e-03  -0.760447e-03
   0.361128e-03   0.973875e-03  -0.549082e-03
  -0.417413e-06   0.664759e-06  -0.534824e-05
   0.990849e-05  -0.248989e-06   0.471329e-05
  -0.456376e-05  -0.147340e-07  -0.102734e-05
  -0.200906e-05  -0.152740e-06   0.835642e-06
  -0.466444e-05  -0.167374e-06   0.792225e-06
   0.181585e-04  -0.269218e-03  -0.255383e-04
   0.226118e-04  -0.424158e-04  -0.116236e-04
  -0.147957e-04  -0.292585e-04  -0.482899e-05
  -0.154462e-04  -0.523343e-05  -0.180116e-05
   0.694238e-05   0.858825e-04   0.631560e-05
   0.596682e-05   0.114630e-03   0.150902e-04
  -0.608017e-05  -0.130029e-03  -0.143792e-04
  -0.599149e-04  -0.723034e-05  -0.163837e-04
   0.491381e-04   0.107910e-04   0.150643e-04
  -0.139218e-05   0.150924e-03   0.135732e-04
  -0.379401e-05   0.124756e-03   0.208507e-04
  -0.553497e-05   0.152406e-03   0.211598e-04
  -0.601098e-05   0.144811e-03   0.173350e-04
   0.101515e-04  -0.300815e-03  -0.348340e-04
   0.128005e-04  -0.244665e-04   0.238304e-05
  -0.105109e-05  -0.555433e-05  -0.955759e-05
  -0.809919e-05   0.174317e-03   0.213014e-04
  -0.974911e-05   0.167509e-03   0.177844e-04
   0.122505e-05   0.604487e-04   0.935392e-05
   0.411115e-05   0.548301e-04   0.162967e-04
   0.316790e-04  -0.858646e-03  -0.104627e-03
  -0.110606e-04  -0.117293e-04  -0.145006e-06
  -0.204666e-05   0.887971e-05  -0.928082e-07
   0.213377e-05   0.340955e-05   0.324639e-05
   0.146622e-06   0.442220e-05  -0.133677e-05
   0.597326e-05  -0.951033e-04  -0.148153e-04
   0.154407e-05  -0.907251e-04  -0.134362e-04
  -0.276068e-04   0.612408e-03   0.736449e-04
   0.469130e-05  -0.910728e-06   0.754975e-05
  -0.987068e-06   0.240300e-03   0.189565e-04
  -0.581167e-05   0.310092e-04   0.105908e-04
  -0.675292e-05   0.390429e-04  -0.169956e-06
   0.268320e-04  -0.507096e-03  -0.585783e-04
   0.278005e-04  -0.491542e-03  -0.552157e-04
  -0.121799e-04   0.109710e-03   0.112031e-04
  -0.581857e-05  -0.737497e-05  -0.461616e-05
  -0.452264e-05   0.911116e-05   0.161391e-05
   0.198262e-05  -0.748151e-04  -0.108489e-04
   0.159070e-06  -0.805798e-04  -0.819338e-05
  -0.150522e-04   0.435089e-03   0.532906e-04
  -0.165898e-04   0.429868e-03   0.490728e-04
   0.624937e-05  -0.131812e-03  -0.146550e-04
   0.130979e-04  -0.130095e-03  -0.967743e-05
  -0.430954e-05   0.145680e-03   0.108611e-04
   0.120351e-04  -0.520327e-03  -0.636172e-04
   0.132170e-04  -0.496686e-03  -0.627235e-04
   0.739249e-05   0.320162e-04  -0.239268e-05
   0.183960e-05   0.313978e-04   0.833328e-05
  -0.964839e-05   0.241731e-03   0.292006e-04
  -0.269135e-04  -0.111726e-04  -0.110917e-05
   0.142122e-04   0.969958e-05   0.222981e-06
  -0.104667e-04   0.432766e-03   0.583364e-04
  -0.131260e-04   0.415431e-03   0.457125e-04
   0.691185e-06  -0.771201e-04  -0.542688e-05
   0.223036e-05  -0.787352e-04  -0.909211e-05
  -0.251692e-06   0.541476e-05   0.137220e-05
   0.295343e-04  -0.497904e-03  -0.560652e-04
   0.270981e-04  -0.549657e-03  -0.804812e-04
  -0.301832e-04   0.823190e-03   0.109010e-03
  -0.290864e-04   0.837469e-03   0.102736e-03
   0.129488e-04  -0.411760e-03  -0.581533e-04
   0.900475e-05  -0.387174e-03  -0.509013e-04
  -0.313341e-05   0.143438e-03   0.220969e-04
  -0.104747e-03  -0.217485e-06  -0.277009e-04
   0.900966e-04   0.190510e-04   0.326502e-04
  -0.148161e-05   0.131934e-03   0.143337e-04
  -0.185208e-05   0.105406e-03   0.107595e-04
   0.195923e-05  -0.137903e-03  -0.116596e-04
   0.278220e-05  -0.138239e-03  -0.145234e-04
  -0.294074e-05   0.623680e-04   0.789818e-05
  -0.263319e-05   0.592127e-03   0.729975e-04
   0.309501e-04  -0.110107e-02  -0.138552e-03
  -0.145721e-04   0.228150e-03   0.295647e-04
  -0.142753e-04   0.154979e-03   0.176325e-04
   0.215163e-06   0.169275e-03   0.241098e-04
   0.320554e-05   0.155282e-03   0.191761e-04
   0.150284e-05  -0.132661e-04  -0.192658e-05
   0.106564e-03   0.156714e-04   0.477062e-04
  -0.118361e-03   0.334898e-04  -0.398267e-04
   0.461298e-05  -0.118559e-03  -0.143775e-04
   0.261067e-05  -0.916067e-04  -0.126426e-04
   0.245513e-05   0.241555e-05  -0.268528e-05
  -0.119855e-05   0.329369e-05   0.156604e-05
  -0.107679e-05  -0.301806e-04  -0.274232e-05
   0.880593e-04  -0.437756e-02  -0.452607e-03
   0.123304e-04  -0.797658e-04  -0.163835e-04
  -0.149317e-04  -0.984878e-04  -0.212838e-04
  -0.245196e-04   0.139086e-03   0.182853e-04
   0.162780e-04   0.486876e-04  -0.138158e-04
   0.172256e-04  -0.570406e-04   0.192018e-04
   0.152009e-04   0.748303e-05   0.922365e-07
   0.854606e-03   0.248945e-02  -0.167483e-02
  -0.964729e-03   0.193690e-02   0.213804e-02
   0.334736e-05  -0.532030e-04  -0.396968e-05
  -0.244176e-05   0.451951e-04   0.592075e-05
  -0.865355e-06   0.944917e-05   0.309195e-05
  -0.530838e-06  -0.783603e-05  -0.237868e-05
   0.970521e-06  -0.235253e-05   0.634067e-06
  -0.310649e-04   0.128261e-02   0.148455e-03
   0.336645e-04  -0.962555e-03  -0.119406e-03
  -0.701561e-05  -0.667350e-04   0.107037e-04
  -0.127091e-04   0.819784e-04  -0.942223e-05
   0.437335e-05   0.497303e-04  -0.759596e-05
  -0.502458e-05   0.443090e-04   0.171903e-04
   0.810415e-05  -0.161144e-05  -0.177925e-05
   0.670262e-03  -0.190507e-03   0.126665e-03
  -0.663559e-03  -0.190189e-03  -0.162077e-03
   0.145623e-05  -0.966180e-05  -0.213476e-05
   0.867402e-07  -0.286737e-04  -0.393053e-05
   0.670118e-06   0.288782e-05   0.206609e-05
   0.188098e-05  -0.578010e-05   0.140425e-05
  -0.112442e-05  -0.580140e-05  -0.137519e-06
   0.154711e-04  -0.991624e-04  -0.287105e-05
   0.490049e-04  -0.129724e-05  -0.569691e-05
   0.203373e-04  -0.143986e-02  -0.184112e-03
  -0.649245e-04   0.139936e-02   0.184413e-03
  -0.854722e-05   0.280565e-03   0.472241e-04
   0.416064e-05  -0.276134e-03  -0.432224e-04
   0.464186e-05   0.741072e-05  -0.413941e-06
   0.386782e-04   0.555449e-04  -0.322254e-04
  -0.518208e-04   0.618875e-04   0.418914e-04
  -0.602141e-05   0.287100e-03   0.271598e-04
   0.109445e-04  -0.273232e-03  -0.317037e-04
  -0.135352e-04   0.369158e-03   0.440072e-04
   0.676108e-05  -0.364645e-03  -0.440577e-04
  -0.515035e-05  -0.668759e-05  -0.391968e-06
   0.595692e-05  -0.326559e-04   0.346845e-05
   0.745141e-05   0.105084e-05  -0.987182e-05
  -0.487804e-05   0.611544e-04   0.159338e-04
  -0.437751e-07  -0.661864e-04  -0.141130e-04
   0.279442e-04  -0.745447e-03  -0.100825e-03
  -0.168096e-04   0.744210e-03   0.914746e-04
   0.549145e-05   0.131251e-05   0.403278e-05
   0.287829e-05   0.845585e-05  -0.454684e-05
  -0.152137e-04   0.250318e-04   0.603068e-05
   0.243068e-05  -0.485018e-04  -0.601035e-05
  -0.361655e-05   0.503098e-04   0.751863e-05
  -0.171638e-04   0.437571e-03   0.583230e-04
   0.959470e-05  -0.432882e-03  -0.517619e-04
  -0.402230e-05  -0.342310e-05   0.347400e-06
   0.426571e-05   0.123814e-03   0.212673e-04
   0.276783e-05   0.149391e-04  -0.844349e-05
   0.160483e-04  -0.707589e-03  -0.704325e-04
  -0.251609e-04   0.683561e-03   0.752668e-04
   0.469309e-05   0.544368e-04  -0.747737e-05
   0.979729e-05  -0.562996e-04   0.118486e-05
   0.703970e-05  -0.403960e-05   0.342039e-05
  -0.247297e-04  -0.845153e-04   0.623656e-04
   0.157696e-04  -0.477085e-04  -0.793640e-04
  -0.134230e-04   0.427857e-03   0.502779e-04
   0.998662e-05  -0.409049e-03  -0.514430e-04
   0.996703e-06  -0.472017e-04  -0.814472e-06
  -0.396826e-05   0.523560e-04   0.351981e-05
  -0.408309e-05  -0.561072e-06   0.672215e-06
  -0.813645e-05   0.518261e-03   0.565843e-04
   0.760748e-05  -0.757293e-04  -0.208437e-04
  -0.367462e-05  -0.479675e-04   0.811926e-05
  -0.592559e-05   0.103166e-03   0.119333e-04
   0.754433e-05  -0.171688e-04  -0.163742e-04
  -0.101191e-05   0.218052e-04   0.104953e-04
   0.838610e-05   0.403589e-05   0.273482e-05
  -0.123130e-03  -0.275129e-03   0.746003e-04
   0.123942e-03  -0.232783e-03  -0.125584e-03
  -0.643204e-06   0.153730e-04  -0.118086e-05
   0.392192e-06  -0.120977e-04  -0.466326e-05
  -0.123142e-05   0.409870e-05   0.599787e-05
  -0.108967e-07  -0.636412e-05  -0.221425e-05
  -0.410784e-05   0.499761e-06   0.395435e-06
