    14.162536     0.157689    -5.350847     0.093052     0.020299     0.331661    -0.711780    11.896003
    11.887425     0.451094    -0.932651    -0.210006    -0.026621    -0.033728    -0.000598    -0.002523
    -0.013844    -0.001419    -0.001338    -0.025635    -0.109126    -0.072629    -0.043332    -0.108283
    -0.059852     0.000000     0.000000     0.000000     0.000000     0.000000     0.000000     0.000000
     0.000000     0.000000     0.000000     0.000000
     0.157689     7.036087     0.431387    -0.025371     0.047110     0.038124    -0.024490    -0.928390
    -0.704376    -0.275288     0.283303    -0.022736     0.159335    -0.019327     0.002805    -0.009576
    -0.013418    -0.000715    -0.002332     0.001224     0.003079     0.103280    -0.013369     0.007036
     0.000455     0.000000     0.000000     0.000000     0.000000     0.000000     0.000000     0.000000
     0.000000     0.000000     0.000000     0.000000
    -5.350847     0.431387    11.327006    -0.005880     0.022160    -0.316956     1.912214   -10.922474
   -11.123744    -0.180799     0.655016     0.098466    -0.067352     0.098181     0.005082     0.010321
    -0.017156     0.001568    -0.002926     0.030252     0.189610    -0.840857    -0.005464     0.134171
     0.203399     0.000000     0.000000     0.000000     0.000000     0.000000     0.000000     0.000000
     0.000000     0.000000     0.000000     0.000000
     0.093052    -0.025371    -0.005880     6.103372     0.056612     0.014265     0.002694    -0.141148
     0.064765    -0.011005     0.008731    -0.000355     0.002379    -0.000924    -0.000698    -0.001315
     0.001603     0.000402     0.000496    -0.000733     0.001482    -0.009086    -0.000039     0.003655
     0.001421     0.000000     0.000000     0.000000     0.000000     0.000000     0.000000     0.000000
     0.000000     0.000000     0.000000     0.000000
     0.020299     0.047110     0.022160     0.056612     6.010028     0.046206     0.017369    -0.010999
    -0.244748     0.012360    -0.013142    -0.001962     0.005864     0.000873    -0.000179    -0.001713
    -0.000453     0.000360    -0.001694    -0.001529     0.005548    -0.039966     0.001677     0.001542
     0.005601     0.000000     0.000000     0.000000     0.000000     0.000000     0.000000     0.000000
     0.000000     0.000000     0.000000     0.000000
     0.331661     0.038124    -0.316956     0.014265     0.046206     6.149557     0.026905     0.729445
     0.788540     0.009157    -0.042396    -0.006977     0.004754     0.011984    -0.001157     0.054626
     0.004980    -0.001561     0.000644    -0.029593     0.001407    -0.048010     0.009203    -0.022663
     0.008209     0.000000     0.000000     0.000000     0.000000     0.000000     0.000000     0.000000
     0.000000     0.000000     0.000000     0.000000
    -0.711780    -0.024490     1.912214     0.002694     0.017369     0.026905     9.046065    -1.397603
    -1.351748    -0.016785     0.034186     0.027778     0.001002     0.115134     0.002765    -0.048516
     0.020112     0.003558    -0.002439     0.004562     0.118631     0.966647    -0.464693     0.121512
     0.297895     0.000000     0.000000     0.000000     0.000000     0.000000     0.000000     0.000000
     0.000000     0.000000     0.000000     0.000000
    11.896003    -0.928390   -10.922474    -0.141148    -0.010999     0.729445    -1.397603    25.049778
    24.174710     0.520583    -2.175121    -0.082621     0.025488    -0.081828     0.000039     0.001215
    -0.029775    -0.003135     0.000555    -0.035083    -0.229247     0.184069    -0.043650    -0.202630
    -0.165450     0.000000     0.000000     0.000000     0.000000     0.000000     0.000000     0.000000
     0.000000     0.000000     0.000000     0.000000
    11.887425    -0.704376   -11.123744     0.064765    -0.244748     0.788540    -1.351748    24.174710
    26.326250     0.965855    -2.086161    -0.086628     0.033949    -0.101877    -0.000158    -0.002850
    -0.018004    -0.002228     0.005072    -0.034746    -0.221390     0.254217    -0.061754    -0.172051
    -0.170428     0.000000     0.000000     0.000000     0.000000     0.000000     0.000000     0.000000
     0.000000     0.000000     0.000000     0.000000
     0.451094    -0.275288    -0.180799    -0.011005     0.012360     0.009157    -0.016785     0.520583
     0.965855     1.242288     0.021304     0.000316    -0.000996    -0.003077    -0.001810     0.000533
     0.006456    -0.000325     0.003055    -0.000329    -0.002570     0.033132    -0.007004     0.001526
    -0.006013     0.000000     0.000000     0.000000     0.000000     0.000000     0.000000     0.000000
     0.000000     0.000000     0.000000     0.000000
    -0.932651     0.283303     0.655016     0.008731    -0.013142    -0.042396     0.034186    -2.175121
    -2.086161     0.021304     1.206752    -0.003903     0.008553     0.017707    -0.001583    -0.025157
     0.008928    -0.000573     0.000083    -0.012924     0.015752    -0.025167    -0.000399     0.006383
    -0.005499     0.000000     0.000000     0.000000     0.000000     0.000000     0.000000     0.000000
     0.000000     0.000000     0.000000     0.000000
    -0.210006    -0.022736     0.098466    -0.000355    -0.001962    -0.006977     0.027778    -0.082621
    -0.086628     0.000316    -0.003903     8.247023    -0.258680     0.845117     0.050410     0.018355
     1.294422     0.326607     0.211616    -0.175535     0.320996    -0.045196     0.024666     0.053647
     0.012941     0.000000     0.000000     0.000000     0.000000     0.000000     0.000000     0.000000
     0.000000     0.000000     0.000000     0.000000
    -0.026621     0.159335    -0.067352     0.002379     0.005864     0.004754     0.001002     0.025488
     0.033949    -0.000996     0.008553    -0.258680     6.128912     0.535084     0.030340     0.169405
     0.706018     0.048147    -0.183003    -0.145021    -0.232019    -0.028549    -0.024849     0.010960
    -0.009922     0.000000     0.000000     0.000000     0.000000     0.000000     0.000000     0.000000
     0.000000     0.000000     0.000000     0.000000
    -0.033728    -0.019327     0.098181    -0.000924     0.000873     0.011984     0.115134    -0.081828
    -0.101877    -0.003077     0.017707     0.845117     0.535084     5.494302    -0.025382     0.078680
     0.591248     0.001917     0.024314    -0.423876     0.202853     0.064906    -0.026303     0.036919
     0.045163     0.000000     0.000000     0.000000     0.000000     0.000000     0.000000     0.000000
     0.000000     0.000000     0.000000     0.000000
    -0.000598     0.002805     0.005082    -0.000698    -0.000179    -0.001157     0.002765     0.000039
    -0.000158    -0.001810    -0.001583     0.050410     0.030340    -0.025382     5.979756     0.042906
    -0.160770    -0.008851    -0.006618    -0.013638     0.015230     0.017177     0.001969     0.000855
    -0.000488     0.000000     0.000000     0.000000     0.000000     0.000000     0.000000     0.000000
     0.000000     0.000000     0.000000     0.000000
    -0.002523    -0.009576     0.010321    -0.001315    -0.001713     0.054626    -0.048516     0.001215
    -0.002850     0.000533    -0.025157     0.018355     0.169405     0.078680     0.042906     6.109654
     0.162429     0.005049     0.008859    -0.013219    -0.051447     0.035456    -0.004705    -0.024757
    -0.010779     0.000000     0.000000     0.000000     0.000000     0.000000     0.000000     0.000000
     0.000000     0.000000     0.000000     0.000000
    -0.013844    -0.013418    -0.017156     0.001603    -0.000453     0.004980     0.020112    -0.029775
    -0.018004     0.006456     0.008928     1.294422     0.706018     0.591248    -0.160770     0.162429
     3.201387     0.110488     0.731493    -0.402640    -0.112649    -0.077419    -0.011715     0.032437
    -0.020427     0.000000     0.000000     0.000000     0.000000     0.000000     0.000000     0.000000
     0.000000     0.000000     0.000000     0.000000
    -0.001419    -0.000715     0.001568     0.000402     0.000360    -0.001561     0.003558    -0.003135
    -0.002228    -0.000325    -0.000573     0.326607     0.048147     0.001917    -0.008851     0.005049
     0.110488     0.587249    -0.021598     0.026119     0.006594    -0.002836     0.001097     0.002378
     0.001207     0.000000     0.000000     0.000000     0.000000     0.000000     0.000000     0.000000
     0.000000     0.000000     0.000000     0.000000
    -0.001338    -0.002332    -0.002926     0.000496    -0.001694     0.000644    -0.002439     0.000555
     0.005072     0.003055     0.000083     0.211616    -0.183003     0.024314    -0.006618     0.008859
     0.731493    -0.021598     1.187321     0.016318    -0.024024    -0.009632     0.001666     0.001997
    -0.005737     0.000000     0.000000     0.000000     0.000000     0.000000     0.000000     0.000000
     0.000000     0.000000     0.000000     0.000000
    -0.025635     0.001224     0.030252    -0.000733    -0.001529    -0.029593     0.004562    -0.035083
    -0.034746    -0.000329    -0.012924    -0.175535    -0.145021    -0.423876    -0.013638    -0.013219
    -0.402640     0.026119     0.016318     1.150252     0.031815    -0.024677     0.017897     0.009532
     0.010887     0.000000     0.000000     0.000000     0.000000     0.000000     0.000000     0.000000
     0.000000     0.000000     0.000000     0.000000
    -0.109126     0.003079     0.189610     0.001482     0.005548     0.001407     0.118631    -0.229247
    -0.221390    -0.002570     0.015752     0.320996    -0.232019     0.202853     0.015230    -0.051447
    -0.112649     0.006594    -0.024024     0.031815     1.011516     0.240637     0.002340     0.095224
     0.039199     0.000000     0.000000     0.000000     0.000000     0.000000     0.000000     0.000000
     0.000000     0.000000     0.000000     0.000000
    -0.072629     0.103280    -0.840857    -0.009086    -0.039966    -0.048010     0.966647     0.184069
     0.254217     0.033132    -0.025167    -0.045196    -0.028549     0.064906     0.017177     0.035456
    -0.077419    -0.002836    -0.009632    -0.024677     0.240637    -2.628507     0.132987     0.115670
     0.565313     0.000000     0.000000     0.000000     0.000000     0.000000     0.000000     0.000000
     0.000000     0.000000     0.000000     0.000000
    -0.043332    -0.013369    -0.005464    -0.000039     0.001677     0.009203    -0.464693    -0.043650
    -0.061754    -0.007004    -0.000399     0.024666    -0.024849    -0.026303     0.001969    -0.004705
    -0.011715     0.001097     0.001666     0.017897     0.002340     0.132987     6.587598     0.109479
     0.277481     0.000000     0.000000     0.000000     0.000000     0.000000     0.000000     0.000000
     0.000000     0.000000     0.000000     0.000000
    -0.108283     0.007036     0.134171     0.003655     0.001542    -0.022663     0.121512    -0.202630
    -0.172051     0.001526     0.006383     0.053647     0.010960     0.036919     0.000855    -0.024757
     0.032437     0.002378     0.001997     0.009532     0.095224     0.115670     0.109479     0.429550
     0.049317     0.000000     0.000000     0.000000     0.000000     0.000000     0.000000     0.000000
     0.000000     0.000000     0.000000     0.000000
    -0.059852     0.000455     0.203399     0.001421     0.005601     0.008209     0.297895    -0.165450
    -0.170428    -0.006013    -0.005499     0.012941    -0.009922     0.045163    -0.000488    -0.010779
    -0.020427     0.001207    -0.005737     0.010887     0.039199     0.565313     0.277481     0.049317
     0.674822     0.000000     0.000000     0.000000     0.000000     0.000000     0.000000     0.000000
     0.000000     0.000000     0.000000     0.000000
     0.000000     0.000000     0.000000     0.000000     0.000000     0.000000     0.000000     0.000000
     0.000000     0.000000     0.000000     0.000000     0.000000     0.000000     0.000000     0.000000
     0.000000     0.000000     0.000000     0.000000     0.000000     0.000000     0.000000     0.000000
     0.000000     0.478325    -0.534328     0.311775     0.082009     0.185091    -0.049910     0.025083
     0.000975     0.075185     0.273520    -0.084490
     0.000000     0.000000     0.000000     0.000000     0.000000     0.000000     0.000000     0.000000
     0.000000     0.000000     0.000000     0.000000     0.000000     0.000000     0.000000     0.000000
     0.000000     0.000000     0.000000     0.000000     0.000000     0.000000     0.000000     0.000000
     0.000000    -0.534328     1.861013    -0.422063     0.110169     0.039300    -0.226506     0.021363
     0.022381    -0.000996    -0.077478     0.026971
     0.000000     0.000000     0.000000     0.000000     0.000000     0.000000     0.000000     0.000000
     0.000000     0.000000     0.000000     0.000000     0.000000     0.000000     0.000000     0.000000
     0.000000     0.000000     0.000000     0.000000     0.000000     0.000000     0.000000     0.000000
     0.000000     0.311775    -0.422063     1.689202    -0.052334    -0.044057    -0.349572    -0.025208
    -0.014835    -0.015839    -0.062117     0.024734
     0.000000     0.000000     0.000000     0.000000     0.000000     0.000000     0.000000     0.000000
     0.000000     0.000000     0.000000     0.000000     0.000000     0.000000     0.000000     0.000000
     0.000000     0.000000     0.000000     0.000000     0.000000     0.000000     0.000000     0.000000
     0.000000     0.082009     0.110169    -0.052334     1.119956    -0.131962     0.110300     0.089995
     0.025458     0.153803     0.310197    -0.095600
     0.000000     0.000000     0.000000     0.000000     0.000000     0.000000     0.000000     0.000000
     0.000000     0.000000     0.000000     0.000000     0.000000     0.000000     0.000000     0.000000
     0.000000     0.000000     0.000000     0.000000     0.000000     0.000000     0.000000     0.000000
     0.000000     0.185091     0.039300    -0.044057    -0.131962     0.471984    -0.391835     0.036609
     0.021371     0.094110     0.232833    -0.072935
     0.000000     0.000000     0.000000     0.000000     0.000000     0.000000     0.000000     0.000000
     0.000000     0.000000     0.000000     0.000000     0.000000     0.000000     0.000000     0.000000
     0.000000     0.000000     0.000000     0.000000     0.000000     0.000000     0.000000     0.000000
     0.000000    -0.049910    -0.226506    -0.349572     0.110300    -0.391835    10.381436     0.417920
     0.245495    -0.054742     3.460727    -1.304128
     0.000000     0.000000     0.000000     0.000000     0.000000     0.000000     0.000000     0.000000
     0.000000     0.000000     0.000000     0.000000     0.000000     0.000000     0.000000     0.000000
     0.000000     0.000000     0.000000     0.000000     0.000000     0.000000     0.000000     0.000000
     0.000000     0.025083     0.021363    -0.025208     0.089995     0.036609     0.417920     1.452838
     0.691231     0.729989     0.241504    -0.096310
     0.000000     0.000000     0.000000     0.000000     0.000000     0.000000     0.000000     0.000000
     0.000000     0.000000     0.000000     0.000000     0.000000     0.000000     0.000000     0.000000
     0.000000     0.000000     0.000000     0.000000     0.000000     0.000000     0.000000     0.000000
     0.000000     0.000975     0.022381    -0.014835     0.025458     0.021371     0.245495     0.691231
     2.062250    -0.073481     0.151604    -0.036677
     0.000000     0.000000     0.000000     0.000000     0.000000     0.000000     0.000000     0.000000
     0.000000     0.000000     0.000000     0.000000     0.000000     0.000000     0.000000     0.000000
     0.000000     0.000000     0.000000     0.000000     0.000000     0.000000     0.000000     0.000000
     0.000000     0.075185    -0.000996    -0.015839     0.153803     0.094110    -0.054742     0.729989
    -0.073481     1.641133     0.106935    -0.030044
     0.000000     0.000000     0.000000     0.000000     0.000000     0.000000     0.000000     0.000000
     0.000000     0.000000     0.000000     0.000000     0.000000     0.000000     0.000000     0.000000
     0.000000     0.000000     0.000000     0.000000     0.000000     0.000000     0.000000     0.000000
     0.000000     0.273520    -0.077478    -0.062117     0.310197     0.232833     3.460727     0.241504
     0.151604     0.106935     1.960181    -0.567710
     0.000000     0.000000     0.000000     0.000000     0.000000     0.000000     0.000000     0.000000
     0.000000     0.000000     0.000000     0.000000     0.000000     0.000000     0.000000     0.000000
     0.000000     0.000000     0.000000     0.000000     0.000000     0.000000     0.000000     0.000000
     0.000000    -0.084490     0.026971     0.024734    -0.095600    -0.072935    -1.304128    -0.096310
    -0.036677    -0.030044    -0.567710     0.361087
