    1    1,1    
    4.596148348494491e-03   -1.728690779020636e-02    6.158728029098216e-02   -8.785866548025544e-02   -4.363867790835631e-02    3.822241089977185e-02    5.980538023088770e-02   -6.090787171858953e-03   -9.797880504705975e-03
    1    1,2    
   -4.930683471791231e-02   -1.577632313564525e-01   -2.382239475694023e-01   -1.087757553396616e-01    4.241033865352825e-02    1.375106450370455e-01   -1.138435305706825e-01   -5.720271330724387e-02    7.304325660432209e-02
    1    1,3    
    9.355859031897973e-02    1.005797466566688e-02   -5.862252907459147e-02   -7.291412408016770e-02    2.970304375274060e-02   -2.491635405362983e-02   -3.843000502613169e-02    1.807219255467767e-02    1.933514452783193e-02
    1    1,4    
    8.207969722823215e-03    3.030724462049087e-02   -3.680366499917081e-02    2.206868989198966e-02   -9.278741894921656e-03    9.874394301193905e-03   -1.282402460819157e-02   -2.829499585373712e-02    6.638808697386648e-03
    1    1,5    
    1.040596492042670e-02    3.327148759164868e-02    2.169965675026955e-02    3.172853749769371e-02   -2.291337709720352e-03    3.779238406561513e-03    1.030833882358417e-02    1.471562994258985e-02    1.357531455451472e-02
    1    1,6    
   -2.759435235256254e-02   -4.661836010140521e-02   -6.244441220319101e-02    3.986778305892824e-02   -2.918677052424612e-02    8.084474688397099e-03   -3.104979850405022e-02    1.054679241755298e-02   -2.935462905600324e-02
    1    1,7    
    1.251360672737500e-01   -2.912452280758815e-02   -3.566766756251764e-01   -4.846913165977935e-02    3.616639494867738e-02    2.248621954174159e-03   -1.537654791249632e-01   -5.479097994644137e-02   -6.532095648043640e-02
    1    1,8    
    7.090009006249962e-02    1.484314599991539e-01    1.074412423057956e-02    5.698903179318010e-02    6.105589751676151e-03   -6.872156154347334e-03    2.110133869313737e-01   -7.803592491577198e-02   -8.416624234143515e-02
    1    1,9    
   -5.806677395294586e-02   -3.568737133193854e-02   -3.232130364362527e-02   -2.585568148846815e-02   -4.186867075173332e-02    8.721304035091773e-02    1.832467560888287e-02    3.224726348889837e-02   -4.017707365293391e-02
    1    1,10   
   -5.705865614927297e-02    4.347638841256915e-02    1.916521463176471e-01   -2.422413987924555e-03   -2.796767194254536e-02    3.394846625162227e-02    9.763601676655512e-02    5.736073558725166e-02   -2.256702297468136e-02
    1    1,11   
   -5.168553990103808e-03   -7.612466273391906e-02   -2.765788624926268e-02   -3.059495870860459e-02    3.924400139057126e-03   -5.126969863519516e-03   -7.063184186477588e-02    5.343953213421791e-02    1.382101263513544e-02
    1    1,12   
    1.697708859364050e-02   -7.104169435676004e-03   -2.689503053532545e-02   -2.719378445600236e-02   -1.869266036559396e-03   -1.500674540680669e-02    1.174754510094040e-01   -5.879293826506338e-02   -8.516844399472906e-02
    1    1,13   
   -2.313459787380103e-01    5.373294174345632e-02    1.630978952522902e-01   -1.250188693690289e-01   -1.038938394848534e-01    2.430389662454183e-01    8.826523879179428e-02    6.400176905567770e-02   -5.291685186930928e-02
    2    1,1        1,1    
   -3.019256297174715e-01    1.861810517629541e-01   -2.484650191426243e-01   -6.198125380844341e-02    3.590597136844980e-02   -2.987315273032725e-01   -3.462202063113369e-03    1.629245899913255e-01    9.106381679379917e-02
    2    1,2        1,1    
   -5.118104922858745e-02    4.888804761970505e-02    1.131602720614373e-02    3.323220877225892e-02    6.380907199178294e-02   -4.269185434194565e-03   -1.245833622898626e-02   -3.493676035664284e-02   -2.026895562079786e-02
    2    1,3        1,1    
    1.737349615193342e-01   -9.330423053334033e-02    1.734280400678850e-01    6.250987462427000e-02    1.542348867992049e-01    2.487672449670404e-01   -1.246370758570255e-01   -1.261322795280650e-01   -1.769089838448793e-01
    2    1,4        1,1    
    1.689520900207939e-02   -2.676056317137342e-03   -1.807544421181588e-02   -8.773602972024844e-03   -2.781503356600835e-02   -6.161940030108171e-02   -1.024298148459649e-02   -3.966539877451732e-02   -6.739532250025275e-02
    2    1,5        1,1    
    2.062857059863337e-02    6.165517904942446e-02   -4.565842971990757e-02   -1.484978075318599e-02    3.730826491601636e-02    3.999457190245165e-02    4.631431206142348e-03    5.076327648159812e-02   -3.638200219368080e-02
    2    1,6        1,1    
   -3.280718146182439e-03   -5.472039599325655e-03   -2.043412448062117e-02   -5.939708377952437e-02   -2.391553720348898e-02   -3.016374793988715e-02   -1.140524835755176e-02   -3.788179442096061e-02   -3.522957396466232e-02
    2    1,7        1,1    
   -3.694657449341733e-02   -2.894139674855511e-02   -1.009415300742400e-04   -1.857524174863997e-02    3.246783876875193e-02    6.384885567870355e-02   -2.190510230477980e-02   -8.301223606118642e-02    1.910098956293752e-02
    2    1,8        1,1    
    3.082585394958901e-02   -1.856113103754263e-02    2.081412025063876e-02   -3.114693778376663e-02   -3.449755768397152e-02   -9.975022400016943e-03    3.916111609928864e-02   -1.627503238541314e-02    9.690844599296105e-03
    2    1,9        1,1    
   -3.473175338631316e-01    2.372109974873525e-01   -4.085563282650220e-01   -1.429799895426297e-01    7.644672108123789e-02   -4.609783240361529e-01   -2.945287907880996e-02    1.551690713707998e-01    2.127511708671923e-01
    2    1,10       1,1    
   -3.126082883318612e-01    2.055929159900544e-01   -2.349806057870443e-01   -1.539371542186350e-01   -1.265746407637328e-01   -3.978315251307227e-01    2.162784378347540e-01    2.282036982470259e-01    2.507264351712185e-01
    2    1,11       1,1    
    2.015143039714166e-02    1.830266552462428e-02    9.529701461126272e-02    5.676972381951507e-03   -2.887397393324994e-02   -1.865648143333625e-02    8.385500198318363e-02    1.457281593549821e-02    6.241503709594479e-02
    2    1,12       1,1    
    3.416303936116664e-03   -6.952530766813319e-03   -9.653234066622014e-02    2.376569909775603e-03    8.638732170604060e-02    5.654521866330965e-02   -5.177585738445710e-02   -4.848010822485594e-02    2.905637095184670e-03
    2    1,13       1,1    
   -6.063064152331522e-02    6.085231173100943e-02   -1.986550418910422e-03   -6.877430383192533e-02    8.514438391512561e-03    8.404388458926917e-02   -1.422064477963006e-02   -2.335289024857236e-02   -1.092973373170091e-02
    2    1,2        1,2    
   -1.176523336373426e-01    1.482188196908707e-01   -5.623563273952734e-01    4.439800427034109e-02    3.468928855763911e-01   -1.762999333974186e-01   -3.153690063068655e-01    2.328656227815804e-02    1.197558752384351e-01
    2    1,3        1,2    
   -3.907759985805634e-02   -4.270349337980205e-02    8.065545032417604e-02   -3.007631833371392e-02    5.137339867513256e-03   -4.672406394083860e-02    6.086010038936138e-02    4.226801310803609e-02    3.018470264213406e-02
    2    1,4        1,2    
    4.668828807230089e-02   -4.360079529452745e-03    5.653529950108013e-02    1.004236168024158e-02   -6.183136246086230e-02    6.994513484533813e-03    8.708327896710921e-02    2.971850768448331e-02    2.374739523670616e-02
    2    1,5        1,2    
    3.979927834096730e-02    1.613177542932538e-02    5.397887924931630e-02    5.549284023061535e-03   -6.281337148802597e-02    4.858614056186750e-03    8.559351301068732e-02   -4.387848791367727e-02    5.197190634750930e-02
    2    1,6        1,2    
    2.576780556560187e-03    3.610261021297956e-03    1.102581561053885e-01   -1.293104663717188e-02   -1.713131487550316e-02   -4.797276964081445e-02    3.026019656443894e-02    2.258191506529333e-02   -1.803426591234251e-02
    2    1,7        1,2    
   -3.142654283828677e-02    2.749013622680719e-02   -1.019628096707057e-01   -4.011986458710359e-02    3.408616629996353e-02    4.602091825786387e-02   -3.276820504236926e-02    7.446602935171125e-02   -1.208024744834967e-02
    2    1,8        1,2    
    6.574619385743543e-03   -7.832606842698117e-02    1.312109507016520e-01    2.552110784971590e-02   -9.095088862369466e-02   -6.980597926091106e-02    5.699229250707867e-02   -9.815131724417335e-03    7.632709223137226e-03
    2    1,9        1,2    
   -5.517441308554511e-02   -1.678896217107286e-02   -3.057913317666967e-02    5.796974552653945e-02    1.331370598030877e-01   -1.328120303417957e-02   -2.685347744720252e-02   -8.883056913406101e-02   -9.512032673720588e-02
    2    1,10       1,2    
    9.943310231548523e-02   -1.991175092194006e-02    3.845696366142360e-02   -2.031151366796791e-02   -5.756379918736790e-02    6.576526852974095e-02    5.013450801608840e-02   -4.885139487525319e-02    3.858417262751725e-02
    2    1,11       1,2    
    3.977187936504277e-02    9.600172509200674e-03   -1.264625740136852e-01    1.381200172090337e-02    3.358520219545656e-02   -2.979932403537672e-03   -7.524241801516640e-02   -2.460932572605461e-02   -1.399298994027712e-02
    2    1,12       1,2    
    1.781726828216544e-02    2.822092591295756e-02    8.105532098379659e-02   -5.626619539424298e-02   -8.151005506093097e-02    1.691026321187320e-02    4.133461857566961e-02   -3.213896632195753e-02    6.575856990706998e-02
    2    1,13       1,2    
    1.583287474644773e-02    3.104668389642975e-03    2.019077136261170e-02    4.183936094795111e-02   -7.485373642528040e-02    3.897131159052186e-02   -2.000342749837388e-02    9.491224403876458e-03    2.709664970492263e-02
    2    1,3        1,3    
   -2.346421819449722e-01    1.349758597801985e-01   -2.261888704625097e-01   -2.827308865587280e-02   -4.614283685182537e-02   -2.985309804971450e-01    6.230368176404835e-03    1.226282270748781e-01    1.246936267576906e-01
    2    1,4        1,3    
   -2.833077886981106e-02    2.180919255798545e-02    5.974634124610748e-02   -6.095957783893290e-02   -2.351744230667064e-02    1.338375130582749e-04   -8.292091269808257e-03   -2.552016701445246e-02   -5.167876042364652e-02
    2    1,5        1,3    
   -2.454644388127955e-02   -1.425056389311609e-02    4.492734825472706e-02    1.696025948100493e-02   -3.247959703974548e-02   -1.254109412692595e-02    5.297245488091498e-02    3.911537903339888e-03   -3.994535479173413e-02
    2    1,6        1,3    
    1.032457940882915e-02    1.230358945386037e-02    6.942083550593289e-02   -5.639485534913591e-02   -1.786590019240270e-03   -2.344965251924771e-02    1.523003116962004e-02   -1.678859519288022e-02   -6.376938547761277e-02
    2    1,7        1,3    
   -2.266615145161018e-02    1.886816717378703e-02    6.465887926513392e-02   -9.267268820124726e-02   -1.420811067547650e-01    3.191254091315071e-02    8.302168724959663e-02    8.004293072357785e-02    2.399400502742555e-02
    2    1,8        1,3    
   -5.575731913445606e-02    1.002059427553346e-02   -5.277724429186206e-02    1.407211383259403e-02    7.307293424040524e-02   -5.460719744314079e-04   -1.210354727601468e-02   -5.908526666088852e-02   -3.034675021211865e-02
    2    1,9        1,3    
    2.767111929413289e-01   -1.552947555107229e-01    1.944303123973009e-01    1.555251288679105e-01    1.550076481383561e-01    3.654839851148161e-01   -8.967853629430772e-02   -1.616215631139530e-01   -2.486556500837123e-01
    2    1,10       1,3    
    3.464550895661778e-01   -2.568561227445722e-01    2.956891150877531e-01    1.185305618184310e-01    9.723521211985252e-02    3.919206191320642e-01   -1.293065626943107e-01   -1.232937851405804e-01   -1.060415313996760e-01
    2    1,11       1,3    
    9.890069109822548e-03   -3.537608188843421e-02    7.671882179765324e-02   -5.503672389040634e-02    4.529989399340262e-02    1.878391202905361e-02    4.157950166255866e-02    3.218042718356756e-02    5.221725853057996e-02
    2    1,12       1,3    
   -7.492678574560509e-02   -4.803181585481400e-02   -3.840869709470260e-02   -1.704051429580624e-02    1.515036749172702e-02   -1.883184559984989e-02    1.950421590310467e-02   -2.897907369093096e-02    1.798015125108731e-02
    2    1,13       1,3    
   -7.003610126616015e-02    3.097169890596264e-02    3.123364131202996e-02   -4.397770358890031e-02   -3.152989698367299e-02    1.119692366829329e-02   -8.440104446049797e-02    1.190480137536862e-02   -5.942886679141054e-02
    2    1,4        1,4    
   -4.803032770765938e-02    8.005570181786954e-02   -1.246567096902319e-01    3.708078101457516e-02   -2.339566479507499e-02   -4.424842140943879e-02    1.490627058283063e-02    4.777600777439399e-02   -1.020913431900903e-02
    2    1,5        1,4    
    8.374885593637547e-03   -1.044294554443027e-02   -1.208576825749157e-02    2.108730504398055e-02   -4.319855655839400e-02   -4.709868858746388e-02   -6.779583723134164e-02   -1.484300933201917e-02   -2.173618816148328e-02
    2    1,6        1,4    
    2.126264618288470e-02    1.551274629098028e-02    2.805031904583183e-02   -6.894541644499048e-02    4.632518685905632e-03    5.721044248373918e-04    4.552212453049372e-02    1.658495855854072e-02   -5.036765872330131e-02
    2    1,7        1,4    
    1.066978900696715e-02   -1.815547768244376e-02    6.991250804915709e-02   -6.342415324874963e-02    4.228098055433611e-02   -4.574966295456962e-03    6.586608139430546e-02    1.656818406094120e-02    2.222102267137036e-02
    2    1,8        1,4    
   -9.336651324034800e-03    1.165294646518686e-02    1.553821030214651e-03    9.841516654999681e-03    3.163625884362498e-02   -2.130753936200499e-02   -1.569101115056554e-02   -3.094523753799326e-03   -2.225532961911498e-02
    2    1,9        1,4    
   -1.774566054889835e-02    1.283365111561472e-03    9.034912628653509e-02    3.196901338846844e-02    2.155912453730550e-02   -1.550359933693781e-02   -9.318199693028365e-03    1.790636700143864e-02    6.263618276261297e-02
    2    1,10       1,4    
    5.427385560304102e-03   -3.732283085264364e-02   -2.992955350914360e-02   -3.917768127634006e-02   -2.291517337291078e-02    2.512803927966325e-03   -4.408852475834930e-02    3.215670240794086e-03    2.107061775475901e-02
    2    1,11       1,4    
    1.392391104846043e-02    3.046955573610358e-02    4.299107427277361e-02   -3.756460174988558e-02    3.064209331689992e-03    5.213344502677045e-02    6.503317259789716e-02    4.970104940244435e-02    8.768019726121514e-03
    2    1,12       1,4    
    2.151011600579487e-02   -2.816965115482191e-02    7.079678142390083e-02   -6.958670027444414e-02   -4.041583198628233e-02   -3.948863565007535e-02    2.707814328726722e-02   -1.121495527521020e-02   -2.893562278725411e-02
    2    1,13       1,4    
    1.926758169655884e-02   -5.310030813092623e-03   -3.147430540104041e-02    5.627375838087179e-02   -2.984882129198972e-02   -5.863705083853276e-02   -3.664621074313427e-02   -6.686520693358894e-02   -6.640693609116005e-03
    2    1,5        1,5    
   -1.137458258443432e-01    3.653054255924319e-02   -1.194272344190341e-01   -1.474221038885751e-02    5.386950684265069e-02   -7.354255648145110e-02   -7.188282591765625e-02   -1.347408127887985e-04    2.273729825360228e-02
    2    1,6        1,5    
   -4.541606314868393e-02   -4.715425314821307e-02    1.195021946334598e-02   -5.133180283230915e-02   -2.511436242739399e-02    1.904683566853986e-02   -4.504990845101921e-02   -1.311521821219473e-02    2.738505394303634e-02
    2    1,7        1,5    
   -6.130113548991006e-02    4.035445644157788e-02    4.054531651078812e-02    4.617506671328243e-02    4.211426185950749e-02   -1.084091589458638e-02   -2.452776515966886e-02   -4.553425018131139e-02    9.200496276259570e-03
    2    1,8        1,5    
   -6.705056922008726e-02   -2.685416263753516e-02   -5.530209074251333e-02   -2.109506673028558e-02    3.783749545740981e-02    1.669920356869506e-02    1.364592807890965e-02   -4.862765740302670e-02   -5.728415048010692e-02
    2    1,9        1,5    
    6.901248946443003e-02    1.847835942101319e-02    1.975362912752745e-02   -8.576308719574875e-02   -2.084145217711725e-03    5.471678875085807e-02    9.952999370847872e-02    7.522346038267816e-02   -1.469050011608402e-02
    2    1,10       1,5    
   -2.505576782922369e-02    3.301139078972450e-02   -1.269132005820435e-02    7.863113619300942e-02    1.141226904644707e-01   -6.038327209012434e-02   -1.135639284367900e-01    4.406068128197972e-02   -4.876624727888999e-02
    2    1,11       1,5    
   -2.252293502931153e-02   -2.884071295137690e-03   -1.678235265954572e-02   -3.858204267324841e-02    1.891871851877718e-03    4.729976494035093e-02   -5.131405359848407e-02    3.868224840801092e-02    1.687822525812965e-02
    2    1,12       1,5    
   -3.223578417236098e-02    1.938205586507427e-02    3.489649089137360e-02    2.432516103647372e-02   -7.674831654585382e-02    6.268219115787983e-02    6.326351167793463e-02   -3.909142927226642e-02    3.892070842911322e-02
    2    1,13       1,5    
    1.528467139198494e-02    2.421122673121006e-02    5.101871377141499e-02    6.489664360876877e-03    4.850428048056229e-02   -3.054745978153204e-02   -4.358606586098573e-02    7.008313085688987e-02    1.675693169940357e-03
    2    1,6        1,6    
   -9.657515771396487e-02    7.676573042047480e-03   -1.179315743851808e-01   -5.852700622823226e-02    2.763458876793247e-02   -3.520694368179089e-02   -3.545063519681489e-02    4.717272774026941e-02    2.545456020710097e-02
    2    1,7        1,6    
   -2.760366530089441e-02   -4.270079503337573e-02   -8.055736012628770e-03   -3.387570054867832e-02   -4.622584290037129e-02    1.826512864566122e-02   -3.398044218322747e-03    1.654512810727183e-02   -1.104253868682431e-02
    2    1,8        1,6    
   -5.707417938077839e-02    1.712812448568510e-02   -1.497147682226437e-02    2.177208236829363e-02    5.819238129966457e-02    5.988459216283826e-03   -8.170825831571545e-02    1.185803490291724e-02    6.448992049296034e-03
    2    1,9        1,6    
    3.052689824900764e-02   -5.486375186984033e-02    8.301444856648663e-02   -5.995790381478634e-02   -9.443018536619430e-02   -2.900218107260771e-02    2.266241368651381e-02    9.065618308719492e-02    6.420236209009540e-03
    2    1,10       1,6    
   -2.495119829725031e-02    8.243564798782087e-02   -1.288972822889833e-01    5.146406355614576e-02   -2.812031155867854e-02    3.450915105050797e-02   -2.888947302049330e-03    2.369372985948050e-04   -8.360921667606022e-02
    2    1,11       1,6    
   -2.982527972173575e-02    1.891987894535000e-02   -3.857194159048404e-02    2.639306075704543e-02    4.809088696991963e-02    4.754059101338386e-02   -3.975110687373583e-02    3.047447933161632e-02    4.235070648295561e-02
    2    1,12       1,6    
    4.267431504631856e-02   -3.102864221364583e-02    6.514724778415364e-02   -1.422133549192839e-02   -5.085274315726988e-04   -9.854170768567611e-02   -2.201699778366042e-02   -9.487238243590687e-04   -1.295890399059756e-02
    2    1,13       1,6    
    4.555196773192447e-02   -5.758701963322961e-02   -3.168109151581644e-02    2.124119519510899e-02   -4.110032000763773e-02   -4.907818783042429e-02   -7.334198382815982e-02   -2.100585351658098e-02    5.626404581257367e-02
    2    1,7        1,7    
   -6.458018471230764e-02    8.233002864669947e-02   -3.852711105655259e-01    1.478120824332474e-02    1.168871439922435e-01   -1.418589863365932e-01   -6.441837732517412e-02    5.798476100397446e-02    8.226630594063304e-02
    2    1,8        1,7    
    5.569292039663950e-02   -2.418703890152316e-02    1.185583186826008e-01   -8.431169552236251e-02   -9.463718252388828e-02   -6.937944787718843e-03    4.951604933890957e-02   -1.426159712695686e-02    4.547613789651198e-02
    2    1,9        1,7    
   -8.934169937921693e-02    5.964061732813242e-02   -6.384380789313763e-03    8.609955817987539e-02    1.490089615381208e-01    2.988580105924850e-02   -1.319213678787101e-01    2.313949558150556e-02   -7.097458766528009e-02
    2    1,10       1,7    
    7.145009245770019e-02   -7.223274493613267e-02    4.353489974832271e-02    4.275117055959082e-02    3.012422755618272e-02   -4.367513309658640e-02   -4.367778513946238e-02   -9.051217292068590e-03   -2.889766177198131e-02
    2    1,11       1,7    
   -5.875215624776074e-02    2.109331077851836e-02    2.937898550076146e-02   -2.819027753115067e-02    3.359193240507460e-02    4.433803726814661e-02   -2.534683120011623e-03    6.944928885995660e-02   -5.016793642639192e-02
    2    1,12       1,7    
    4.771980888111061e-03    3.969366718899780e-02   -8.003294845066294e-02    2.560241716610541e-02    1.854552125697789e-02    2.980942110396376e-02   -3.360725887841712e-02   -1.282673246228188e-02    2.416532956006454e-02
    2    1,13       1,7    
    1.835156043986371e-02    7.317225827116587e-03    2.370217223409027e-01    2.881713832230594e-02   -4.188313942582355e-02   -1.441663946704195e-02    1.300054389147338e-01    5.488662209727102e-02    9.001615716854307e-02
    2    1,8        1,8    
   -4.355929254139321e-02   -3.021520696419766e-02   -9.309664948524182e-03    5.880554135420159e-02    6.841670144150958e-02   -5.653148113079287e-02    5.845837698260668e-03    4.311871126084351e-03   -5.131406164052525e-02
    2    1,9        1,8    
   -5.225784398838440e-04    2.420421982200440e-02    4.054980096744580e-02   -2.697482913803038e-02   -1.064869803071890e-03   -2.068724974144767e-02   -2.416713167528707e-02   -4.871316253736360e-02    2.938848437184600e-02
    2    1,10       1,8    
   -7.343534458933387e-02    1.587524430613630e-02    1.240499896930074e-02    1.401551162494256e-02    3.562539254450476e-02   -3.033160952726835e-03   -6.109014133190952e-03    1.870014999388203e-02   -9.462262003442234e-02
    2    1,11       1,8    
   -5.904439072150582e-03   -5.864033617002228e-02    1.650869030180963e-02   -6.806616159847685e-02    1.185368818005601e-02    1.176961964401231e-02    5.000616556607246e-02    2.228901387135303e-02   -1.511990541364240e-02
    2    1,12       1,8    
    3.555110338265522e-04    2.199734862829554e-02    3.383750464815245e-02    1.330730546808470e-02    8.400100200816668e-02   -3.295559468214682e-02   -4.667449732066758e-02    4.154320134444168e-02    2.475129809335233e-02
    2    1,13       1,8    
   -2.323814427248697e-02   -6.182559853544930e-02    1.122601272984288e-01   -7.641447339151661e-03    2.031317866885032e-04   -5.449942046094979e-02    4.697116544250474e-02    6.854328415068342e-02   -6.111097215982282e-02
    2    1,9        1,9    
   -2.308251579806743e-01    1.880121024815591e-01   -2.728282490848037e-01   -7.647906938871897e-02    4.890041181918897e-02   -2.629557050247179e-01    1.809805656992695e-02    1.677543769238723e-01    1.570487543960096e-01
    2    1,10       1,9    
   -4.315145469973995e-01    2.649799151938304e-01   -2.793299768782766e-01   -2.031900589131952e-01   -1.657307953864061e-01   -5.921331153502758e-01    1.861208448537598e-01    2.683122694775787e-01    3.072529614600074e-01
    2    1,11       1,9    
   -4.319966782831802e-02   -4.359004750360629e-02   -3.635917494726355e-03   -2.368554647328717e-02   -7.723939546714885e-02    3.947100501658529e-02   -3.109069080222823e-02    7.530691309327557e-02   -4.431008613278263e-03
    2    1,12       1,9    
    5.061068649152410e-02    2.885504814038836e-02   -5.631955594776398e-02    2.578457339169694e-03    7.167665170964803e-02    1.079659987698816e-01   -7.496152621732404e-03    2.478196235861918e-02   -4.758551503557374e-02
    2    1,13       1,9    
    1.023793618785989e-01   -7.255082512535785e-02   -8.068921764060086e-02   -2.565230885632398e-03   -2.226599805926872e-02   -7.388881931694787e-02   -1.272128313274283e-02   -5.744253207964978e-02    7.933100839092030e-03
    2    1,10       1,10   
   -2.585477683273098e-01    2.099023127238550e-01   -2.209775248530916e-01   -5.861072441427014e-02   -1.152782681138376e-02   -3.509498734128303e-01    3.361459333655877e-02    1.576327153553412e-01    1.038337075612925e-01
    2    1,11       1,10   
   -2.845040792061466e-02    1.552139101355028e-02    3.109599377827965e-02   -2.412452425917389e-02    1.179525656149919e-02   -4.955306669674648e-02   -2.586027020673371e-02   -2.939913833817023e-02    2.581993135418769e-02
    2    1,12       1,10   
    1.878568966334554e-02   -2.463183313504043e-02    2.855228476344431e-02   -3.892856414126113e-02    9.085966052220090e-02    6.608524321985887e-02    7.029269804905959e-03    2.922566243350343e-02   -5.746400803318200e-02
    2    1,13       1,10   
   -2.122398098216864e-02    4.591888767121571e-02    6.029443282244049e-02    3.964084702397462e-03   -3.086792829398163e-02    1.538061006531498e-02    3.119515469205720e-02   -5.229302337499769e-02    2.756436640434873e-02
    2    1,11       1,11   
   -8.870455137442325e-02    5.378967721087918e-03   -4.341301614956999e-02    4.866087164278795e-02   -3.035477432520335e-02    1.540879282238354e-02   -8.977786880882925e-02    5.663159652383064e-02   -5.670109640761772e-02
    2    1,12       1,11   
   -2.248091110564407e-02    4.176462089567932e-02    6.192390734734462e-02    2.615508349893364e-02   -6.782058710426062e-02    4.533503964566644e-02   -9.712771845459999e-03    3.386314305552542e-02    2.769775421659229e-02
    2    1,13       1,11   
    4.382643888138318e-02   -2.510520723792503e-02   -4.201227167624495e-02    1.378147159144845e-02   -1.047435032388553e-02   -3.342647547296616e-02   -4.615906097147595e-02    9.782842802519582e-04    1.512480363474616e-02
    2    1,12       1,12   
   -2.839444176385761e-02    6.659104842023519e-02   -6.021800752943574e-02    9.236911214644865e-03    7.765408617547695e-02   -3.462815090354303e-03   -3.639525752913975e-02   -6.252599701675336e-03   -1.291710882177319e-02
    2    1,13       1,12   
    5.203104915679673e-02    9.992383811920568e-03   -3.094832848552638e-02   -1.318974969836425e-02   -2.504699493695452e-02    1.581757916263212e-03   -1.440106530215483e-02   -2.687762165723385e-02    5.123272074937663e-02
    2    1,13       1,13   
   -6.948168361175719e-02    4.616954078837581e-03   -9.044611728015912e-02   -4.852181054030932e-02    1.317044379931843e-02    4.339555421647898e-02   -5.288069301133522e-02   -3.946499891249191e-02   -8.730976206858920e-03
    2    2,1        2,1    
   -2.482931439688003e-03    6.243973630566272e-02    1.503608622344367e-02    1.552827145381195e-02   -1.656001347474618e-02    9.657207244639429e-03    2.123573626666187e-02   -8.788341635337767e-03   -1.316784688933227e-02
    2    2,2        2,1    
    1.826280175070832e-02    3.437977186251402e-02   -3.116865104262651e-02   -2.868622440546769e-02    4.003275985048364e-02    3.236506068687404e-02   -4.544207951208495e-02    3.749758578858049e-02    9.600695381766554e-03
    2    2,3        2,1    
    9.595188428740468e-03   -1.098020683933236e-02   -1.938816833396623e-02   -9.937367050220048e-03   -2.568522340868750e-02   -2.604299329227086e-02    4.005131931266297e-02   -5.228861578850764e-02   -3.585596102283799e-02
    2    2,4        2,1    
    2.949024045452172e-02   -7.228937575362679e-02   -8.462815895919329e-03   -4.601947188882518e-02   -4.735822946206632e-02    2.900061817801833e-03    4.078613488281908e-02    1.786465258425671e-02    1.073962205571515e-02
    2    2,5        2,1    
   -6.989218458299090e-03   -3.404409173162878e-02   -4.658292950453107e-03    1.881063681450582e-03   -5.221610840892101e-02    3.980846084587352e-03   -2.855120349094635e-03   -3.018246797668880e-02    6.693059695884014e-02
    2    2,6        2,1    
   -7.257874015747281e-04   -4.101533794938281e-02   -1.389223096048777e-02    5.653250053525217e-02    5.929654531900065e-03   -3.731380079810814e-02   -1.683641661034683e-02    9.231573562829332e-03   -9.681148164649786e-03
    2    2,7        2,1    
    1.346365559032097e-02    1.201163546236634e-02    3.117147149939892e-03   -3.582045174911928e-02   -5.309746734739866e-02    1.012426098698878e-02    5.922725863178476e-02   -6.962043624198863e-02   -1.549266972854459e-02
    2    2,2        2,2    
    7.156115041458734e-04   -4.860166038059604e-02    1.646934086130795e-02   -5.170239947490449e-02   -9.703487590689926e-03   -5.518467141374096e-02   -3.017076120798022e-02    2.398453677838586e-02   -6.472288705527288e-02
    2    2,3        2,2    
    7.159738361983212e-03    4.810694177783607e-02    1.203930119073660e-02    1.601107183053196e-02    1.648183986051775e-02   -2.151343605309768e-02    6.340297812785771e-03   -5.022670825881619e-04   -5.700727109401663e-02
    2    2,4        2,2    
   -2.682755259636255e-02    1.706733724730337e-02   -1.833194301951653e-02   -3.450525327191660e-02    4.050150540036410e-02   -5.061478174107435e-03   -3.507243596999012e-03   -3.968233045987418e-02   -4.668116610215266e-02
    2    2,5        2,2    
    1.580173292234633e-02    2.008435058297330e-02    2.222218449003479e-02   -3.591475535086194e-02   -3.740320760274752e-03    4.600402887723933e-02   -2.419026884187469e-02    3.840112691097117e-02    7.175037072269654e-02
    2    2,6        2,2    
    4.556006752325487e-02    1.231778660082246e-03    2.358802091387559e-02   -1.603318419561106e-02   -2.385119722261374e-02   -4.050353438351181e-02    3.158017175333503e-02    9.404313157344399e-03   -5.082071799506974e-02
    2    2,7        2,2    
    1.104230085019311e-02    1.891058982522365e-02    2.079343854761130e-04   -4.205532499408203e-02    6.436573001671472e-03   -9.515616306022791e-03    1.872524554138236e-02   -4.126611047116727e-02   -2.402256780375149e-02
    2    2,3        2,3    
    2.067321136134408e-02    7.459287164278740e-02   -1.471343491993288e-02   -1.497863918667260e-02   -1.215930171598305e-02   -2.174178795519183e-02    5.632517536572353e-03   -5.309854564845944e-02   -5.969935247549799e-02
    2    2,4        2,3    
   -1.337354929052235e-02   -2.916333754659025e-02    1.950306065909070e-02    1.225117614949164e-02    1.407297370948263e-02   -4.693525105311585e-02   -2.160867259070995e-02    1.639182607251237e-02   -4.348799839678956e-02
    2    2,5        2,3    
    2.958966940490125e-02    9.477372833865128e-03    5.483161457639143e-02   -1.039453910637918e-02   -4.130044190618131e-02   -4.202004009516441e-02    3.623994667316043e-02   -5.184253795109293e-02   -1.126285082248070e-02
    2    2,6        2,3    
   -5.071072384294870e-03   -3.303083778178627e-02   -1.875872679654067e-02   -4.471835565501794e-02   -5.232145184713623e-02    1.277571028511322e-03   -2.072447412346723e-02   -3.267996413936881e-02   -1.752023352042862e-02
    2    2,7        2,3    
    1.474953547583360e-02    1.981974756913094e-02   -5.843355968489495e-03    3.213083064307743e-03   -3.309705821391422e-02    2.984115160444972e-03    1.639678805164943e-02   -1.837202573035551e-02   -1.524419203654129e-02
    2    2,4        2,4    
   -2.411226368025073e-02    6.371638565552927e-03    4.536809047889302e-02    2.727361494085673e-02   -9.382291491359843e-03   -7.500815753232330e-02   -5.677703972641237e-02   -2.049754251720868e-02   -4.952542983527747e-02
    2    2,5        2,4    
    3.980564745623642e-02    1.551246280777810e-02   -2.068886257182671e-02    4.473435476227197e-02    1.146316739652007e-02    2.392760730286006e-02    6.360123695718507e-02    5.906039727976799e-02    1.925943294733357e-02
    2    2,6        2,4    
   -2.480947646441336e-02    1.670699078317788e-02   -5.292756400387860e-02    2.314155932924464e-02   -6.591858111575342e-02    4.794892551830206e-02    4.992269191312149e-02   -6.273551244711999e-02   -3.267901520278906e-02
    2    2,7        2,4    
    6.146383619249889e-03   -8.688548104500428e-03   -1.539308873825202e-03   -7.902471608961206e-03   -3.497534976796177e-02    7.029580895470135e-03   -2.142613992013454e-02    5.096769938781380e-02   -3.489607791533694e-02
    2    2,5        2,5    
   -6.033739270863192e-02    3.021263443763045e-03   -3.258831496659867e-02    2.793638619683935e-02   -3.065334126392443e-03    8.036102404515664e-03    1.260877101003116e-02   -5.983726258115515e-02   -3.308064197274418e-03
    2    2,6        2,5    
    6.282142806517158e-02    6.276798912126839e-03   -2.707703629378645e-02   -1.376934601276704e-02    6.977921017252746e-02   -6.707685359376337e-03    3.060216275057487e-02    8.122099438668899e-03    2.706165880031300e-02
    2    2,7        2,5    
   -8.099929530239344e-03   -4.620413456111699e-02    1.316845505849082e-02   -7.231380910289301e-02    6.599665266270272e-02    1.567476766145924e-02    4.073300243294239e-02    5.048473573188825e-02   -1.274182383742955e-02
    2    2,6        2,6    
    2.003344488672493e-02    3.442256039182863e-02   -2.588642702559969e-02   -5.059523382140226e-02   -5.280641643437748e-02    2.011024115387894e-02   -2.676735547755819e-02    4.221516061592814e-02   -6.569185056527055e-02
    2    2,7        2,6    
    4.496255636670201e-02    6.639262360182654e-02   -5.198840039837747e-03    3.540785585104766e-02    4.219109193349649e-02   -2.839275789910327e-02   -2.220300359649940e-02    3.696668602742944e-02   -1.512531827264099e-02
    2    2,7        2,7    
   -1.277476157323126e-01    3.169604184027998e-02   -2.110240418693938e-02    1.620146636505164e-01    1.455126204181539e-02    7.596227406042839e-02    1.355462055764849e-02   -1.250337966776914e-02    3.431900829938184e-02
    2    3,1        3,1    
   -5.772063124668968e-02    4.102844805167295e-02   -1.513115161328230e-01    1.844554513191140e-02   -3.762852123950632e-02   -1.261055403356763e-01   -3.610495075692716e-02    1.187073361127983e-01    3.007168933979302e-02
    2    3,2        3,1    
   -1.239269827685491e-02    8.593648474210814e-03    2.007594160564003e-02   -5.975569501100483e-02   -1.910684988358805e-02   -4.142217291291641e-02    5.050312944229433e-02   -1.796495482684730e-05    2.888417649515953e-02
    2    3,3        3,1    
    1.403921501119021e-02   -4.922416817886718e-02    2.542002159451092e-02   -4.515612305084083e-02    3.830517479492011e-02    2.726364531367775e-02   -2.056336085745897e-02    2.661425586854791e-02   -5.771173975801440e-02
    2    3,4        3,1    
    1.269950411484564e-02    5.332194985812982e-02   -7.620756895469834e-03   -3.412860456594936e-02   -3.086067800809824e-02    5.026610641759828e-02    2.948160807688863e-02   -5.757191739948756e-03   -5.633398033765352e-03
    2    3,5        3,1    
    5.042583865396631e-02   -9.246051218318738e-03   -3.352772083521729e-02   -2.098280488210124e-02   -1.848600400686774e-02   -9.793341401378121e-03   -1.887128983211181e-02    4.091709721416296e-02   -1.426524352024533e-02
    2    3,6        3,1    
    5.211707788774701e-03   -3.184647963369568e-02   -6.213757628258663e-02    3.540783768850959e-02   -3.359566797123863e-02    4.677216323915732e-03   -3.666187448211895e-02    1.867695347972963e-02   -3.006916510238288e-03
    2    3,7        3,1    
    1.205330718435360e-02    1.299797847883868e-03   -4.143524931696843e-02   -4.384308154375562e-02    4.522267053215447e-02   -8.133736204395825e-02   -4.355900292113866e-02    3.615198521380551e-02   -4.300411085574424e-02
    2    3,8        3,1    
    4.239581107162872e-02   -3.317165269611684e-02   -3.112603392532707e-02   -3.144586443386043e-02   -2.079923961855226e-02   -5.445486618485484e-02    1.064078238581383e-02   -9.052529930462532e-03   -3.109155039020505e-02
    2    3,9        3,1    
   -3.337245476722985e-02   -2.871517150727358e-02   -2.678139379457523e-02   -1.960368333518356e-02   -3.464278136483834e-02    1.166493456539511e-02    1.588765770349724e-02   -5.677612236432835e-02    5.094093434020146e-03
    2    3,10       3,1    
   -4.042308375897855e-02    1.179896336170572e-05    5.972487301595123e-02   -4.602809369205729e-02   -5.029432496840427e-02    5.582660731486990e-02   -3.718364430968714e-02   -1.397598378070139e-02    5.239043657191756e-02
    2    3,11       3,1    
   -3.726627654179657e-02   -4.781818346232992e-02    8.330401556895313e-02    1.610048396719374e-02   -5.798829194950796e-02   -1.995105219006124e-02    5.764155971861896e-02    3.589416887479181e-02   -4.839649095908225e-02
    2    3,12       3,1    
    2.724145962869045e-02    1.027588568860861e-02    7.018182714950930e-03    6.284572273077853e-02   -5.293586421572166e-03   -6.826377231129938e-02   -3.522971038305377e-02   -1.150885862754428e-02   -1.012079613155019e-02
    2    3,2        3,2    
   -5.791695564757572e-02    4.600960780935188e-02   -1.455887228309876e-01   -5.119854090641558e-02   -6.898407539875957e-02   -5.262427600051901e-02    7.436191339244724e-02    4.999261704653499e-02    7.800991987452498e-03
    2    3,3        3,2    
   -4.317649956083888e-02    3.578166798895298e-02    2.869533938303124e-02    2.032719761095769e-02    2.899779815841195e-03   -4.971040709403881e-02    1.207432615311214e-02    4.041080841894043e-02    3.699284445767836e-02
    2    3,4        3,2    
   -4.460440243903753e-02   -8.381397658813926e-03    4.279035229112398e-02   -4.097280866505625e-02   -3.839182059006520e-03    5.787051334626173e-03   -6.526141722038879e-02    5.316783250223820e-02   -2.465091818345789e-02
    2    3,5        3,2    
   -5.021141247637961e-02   -5.981925195285594e-02    5.393416387622772e-02    5.836939630759056e-02   -5.836429599277389e-02   -2.434621586379309e-02    4.958997858340135e-02   -3.147401294747242e-02    2.793336963329839e-02
    2    3,6        3,2    
    2.224980428691335e-02   -1.758560720943291e-03   -1.595034950355009e-02   -5.017799661805242e-02    4.635691984150880e-02    1.798015112130174e-02    3.405154129316625e-02   -1.371460747946900e-02    3.654735310201351e-02
    2    3,7        3,2    
   -3.651152131610539e-02    7.530371687302912e-03   -8.572558679665161e-02   -6.181194023331631e-02   -3.427636168621855e-02    8.065363986760530e-03   -2.543660507385340e-02    4.153726093143774e-03   -3.826690360401637e-02
    2    3,8        3,2    
   -3.384587790099415e-02   -1.306343596112875e-03    3.015993134026371e-02    3.080906136159879e-02   -1.135066971250911e-02   -2.482269103180558e-02   -4.548916757684468e-04   -4.028390819045670e-03   -4.575111571088061e-02
    2    3,9        3,2    
    8.389656433471478e-03    1.927995941910397e-04    3.889391967708301e-02    5.439693284459136e-02   -8.562567612534036e-03   -2.396661397283833e-02    4.718107159899012e-02   -1.176828844776247e-02    4.620050482997228e-03
    2    3,10       3,2    
    4.505519256344489e-02    1.522075860653859e-02    5.903801496839286e-02   -6.477269407870761e-03    4.847344573612879e-02   -2.190514182591759e-02    6.863775552401652e-02   -4.201833384080397e-02    6.267752489682456e-02
    2    3,11       3,2    
   -8.115476492319645e-03   -2.442840738831260e-02    1.869592005984196e-02   -1.888042565289159e-02    1.385717897368743e-02    3.663702655314714e-02    5.356110727781346e-02   -8.136914893963551e-03    2.906906027305566e-02
    2    3,12       3,2    
    3.367926177245807e-02    1.187984058747401e-02   -4.752979538972296e-02   -1.618683154761160e-02   -9.023514976607675e-03    2.744696595649472e-02    4.990035420921455e-02   -2.561115022891614e-03   -8.135569510890745e-03
    2    3,3        3,3    
   -7.667708626012913e-02    1.074139535441767e-01   -1.259984101114633e-01    2.121037679138607e-02   -5.576063893051965e-02   -1.443895909309704e-01   -5.839404232282615e-02    8.670808300187806e-02    3.231084515853367e-02
    2    3,4        3,3    
    6.765924743607737e-03    3.587276969862518e-02   -5.971143148251566e-02   -1.468043916930377e-02   -5.217318958802334e-02    2.223637792826641e-02    1.477460209049454e-02   -6.162510558788161e-02   -5.819259041764346e-02
    2    3,5        3,3    
   -1.882385831880937e-02   -4.343360751849466e-02    2.482977237775654e-02   -5.041040498792120e-02   -1.790579232069298e-02    4.638530015460924e-02    3.158808624820045e-02    4.071897191016299e-02    3.329933174871262e-02
    2    3,6        3,3    
   -2.797314032089510e-02    3.807891034136768e-02   -5.212211376446130e-02    1.239321755325870e-02   -2.363761585130049e-02    7.150431525879695e-03   -5.491345204321330e-02   -6.272265345047365e-02   -2.751688132015193e-02
    2    3,7        3,3    
   -3.428062087283579e-02    3.712806276905304e-02    4.977684924977309e-02   -1.861580968291363e-02   -5.028048149574589e-02    5.848486146876389e-02   -2.509743394065081e-02    4.016686155475763e-02    3.843141453337850e-02
    2    3,8        3,3    
    5.337436464345469e-02   -2.335613921963188e-03   -1.317542832630677e-02    1.831941549071575e-02    1.656850170657529e-02   -4.620743311845623e-02   -3.514900127979270e-03    5.569123797749883e-02   -4.271292022708784e-02
    2    3,9        3,3    
    1.150019509342105e-02   -1.349570700057490e-02   -7.482732202630958e-03    4.594116044307026e-02    3.704777368546385e-02   -3.059359061576656e-02    4.113903873101134e-02    1.383786612430091e-02   -3.243216188802327e-02
    2    3,10       3,3    
   -3.403446449074089e-02    9.454898397506847e-03    3.317509109874399e-02    2.072375138860794e-02    6.425238612363897e-02    4.514562422134227e-02   -2.365535252741010e-02    5.012206848552031e-02    1.682963394971611e-02
    2    3,11       3,3    
    2.794556780820697e-03    4.611648965421002e-02    6.244935725560217e-03    6.284710823219796e-03   -3.771733115513302e-02   -1.317798271623543e-02   -4.096921603004657e-02   -2.952570469832833e-03    3.910280339600852e-02
    2    3,12       3,3    
    2.244308747961179e-02   -2.562070823118926e-02    6.134544596135314e-02    1.658897729478999e-03   -3.149280639786833e-02   -1.667999666799572e-02    5.803620137948552e-02    2.720088980746943e-02   -4.370793081427515e-03
    2    3,4        3,4    
   -8.349508707951957e-02    2.614081142116519e-02   -1.274241449905925e-01   -2.378514644829410e-02   -3.699894155890667e-02   -4.049045734690813e-02   -3.285876141615808e-02    1.319368246847694e-02    1.407901052868531e-02
    2    3,5        3,4    
    7.125642139500889e-03   -2.902242107635655e-02   -4.140306156382172e-02    4.973614067148221e-02    2.715950199925662e-02   -6.492368038583449e-02   -4.150972344284146e-02   -6.327091911803580e-03   -2.741769064407128e-02
    2    3,6        3,4    
    3.947722668548138e-02   -2.403146948116050e-02   -1.358892394878459e-02   -4.986340161473359e-02    1.841453122390910e-02   -2.124086422985398e-02   -2.966300507590208e-02    7.273083264744565e-03    2.148516186319371e-02
    2    3,7        3,4    
    3.958211003899427e-03   -4.107374237842648e-02    7.701462006152376e-03    5.776311140425675e-02   -3.126164060536813e-02   -1.727260586121383e-02   -5.024091680071918e-02   -3.013902273741141e-03    6.305808043570810e-02
    2    3,8        3,4    
    2.225536536511279e-03    3.031871028333389e-02    4.549665710943345e-02   -2.115221231626922e-02   -2.677271410661829e-02    3.444448967589658e-02   -5.414965237683007e-02    5.837974797932225e-02    3.848583530368775e-02
    2    3,9        3,4    
    2.905200098722385e-02    1.489791909828690e-02   -1.506414497000995e-02   -5.189194734981489e-02   -3.252606150462286e-02   -2.083309617991286e-02   -2.668661333974021e-02   -1.452471009468841e-03   -7.285818317526728e-02
    2    3,10       3,4    
    5.142020214874771e-02    4.675387935283494e-02    1.200792466418202e-02   -2.740894479378015e-02    4.969920433640795e-02   -2.958781417843343e-02    3.398309517272181e-02   -8.567165546049117e-03   -1.853809891618980e-02
    2    3,11       3,4    
   -2.965003577251816e-02    4.058517608030563e-03    7.857467963198030e-03   -8.964642412355306e-03   -5.336657564149024e-02    6.548134202185553e-02   -6.835434722354186e-03   -4.687193099783875e-04    5.010825798396713e-02
    2    3,12       3,4    
    1.709123291617122e-02    6.135710995049119e-02   -2.304100025122562e-02    1.957593427899760e-02   -3.769148892122606e-03   -2.801031069670619e-03   -2.451213037723876e-02   -4.093910178855987e-02    5.047351669952059e-03
    2    3,5        3,5    
   -7.343186625114427e-02   -2.188762594363348e-02   -1.732153611601410e-02   -7.071585949126104e-02   -1.399971037231110e-02   -9.301394373987668e-02    1.324911973200505e-03    1.598122567040489e-02    4.447184216636840e-02
    2    3,6        3,5    
   -1.320508703844095e-02    3.397137239188992e-02   -8.662621510836958e-03   -4.801893196787096e-02   -9.162428905004684e-03   -1.847384866417602e-02   -2.496848617009773e-02   -6.354085312502884e-02   -6.412118921949250e-02
    2    3,7        3,5    
   -6.376346303277813e-02   -1.240269257918695e-02    5.284777850111663e-03    4.844586966315841e-02   -5.382401411481672e-03    3.524722341360291e-03   -3.902960134725981e-02    5.526601321297431e-03    1.573273332743298e-02
    2    3,8        3,5    
   -7.224726830692945e-03   -4.024091726958923e-02   -1.236668458771772e-02   -2.793688305811787e-02   -1.343131615076175e-02   -9.316865937541385e-04   -5.167523685361555e-02   -3.495626749556030e-02    6.210812236320869e-02
    2    3,9        3,5    
   -2.620864372481995e-02   -4.167391643069507e-02   -2.069743455923809e-02   -2.666155169330328e-02    1.518120356970277e-02    3.458054419272179e-02    5.164489477044554e-02   -6.720197393463948e-02    6.487821872169035e-02
    2    3,10       3,5    
    7.059672673862951e-03    5.573276337020195e-02   -2.579753583527404e-02    4.545912670801693e-02   -6.999070936749641e-02    1.626688956210736e-02    2.973282858264298e-03   -4.961265109184942e-02   -1.168852633042562e-02
    2    3,11       3,5    
   -1.546183474454789e-03    1.285567395675294e-02    1.156609501006741e-02   -4.010171369048679e-03   -2.487783010801803e-02   -1.675420025530520e-03    7.480326140430434e-03   -5.244458719026612e-02    1.472502176020911e-02
    2    3,12       3,5    
    1.813116200693713e-02    3.965237142439867e-02   -9.008643552406121e-03   -2.821123401350631e-02    2.323048017348297e-02    2.165454774153940e-03    4.911679750487211e-02   -5.274193111987269e-02   -9.898306716934095e-03
    2    3,6        3,6    
   -3.662673543251033e-02    2.337106502517645e-02    7.470336922566113e-03    3.417930299061434e-02    5.923854415618236e-02   -3.475469290882476e-02   -6.074921369615920e-02    2.539153959287799e-02   -2.824192831018316e-02
    2    3,7        3,6    
    3.267503700612766e-02    4.406441356835381e-02   -2.425549486326981e-02   -1.418274344734035e-02   -3.606206929992411e-02    2.300665473091819e-02   -4.554983931892723e-02    2.622761789690191e-02   -2.313705267435713e-03
    2    3,8        3,6    
    1.789994669554814e-02    6.976377851696128e-02   -1.708151000256478e-02    4.817698252186357e-02   -2.561284539340238e-02    6.794920763874818e-02   -2.394387633267543e-02    5.593350234903484e-02    5.433625777999779e-02
    2    3,9        3,6    
    6.872912963815860e-02    3.212604777267964e-02    4.031929253011777e-02    1.031768723276308e-02   -4.905395542141959e-02   -5.336773910658575e-02    4.910123783380221e-02   -1.279785444830808e-02   -4.276944400487653e-02
    2    3,10       3,6    
   -4.115511855578313e-02   -5.036646804847725e-02    1.298462515313134e-02   -4.291623540006861e-02    4.190734693651552e-02   -3.776522796505490e-02   -2.497968206287272e-02   -3.941257337528421e-02   -1.624613231564421e-02
    2    3,11       3,6    
    2.918316301461523e-02    1.102519994293492e-02    3.943900767113221e-03   -4.054452760169570e-02    3.789954371890599e-02   -4.176205774560768e-02   -3.813411003407191e-02   -4.304876874915164e-02    2.319010715119924e-02
    2    3,12       3,6    
   -4.922113187215707e-04    1.456920543039185e-02   -1.044896748026610e-01    5.545515046168333e-02    3.053249310127730e-02   -2.187512635356360e-02   -1.197218219906810e-02   -4.112823911877228e-02   -5.162899173680368e-02
    2    3,7        3,7    
    2.632762704045647e-02   -1.136422680191841e-02    1.105042119375635e-02   -7.058546268379631e-02   -1.544869976803958e-02   -6.815214769024631e-02   -4.459588827966278e-02    3.019564213068395e-02    3.629116920726633e-02
    2    3,8        3,7    
   -3.820445922467405e-03   -3.030628094846558e-02   -5.257637002580846e-02   -3.399063017904335e-02   -7.228427034586471e-02    7.589565253818578e-05   -5.037620623174118e-02   -3.526016487572591e-02   -2.316471004219503e-02
    2    3,9        3,7    
    4.388525299476128e-02   -3.791307465884058e-03    2.521699208364994e-02    2.902332481766525e-02   -3.589017567235794e-02   -7.057367494269255e-02    2.925324183599864e-02    4.318285420841497e-02   -2.489517536605154e-02
    2    3,10       3,7    
   -6.716530761327664e-03    3.439268368221012e-02   -2.776189163846537e-02   -8.816580258826602e-03    8.375841363845468e-03    5.084882463148298e-02    2.709480808310391e-02    4.478144166012219e-03   -5.346165965825408e-02
    2    3,11       3,7    
   -1.418058866921546e-02   -3.490165384900918e-02    1.787936621344445e-03    1.073376523380972e-02    5.709495636918514e-02    2.538153558653086e-02    3.647215828878191e-02    3.336739985729997e-02    3.580346957666890e-02
    2    3,12       3,7    
    5.953456460287719e-02    3.177318433030757e-02   -2.658975059683266e-02   -1.069612871811589e-02   -3.725600530239066e-02    1.732703156198567e-02   -2.939783047327520e-02    1.251455908377487e-02    4.763756681259272e-02
    2    3,8        3,8    
   -4.297850075950368e-02    3.146771967000159e-02   -1.598589169326994e-02    6.438119246655614e-02   -1.612463147868350e-02    1.346389371587876e-02    3.824449682929566e-02   -2.317300909746478e-02   -2.420864883403238e-02
    2    3,9        3,8    
    4.704792049045377e-02    3.999007100193960e-02   -2.721457495213324e-02    3.408950664678320e-02    5.171965635025480e-02    2.472851123335251e-02    4.434964935949287e-02    5.133287812869987e-02    2.748728276797170e-02
    2    3,10       3,8    
   -4.993680027235671e-03    3.614508011956228e-02    6.878312966209511e-03    2.710849445432186e-03   -3.631141135649015e-02    5.189386760759260e-02    3.136295076697754e-02    1.487054407007196e-02    2.977481155780893e-03
    2    3,11       3,8    
    6.771184945521785e-02    5.457473450315100e-02    1.357890609068893e-02    5.704932719245007e-03    2.498893182155519e-02   -4.894457086410672e-02    2.974136726056576e-02    2.912338954821149e-02   -6.337867918911594e-02
    2    3,12       3,8    
    4.161005818076376e-03   -5.195650958102821e-02    9.910927798252053e-03    6.542456424792067e-02   -3.186251465994888e-02   -4.346852478777517e-02   -9.106931285656322e-03    1.761893813961410e-02    3.674429764767206e-03
    2    3,9        3,9    
   -4.462761433164503e-02    2.400405443898998e-02    4.165346733804777e-03    3.169843936682587e-02   -4.464423940190351e-02    4.234571408329172e-02    5.294370725041970e-02   -1.168355457640952e-02    2.329376684820652e-02
    2    3,10       3,9    
   -7.569886515734608e-03   -2.188208438974257e-02   -7.005789734683260e-03    4.474261524496298e-02    1.514442040317568e-02   -2.790573215546765e-02   -6.074264938687252e-02    1.807510805046415e-02    2.837883733064498e-02
    2    3,11       3,9    
    1.568845134409969e-02    9.511034871263894e-03   -3.945155944666118e-02    7.462125741395585e-03    6.079785379335811e-02   -2.444776011847640e-02    1.746211807207825e-02   -2.809217551654714e-02   -1.458837092325835e-02
    2    3,12       3,9    
    3.808770144912908e-02   -3.634592656681865e-02    3.384938236185232e-02   -4.137447643233785e-02   -5.066938500648876e-02   -1.524823459997671e-02    3.887090573792512e-02   -5.606162221116881e-03    9.213617135206003e-03
    2    3,10       3,10   
   -1.158077009733113e-02    2.296829049490153e-02   -1.584176814714248e-02    4.091066157560432e-02    4.335927860616361e-02    2.038573172568537e-02    6.827675666473325e-03    5.993071190291388e-02    4.964529879588020e-02
    2    3,11       3,10   
    1.389365004778944e-03    6.545751721253906e-02    2.141644952553188e-02    6.573528934181234e-02   -5.347811068281619e-02    5.458037942825377e-02    5.595613007145090e-02   -7.368966964361602e-03    4.119715659734911e-02
    2    3,12       3,10   
   -3.420259640868706e-02   -6.419427335128813e-02    1.961144176347996e-02   -4.662256858293226e-02   -1.279735161209013e-02    5.972102252815939e-02    5.862710211332201e-02    4.050619599524927e-02    1.707579600358775e-02
    2    3,11       3,11   
    6.148747699260586e-03   -5.859209975656791e-02   -2.884266212805881e-02   -3.667464799547722e-02   -5.330004522458770e-02    1.885618706023227e-03    1.199154245916285e-02    2.251188152529537e-02    2.330137743924582e-03
    2    3,12       3,11   
    1.345863713530839e-02    2.329867994674894e-02   -3.785935114791265e-02    2.390286274240099e-02   -5.323657658053777e-02    7.760807694613090e-03    1.929999453337675e-02    2.752960654503894e-03   -8.163532195579794e-02
    2    3,12       3,12   
   -1.222882250517597e-02   -3.817266593338152e-02   -4.592366827175241e-02   -6.774313155626527e-02   -5.126460185286496e-02    3.089267693554835e-02    4.523067376288165e-02   -4.187502957359842e-02   -2.203355914924636e-02
    2    4,1        4,1    
    4.053946958337202e-02   -2.377378969604031e-02   -9.092140897711666e-03   -6.631902358083799e-02    2.206506583670909e-02   -1.323257501761894e-02    4.841042899526920e-02    2.106703064976372e-02    8.599197098270193e-03
    2    4,2        4,1    
    6.911348479629023e-03    9.609839848583478e-03   -6.614118941697826e-02   -2.543633174219921e-02   -2.104787928129770e-02    3.343951559671552e-02    2.944302465464016e-02   -5.733996002705896e-02    1.662359773552232e-02
    2    4,3        4,1    
   -7.613412666571362e-02   -2.484222502786358e-02    6.031181869809231e-02    4.109384407041374e-02   -3.073706414034322e-02   -1.886942847424850e-03   -5.344906498434748e-02   -1.235229122870387e-02    5.634851976654735e-02
    2    4,4        4,1    
    4.576223127236921e-03    4.730629257561711e-02    6.649713831761797e-02   -1.356601312651963e-02    7.534933448445549e-03    1.576788197219027e-02    5.176850771623394e-02   -7.480932333166753e-03    2.586006292048551e-02
    2    4,2        4,2    
   -3.788093799870099e-02   -8.594575906657324e-03    1.121978399498815e-02   -2.312547504395460e-02    5.845629021760505e-02    8.671168704914951e-03    3.391590672155319e-02    2.344073940832284e-03   -1.040086869940290e-02
    2    4,3        4,2    
   -2.148473127265997e-02   -2.569598915143793e-03   -1.927390603109950e-02    6.428257280920634e-02    4.166548619525019e-02   -2.181041920858516e-02   -1.375261067140027e-02    1.024296145106135e-03   -6.863485280614748e-03
    2    4,4        4,2    
   -4.953276633483200e-03    9.135252704402895e-03    4.128903298872038e-02   -3.427767059095744e-02    1.107945175923867e-02   -2.537843558910981e-02   -6.128055216079348e-02   -4.832105940481132e-02    5.746108168844603e-02
    2    4,3        4,3    
    2.157624333937365e-02   -1.328494621647443e-02    1.613728144729887e-02   -8.480061904713904e-02    4.901311389153040e-02   -1.369690839888668e-02    3.332838902198250e-02    3.868123376592485e-02   -4.843130528937443e-02
    2    4,4        4,3    
   -4.046496056482391e-02   -3.237956207437577e-04    4.293331186586148e-03    1.603709192112582e-02   -6.386236678489529e-03    1.853337480247013e-02    1.480017490770928e-03   -4.929687491534325e-02    3.630091749426696e-02
    2    4,4        4,4    
   -2.434537668358266e-02    6.139225188539071e-03   -1.692197354787257e-02   -2.186392087703672e-02    6.246161146475662e-02   -2.871164573383478e-02   -6.771282359081976e-02    2.275371671849167e-02   -5.802056048573348e-02
    3    1,8        1,8        1,8    
    0.000000000000000e+00    0.000000000000000e+00    0.000000000000000e+00    0.000000000000000e+00    0.000000000000000e+00    0.000000000000000e+00    0.000000000000000e+00    0.000000000000000e+00    0.000000000000000e+00
    3    1,13       1,8        1,8    
    0.000000000000000e+00    0.000000000000000e+00    0.000000000000000e+00    0.000000000000000e+00    0.000000000000000e+00    0.000000000000000e+00    0.000000000000000e+00    0.000000000000000e+00    0.000000000000000e+00
    3    1,13       1,13       1,8    
    0.000000000000000e+00    0.000000000000000e+00    0.000000000000000e+00    0.000000000000000e+00    0.000000000000000e+00    0.000000000000000e+00    0.000000000000000e+00    0.000000000000000e+00    0.000000000000000e+00
    3    2,7        2,7        1,8    
    0.000000000000000e+00    0.000000000000000e+00    0.000000000000000e+00    0.000000000000000e+00    0.000000000000000e+00    0.000000000000000e+00    0.000000000000000e+00    0.000000000000000e+00    0.000000000000000e+00
    3    3,6        3,6        1,8    
    0.000000000000000e+00    0.000000000000000e+00    0.000000000000000e+00    0.000000000000000e+00    0.000000000000000e+00    0.000000000000000e+00    0.000000000000000e+00    0.000000000000000e+00    0.000000000000000e+00
    3    3,12       3,6        1,8    
    0.000000000000000e+00    0.000000000000000e+00    0.000000000000000e+00    0.000000000000000e+00    0.000000000000000e+00    0.000000000000000e+00    0.000000000000000e+00    0.000000000000000e+00    0.000000000000000e+00
    3    3,12       3,12       1,8    
    0.000000000000000e+00    0.000000000000000e+00    0.000000000000000e+00    0.000000000000000e+00    0.000000000000000e+00    0.000000000000000e+00    0.000000000000000e+00    0.000000000000000e+00    0.000000000000000e+00
    3    4,4        4,4        1,8    
    0.000000000000000e+00    0.000000000000000e+00    0.000000000000000e+00    0.000000000000000e+00    0.000000000000000e+00    0.000000000000000e+00    0.000000000000000e+00    0.000000000000000e+00    0.000000000000000e+00
    3    1,13       1,13       1,13   
    0.000000000000000e+00    0.000000000000000e+00    0.000000000000000e+00    0.000000000000000e+00    0.000000000000000e+00    0.000000000000000e+00    0.000000000000000e+00    0.000000000000000e+00    0.000000000000000e+00
    3    2,7        2,7        1,13   
    0.000000000000000e+00    0.000000000000000e+00    0.000000000000000e+00    0.000000000000000e+00    0.000000000000000e+00    0.000000000000000e+00    0.000000000000000e+00    0.000000000000000e+00    0.000000000000000e+00
    3    3,6        3,6        1,13   
    0.000000000000000e+00    0.000000000000000e+00    0.000000000000000e+00    0.000000000000000e+00    0.000000000000000e+00    0.000000000000000e+00    0.000000000000000e+00    0.000000000000000e+00    0.000000000000000e+00
    3    3,12       3,6        1,13   
    0.000000000000000e+00    0.000000000000000e+00    0.000000000000000e+00    0.000000000000000e+00    0.000000000000000e+00    0.000000000000000e+00    0.000000000000000e+00    0.000000000000000e+00    0.000000000000000e+00
    3    3,12       3,12       1,13   
    0.000000000000000e+00    0.000000000000000e+00    0.000000000000000e+00    0.000000000000000e+00    0.000000000000000e+00    0.000000000000000e+00    0.000000000000000e+00    0.000000000000000e+00    0.000000000000000e+00
    3    4,4        4,4        1,13   
    0.000000000000000e+00    0.000000000000000e+00    0.000000000000000e+00    0.000000000000000e+00    0.000000000000000e+00    0.000000000000000e+00    0.000000000000000e+00    0.000000000000000e+00    0.000000000000000e+00
    3    4,4        3,6        2,7    
    0.000000000000000e+00    0.000000000000000e+00    0.000000000000000e+00    0.000000000000000e+00    0.000000000000000e+00    0.000000000000000e+00    0.000000000000000e+00    0.000000000000000e+00    0.000000000000000e+00
    3    4,4        3,12       2,7    
    0.000000000000000e+00    0.000000000000000e+00    0.000000000000000e+00    0.000000000000000e+00    0.000000000000000e+00    0.000000000000000e+00    0.000000000000000e+00    0.000000000000000e+00    0.000000000000000e+00
    4    1,8        1,8        1,8        1,8    
    0.000000000000000e+00    0.000000000000000e+00    0.000000000000000e+00    0.000000000000000e+00    0.000000000000000e+00    0.000000000000000e+00    0.000000000000000e+00    0.000000000000000e+00    0.000000000000000e+00
    4    1,13       1,8        1,8        1,8    
    0.000000000000000e+00    0.000000000000000e+00    0.000000000000000e+00    0.000000000000000e+00    0.000000000000000e+00    0.000000000000000e+00    0.000000000000000e+00    0.000000000000000e+00    0.000000000000000e+00
    4    1,13       1,13       1,8        1,8    
    0.000000000000000e+00    0.000000000000000e+00    0.000000000000000e+00    0.000000000000000e+00    0.000000000000000e+00    0.000000000000000e+00    0.000000000000000e+00    0.000000000000000e+00    0.000000000000000e+00
    4    2,7        2,7        1,8        1,8    
    0.000000000000000e+00    0.000000000000000e+00    0.000000000000000e+00    0.000000000000000e+00    0.000000000000000e+00    0.000000000000000e+00    0.000000000000000e+00    0.000000000000000e+00    0.000000000000000e+00
    4    3,6        3,6        1,8        1,8    
    0.000000000000000e+00    0.000000000000000e+00    0.000000000000000e+00    0.000000000000000e+00    0.000000000000000e+00    0.000000000000000e+00    0.000000000000000e+00    0.000000000000000e+00    0.000000000000000e+00
    4    3,12       3,6        1,8        1,8    
    0.000000000000000e+00    0.000000000000000e+00    0.000000000000000e+00    0.000000000000000e+00    0.000000000000000e+00    0.000000000000000e+00    0.000000000000000e+00    0.000000000000000e+00    0.000000000000000e+00
    4    3,12       3,12       1,8        1,8    
    0.000000000000000e+00    0.000000000000000e+00    0.000000000000000e+00    0.000000000000000e+00    0.000000000000000e+00    0.000000000000000e+00    0.000000000000000e+00    0.000000000000000e+00    0.000000000000000e+00
    4    4,4        4,4        1,8        1,8    
    0.000000000000000e+00    0.000000000000000e+00    0.000000000000000e+00    0.000000000000000e+00    0.000000000000000e+00    0.000000000000000e+00    0.000000000000000e+00    0.000000000000000e+00    0.000000000000000e+00
    4    1,13       1,13       1,13       1,8    
    0.000000000000000e+00    0.000000000000000e+00    0.000000000000000e+00    0.000000000000000e+00    0.000000000000000e+00    0.000000000000000e+00    0.000000000000000e+00    0.000000000000000e+00    0.000000000000000e+00
    4    2,7        2,7        1,13       1,8    
    0.000000000000000e+00    0.000000000000000e+00    0.000000000000000e+00    0.000000000000000e+00    0.000000000000000e+00    0.000000000000000e+00    0.000000000000000e+00    0.000000000000000e+00    0.000000000000000e+00
    4    3,6        3,6        1,13       1,8    
    0.000000000000000e+00    0.000000000000000e+00    0.000000000000000e+00    0.000000000000000e+00    0.000000000000000e+00    0.000000000000000e+00    0.000000000000000e+00    0.000000000000000e+00    0.000000000000000e+00
    4    3,12       3,6        1,13       1,8    
    0.000000000000000e+00    0.000000000000000e+00    0.000000000000000e+00    0.000000000000000e+00    0.000000000000000e+00    0.000000000000000e+00    0.000000000000000e+00    0.000000000000000e+00    0.000000000000000e+00
    4    3,12       3,12       1,13       1,8    
    0.000000000000000e+00    0.000000000000000e+00    0.000000000000000e+00    0.000000000000000e+00    0.000000000000000e+00    0.000000000000000e+00    0.000000000000000e+00    0.000000000000000e+00    0.000000000000000e+00
    4    4,4        4,4        1,13       1,8    
    0.000000000000000e+00    0.000000000000000e+00    0.000000000000000e+00    0.000000000000000e+00    0.000000000000000e+00    0.000000000000000e+00    0.000000000000000e+00    0.000000000000000e+00    0.000000000000000e+00
    4    4,4        3,6        2,7        1,8    
    0.000000000000000e+00    0.000000000000000e+00    0.000000000000000e+00    0.000000000000000e+00    0.000000000000000e+00    0.000000000000000e+00    0.000000000000000e+00    0.000000000000000e+00    0.000000000000000e+00
    4    4,4        3,12       2,7        1,8    
    0.000000000000000e+00    0.000000000000000e+00    0.000000000000000e+00    0.000000000000000e+00    0.000000000000000e+00    0.000000000000000e+00    0.000000000000000e+00    0.000000000000000e+00    0.000000000000000e+00
    4    1,13       1,13       1,13       1,13   
    0.000000000000000e+00    0.000000000000000e+00    0.000000000000000e+00    0.000000000000000e+00    0.000000000000000e+00    0.000000000000000e+00    0.000000000000000e+00    0.000000000000000e+00    0.000000000000000e+00
    4    2,7        2,7        1,13       1,13   
    0.000000000000000e+00    0.000000000000000e+00    0.000000000000000e+00    0.000000000000000e+00    0.000000000000000e+00    0.000000000000000e+00    0.000000000000000e+00    0.000000000000000e+00    0.000000000000000e+00
    4    3,6        3,6        1,13       1,13   
    0.000000000000000e+00    0.000000000000000e+00    0.000000000000000e+00    0.000000000000000e+00    0.000000000000000e+00    0.000000000000000e+00    0.000000000000000e+00    0.000000000000000e+00    0.000000000000000e+00
    4    3,12       3,6        1,13       1,13   
    0.000000000000000e+00    0.000000000000000e+00    0.000000000000000e+00    0.000000000000000e+00    0.000000000000000e+00    0.000000000000000e+00    0.000000000000000e+00    0.000000000000000e+00    0.000000000000000e+00
    4    3,12       3,12       1,13       1,13   
    0.000000000000000e+00    0.000000000000000e+00    0.000000000000000e+00    0.000000000000000e+00    0.000000000000000e+00    0.000000000000000e+00    0.000000000000000e+00    0.000000000000000e+00    0.000000000000000e+00
    4    4,4        4,4        1,13       1,13   
    0.000000000000000e+00    0.000000000000000e+00    0.000000000000000e+00    0.000000000000000e+00    0.000000000000000e+00    0.000000000000000e+00    0.000000000000000e+00    0.000000000000000e+00    0.000000000000000e+00
    4    4,4        3,6        2,7        1,13   
    0.000000000000000e+00    0.000000000000000e+00    0.000000000000000e+00    0.000000000000000e+00    0.000000000000000e+00    0.000000000000000e+00    0.000000000000000e+00    0.000000000000000e+00    0.000000000000000e+00
    4    4,4        3,12       2,7        1,13   
    0.000000000000000e+00    0.000000000000000e+00    0.000000000000000e+00    0.000000000000000e+00    0.000000000000000e+00    0.000000000000000e+00    0.000000000000000e+00    0.000000000000000e+00    0.000000000000000e+00
    4    2,7        2,7        2,7        2,7    
    0.000000000000000e+00    0.000000000000000e+00    0.000000000000000e+00    0.000000000000000e+00    0.000000000000000e+00    0.000000000000000e+00    0.000000000000000e+00    0.000000000000000e+00    0.000000000000000e+00
    4    3,6        3,6        2,7        2,7    
    0.000000000000000e+00    0.000000000000000e+00    0.000000000000000e+00    0.000000000000000e+00    0.000000000000000e+00    0.000000000000000e+00    0.000000000000000e+00    0.000000000000000e+00    0.000000000000000e+00
    4    3,12       3,6        2,7        2,7    
    0.000000000000000e+00    0.000000000000000e+00    0.000000000000000e+00    0.000000000000000e+00    0.000000000000000e+00    0.000000000000000e+00    0.000000000000000e+00    0.000000000000000e+00    0.000000000000000e+00
    4    3,12       3,12       2,7        2,7    
    0.000000000000000e+00    0.000000000000000e+00    0.000000000000000e+00    0.000000000000000e+00    0.000000000000000e+00    0.000000000000000e+00    0.000000000000000e+00    0.000000000000000e+00    0.000000000000000e+00
    4    4,4        4,4        2,7        2,7    
    0.000000000000000e+00    0.000000000000000e+00    0.000000000000000e+00    0.000000000000000e+00    0.000000000000000e+00    0.000000000000000e+00    0.000000000000000e+00    0.000000000000000e+00    0.000000000000000e+00
    4    3,6        3,6        3,6        3,6    
    0.000000000000000e+00    0.000000000000000e+00    0.000000000000000e+00    0.000000000000000e+00    0.000000000000000e+00    0.000000000000000e+00    0.000000000000000e+00    0.000000000000000e+00    0.000000000000000e+00
    4    3,12       3,6        3,6        3,6    
    0.000000000000000e+00    0.000000000000000e+00    0.000000000000000e+00    0.000000000000000e+00    0.000000000000000e+00    0.000000000000000e+00    0.000000000000000e+00    0.000000000000000e+00    0.000000000000000e+00
    4    3,12       3,12       3,6        3,6    
    0.000000000000000e+00    0.000000000000000e+00    0.000000000000000e+00    0.000000000000000e+00    0.000000000000000e+00    0.000000000000000e+00    0.000000000000000e+00    0.000000000000000e+00    0.000000000000000e+00
    4    4,4        4,4        3,6        3,6    
    0.000000000000000e+00    0.000000000000000e+00    0.000000000000000e+00    0.000000000000000e+00    0.000000000000000e+00    0.000000000000000e+00    0.000000000000000e+00    0.000000000000000e+00    0.000000000000000e+00
    4    3,12       3,12       3,12       3,6    
    0.000000000000000e+00    0.000000000000000e+00    0.000000000000000e+00    0.000000000000000e+00    0.000000000000000e+00    0.000000000000000e+00    0.000000000000000e+00    0.000000000000000e+00    0.000000000000000e+00
    4    4,4        4,4        3,12       3,6    
    0.000000000000000e+00    0.000000000000000e+00    0.000000000000000e+00    0.000000000000000e+00    0.000000000000000e+00    0.000000000000000e+00    0.000000000000000e+00    0.000000000000000e+00    0.000000000000000e+00
    4    3,12       3,12       3,12       3,12   
    0.000000000000000e+00    0.000000000000000e+00    0.000000000000000e+00    0.000000000000000e+00    0.000000000000000e+00    0.000000000000000e+00    0.000000000000000e+00    0.000000000000000e+00    0.000000000000000e+00
    4    4,4        4,4        3,12       3,12   
    0.000000000000000e+00    0.000000000000000e+00    0.000000000000000e+00    0.000000000000000e+00    0.000000000000000e+00    0.000000000000000e+00    0.000000000000000e+00    0.000000000000000e+00    0.000000000000000e+00
    4    4,4        4,4        4,4        4,4    
    0.000000000000000e+00    0.000000000000000e+00    0.000000000000000e+00    0.000000000000000e+00    0.000000000000000e+00    0.000000000000000e+00    0.000000000000000e+00    0.000000000000000e+00    0.000000000000000e+00
bias
    1.545189826230304e-01   -1.114637551495174e-01   -3.902615551247544e-01   -1.378455880447807e-01    2.524405069438952e-02    1.920893205112653e-01    9.052482211186499e-02    1.453683088946961e-02    1.402310582046933e-01
