    1    1,1    
    8.845713430511841e-03   -2.981766107653611e-02   -1.055675370637046e-01    5.490855622171871e-02   -4.988777459372031e-02   -5.110478684070732e-02    1.987835494618442e-02    6.709605644310453e-02   -6.531521925230749e-02
    1    1,2    
   -1.160558660647722e-01    2.800384514897480e-01    1.153686218108905e-01   -2.840713540908425e-01    2.458561119224144e-01   -1.909897932997004e-02   -1.305765015140119e-02   -4.812823616910609e-01    1.308597203135898e-01
    1    1,3    
   -9.753628430429600e-03    3.373045552828308e-02   -1.007454457286989e-01   -1.339161499265625e-02   -1.038052792883037e-02    3.033035785924123e-02    4.731838682058286e-02   -2.009024388898224e-01   -3.322900811911442e-03
    1    1,4    
   -3.467918594593136e-02   -2.930309335397105e-02   -9.076937098105638e-03    1.640921735889167e-02    3.615454423271568e-02   -3.505640633372975e-02   -1.058893246335922e-02    7.232688868726662e-03    1.973329568909858e-02
    1    1,5    
    1.943378460806291e-02   -1.917987894593248e-02    1.008630665080815e-02    6.202907430764192e-02   -1.038313483913714e-01    1.509135233280278e-02   -2.072976141996998e-02    4.583773660928719e-02    2.386034819199641e-02
    1    1,6    
   -3.676754127098669e-02   -4.042456912635448e-02    4.878610768252152e-02    5.190659964701716e-02   -2.559979352556565e-02    2.434445833992847e-02    4.252781822823844e-02    3.967736978800777e-02    3.467108390507288e-02
    1    1,7    
   -1.020374409106853e-02    1.832002795566630e-01    1.871896150651816e-01   -7.191799202580988e-02   -1.060744995519507e-02    5.538529875292329e-02   -5.828714304782293e-02    6.325273149494082e-02   -1.179354977432813e-01
    1    1,8    
    2.006826683920457e-02    9.611588485219320e-02   -4.811219144984916e-02    7.062023826990879e-02    2.345829778034993e-02   -1.013178195029611e-01   -8.067531388213473e-03   -1.855879394878060e-02   -5.073505084288746e-02
    1    1,9    
    3.337803791099064e-02   -4.363089459860373e-03   -1.259727723987142e-01   -1.170494932247857e-02   -9.322364418642323e-02   -9.022947149050532e-02   -4.129035721842465e-02    2.263911541262901e-02   -2.993335952836409e-02
    1    1,10   
   -2.313159980865292e-02    3.717498367441668e-02   -2.072546120056118e-02   -6.623780269524719e-02    5.365599881362079e-02   -6.386417204163967e-02   -1.242016065771805e-02   -6.150022133969251e-02    6.070493285916695e-02
    1    1,11   
   -4.666212315819403e-02    2.186620431085327e-02    5.378890913971533e-02   -7.828195421816726e-02    9.785154147647489e-02    5.187785777508024e-02   -2.736577245360635e-02   -5.676881133792760e-02    2.029025280490656e-02
    1    1,12   
   -9.154959743133321e-03    1.188251522781948e-02   -4.278231705485597e-02    4.113566761557709e-02   -6.785747682458960e-02   -1.777112086774192e-02   -3.002161959852604e-02    3.682741585703614e-02   -9.668294406756790e-02
    1    1,13   
    3.598671703273742e-02   -1.777967910111856e-01   -1.909721431381887e-01    8.708555961297475e-02    5.428070891402399e-02    1.319303238140133e-01    5.937408138793029e-02   -9.553088103539072e-02    1.176682603977467e-03
    2    1,1        1,1    
   -6.925542269318738e-02    1.655668059432909e-01   -3.121320995579039e-01    1.139526041736843e-01   -2.482986154665026e-01    1.085026284803227e-01    6.384969511298087e-02    4.287996430339382e-01    1.483995236945059e-01
    2    1,2        1,1    
    1.988286155356815e-02   -9.614963314002285e-03   -8.090882781075351e-02   -7.541812943888677e-02    2.565068136018733e-02    4.130871381318229e-02    4.120473155760734e-02   -1.019181521710590e-01   -2.879982087843077e-02
    2    1,3        1,1    
    1.023765071197916e-01   -2.145024068131521e-01    2.206460345984836e-01    2.905556869824591e-02    4.045558701484421e-04   -1.173951601116399e-01   -4.880910831128219e-02   -3.086758401586308e-01   -1.060400537136269e-01
    2    1,4        1,1    
    3.338294734291981e-02    8.817852398696316e-02    1.205889342355215e-02    4.422842602798585e-02   -3.467705502744303e-02   -5.567580894247136e-02   -1.446235186475048e-02    3.255719450344993e-02   -2.692340218525154e-02
    2    1,5        1,1    
   -6.361829594413915e-02    1.089516519361602e-03    6.740105639300657e-02   -6.772164777931844e-02   -2.572495990701409e-03    4.754969242000058e-02   -3.357875244371598e-02    2.788042160064242e-02   -4.212031501802051e-02
    2    1,6        1,1    
   -4.126742303231024e-02    1.536183991712351e-02   -4.792562845572419e-02   -4.304565491370772e-02    2.217193265278831e-02   -3.264108605773559e-02    3.510758552253253e-02   -5.478950868905354e-02   -1.772836764852812e-02
    2    1,7        1,1    
    4.950004803855360e-03   -7.163929712859553e-02   -8.926077248273664e-02    1.518607494465668e-01   -1.334136904990840e-01   -1.936643399916909e-02   -8.349911106038682e-02    3.306007860009326e-03   -7.956078700816635e-02
    2    1,8        1,1    
    2.679308886824899e-02   -1.996978178181268e-02    6.216650076111142e-02   -9.809333778360707e-03    1.630344487068476e-02    7.491583544888086e-02   -6.718838643140120e-03    1.757511540271101e-02    6.378004875992455e-02
    2    1,9        1,1    
   -2.116846557204519e-01    1.739684454568723e-01   -3.717556920373392e-01    1.502854870420253e-01   -1.900980615935138e-01    1.565537510982578e-01   -6.787971971435441e-03    5.520661948043690e-01    1.925273877995951e-01
    2    1,10       1,1    
   -2.224108524007658e-01    2.900718044446043e-01   -2.798376707507599e-01   -1.641243527692321e-01    1.109680864256411e-01    1.589200781837588e-01    1.358419367424511e-01    3.108702481391504e-01    3.036841709437126e-01
    2    1,11       1,1    
    1.737332012708819e-02   -1.464731110044011e-02   -1.531228723434812e-03   -5.798385553199563e-02    7.502602239213939e-02    6.638500008938582e-02    8.509978340261007e-02   -2.201413093578181e-02    2.236108483444410e-02
    2    1,12       1,1    
    1.541877676789927e-02   -7.933423208024985e-02    1.763302718549668e-03    1.018632103290670e-01   -1.990811938170696e-01   -6.902935667780562e-02   -8.967399809366404e-02    1.472967405186097e-01   -7.618858252244663e-02
    2    1,13       1,1    
   -6.648809895950027e-03   -2.509784742538743e-02   -3.993897292213003e-02   -1.229199809977920e-02   -4.684674314536064e-02    5.276964928289381e-02   -2.118032738545909e-02   -4.306436381027205e-02   -3.426478764988131e-02
    2    1,2        1,2    
    1.188072453408878e-01   -7.505634998340505e-03   -1.805050935032569e-01    4.814582861304443e-01   -4.680631820961698e-01   -1.329507854400880e-01   -5.268101369933192e-02    7.439326120388705e-01   -1.261075354667825e-01
    2    1,3        1,2    
   -6.089687784928392e-03    3.332709836431651e-02    3.914569583930217e-02   -5.169998323438562e-02    6.965776201668461e-02    9.009453313850807e-02    8.364214979424064e-03   -1.070210801165751e-01    6.458323987722647e-02
    2    1,4        1,2    
   -1.616897072821336e-02   -2.790917430445273e-02   -2.647135208955959e-02    1.230914011640753e-02    6.559303090909187e-02    2.066553471513936e-02    2.817267843872451e-02   -9.296419487555335e-02    7.598658525011243e-02
    2    1,5        1,2    
    7.132464925332016e-03    1.316885266074721e-02   -4.586974582421963e-02    2.495100164817669e-02   -9.792103851735024e-03   -1.124098910501779e-02   -5.128484776707497e-02   -3.594773090873864e-02    3.562849136342809e-02
    2    1,6        1,2    
   -2.276528111080935e-03    9.376082941666449e-03    1.782079089172151e-02   -8.973390565893326e-02    8.414041880914488e-02    5.517552598109723e-02    4.685424631004347e-02   -7.128926892438767e-02    3.044362829528663e-02
    2    1,7        1,2    
   -1.787807244707035e-02   -2.525047979106304e-02    1.015353207791804e-03   -4.505927291887396e-02    1.289167565508715e-01   -1.188212836963160e-02    3.584236755984069e-02    6.266660816467788e-02    1.547409155523271e-03
    2    1,8        1,2    
   -2.453073325459082e-02    4.039569104738504e-02   -1.141307297473152e-02    2.279581726603975e-02   -9.601763112724440e-03    2.623872498076114e-02   -1.623133529628817e-02   -5.454964273623693e-02   -2.129087396109935e-02
    2    1,9        1,2    
    1.430329127893519e-02   -2.171186873127800e-02   -1.044704063758209e-02    6.500768558859847e-03    2.638007561540248e-02   -5.980202801033499e-02    2.381712621301988e-02   -9.536483501825764e-02    4.639776262980790e-02
    2    1,10       1,2    
    1.085717318481807e-01   -4.393896518551840e-03    1.454142798360277e-02    5.365122711928753e-02   -6.903295537027983e-02   -2.299610242984348e-02   -2.844080011821617e-02    2.278155515475846e-02    1.476508272418181e-02
    2    1,11       1,2    
    1.158181799252377e-01   -1.247120665424721e-02   -1.034825857545631e-02    8.944030102257078e-02   -1.442083825763880e-01   -8.534242039212156e-02   -1.301481510783306e-02    2.097698118794397e-01   -1.289758693647705e-01
    2    1,12       1,2    
   -7.130898236287879e-02    2.393785922156375e-02   -5.580003473128707e-02   -9.533797339623856e-02    1.564780568286791e-01    1.324618163242755e-01    4.241963427112820e-02   -2.311054576705247e-01    1.323463631916242e-02
    2    1,13       1,2    
    5.293778123970538e-02    4.509922591435422e-03   -6.884570460970553e-02    1.340684671611043e-02   -4.706001570395785e-02    1.022035139373696e-02    1.290739274277698e-02   -1.403560375327165e-01    5.740856049089926e-02
    2    1,3        1,3    
   -1.745673275802930e-01    1.440570203885937e-01   -3.516651608612547e-01    1.276129038773678e-01   -6.758292854292267e-02    7.119376195447148e-02   -5.337955290626092e-02    3.152118678217693e-01    8.472504087380003e-02
    2    1,4        1,3    
   -4.761754538000711e-02   -1.448400548829908e-03   -4.510303079342283e-02    3.453742979703311e-02   -6.829664719127625e-02   -5.440392308262239e-02   -6.259425092308102e-02    8.439541769319518e-03   -3.440208463462387e-02
    2    1,5        1,3    
    3.594704064694387e-02    6.081847976083183e-03    2.791416537352143e-02    3.044039336607776e-02    4.660130234984704e-02   -6.741997719388028e-03    5.992582564382224e-02    1.545391124646548e-02    4.523311810286006e-02
    2    1,6        1,3    
   -3.077539549903864e-02   -1.072442194112032e-02    1.079470689078813e-02    3.819734901474974e-02    1.889571384825698e-03    3.480532574974803e-02   -3.692640482882896e-02   -1.358869065939042e-02   -1.258199747457479e-02
    2    1,7        1,3    
   -3.953994695797539e-02    4.510293491860286e-02   -9.474355393656572e-02   -1.134504332666752e-01    9.565980428204193e-02    4.745635404100376e-02    8.689378190648059e-02   -2.921778189430561e-02    9.260069179133497e-02
    2    1,8        1,3    
   -1.980593533695403e-02    3.269319686424967e-02   -1.472161858401414e-02    1.075521750885610e-01   -2.854282035331945e-02   -1.805778505330191e-02    1.971169656864775e-02   -7.606989058235302e-03   -3.990795576580967e-02
    2    1,9        1,3    
    1.801116862359817e-01   -2.543102018284106e-01    3.429677340746954e-01   -2.835116323960119e-03    7.283974299201416e-02   -2.119605966909305e-01    8.526252309490253e-04   -3.893835878743818e-01   -1.914853878001297e-01
    2    1,10       1,3    
    1.798413764088611e-01   -2.485899616323211e-01    3.486491688523558e-01    2.523973660729812e-02    8.073425343650356e-02   -1.746976298227245e-01   -2.260567401815060e-02   -4.258462808368410e-01   -1.572110420894834e-01
    2    1,11       1,3    
   -3.018812005980179e-02   -3.279447620055196e-02   -6.426487667362729e-02    1.636940872232724e-02    8.667146810604012e-03   -1.205211755223747e-02   -6.483366008105250e-02   -4.506452677521298e-02   -1.837516961615533e-02
    2    1,12       1,3    
   -4.204583901211495e-02    2.689614640961021e-02    6.301426586247461e-02   -3.524388243354630e-02   -3.071280865228691e-02   -6.585817966397038e-03    5.513273122906082e-02    2.278307898028120e-02    5.367348377519128e-02
    2    1,13       1,3    
    1.268895697846826e-02   -7.853287677600188e-02   -2.339464099056078e-02    6.505039093149020e-02   -5.965592325483350e-02    6.212780278891786e-02   -5.238084633867674e-02    6.661680489904062e-02   -1.386665022182500e-02
    2    1,4        1,4    
   -9.529736548349038e-02    1.001447802386335e-02   -5.719073476612706e-02    5.157197797147321e-02   -5.224255076842438e-02    3.175184130318730e-02    1.191405937962508e-02    9.378461612187872e-02    4.680892786473793e-02
    2    1,5        1,4    
   -6.317726351007470e-03   -7.383970244578794e-02   -4.626524498903322e-02    3.909705676097780e-02    3.550246975055147e-02   -3.668150072341025e-02    1.524521465880654e-02    3.746961725865194e-02    1.367505847114950e-02
    2    1,6        1,4    
   -1.007668876882424e-03    5.275927339449727e-02    4.169819916991693e-02   -6.434131395404594e-02    1.343010819290621e-02    3.217346695025947e-02   -3.094381882203540e-02   -3.425064877021815e-02    2.639045270195921e-03
    2    1,7        1,4    
   -1.491748048417355e-02   -3.398661467779398e-03   -3.327641548646983e-02    4.780681679771769e-02    1.189915650987597e-02   -3.804156670135412e-02    1.690817514337573e-02    2.969290631631898e-02   -5.634653287474237e-02
    2    1,8        1,4    
   -2.123582118120665e-02    1.879459849744904e-02    4.286423181375806e-02   -1.481194242273387e-02   -7.280929127180609e-03    3.656368219789968e-02    3.419368629052356e-02   -2.390736867995397e-02    9.286592848801612e-03
    2    1,9        1,4    
    1.595509373387853e-03    1.012978265026617e-02    8.908202596137067e-03   -7.890615829428125e-03   -1.508381137382222e-02    2.690255150969187e-02    3.042077988237283e-02   -9.234086067217666e-03   -3.325092032786481e-02
    2    1,10       1,4    
   -2.850247422470699e-02   -8.202528567393249e-03    1.284548114888599e-02   -2.519324810990454e-03    1.633056413939478e-02    4.316482342282726e-02    6.932958450988079e-02   -2.176674311564988e-02   -1.630564423709020e-02
    2    1,11       1,4    
   -1.181680169466006e-02    4.574187149134283e-02   -2.923996802023241e-02   -6.120007861184833e-02   -2.721094599017214e-02   -4.363421838021064e-02   -2.881842274387728e-02   -5.675614882012481e-02   -2.333865193377494e-02
    2    1,12       1,4    
    1.172651498070430e-02    1.468699641399323e-02    2.301564652210684e-02   -4.069321059023964e-03   -7.820336126530551e-02    3.036802648944639e-02    2.382125277656009e-02    6.496963019939524e-03   -8.791642759537860e-03
    2    1,13       1,4    
   -4.105569584569040e-02   -2.424540311224486e-02   -1.684682384695337e-02    5.090790446077395e-02    4.875210921372754e-03    6.788266363474484e-02   -8.671592629421644e-03   -2.561166968886687e-02   -2.637831165306028e-02
    2    1,5        1,5    
   -4.253470805584478e-02    7.078102326942161e-02   -8.657162355325992e-02    1.178816964015240e-01   -6.267308362163252e-03   -1.535311883235170e-02    3.381606480496906e-02    9.293697286043713e-02    1.326397955436688e-02
    2    1,6        1,5    
    6.062917040150225e-02   -3.207006948311181e-02   -7.588597060128974e-02    7.277153033734485e-02   -1.216261912866072e-02    1.723599469941553e-02    2.675087481864583e-02    3.346921931719037e-04   -1.289132766604279e-02
    2    1,7        1,5    
    6.118669468381886e-03    5.853861865627123e-03   -2.047990042865889e-02    3.947492735048693e-02    8.766459266971898e-03   -3.798161801995167e-02   -2.037437948499884e-02   -3.261713710258604e-02    5.328172845743453e-02
    2    1,8        1,5    
    7.303856965581634e-03   -1.223095794709450e-02    2.290713396192488e-02   -4.275677775420345e-02   -5.676097422882243e-02   -1.283407582333553e-02    3.785358076010871e-04    2.387481223379843e-03    5.431178220743612e-02
    2    1,9        1,5    
   -3.892983841516887e-02    6.746650877842194e-03    3.828086015521561e-02   -2.336326483056067e-02    3.050223302136269e-02    2.480293211679021e-02    3.130908766925621e-02    2.974208021345027e-03   -2.150205019073391e-02
    2    1,10       1,5    
    7.141348979960498e-02    1.284727131537837e-02   -4.067447189132314e-02    1.314742455072364e-02   -1.146023848555383e-01   -7.734199558666234e-02   -7.652491027435271e-02    8.751331345754310e-02   -4.029690694610249e-02
    2    1,11       1,5    
    2.724870969613100e-02   -2.447602641346254e-02   -3.134353711016249e-02    1.154078026415304e-02    3.969270919162316e-04    6.935394260794746e-02   -4.305391104571818e-02   -1.815460910618359e-03   -2.494566708218755e-02
    2    1,12       1,5    
    2.530479923867144e-02   -1.563561860430449e-02    5.222419318437183e-02   -6.573602437968828e-02    1.113663893910932e-01    5.369891745815365e-02    6.075641421952248e-02   -2.477707559628576e-02    5.914422398089501e-02
    2    1,13       1,5    
   -1.660996804273922e-02   -2.608081152734316e-02   -1.742103142176677e-02   -1.464877438246756e-02    1.005176721858090e-02    1.683613151991334e-02   -5.582698523133636e-02   -3.560118168242411e-02    4.299777340826987e-02
    2    1,6        1,6    
   -4.886791038418879e-02    6.577738370386775e-02   -4.027711454570217e-02    9.078381694342887e-02   -1.199180734562626e-01    6.548120228464940e-02   -2.688389389850658e-02    1.658586661154880e-01   -4.871182715794070e-02
    2    1,7        1,6    
   -1.207394699653331e-02    4.044829934022857e-02    5.171054853929154e-03    7.205426585369556e-02   -4.592300242667560e-02    1.010467134522216e-02    5.292433149014213e-02    9.185420066728227e-03   -6.502456630967517e-02
    2    1,8        1,6    
   -5.761420016957812e-03    1.145515719192624e-02    2.850108066240602e-02    4.843294990632818e-02    5.640135927512632e-02   -2.405645941705241e-02    5.236030498880274e-02    4.327829367094051e-02   -1.638226018522752e-02
    2    1,9        1,6    
   -5.185394288106704e-02    2.815725072626610e-02    3.608933904964751e-02   -1.068796238203182e-01    9.183243330699455e-02    6.378288634890560e-02    7.228968471961834e-03   -6.939299277548776e-02    3.650824838416938e-02
    2    1,10       1,6    
    4.438474752399559e-02    3.537577576515865e-02   -3.065908397530992e-02   -2.062988250236283e-02   -7.345995928691418e-03    1.776276863619563e-02   -2.766505417182475e-02    1.125251545499043e-02    4.635807025250149e-03
    2    1,11       1,6    
   -4.992205978595394e-02   -2.779296991062611e-02   -5.502653563662737e-02   -4.863107595669298e-02   -3.783760148195075e-02   -4.751547649622824e-02   -3.141382888587718e-03   -6.239856251841767e-02    1.144513662523940e-02
    2    1,12       1,6    
    3.407418050522510e-02    3.210366655185122e-02    8.091871192068374e-03    3.452340063180713e-04   -1.645327405465462e-02    2.558010040622958e-02    4.228252790994690e-02   -2.398739408055900e-02   -4.273739948717257e-03
    2    1,13       1,6    
   -1.544849840889775e-02   -2.249893174458717e-02   -2.303662613018740e-02    9.790410055548255e-03   -2.886068623159628e-02    8.285805090963777e-03   -1.201301209861825e-02    4.177509702954705e-02   -5.974279300786233e-02
    2    1,7        1,7    
   -5.642776255452472e-02    1.698078809665148e-01   -2.189958678817649e-01    1.596104015242156e-01   -1.849249158658336e-01   -9.823333188101618e-03   -7.205346279734354e-02    1.696657922064223e-01    1.354148940173244e-02
    2    1,8        1,7    
   -2.416812015772289e-03    8.339478915889331e-03    9.126270630597794e-02   -7.624363350087476e-02    1.040714012016166e-01    9.440858718745740e-02   -2.643215097161287e-02    2.295483478427139e-02    2.481970339833936e-03
    2    1,9        1,7    
    1.208398384773201e-01   -4.834005620625651e-02   -2.242577944389691e-02    2.609616578761336e-01   -1.569712940087141e-01    3.222778597267184e-03    1.489848039736679e-02    6.359803636293908e-02   -6.821201247886302e-02
    2    1,10       1,7    
    2.958953842376212e-02   -5.883914202310271e-02    1.324885151431873e-01    1.111361279018673e-02    3.078106870289167e-02   -1.941758864194392e-02   -2.998012504477010e-02    6.297496691955212e-02    5.929349772213643e-02
    2    1,11       1,7    
   -2.209332013990867e-02   -3.787490962484320e-02    8.226585000759540e-03   -5.374520196781059e-04    3.130151922552932e-02    2.243687421844695e-02    5.352450781211354e-02    2.072428509903565e-03    2.633613063792876e-03
    2    1,12       1,7    
    6.797294100870925e-02    9.424695101750600e-03   -1.271985304431087e-01    1.588266520382061e-01   -7.560187601352872e-02    2.004950098669895e-02   -1.404328673507362e-02   -1.390715660884915e-02   -7.071989300225889e-02
    2    1,13       1,7    
   -1.032446302588282e-02   -1.177492831254742e-01   -3.640847124095189e-02    3.424818213574045e-02    1.283995486806802e-01    1.124906223691121e-02    5.931239623382445e-02    7.000009125641603e-02    4.096520990169792e-02
    2    1,8        1,8    
   -4.427456625705693e-02    4.234400850542634e-02   -3.599544368963058e-02    4.145481322371931e-02   -9.772475593343619e-02    6.076567382003824e-04   -5.146947084665666e-02   -2.542895868510936e-02   -5.985491815789165e-02
    2    1,9        1,8    
   -9.276470314107045e-02   -5.992136261641834e-02   -2.559355786646276e-02   -2.762068263377397e-02    4.270981612675731e-03   -4.841719401201511e-02    2.923231828504563e-02    1.198783336909141e-02   -3.545142257999715e-02
    2    1,10       1,8    
   -5.113815966303727e-02   -1.171665552908919e-02   -6.972774426176055e-02   -1.190674480708516e-02    1.446708083069195e-02   -1.499256489674651e-02    1.973908839609553e-02   -1.224904750216042e-01    2.705477573864359e-02
    2    1,11       1,8    
    7.471436947328569e-02    3.307288823985799e-02   -7.628582822827389e-02    9.857988299654920e-03   -3.497103876539175e-02   -4.032279204713903e-02    3.557696765414857e-02   -6.745306593135241e-03   -6.054509774488389e-02
    2    1,12       1,8    
   -6.456838898482371e-02   -2.916565882128486e-02    1.581708571965476e-02    6.353131293595786e-02   -3.537473373411764e-02   -4.001634448945611e-02    8.379943927196026e-03    7.656300202248384e-02   -3.727509651906703e-02
    2    1,13       1,8    
    3.949698223504326e-02   -1.455427526858719e-03    1.510738414032832e-03    5.809756908355389e-02   -1.103836165800345e-01   -2.482184120335015e-02    6.305805902602016e-02    7.748086705099502e-02   -5.141232420903288e-02
    2    1,9        1,9    
   -1.739832040605385e-01    1.995973195992247e-01   -2.597059833607506e-01   -1.842129983956621e-02   -1.022050166487217e-01    1.132169187114306e-01    2.775809807104044e-02    2.907379846807174e-01    1.411554983326363e-01
    2    1,10       1,9    
   -2.396215228999530e-01    3.820486751190952e-01   -5.288599455754808e-01   -8.918795165605667e-03   -3.248986739294792e-02    2.239297344109512e-01    1.117576296374279e-01    5.889087255637754e-01    2.497858099153417e-01
    2    1,11       1,9    
   -1.665851845103854e-02   -7.820026175909248e-03    1.636641525679302e-02   -1.253608798283969e-01    1.707547889943174e-01    1.518202255917935e-02   -2.587854182094273e-02   -1.163006634582737e-02    2.188211865736700e-02
    2    1,12       1,9    
    5.808531555542003e-02   -5.696638647849674e-02    9.276237355779917e-03   -2.650239876916960e-02   -4.253345616830845e-02   -9.822236487783166e-03   -6.997192999596320e-02   -6.377951915761186e-02    2.196026582622248e-02
    2    1,13       1,9    
    1.712075698499179e-02   -5.683930333654973e-02   -7.818204672611177e-02    9.205010773557488e-02   -5.429670117208955e-02    3.330574973360902e-02    3.527813677004019e-02   -2.960035746506375e-02   -2.563271540999627e-02
    2    1,10       1,10   
   -9.440505771498379e-02    2.897504785265075e-01   -3.213501958614994e-01    2.975162130397050e-02   -5.055241263694111e-02    8.635267672450148e-02   -1.514871846049778e-03    2.507189570939915e-01    1.308308145941696e-01
    2    1,11       1,10   
   -4.581861369256805e-02    9.430265951978085e-03    2.547204472577941e-02    1.345323037157959e-02   -1.047751612542242e-02    4.626852800188000e-02   -2.475622403833167e-02    6.551891400877390e-03    4.489033441670277e-02
    2    1,12       1,10   
    1.489041973580417e-02   -4.302400568994345e-02    2.937540286430997e-02    5.213817368428516e-02    6.715382579321236e-03   -3.410561705887341e-02    1.894250530894066e-03    2.864409507908550e-02   -9.184755363065442e-02
    2    1,13       1,10   
   -4.680770223436181e-03    4.893108201278133e-02   -1.488656142714585e-02    5.478122487870186e-02    4.475486722883595e-02   -7.784625187975680e-02    4.700016377402279e-02   -2.627869805820341e-02   -3.039814191500268e-02
    2    1,11       1,11   
   -3.365459196839089e-02    2.743246835258075e-02   -3.535624165470504e-02    5.448030769104217e-02   -9.623448835677695e-02    1.219716461598286e-02   -5.338749066807967e-02   -2.383822669249188e-02    9.874603548235642e-03
    2    1,12       1,11   
   -1.863098591645320e-02   -5.621780853273151e-02    6.415245746871390e-02   -1.470536860303973e-01    5.457468302870110e-02    4.885388284120457e-02   -3.113963936398042e-02   -1.704883306610394e-03    7.284193700799144e-02
    2    1,13       1,11   
   -5.539886202567562e-02    8.671684151101922e-02    3.544242491594591e-02    5.621597452758345e-02   -7.113967875015742e-02    1.976122485932675e-02   -4.032786958652712e-02   -3.974827092574896e-02   -3.409391582625872e-02
    2    1,12       1,12   
    3.671779428174230e-03    2.825976579098765e-02   -4.911049719369397e-03    2.638109741046694e-02    1.659725892446268e-02   -3.124461251492360e-02   -3.586522750466693e-02    5.357890465224534e-02   -1.432581251925724e-03
    2    1,13       1,12   
    2.175591967579704e-02   -6.399496105742104e-02   -9.217276248707845e-02   -1.175703118023186e-02    1.351358379524922e-02    1.106203021125192e-02   -6.455586918470864e-02    9.712276694664462e-03   -5.303898441393873e-02
    2    1,13       1,13   
    1.047070405538523e-02    6.232182238426339e-02    2.295187789731645e-02   -2.565541319106187e-02   -4.751795348779725e-02    2.295921935476504e-02   -3.129527230057410e-02    1.957970155988912e-02   -6.311042298879188e-03
    2    2,1        2,1    
   -5.405117728593251e-02    1.289137971118321e-02   -1.563483111021607e-02   -8.784148244476880e-03    5.773626407860433e-02   -4.895891975998969e-02   -3.250146046997979e-02   -3.061969915324131e-02    1.751609800202821e-02
    2    2,2        2,1    
    6.036424528725667e-02   -6.875748463244390e-03   -2.444821822041119e-02    1.030699863520537e-02   -1.905993323303104e-02   -4.700950377989692e-02   -1.651677353570927e-02    1.066220254324874e-02    3.059094032632193e-02
    2    2,3        2,1    
    3.542401530090256e-02    1.441864315619553e-02   -1.444525316947030e-02   -2.191721626240189e-02   -8.232855488018951e-03    2.587318042545209e-02   -2.236753591201913e-02    3.733324936589587e-02   -6.531044114724149e-02
    2    2,4        2,1    
    3.984417017363240e-02    3.758404010328537e-02    3.562406784612148e-03    7.465645339350745e-03    2.370551643877686e-02    2.167166105257126e-02    5.580378977061419e-02   -1.416307788557190e-02   -2.034185109433365e-02
    2    2,5        2,1    
    2.813016266087514e-02    4.292822658726340e-02    7.026040020917328e-03   -5.007739769216887e-02   -3.038208627036680e-02   -3.178718849197967e-02    2.763111800774093e-03   -3.082155511318173e-02    4.820664097386040e-02
    2    2,6        2,1    
   -1.435045373058289e-02   -4.667857216820647e-03   -1.173828381168488e-02    5.011876169563617e-02   -7.154776782354677e-03   -2.301358819430012e-03    4.140607177213824e-02   -1.648881329392655e-02   -1.317601016479746e-02
    2    2,7        2,1    
    4.083544269964013e-02   -2.684960540724632e-02   -1.912652211068158e-02   -4.088966688673054e-02    3.432627011436878e-02    1.527112130513518e-02    1.196221666361649e-02    5.906167768000744e-03   -3.385935441701455e-03
    2    2,2        2,2    
    2.790041489942252e-02   -3.603201233404522e-03   -1.662517886126177e-02    1.321648369383327e-02   -5.908575132211147e-02   -1.089148733790431e-04    2.504573513427965e-02    4.257586208031588e-02   -2.382140234924670e-02
    2    2,3        2,2    
    7.584682545839793e-03    1.319778106941635e-02   -8.072200873491007e-03   -3.552882627933999e-02    7.467954994876827e-03    4.637351959911989e-02   -3.766874086876426e-02   -2.196318039337456e-02   -4.618970353095802e-02
    2    2,4        2,2    
    1.244333747903568e-02   -7.619681164763324e-03    7.250057561763064e-03    5.008509188601176e-02   -4.165038569104711e-02   -8.906532511339747e-03    8.882126735438067e-03    3.356176396407618e-02    1.785923960750947e-02
    2    2,5        2,2    
    9.941541229326544e-03   -2.009819630183881e-02   -1.863134201279919e-03    4.672731909070491e-02   -5.114439212306221e-02    3.192838224122695e-02    5.656808132380055e-02    8.141708736618788e-03    4.336145444408321e-03
    2    2,6        2,2    
   -4.804406596616826e-02    3.066748095524501e-02    4.122504645102628e-02    5.562655800213118e-02   -3.132051125684149e-02   -1.936829201452736e-03    8.299903400760211e-03   -1.363062363285329e-02    2.080405773217707e-02
    2    2,7        2,2    
    3.159670666693322e-03    1.704301353520755e-02   -3.389398190338276e-03    2.692683786115397e-02   -3.699054791730183e-02    2.702914614569717e-02   -3.218465267540307e-02   -6.953038670460144e-04   -2.260705636745757e-02
    2    2,3        2,3    
   -3.772979689117305e-02   -3.355913326652450e-02    5.628295864467885e-02   -2.380324405417167e-02    6.425063028984158e-02    2.547241305325444e-02    1.676632701513372e-02    3.614435589274585e-02    3.357443849164483e-02
    2    2,4        2,3    
   -2.431744460203858e-02   -2.516145655785454e-02   -1.902225683139681e-02   -2.330936888778160e-02   -1.394837042251680e-02   -6.273032966615105e-02   -5.482636181321645e-02   -1.957963284912192e-02    6.665499918762793e-02
    2    2,5        2,3    
   -6.285770714480750e-02    3.104094384088489e-02    2.406480882884166e-03    4.627188976145846e-02   -3.383332812783552e-02   -4.116010083372273e-02   -5.555046576558540e-02    2.449135715719713e-03   -2.952401571380002e-02
    2    2,6        2,3    
   -4.457432798568551e-02    2.498042928160656e-02    1.576748154080505e-02    2.831568966427558e-02    2.223675644536232e-02   -4.258879721791586e-03   -6.533852903231368e-04   -6.344556347814170e-02    4.650974164437090e-02
    2    2,7        2,3    
    5.613677518970041e-02    5.062711511873578e-03    2.292000258794791e-02   -6.523833957533879e-03   -1.233787053265703e-02    3.616298418005942e-02   -5.916189597560301e-02   -2.014815101353178e-04    6.741986918966221e-02
    2    2,4        2,4    
   -1.934932011425537e-02    4.614959953161668e-02    2.403396719273274e-02   -1.300886921043029e-02    3.653990780600273e-02    6.034288370023843e-02   -5.152215915284655e-02   -5.660716412967166e-02    8.786799287248459e-03
    2    2,5        2,4    
    1.978484156882377e-02   -3.678855279601743e-02   -2.807370182211388e-02   -4.694272877682834e-02   -5.346276363074598e-02    6.621867212031462e-03   -4.047060469872334e-02   -2.724028041033847e-02    4.057060782823936e-02
    2    2,6        2,4    
   -5.638504316671695e-02   -2.304770230997940e-02    1.906929242187425e-02   -5.236988103469958e-02    1.841214336732118e-02   -1.940451111980086e-02    8.785185385987312e-03    2.454075721590481e-03   -8.650622749505480e-03
    2    2,7        2,4    
    3.811895085906037e-02   -1.593718650746892e-02   -5.221534882037653e-02   -3.250501863619463e-02   -6.336949733834669e-02   -3.290580556417384e-02    6.004935525061762e-02    3.872033994970289e-03   -3.189541278616167e-02
    2    2,5        2,5    
    3.320170769362453e-02    2.792627515562992e-02    1.333591194020625e-02    4.956643199652353e-02    7.405060572914354e-03   -7.244812560211551e-03    5.172274036746127e-02    4.509534115554337e-03    4.565669439025087e-02
    2    2,6        2,5    
    3.134011517593658e-02   -2.761678101621527e-02   -1.064323016207090e-02   -5.849953124558253e-03    5.234773146294032e-04    1.142516549695211e-02   -4.072703883197462e-02    4.290747511645312e-02   -3.967089638059443e-02
    2    2,7        2,5    
   -3.914238099913196e-02   -9.483573797783371e-03    3.074518290566249e-02    9.678352318916398e-03   -2.733493463207947e-02    3.325681062728816e-02   -1.882315674224115e-02   -3.325506846072444e-03    1.140398179328446e-02
    2    2,6        2,6    
   -2.946381545050362e-02    2.564496904523345e-02   -5.324464162883137e-02   -2.065470784619015e-02   -3.581294666962222e-03   -2.041641605286670e-02    2.846167035455675e-02   -2.978809730622352e-02   -6.762415200553207e-02
    2    2,7        2,6    
    4.291765108936924e-02   -2.303205282722338e-02    1.877946748396837e-03   -7.175157490585007e-02    4.041052104505150e-02    3.893940116741235e-02   -1.937607530625094e-03    2.564426821889052e-02   -1.737132607153043e-02
    2    2,7        2,7    
    2.385443783220098e-02    6.334942359177033e-02   -1.236293850637710e-01    1.878620844543924e-01    4.275547221621777e-02   -1.042917609744171e-01    1.511926113271621e-02   -6.382678954621449e-02   -2.532237434680082e-02
    2    3,1        3,1    
   -1.108801382028827e-01    9.522062962643324e-02   -1.466569340292306e-01   -3.743473571200850e-02   -9.740555346039345e-02   -4.904875746486257e-03   -2.828179469292916e-02    1.712155485328728e-01    4.167147156911857e-02
    2    3,2        3,1    
   -7.424415264604936e-04    8.870155752585734e-03   -1.412896679883049e-02    3.629545045602015e-02    4.928710031642940e-02   -2.130336368544724e-02    2.675615251072873e-02    4.120878579886732e-02    8.327959740851536e-02
    2    3,3        3,1    
    1.540387505164912e-02   -1.722211280876967e-02    4.780450534970714e-03    3.495174551306960e-02    4.449496719942184e-02    5.557966252352824e-02    5.271820975910321e-02    1.558216124209854e-02    2.582148591422364e-02
    2    3,4        3,1    
   -2.187645074263567e-02   -3.545333145064367e-02    2.832868668358073e-02   -5.145155394277651e-02    2.654644065073457e-02   -3.575639242466771e-02    4.747161012552627e-02    3.988832500014691e-02    1.705513122800927e-02
    2    3,5        3,1    
    2.784700878113536e-02    3.762071306912670e-02   -3.423778331713170e-02   -1.563857708714182e-02   -4.195050414353071e-02   -5.996408408905112e-02   -1.978852327154561e-03   -1.634438821372106e-02   -5.819079217762254e-03
    2    3,6        3,1    
   -3.050807196781569e-02   -1.908613575478428e-02   -8.532936443782222e-03    4.621753815809527e-03   -2.264760823972988e-02   -6.041194282779398e-02    1.637126650087885e-02    1.186208970760638e-02    1.549565843422738e-02
    2    3,7        3,1    
    1.284578214563141e-02   -3.135469066516557e-02   -6.402550520490979e-02   -5.290838957929655e-02    5.164764914272327e-03    3.353421273635092e-02    5.203872416313669e-02    1.349613304304186e-04    4.312665335849952e-02
    2    3,8        3,1    
    3.394319569118590e-02    4.720739338696971e-02   -1.402630373013556e-02   -9.505401007634858e-03   -1.918369337164700e-02   -2.294946870000056e-02    4.789829977769672e-03    3.590876063174450e-02   -4.485067674266151e-02
    2    3,9        3,1    
    7.150017422608278e-02   -1.418015663800568e-02   -3.798308255605024e-02   -5.119016995077518e-02    1.267508795691508e-02    2.392756685115151e-02    1.663944681953817e-02   -3.397979140415013e-02    5.600422386773309e-02
    2    3,10       3,1    
   -4.217020113278204e-02   -4.295827838450150e-03   -1.385012323788548e-02    3.068424421656130e-02    6.010620833884158e-02   -2.391240127029960e-02    5.850335703352216e-02   -3.208811465246852e-02   -2.468300666850996e-02
    2    3,11       3,1    
   -7.327809893213784e-02   -9.433937976443450e-03    1.783326752799809e-02   -4.796850142667054e-02   -1.792596603639083e-02   -3.392207065070806e-02    5.470275274295397e-02    3.386318342905242e-02   -4.178896838443921e-02
    2    3,12       3,1    
    8.284410011340811e-03    4.464422681398852e-02    4.307778478101278e-03   -2.342287547866218e-02    3.535452064812569e-02   -1.175569110997493e-02    4.523044394798380e-02   -4.344726044428142e-02   -2.151276715684685e-03
    2    3,2        3,2    
    6.583418579897833e-03    8.891848706105553e-02   -3.734732105815073e-02   -1.737810600837353e-02   -5.566736422473147e-02    1.012536046798943e-01    4.162925066241877e-02    1.631734165614789e-01    6.564726579315049e-02
    2    3,3        3,2    
    2.436875521259205e-02   -2.539121533154568e-02   -2.672930696414589e-02   -1.380908701315838e-02    6.695746121331635e-02   -1.813734911618464e-03   -4.239061460490977e-02    5.293101912183512e-02    7.839562533706598e-02
    2    3,4        3,2    
    6.476890512787876e-02    8.004956486023649e-03   -4.809527246223115e-02   -2.440294297963286e-02    6.455073293323561e-02   -5.019231779025345e-02   -4.552085343321656e-02    2.281673493874247e-02   -1.567991773124237e-02
    2    3,5        3,2    
    3.375335101834128e-02    4.524463650958918e-03    2.432884793127848e-02   -9.300229807624304e-03   -2.393884738398896e-02    5.044188341600001e-02    1.559492121371317e-02    7.869879481004632e-03    2.687181625864195e-02
    2    3,6        3,2    
    4.978782461230313e-02   -5.015408073239095e-02   -4.855524555980653e-02   -3.875994174763606e-02   -5.404599960997620e-02   -3.746812489506429e-02   -3.873962281506064e-03    5.006076862764784e-02   -9.135667844340067e-03
    2    3,7        3,2    
    7.653708122705810e-03   -4.972476467310878e-03   -8.681395711145980e-02    5.048460343877045e-02   -5.600839718016055e-02    5.787706491738867e-02   -3.415237091400404e-02    1.884598423045968e-02   -1.972177755244553e-02
    2    3,8        3,2    
   -1.048163198556934e-02   -3.103363670632289e-02   -4.283800258580558e-02    4.426095152576282e-02   -1.816615126105254e-02    5.174818260600487e-02   -3.290751407972635e-02    1.766188065350292e-02   -6.158003673547401e-02
    2    3,9        3,2    
   -2.039459040762590e-02   -2.257895150922517e-02    3.171287470430914e-02   -9.241592533823385e-03   -1.802071428154257e-02   -3.716674678360315e-03    4.137605109234609e-02    2.073831150242246e-02   -4.855048911846150e-03
    2    3,10       3,2    
   -2.324972624423804e-02    1.894232859269258e-02    2.133450475991223e-02   -2.656713432444957e-02    3.636789351715100e-02    5.489848151693905e-02   -2.835584645397857e-02   -1.436987690834319e-02   -6.960494290352640e-02
    2    3,11       3,2    
    7.023658470671598e-02    2.256617242899275e-02   -3.394116879540263e-02   -4.700553874587416e-02    3.987027986899108e-02   -4.079011583332635e-02    4.550153226745389e-02   -7.897490174326648e-02    5.178868495107604e-02
    2    3,12       3,2    
    1.029778656722642e-03   -6.252826233935191e-03    2.311598017975509e-02   -3.657736383383644e-02    6.891176222434598e-03    4.781656783346679e-02    6.013793534542787e-02    7.059046551312793e-03   -3.637657629928620e-02
    2    3,3        3,3    
   -1.071140965645417e-02    1.361692188773723e-01   -1.384661060360169e-01    6.791905810690235e-02    7.568524638746749e-03    6.766648840813735e-02   -3.805115043307482e-02    1.865961543933596e-01    3.231297362955881e-02
    2    3,4        3,3    
   -3.333938127956661e-02    1.150239200283176e-02   -1.335388147046041e-02    6.297335876390270e-02   -5.467010739290033e-02   -1.883167003135085e-02    4.585302361767885e-02   -6.533641352367073e-02    4.737659047431146e-02
    2    3,5        3,3    
    2.046780377305083e-02   -2.881900275308111e-02    3.545845897651129e-02   -7.137244620671063e-02   -7.749097576857155e-03   -1.696801897464604e-02   -4.217300567953363e-03    2.644320623445580e-02    7.416823860967910e-02
    2    3,6        3,3    
   -3.404231681992828e-02   -5.196385727449855e-02   -5.972865212243174e-03   -1.284380549872167e-02   -1.730631840100599e-03    4.270369032758614e-03    3.125617116759028e-02   -1.938733170473897e-02    3.828640151750947e-02
    2    3,7        3,3    
   -1.229862820237533e-02    5.453529999706050e-02    2.970181858575557e-02   -6.191488127666180e-02   -6.132040900020315e-02   -1.093006374825798e-02   -1.048686725458021e-02    5.319325757025842e-02   -4.104070196631025e-02
    2    3,8        3,3    
    2.856972908118370e-02   -4.814749116582840e-02   -1.852663402467739e-02   -1.751955907922335e-02    4.373030339292599e-02    3.464437458291184e-02   -1.901067345880385e-02   -1.378731494361240e-02    4.696189093737799e-02
    2    3,9        3,3    
    3.774314112438926e-02    1.001196540596922e-02   -2.478549945477851e-02   -5.550741280461036e-02    4.343002486598618e-02   -3.108395053980120e-03    4.733003919983010e-02   -6.433961287388235e-02    2.748864541709410e-02
    2    3,10       3,3    
   -2.542282533639639e-03   -4.633963942584444e-02   -4.290910042911944e-02    6.844140684535585e-02   -7.861924759386412e-03   -2.134706424608136e-02   -5.015508653025001e-02   -3.408707156687134e-02    3.000476498286567e-02
    2    3,11       3,3    
   -2.187668424892028e-02    8.892905169456204e-03    1.651809745793895e-03    2.976058060943374e-02   -2.526032863437140e-03    4.137877341394119e-02   -8.593865883829857e-04   -5.757434388577342e-02    6.395267061958582e-02
    2    3,12       3,3    
    3.805689148535756e-02   -5.831643326779765e-02   -3.767431597919133e-02   -5.574654118746394e-02   -5.202276108183007e-02    2.237395327959787e-02    5.847175148503227e-02    2.050898859220044e-02   -3.507809299353365e-02
    2    3,4        3,4    
    1.965815294136162e-02    7.086653742556075e-02   -1.033672106013559e-01    8.716311344895405e-02    1.627944739131027e-02   -8.044862597568562e-03    2.637841629083709e-02    8.770828289405806e-02    3.384384722430898e-02
    2    3,5        3,4    
   -3.703850812698990e-02   -2.797923046094370e-03   -1.132602816925739e-02    5.125092894436367e-02    5.703122995568417e-02    5.269824467282648e-03   -5.715295056738750e-02    1.221204045971883e-02   -3.030596944330543e-02
    2    3,6        3,4    
    1.114549257742639e-02   -3.543222602531408e-03    8.664770483031953e-03    3.866923717050191e-03    6.874574027457477e-02    9.697424502008261e-03   -1.898783061816517e-03    1.247429215887576e-02   -1.357665122536665e-04
    2    3,7        3,4    
   -4.508142609805320e-02   -3.046043445104051e-02    3.024289086309327e-02   -4.962562477722877e-02    4.765926077134444e-03   -4.133243648505990e-02    4.453324037495230e-02   -5.892296359189916e-03    3.831050211580106e-02
    2    3,8        3,4    
   -1.931522737864052e-03   -3.351739466226252e-03    2.484056760616567e-02   -5.061678317863801e-02   -2.746761366999700e-02   -4.394629492981179e-02    3.419169749792923e-02   -9.558215356766736e-03    6.105198987116520e-02
    2    3,9        3,4    
    3.242343720972150e-02    1.910727121238643e-02   -5.070401329686854e-02    4.471654643371734e-02    2.635695655005124e-02   -1.375540358772002e-02   -5.656974847667072e-02   -5.697135122069095e-02    4.093860928389109e-02
    2    3,10       3,4    
    1.545175851275456e-02   -1.816960712495705e-02    5.302876385469907e-02   -3.116606251548882e-02   -5.094246265814347e-02    4.810036405697284e-02   -9.271417062697105e-03    4.264061132740932e-02    2.069104956314353e-02
    2    3,11       3,4    
   -3.720167539959823e-02   -4.118508779234149e-02    1.401558275861508e-03   -3.898982812115837e-02    6.792603699653596e-02    1.971717236229449e-02   -7.065524495953575e-02   -6.762437710868125e-03    1.915151703272347e-02
    2    3,12       3,4    
   -2.132148379524499e-02    4.008176895537639e-02    7.652940589346242e-02    5.787771667989611e-02   -4.829221884143463e-03    9.969506375876193e-03    6.092348052305149e-02    5.700148136284053e-03    3.625804317255602e-02
    2    3,5        3,5    
    3.230219162953584e-02    6.920310952996622e-02   -3.523603195760211e-02    6.780641194724515e-02   -7.785863151511190e-02    6.812228745930070e-02    5.707236844447131e-02    1.000114704874768e-01    7.039852582378356e-02
    2    3,6        3,5    
   -4.622330091373063e-03    2.691274744578948e-02    4.913683007859831e-02    4.143221173665514e-02   -2.973877113812819e-02    2.388786570039789e-02    5.557923860497127e-02   -2.445075950664753e-02    5.222162980894297e-02
    2    3,7        3,5    
   -2.325071732404628e-03    3.590104222891152e-02    3.274010055702650e-02   -6.824694549552691e-02    1.252373287956995e-02    9.271357860806699e-03   -4.395239341006168e-02   -4.153714247755375e-02    5.248345691847301e-02
    2    3,8        3,5    
    5.980721513042725e-03    5.251028282373853e-02    9.954471021162445e-03   -3.568344820383652e-02   -3.405235936618237e-02   -6.481404483688442e-02    2.530992483004987e-02   -2.469927798260237e-02    1.762018027847052e-02
    2    3,9        3,5    
    4.674035271840367e-02    1.479115012475502e-03   -3.088174429045392e-03    3.304602406537621e-02    5.369689803434748e-02   -3.711430948247909e-02    6.067442035347691e-02    3.797046743692384e-02    4.902364759107997e-03
    2    3,10       3,5    
    5.764702002185130e-02    4.174481033096297e-02   -4.322842124130231e-02    5.589383197933915e-02    6.785054342330454e-02   -3.407965541327496e-02    6.176221737599626e-02   -1.884605879504243e-02   -2.414310472159627e-02
    2    3,11       3,5    
   -3.877998097551447e-02   -2.558233987846197e-02    4.945677272375540e-03   -2.615772311204807e-02    3.506967211242806e-02    3.340347027506889e-02    6.059328947892008e-02   -6.762562489117668e-03   -4.669820746735438e-02
    2    3,12       3,5    
    3.476379080335182e-02    2.361578346197660e-02    1.434441709471089e-03    4.982526003728281e-03   -1.495576095151333e-02   -2.751101193300357e-02   -2.889820486605680e-02   -8.261445045750596e-04    3.795125848063879e-02
    2    3,6        3,6    
    2.227066204253561e-03    1.597394279518492e-02   -6.292199868276912e-03    1.587263551861122e-02   -2.104961245589890e-02    2.926444439726298e-02    2.556442472155120e-02   -3.995715786970413e-03   -3.145086132344198e-02
    2    3,7        3,6    
   -5.546007758078468e-02    1.901317243328763e-02    4.463223386459046e-02    4.782396065871069e-03    1.551578393841627e-02   -5.628476359954547e-02    2.988483936286146e-02   -1.838537979371041e-02    5.653254669570682e-02
    2    3,8        3,6    
   -3.483542921321943e-02   -2.499504148565153e-02   -5.643564171003606e-03    2.943047611616813e-02   -8.533796771872212e-02   -5.162014181172078e-03   -6.415133900788589e-03    3.758440676868846e-02   -3.142300754957841e-02
    2    3,9        3,6    
   -3.704311685757669e-02   -7.217962380442861e-03   -4.642413710787209e-02   -2.573020585330687e-03   -3.836143522147362e-02   -3.206258317121354e-02   -3.859716727867678e-02   -3.490976991402268e-02   -1.056175443230390e-02
    2    3,10       3,6    
    1.757113365106001e-02   -8.205433561490342e-03    3.511054428138981e-02   -4.788579794231253e-02   -3.116630369468641e-03    4.384256748723148e-02   -3.864802663210719e-02    9.088487361411090e-03    2.845888090140243e-02
    2    3,11       3,6    
    3.690704530237753e-02   -3.632223155686934e-02   -3.134221972314417e-02   -4.872686965769988e-02   -7.058296310375489e-02    3.392755993942318e-02    3.335800229088973e-02   -3.521390861012700e-03   -1.368530154487376e-02
    2    3,12       3,6    
   -5.664605091877439e-02    6.838671213990336e-02    3.899296394831950e-02    4.622376234487963e-02    2.360345588517449e-02   -3.140888414746485e-02    1.515748460342918e-02   -4.767025610109547e-02    2.434513383899086e-02
    2    3,7        3,7    
    3.116127866979435e-02    6.441700946355160e-02   -7.164135299010466e-02   -2.978533808136975e-02    1.340046802099111e-02   -5.761290648091343e-02    6.485015615355656e-02    2.448993045064554e-02   -2.202022041573209e-02
    2    3,8        3,7    
    3.789136570529221e-02    5.331285064681303e-03    1.783046314797695e-02    3.027373154924140e-02   -6.168444264804608e-04    5.490141347269221e-02   -5.272022725250147e-02    5.749704007893273e-02   -2.632990537441586e-02
    2    3,9        3,7    
   -4.695206395585081e-02   -4.316655511006055e-02    6.294445144940007e-02   -2.924056310016169e-02    2.641538642391450e-02    6.534829998557438e-02   -9.777271127874321e-03    4.916795278090972e-02    6.359045384272984e-02
    2    3,10       3,7    
   -4.155925778510722e-02   -1.534686780447132e-02   -1.856270942134594e-02    4.967955787464284e-02    7.017595705936548e-02    1.467253228472304e-02   -6.368735913785679e-02   -6.196152706923633e-03   -6.104287893142354e-02
    2    3,11       3,7    
    3.238625759868673e-02    9.897888759070734e-03   -1.070679681021351e-02    1.852944974754514e-02   -2.928119929635540e-02   -2.842778233058076e-02    3.043850435941188e-03   -9.443670291223831e-03    3.054815450844497e-02
    2    3,12       3,7    
   -4.628556471463711e-02    7.094468085776741e-02    3.997939702210684e-02   -4.524323793979258e-02    6.224583111393223e-03   -3.589698460453579e-02    5.762225046632546e-02   -3.240584203910315e-02   -3.267829769676493e-02
    2    3,8        3,8    
    5.887968225790502e-02   -3.071128767441162e-02    1.966176462288242e-02    4.618972382843015e-02    4.271940500170840e-02    6.128072999410494e-02    6.038371207262142e-02    4.943705698271956e-02    3.615865196653043e-02
    2    3,9        3,8    
    5.815682219113745e-02    5.589370277821955e-02    3.170343165670859e-02    3.656132631507194e-02   -5.004487069586898e-02    2.343779669793275e-02   -5.408464147831827e-02    6.620585841068510e-02   -4.508052233739084e-02
    2    3,10       3,8    
   -4.031476752574512e-02   -3.097524082213321e-02   -5.795378604041108e-02    3.998724832961267e-02   -3.711844295077921e-02    1.942419984836202e-02   -4.792536738371787e-02   -6.838245989006491e-03   -5.633719799894150e-02
    2    3,11       3,8    
    1.563970302961375e-02    3.682574739823668e-02    3.785741125351610e-03    1.829502937682744e-02   -1.362621694578294e-02   -6.508530427944305e-02   -5.421088690973474e-02    5.796583763057500e-03    4.068321773009657e-02
    2    3,12       3,8    
   -6.286018148793569e-02   -4.101154655376658e-02   -3.232920119459230e-03    3.053172212269631e-04   -2.894982501010385e-02   -1.586437581465163e-02    5.279758878862898e-02    2.153338089076598e-02   -3.660121158811701e-02
    2    3,9        3,9    
    4.819924379215529e-02    7.080451608931927e-02   -2.653206702757122e-02   -3.025543333026718e-02   -7.137321039899647e-02   -3.841244915296844e-02   -4.786177189980715e-02    4.288007037586316e-02   -4.773261292009041e-02
    2    3,10       3,9    
    8.021604430106474e-02    4.637617901763543e-02   -2.192588725725842e-02   -5.435056613933796e-03   -3.286478400614921e-02    4.373239061276952e-02    1.590868285768939e-02    5.543656154459555e-03   -6.965819843433145e-02
    2    3,11       3,9    
   -1.360473985360950e-02   -1.658476654891931e-02   -5.545688909006161e-02   -3.606737029823348e-02   -2.138088818220608e-02   -6.085178133592774e-02   -1.843541229844520e-02   -1.574251626160978e-02   -1.638383693361844e-02
    2    3,12       3,9    
   -5.557156682356162e-02    7.607060307341634e-03    3.277938969938363e-02   -3.442914881450752e-02   -5.121402727595508e-02    2.669163570082548e-02    2.735211323148097e-02   -4.190351214922138e-02    9.066904554019302e-03
    2    3,10       3,10   
    2.634757010213770e-02    4.422991349127419e-02   -5.724566037358227e-02   -2.164865082287448e-02   -2.667817107761105e-03    4.740367973679440e-02   -5.171893155350192e-02   -3.984711769038777e-02   -4.131637859535742e-02
    2    3,11       3,10   
   -5.510377617883657e-02   -1.118744977803087e-03    1.720228178234314e-02    2.874924125034106e-02   -3.371918635544595e-02   -6.012439342343979e-02    5.703062850181044e-02   -8.089443572397548e-03    3.571174608657484e-02
    2    3,12       3,10   
    4.976677495659019e-02   -3.409438186090883e-03    2.820891907662037e-02    1.370048120940929e-02   -4.248851519844996e-02    2.066588184641532e-02    6.333444879437858e-02    4.278774676097699e-02    8.564472253177273e-03
    2    3,11       3,11   
   -4.497351975718034e-02    1.002296639029730e-02   -1.097811496863507e-02    6.794709029598585e-02    9.960613738792815e-03   -2.064826365605168e-02   -4.400331867941044e-02    4.384925497449838e-02   -2.206789847920824e-02
    2    3,12       3,11   
    2.393054361094354e-02   -1.787803225908171e-02   -3.300382209447390e-02   -7.381770877110037e-02   -2.663857984457975e-02   -4.364126176459174e-02    6.305842223029515e-02   -9.108549784175554e-05   -2.432672018474802e-02
    2    3,12       3,12   
    9.574200978877246e-03    3.999959297655518e-02   -1.877635253985285e-02    2.411313316229920e-02    4.069668760451952e-04    1.563419822491421e-02    6.211039470863801e-03   -3.914757645974597e-02    4.953219333470617e-04
    2    4,1        4,1    
    1.167287368081368e-03   -2.161867642728923e-02   -7.099720784955534e-02   -4.918699459665794e-02   -3.222085920257665e-02   -3.025037510689458e-02   -1.614435895706048e-02    1.365510803337580e-02   -5.194643882106218e-03
    2    4,2        4,1    
   -8.624037245522022e-03    7.643401941534189e-02    2.658861007932357e-02    3.972850097123728e-02    5.684983070776928e-02   -6.024663238495820e-02    4.934123074168865e-02   -4.597176169673668e-02    7.053718851860646e-02
    2    4,3        4,1    
   -4.297151644241821e-02   -2.696065576795115e-02    2.553171826594056e-02   -5.748988305659349e-02    4.133020664822287e-02    3.600288810350018e-02    4.021783824375855e-02   -3.905648430942253e-02    6.213174949613050e-02
    2    4,4        4,1    
   -4.288732837945067e-02   -6.542206430251441e-03   -5.089090592864916e-02    6.461943914356325e-02   -3.728554948435270e-02   -6.741372540729576e-03    5.803579711388007e-02   -3.997895509050624e-02   -4.360850982190938e-02
    2    4,2        4,2    
   -3.838684969532717e-03    1.095254729061502e-02    7.626067401178382e-03   -1.585392193469809e-02   -1.219922736250234e-02   -3.203521191061179e-02    1.648581950458100e-02    6.677301308605782e-02   -5.127037255144525e-02
    2    4,3        4,2    
    5.420061844481840e-02    4.617361125190567e-02   -2.159592017768424e-03    2.198265419862766e-02   -5.198203404466654e-02   -1.540369586674588e-04   -4.439092853971758e-02   -3.330058646839397e-02    5.235454142485553e-02
    2    4,4        4,2    
   -3.716303294107516e-02    3.898814940691191e-02    1.958589551841537e-02    1.602972691457097e-02   -7.062754568873489e-02    9.225539937047590e-03    6.454038884217767e-02   -1.422641793270421e-02   -5.040923071021208e-02
    2    4,3        4,3    
   -1.209402816646015e-02    1.910697284931676e-02    3.245294219235984e-03   -4.277881507449850e-05   -2.132250841002166e-02    4.450729991154449e-02    4.324607183963133e-02   -2.834135871485578e-02   -1.974926396611992e-02
    2    4,4        4,3    
   -4.446208043779249e-02    1.213930394089600e-02   -3.750239455958732e-02   -3.324784051967611e-04   -5.079051207491764e-02   -5.144357508269297e-02   -5.721325011870471e-02   -6.286968848313727e-02    3.223604432480816e-02
    2    4,4        4,4    
    3.192554595683013e-02    3.738804983607610e-04    1.531907116165989e-02   -5.801386358502511e-02   -7.029417120124511e-02    2.418457951464217e-02    6.696163116870005e-02    1.318250711274094e-02   -1.933947463381393e-02
    3    1,8        1,8        1,8    
    0.000000000000000e+00    0.000000000000000e+00    0.000000000000000e+00    0.000000000000000e+00    0.000000000000000e+00    0.000000000000000e+00    0.000000000000000e+00    0.000000000000000e+00    0.000000000000000e+00
    3    1,13       1,8        1,8    
    0.000000000000000e+00    0.000000000000000e+00    0.000000000000000e+00    0.000000000000000e+00    0.000000000000000e+00    0.000000000000000e+00    0.000000000000000e+00    0.000000000000000e+00    0.000000000000000e+00
    3    1,13       1,13       1,8    
    0.000000000000000e+00    0.000000000000000e+00    0.000000000000000e+00    0.000000000000000e+00    0.000000000000000e+00    0.000000000000000e+00    0.000000000000000e+00    0.000000000000000e+00    0.000000000000000e+00
    3    2,7        2,7        1,8    
    0.000000000000000e+00    0.000000000000000e+00    0.000000000000000e+00    0.000000000000000e+00    0.000000000000000e+00    0.000000000000000e+00    0.000000000000000e+00    0.000000000000000e+00    0.000000000000000e+00
    3    3,6        3,6        1,8    
    0.000000000000000e+00    0.000000000000000e+00    0.000000000000000e+00    0.000000000000000e+00    0.000000000000000e+00    0.000000000000000e+00    0.000000000000000e+00    0.000000000000000e+00    0.000000000000000e+00
    3    3,12       3,6        1,8    
    0.000000000000000e+00    0.000000000000000e+00    0.000000000000000e+00    0.000000000000000e+00    0.000000000000000e+00    0.000000000000000e+00    0.000000000000000e+00    0.000000000000000e+00    0.000000000000000e+00
    3    3,12       3,12       1,8    
    0.000000000000000e+00    0.000000000000000e+00    0.000000000000000e+00    0.000000000000000e+00    0.000000000000000e+00    0.000000000000000e+00    0.000000000000000e+00    0.000000000000000e+00    0.000000000000000e+00
    3    4,4        4,4        1,8    
    0.000000000000000e+00    0.000000000000000e+00    0.000000000000000e+00    0.000000000000000e+00    0.000000000000000e+00    0.000000000000000e+00    0.000000000000000e+00    0.000000000000000e+00    0.000000000000000e+00
    3    1,13       1,13       1,13   
    0.000000000000000e+00    0.000000000000000e+00    0.000000000000000e+00    0.000000000000000e+00    0.000000000000000e+00    0.000000000000000e+00    0.000000000000000e+00    0.000000000000000e+00    0.000000000000000e+00
    3    2,7        2,7        1,13   
    0.000000000000000e+00    0.000000000000000e+00    0.000000000000000e+00    0.000000000000000e+00    0.000000000000000e+00    0.000000000000000e+00    0.000000000000000e+00    0.000000000000000e+00    0.000000000000000e+00
    3    3,6        3,6        1,13   
    0.000000000000000e+00    0.000000000000000e+00    0.000000000000000e+00    0.000000000000000e+00    0.000000000000000e+00    0.000000000000000e+00    0.000000000000000e+00    0.000000000000000e+00    0.000000000000000e+00
    3    3,12       3,6        1,13   
    0.000000000000000e+00    0.000000000000000e+00    0.000000000000000e+00    0.000000000000000e+00    0.000000000000000e+00    0.000000000000000e+00    0.000000000000000e+00    0.000000000000000e+00    0.000000000000000e+00
    3    3,12       3,12       1,13   
    0.000000000000000e+00    0.000000000000000e+00    0.000000000000000e+00    0.000000000000000e+00    0.000000000000000e+00    0.000000000000000e+00    0.000000000000000e+00    0.000000000000000e+00    0.000000000000000e+00
    3    4,4        4,4        1,13   
    0.000000000000000e+00    0.000000000000000e+00    0.000000000000000e+00    0.000000000000000e+00    0.000000000000000e+00    0.000000000000000e+00    0.000000000000000e+00    0.000000000000000e+00    0.000000000000000e+00
    3    4,4        3,6        2,7    
    0.000000000000000e+00    0.000000000000000e+00    0.000000000000000e+00    0.000000000000000e+00    0.000000000000000e+00    0.000000000000000e+00    0.000000000000000e+00    0.000000000000000e+00    0.000000000000000e+00
    3    4,4        3,12       2,7    
    0.000000000000000e+00    0.000000000000000e+00    0.000000000000000e+00    0.000000000000000e+00    0.000000000000000e+00    0.000000000000000e+00    0.000000000000000e+00    0.000000000000000e+00    0.000000000000000e+00
    4    1,8        1,8        1,8        1,8    
    0.000000000000000e+00    0.000000000000000e+00    0.000000000000000e+00    0.000000000000000e+00    0.000000000000000e+00    0.000000000000000e+00    0.000000000000000e+00    0.000000000000000e+00    0.000000000000000e+00
    4    1,13       1,8        1,8        1,8    
    0.000000000000000e+00    0.000000000000000e+00    0.000000000000000e+00    0.000000000000000e+00    0.000000000000000e+00    0.000000000000000e+00    0.000000000000000e+00    0.000000000000000e+00    0.000000000000000e+00
    4    1,13       1,13       1,8        1,8    
    0.000000000000000e+00    0.000000000000000e+00    0.000000000000000e+00    0.000000000000000e+00    0.000000000000000e+00    0.000000000000000e+00    0.000000000000000e+00    0.000000000000000e+00    0.000000000000000e+00
    4    2,7        2,7        1,8        1,8    
    0.000000000000000e+00    0.000000000000000e+00    0.000000000000000e+00    0.000000000000000e+00    0.000000000000000e+00    0.000000000000000e+00    0.000000000000000e+00    0.000000000000000e+00    0.000000000000000e+00
    4    3,6        3,6        1,8        1,8    
    0.000000000000000e+00    0.000000000000000e+00    0.000000000000000e+00    0.000000000000000e+00    0.000000000000000e+00    0.000000000000000e+00    0.000000000000000e+00    0.000000000000000e+00    0.000000000000000e+00
    4    3,12       3,6        1,8        1,8    
    0.000000000000000e+00    0.000000000000000e+00    0.000000000000000e+00    0.000000000000000e+00    0.000000000000000e+00    0.000000000000000e+00    0.000000000000000e+00    0.000000000000000e+00    0.000000000000000e+00
    4    3,12       3,12       1,8        1,8    
    0.000000000000000e+00    0.000000000000000e+00    0.000000000000000e+00    0.000000000000000e+00    0.000000000000000e+00    0.000000000000000e+00    0.000000000000000e+00    0.000000000000000e+00    0.000000000000000e+00
    4    4,4        4,4        1,8        1,8    
    0.000000000000000e+00    0.000000000000000e+00    0.000000000000000e+00    0.000000000000000e+00    0.000000000000000e+00    0.000000000000000e+00    0.000000000000000e+00    0.000000000000000e+00    0.000000000000000e+00
    4    1,13       1,13       1,13       1,8    
    0.000000000000000e+00    0.000000000000000e+00    0.000000000000000e+00    0.000000000000000e+00    0.000000000000000e+00    0.000000000000000e+00    0.000000000000000e+00    0.000000000000000e+00    0.000000000000000e+00
    4    2,7        2,7        1,13       1,8    
    0.000000000000000e+00    0.000000000000000e+00    0.000000000000000e+00    0.000000000000000e+00    0.000000000000000e+00    0.000000000000000e+00    0.000000000000000e+00    0.000000000000000e+00    0.000000000000000e+00
    4    3,6        3,6        1,13       1,8    
    0.000000000000000e+00    0.000000000000000e+00    0.000000000000000e+00    0.000000000000000e+00    0.000000000000000e+00    0.000000000000000e+00    0.000000000000000e+00    0.000000000000000e+00    0.000000000000000e+00
    4    3,12       3,6        1,13       1,8    
    0.000000000000000e+00    0.000000000000000e+00    0.000000000000000e+00    0.000000000000000e+00    0.000000000000000e+00    0.000000000000000e+00    0.000000000000000e+00    0.000000000000000e+00    0.000000000000000e+00
    4    3,12       3,12       1,13       1,8    
    0.000000000000000e+00    0.000000000000000e+00    0.000000000000000e+00    0.000000000000000e+00    0.000000000000000e+00    0.000000000000000e+00    0.000000000000000e+00    0.000000000000000e+00    0.000000000000000e+00
    4    4,4        4,4        1,13       1,8    
    0.000000000000000e+00    0.000000000000000e+00    0.000000000000000e+00    0.000000000000000e+00    0.000000000000000e+00    0.000000000000000e+00    0.000000000000000e+00    0.000000000000000e+00    0.000000000000000e+00
    4    4,4        3,6        2,7        1,8    
    0.000000000000000e+00    0.000000000000000e+00    0.000000000000000e+00    0.000000000000000e+00    0.000000000000000e+00    0.000000000000000e+00    0.000000000000000e+00    0.000000000000000e+00    0.000000000000000e+00
    4    4,4        3,12       2,7        1,8    
    0.000000000000000e+00    0.000000000000000e+00    0.000000000000000e+00    0.000000000000000e+00    0.000000000000000e+00    0.000000000000000e+00    0.000000000000000e+00    0.000000000000000e+00    0.000000000000000e+00
    4    1,13       1,13       1,13       1,13   
    0.000000000000000e+00    0.000000000000000e+00    0.000000000000000e+00    0.000000000000000e+00    0.000000000000000e+00    0.000000000000000e+00    0.000000000000000e+00    0.000000000000000e+00    0.000000000000000e+00
    4    2,7        2,7        1,13       1,13   
    0.000000000000000e+00    0.000000000000000e+00    0.000000000000000e+00    0.000000000000000e+00    0.000000000000000e+00    0.000000000000000e+00    0.000000000000000e+00    0.000000000000000e+00    0.000000000000000e+00
    4    3,6        3,6        1,13       1,13   
    0.000000000000000e+00    0.000000000000000e+00    0.000000000000000e+00    0.000000000000000e+00    0.000000000000000e+00    0.000000000000000e+00    0.000000000000000e+00    0.000000000000000e+00    0.000000000000000e+00
    4    3,12       3,6        1,13       1,13   
    0.000000000000000e+00    0.000000000000000e+00    0.000000000000000e+00    0.000000000000000e+00    0.000000000000000e+00    0.000000000000000e+00    0.000000000000000e+00    0.000000000000000e+00    0.000000000000000e+00
    4    3,12       3,12       1,13       1,13   
    0.000000000000000e+00    0.000000000000000e+00    0.000000000000000e+00    0.000000000000000e+00    0.000000000000000e+00    0.000000000000000e+00    0.000000000000000e+00    0.000000000000000e+00    0.000000000000000e+00
    4    4,4        4,4        1,13       1,13   
    0.000000000000000e+00    0.000000000000000e+00    0.000000000000000e+00    0.000000000000000e+00    0.000000000000000e+00    0.000000000000000e+00    0.000000000000000e+00    0.000000000000000e+00    0.000000000000000e+00
    4    4,4        3,6        2,7        1,13   
    0.000000000000000e+00    0.000000000000000e+00    0.000000000000000e+00    0.000000000000000e+00    0.000000000000000e+00    0.000000000000000e+00    0.000000000000000e+00    0.000000000000000e+00    0.000000000000000e+00
    4    4,4        3,12       2,7        1,13   
    0.000000000000000e+00    0.000000000000000e+00    0.000000000000000e+00    0.000000000000000e+00    0.000000000000000e+00    0.000000000000000e+00    0.000000000000000e+00    0.000000000000000e+00    0.000000000000000e+00
    4    2,7        2,7        2,7        2,7    
    0.000000000000000e+00    0.000000000000000e+00    0.000000000000000e+00    0.000000000000000e+00    0.000000000000000e+00    0.000000000000000e+00    0.000000000000000e+00    0.000000000000000e+00    0.000000000000000e+00
    4    3,6        3,6        2,7        2,7    
    0.000000000000000e+00    0.000000000000000e+00    0.000000000000000e+00    0.000000000000000e+00    0.000000000000000e+00    0.000000000000000e+00    0.000000000000000e+00    0.000000000000000e+00    0.000000000000000e+00
    4    3,12       3,6        2,7        2,7    
    0.000000000000000e+00    0.000000000000000e+00    0.000000000000000e+00    0.000000000000000e+00    0.000000000000000e+00    0.000000000000000e+00    0.000000000000000e+00    0.000000000000000e+00    0.000000000000000e+00
    4    3,12       3,12       2,7        2,7    
    0.000000000000000e+00    0.000000000000000e+00    0.000000000000000e+00    0.000000000000000e+00    0.000000000000000e+00    0.000000000000000e+00    0.000000000000000e+00    0.000000000000000e+00    0.000000000000000e+00
    4    4,4        4,4        2,7        2,7    
    0.000000000000000e+00    0.000000000000000e+00    0.000000000000000e+00    0.000000000000000e+00    0.000000000000000e+00    0.000000000000000e+00    0.000000000000000e+00    0.000000000000000e+00    0.000000000000000e+00
    4    3,6        3,6        3,6        3,6    
    0.000000000000000e+00    0.000000000000000e+00    0.000000000000000e+00    0.000000000000000e+00    0.000000000000000e+00    0.000000000000000e+00    0.000000000000000e+00    0.000000000000000e+00    0.000000000000000e+00
    4    3,12       3,6        3,6        3,6    
    0.000000000000000e+00    0.000000000000000e+00    0.000000000000000e+00    0.000000000000000e+00    0.000000000000000e+00    0.000000000000000e+00    0.000000000000000e+00    0.000000000000000e+00    0.000000000000000e+00
    4    3,12       3,12       3,6        3,6    
    0.000000000000000e+00    0.000000000000000e+00    0.000000000000000e+00    0.000000000000000e+00    0.000000000000000e+00    0.000000000000000e+00    0.000000000000000e+00    0.000000000000000e+00    0.000000000000000e+00
    4    4,4        4,4        3,6        3,6    
    0.000000000000000e+00    0.000000000000000e+00    0.000000000000000e+00    0.000000000000000e+00    0.000000000000000e+00    0.000000000000000e+00    0.000000000000000e+00    0.000000000000000e+00    0.000000000000000e+00
    4    3,12       3,12       3,12       3,6    
    0.000000000000000e+00    0.000000000000000e+00    0.000000000000000e+00    0.000000000000000e+00    0.000000000000000e+00    0.000000000000000e+00    0.000000000000000e+00    0.000000000000000e+00    0.000000000000000e+00
    4    4,4        4,4        3,12       3,6    
    0.000000000000000e+00    0.000000000000000e+00    0.000000000000000e+00    0.000000000000000e+00    0.000000000000000e+00    0.000000000000000e+00    0.000000000000000e+00    0.000000000000000e+00    0.000000000000000e+00
    4    3,12       3,12       3,12       3,12   
    0.000000000000000e+00    0.000000000000000e+00    0.000000000000000e+00    0.000000000000000e+00    0.000000000000000e+00    0.000000000000000e+00    0.000000000000000e+00    0.000000000000000e+00    0.000000000000000e+00
    4    4,4        4,4        3,12       3,12   
    0.000000000000000e+00    0.000000000000000e+00    0.000000000000000e+00    0.000000000000000e+00    0.000000000000000e+00    0.000000000000000e+00    0.000000000000000e+00    0.000000000000000e+00    0.000000000000000e+00
    4    4,4        4,4        4,4        4,4    
    0.000000000000000e+00    0.000000000000000e+00    0.000000000000000e+00    0.000000000000000e+00    0.000000000000000e+00    0.000000000000000e+00    0.000000000000000e+00    0.000000000000000e+00    0.000000000000000e+00
bias
    4.689699092947310e-02    1.773191596342709e-01    5.183754830180813e-02    1.165380939247554e-01   -1.421882611511858e-02    1.452665107212973e-01    1.109426814601758e-02   -4.283413821038338e-01    9.767260782764310e-02
