 N      7.   -4.46670202    0.20878919   -0.00218994   14.00307401
 C      6.   -1.76701965   -0.02189574   -0.00831410   12.00000000
 C      6.   -0.42407879   -0.00293626   -2.27503987   12.00000000
 C      6.   -0.43168231   -0.02088906    2.26284875   12.00000000
 C      6.    2.19089622    0.00296416   -2.25815381   12.00000000
 C      6.    2.18579780   -0.00542979    2.25633863   12.00000000
 C      6.    3.51244451    0.00471959    0.00214027   12.00000000
 H      1.   -5.24898783   -1.03975002   -1.72599739    1.00782504
 H      1.   -5.17042843   -0.72725293    1.55001002    1.00782504
 H      1.   -1.42747184    0.01219122   -4.03690455    1.00782504
 H      1.   -1.43776100   -0.03256099    4.02394066    1.00782504
 H      1.    3.19771681    0.00748706   -4.02001213    1.00782504
 H      1.    3.18585115   -0.00985289    4.02203142    1.00782504
 H      1.    5.54048308    0.00990478    0.00463562    1.00782504
