  -2.904704E-01  -2.262332E-08  -1.704138E-08
   1.068899E-01   2.919026E-08   1.365692E-08
   6.443630E-03   4.717302E-09   6.229431E-09
   9.345722E-02  -1.633880E-08  -8.650512E-09
  -2.406435E-02  -8.137941E-09  -5.162702E-10
  -1.869810E-02   1.506936E-09   9.655738E-09
  -4.276340E-02   2.900519E-09   2.896344E-10
   1.476782E-01  -4.136970E-09  -9.138986E-09
   2.661679E-02   1.210917E-08  -3.771464E-09
   1.219848E-02  -3.245082E-09   8.481644E-09
  -2.425873E-03   2.315394E-09  -7.251020E-10
   2.467711E-03  -7.222847E-10   2.122534E-10
  -3.135075E-03   1.528429E-09   4.321789E-10
   1.585184E-03   9.426055E-10   1.136965E-09
