    6,3        6,4        6,5    # H-N-H
   -1.972315189203554e-06
    6,3        6,4        6,5        6,3        6,4        6,5    
    1.085404440134376e-01
    6,3        6,4        6,5        6,3        6,4        6,5        6,3        6,4        6,5    
   -1.843882855401402e-02
    6,3        6,4        6,5        6,3        6,4        6,5        6,3        6,4        6,5        6,3        6,4        6,5    
    7.163624961332760e-02
    6,3        6,4        6,5        6,3        6,4        6,5        6,3        6,4        6,5        6,3        6,4        6,5        6,3        6,4        6,5    
   -2.662036168622492e-01
    6,3        6,4        6,5        6,3        6,4        6,5        6,3        6,4        6,5        6,3        6,4        6,5        6,3        6,4        6,5        6,3        6,4        6,5    
    3.972625957194893e-01
    6,3        6,4        6,5        6,3        6,4        6,5        6,3        6,4        6,5        6,3        6,4        6,5        6,3        6,4        6,5        6,3        6,4        6,5        6,3        6,4        6,5    
   -2.309528288745977e-01
    6,3        6,4        6,5        6,3        6,4        6,5        6,3        6,4        6,5        6,3        6,4        6,5        6,3        6,4        6,5        6,3        6,4        6,5        6,3        6,4        6,5        6,3        6,4        6,5    
    5.100055175849327e-02
bias
    0.162201582
