 N      7.    0.00000000   -0.00000000   -4.36684746   14.00307401
 C      6.    0.00000000    0.00000000   -1.77404644   12.00000000
 C      6.    0.00000000   -2.35730116   -0.47219929   12.00000000
 C      6.    0.00000000    2.35730116   -0.47219929   12.00000000
 C      6.    0.00000000   -2.32968218    2.21516730   12.00000000
 C      6.    0.00000000    2.32968218    2.21516730   12.00000000
 C      6.    0.00000000   -0.00000000    3.50247292   12.00000000
 H      1.    0.00000000   -1.64261006   -5.33497616    1.00782504
 H      1.    0.00000000    1.64261006   -5.33497616    1.00782504
 H      1.    0.00000000   -4.09278703   -1.51204617    1.00782504
 H      1.    0.00000000    4.09278703   -1.51204617    1.00782504
 H      1.    0.00000000   -4.06419453    3.25782278    1.00782504
 H      1.    0.00000000    4.06419453    3.25782278    1.00782504
 H      1.    0.00000000   -0.00000000    5.53239863    1.00782504
