    1    1,1    
    7.788710312886246e-02   -3.865760227267969e-02    2.239455001295471e-02   -1.707006440476962e-02   -1.049155901080379e-01    6.713750293585436e-03   -5.977886195695311e-03   -2.526285011431085e-02    8.004058856771978e-03
    1    1,2    
    1.359814949998153e-01   -3.740040728020826e-02   -2.204881269339092e-01   -7.939867987770388e-02   -7.819977833718529e-01   -6.719695673698704e-02    1.997188151991545e-01   -1.800623096766295e-01   -2.329044954435877e-01
    1    1,3    
    4.151628047233360e-02   -6.745130271557971e-02    1.807740154791421e-02   -6.247853631137631e-03   -5.492745754177419e-02    2.587218405902483e-02    1.244277712978472e-01   -1.666987288654391e-01    2.183907830263866e-01
    1    1,4    
   -6.744719168794712e-02    5.409036197428582e-03   -1.209720719451008e-02   -2.080765361870201e-02    2.608270287343026e-02    2.948309272766131e-02    2.772407601553771e-03    1.103688555045206e-02   -1.100579279282373e-02
    1    1,5    
    5.501964745467550e-02   -4.331788873616507e-02   -5.589447579055604e-02   -3.273645547720006e-02   -6.205870006417635e-03    1.620789576673416e-02   -9.529397576083189e-02    4.840179638600987e-02    3.827067390734727e-03
    1    1,6    
   -8.342925009793348e-02   -5.578103565275954e-02    6.380834008993734e-02   -3.342599581391255e-02    6.821282075735070e-02    6.315990381056615e-02    2.248317210266113e-02   -5.267574523425027e-02    4.466514511902828e-04
    1    1,7    
    1.553886266530205e-02   -6.004376582242100e-03    1.945301060193418e-01    2.658669443553315e-02    1.904366276737758e-01   -1.038924555160770e-01    5.888774747155755e-03    1.411118377697315e-01   -1.731175239856966e-01
    1    1,8    
    1.058584251738827e-01   -4.315189753455956e-02   -3.103484141735210e-02    3.522793262812592e-03   -9.679788297927876e-02   -2.113302855824372e-02    7.109314538743847e-04    5.402570079473191e-02   -2.960547225914512e-02
    1    1,9    
    2.032351522184682e-02   -1.501125063235872e-02   -7.001789461407709e-02    1.041297080776999e-01   -4.509797229747465e-02    3.254669596722816e-02    8.045883886206809e-02    1.253790295607231e-01    1.170554548664096e-02
    1    1,10   
    8.943838566724839e-02    5.485491797332654e-02   -7.001532737993384e-02    4.693649048379930e-02   -2.330338106963750e-01    1.528736883788570e-02    6.077015970021385e-02   -1.007937899140038e-02   -4.547345865213351e-02
    1    1,11   
   -5.340334066525600e-02   -4.050664624945856e-02    5.586872697121599e-02    2.273010478097654e-02   -6.671168585955401e-03    3.099750681895894e-02    5.649286884428285e-02   -6.430785672603274e-02   -4.347739027815834e-02
    1    1,12   
    5.479890699332472e-02   -3.758768155227268e-02    4.775335330254114e-02   -2.567102699842607e-02    1.234748562892402e-01   -3.497776001358195e-02   -2.819676995862755e-02    1.047269082211299e-01    4.052253588210483e-02
    1    1,13   
   -4.654355190064288e-02   -3.167315601691692e-02   -1.763953612062088e-01   -6.589929369668761e-02   -9.243530307926623e-02    6.031161403156946e-02    1.641910493543814e-01   -4.732782350504340e-02    3.564866001159037e-01
    2    1,1        1,1    
   -1.486489993136086e-01    1.566509999410085e-02    3.290955780707454e-01    2.103946603327958e-01   -1.200641869895988e-01   -1.288786410954866e-02   -1.807592218862198e-01    1.649714705056313e-01    2.125498266614835e-01
    2    1,2        1,1    
   -8.747308697894925e-03   -6.583599033873858e-03    1.106868260313049e-02   -6.063988443361386e-02   -9.126819017414209e-03   -1.229418068627011e-02   -3.514297484621320e-02    7.402725997659076e-02    7.247620262934705e-03
    2    1,3        1,1    
    1.402964285649280e-01    2.085670449241039e-02   -1.860493892738928e-01   -9.968301740753514e-02    3.240423776781792e-01   -2.801103546612882e-02    1.066193000009296e-01   -1.969707770300825e-01   -1.178423557235620e-01
    2    1,4        1,1    
   -1.110385243060028e-02   -2.000334300758640e-02    3.246419664035194e-02    3.663385815075348e-02   -4.801794844291447e-02   -5.942772499045827e-02    2.511225273887807e-02   -3.756139978456365e-02   -5.534899519302286e-02
    2    1,5        1,1    
    1.141549783241349e-02    2.941934545742606e-02    1.311531047060329e-02   -1.609407084267638e-02   -9.333899356711234e-02   -5.015041030707827e-02    2.346018787728281e-02   -1.295293382621804e-02   -6.592396652929058e-02
    2    1,6        1,1    
    1.625956570724634e-02   -1.474536756772137e-02    5.430681599585435e-02    3.471178261010138e-02    5.998273144033654e-02    3.618017990561531e-02    6.612305673573247e-02    3.576961132306535e-02    3.237896447943956e-02
    2    1,7        1,1    
    4.216638597459877e-02    6.033605250814355e-02   -8.709276470240630e-02   -4.016854436831509e-02   -7.995816723684419e-02   -4.631073057291693e-02   -1.945883474967881e-02   -5.753955845975730e-02   -4.312273378560664e-02
    2    1,8        1,1    
   -2.547662466502902e-02    5.780875686912318e-03   -1.709645284941956e-03    1.109314702969424e-02    2.365004766174744e-02   -1.362490802109384e-02   -4.233365871143273e-02   -2.826166285169641e-02    1.022659295061740e-02
    2    1,9        1,1    
   -1.284179568562141e-01   -2.450908631430270e-02    3.882474057127195e-01    1.757671499252448e-01   -3.803854608104612e-01   -5.807152996164034e-03   -2.879187893860284e-01    1.763255717481904e-01    1.619469613598986e-01
    2    1,10       1,1    
   -1.734399320887707e-01    8.781327658380586e-02    3.033908951378774e-01    1.455312834042346e-01   -3.650308453478697e-01    1.355730644109014e-01   -2.145360026668748e-01    2.916137528229638e-01    2.120470080787711e-01
    2    1,11       1,1    
   -6.279063588590922e-02   -3.869402713250437e-02   -6.525635569496515e-03   -9.822601258575756e-02   -6.008642664565048e-02   -7.623325849457557e-03   -3.667172949024375e-02    1.884262029561948e-02   -3.834148460722944e-02
    2    1,12       1,1    
    4.368201772888473e-02    1.768088727410942e-02    3.896401193497449e-02    6.539904107943663e-02    1.179283343446452e-01   -1.010767483840520e-01   -2.324575342381532e-02    2.321303119875056e-03   -6.194535176835399e-02
    2    1,13       1,1    
   -2.807464315025837e-02   -4.476969222919672e-02   -9.706862016824895e-04   -5.471800366712862e-02    6.944381674966417e-03   -1.733146002191310e-02   -4.842538638107880e-02   -5.306678957620597e-02    3.239410187663448e-02
    2    1,2        1,2    
    1.501016114403562e-01   -3.062878720169538e-03    3.267474776920776e-02    1.694924158756662e-01   -7.380251764258478e-01   -1.611542721477794e-01   -8.933196983550515e-02    1.565722876939750e-02    1.933395700763679e-01
    2    1,3        1,2    
   -1.032567780755373e-01   -4.478344059406987e-02    5.735409693648369e-02   -4.213875866190731e-02    8.536800996822985e-02    9.064740196022238e-02   -1.255097069980789e-02    2.387503690233593e-02    6.872807358902475e-02
    2    1,4        1,2    
   -2.573227925641822e-03    5.289938575016272e-02   -9.665801389247499e-03   -4.216783271327167e-02   -2.180771853478263e-02   -1.814037075877982e-02    9.846656680429663e-03    6.832851527276358e-03   -2.219555519074675e-02
    2    1,5        1,2    
    2.439389437808673e-02   -5.258811411785767e-02   -2.106653784200127e-02   -3.386851188613854e-02    8.440458231732950e-03   -2.621624495715747e-02   -9.146659131394999e-02   -2.815777680840769e-03    5.065370052374987e-02
    2    1,6        1,2    
    3.510404617741881e-02    3.674405277782132e-02    2.566321770818855e-02   -5.155455948679925e-02    5.938725713741839e-02   -2.409455049902030e-02    5.796875392373675e-02    3.493865448093715e-02    3.404634267279852e-02
    2    1,7        1,2    
    7.669058918670972e-02   -7.662766478775114e-02   -1.170608865212714e-01   -2.253564181976280e-02   -1.746729319964533e-01   -2.131256468153579e-02    7.029883830701374e-02   -8.188166100947603e-02   -2.369557431628031e-02
    2    1,8        1,2    
    3.337679486348435e-02   -1.751360431964441e-02    4.725940562499937e-02    3.710902731001266e-02    2.439142419223819e-02    3.967722227259032e-02   -9.168804748191312e-03    2.456765994806004e-02    3.339242427246249e-02
    2    1,9        1,2    
   -3.376624982078232e-02    1.325073164884606e-02   -8.747879687067769e-02   -8.775801861908859e-02   -7.102291735171290e-02   -7.087527776980528e-02   -3.116821891456958e-02    2.362874461008174e-02   -1.556397833112421e-02
    2    1,10       1,2    
   -5.198948751529817e-02   -1.741494386856745e-02   -1.885952021506066e-02   -1.842035516250619e-02   -7.263743379497369e-02    3.172384902869568e-02   -7.494574734525102e-02   -2.018817457565701e-02    3.356296531813530e-02
    2    1,11       1,2    
    1.404712876896927e-01   -5.433234053801009e-02   -1.697205894129263e-02   -1.067353187086802e-02   -8.528383705272123e-02   -4.626735806015583e-02    5.094024286095652e-02    5.022134463550324e-03    6.317323047017170e-02
    2    1,12       1,2    
   -7.721479605055377e-02   -2.760754354316581e-02   -9.349960151266568e-02   -9.384150698967846e-03   -3.047390495515994e-02    2.897014421261992e-02    5.610611733225468e-02    1.563540748563150e-02   -1.325229552521233e-02
    2    1,13       1,2    
   -2.018575345526569e-02   -2.009747945207667e-02    4.195179412355415e-02    7.711232110758734e-03    5.594660398817919e-03    6.382603488812894e-02    2.864135955589210e-03    7.948214622811490e-03    4.789003491208958e-02
    2    1,3        1,3    
   -4.886512545285190e-02    3.625215263827838e-03    1.925433411611078e-01    1.686992586603329e-01   -3.087528445532940e-01    2.484846985739031e-02   -1.479890294223931e-01    9.321103781843969e-02    2.552005988446334e-01
    2    1,4        1,3    
   -3.168305990764351e-02    1.490011310903312e-02   -7.549352259471108e-02    4.387250136884077e-02   -1.235753689437057e-02    5.300161632792984e-02    5.964563133611434e-02    4.839179068326185e-02    4.095364572919274e-02
    2    1,5        1,3    
    2.970981456028841e-02   -3.353064135073292e-02    5.125456179043886e-02   -6.595303626184590e-02   -6.729803753863364e-02   -3.801518679505406e-02    1.309663975108883e-02   -4.176094188033019e-02   -2.295075385659451e-02
    2    1,6        1,3    
   -4.244509105678729e-02    8.340574529582468e-03   -6.212009329638858e-03   -7.585225188450968e-02    5.531163899251754e-03    4.284856227621860e-02   -1.716752278731753e-03   -5.774018221164171e-02    1.512646820138248e-02
    2    1,7        1,3    
    1.963089779735416e-02    6.300075992164011e-03    7.896492330111614e-02    6.348180205128372e-02   -1.645068419867015e-01    5.764458583495426e-02    2.759887497044724e-02    4.212150266379096e-02   -4.318993604227123e-03
    2    1,8        1,3    
   -1.071137783945300e-02    2.466257394722064e-02    4.374646339098667e-02   -2.088676915136964e-02   -2.248166348973222e-02   -8.617069580292329e-02    5.351682569421340e-02   -7.292593000163902e-02    6.581689969866877e-02
    2    1,9        1,3    
    1.814813319042792e-01   -7.399185630782329e-02   -2.819714913578076e-01   -1.663178675974833e-01    3.830134008148753e-01   -5.967600658169911e-02    1.354313596172468e-01   -3.078979835333963e-01   -1.847099260803245e-01
    2    1,10       1,3    
    1.452487335848337e-01   -8.059751447803347e-02   -2.511924305545836e-01   -9.710679184249500e-02    4.916151923198398e-01   -3.402275949223334e-02    2.052006681200962e-01   -1.607737922968864e-01   -2.361953259342322e-01
    2    1,11       1,3    
    4.225233315192181e-03    1.112177587916005e-02   -8.348997237535793e-02    5.047112565706674e-05   -6.815221222709983e-02   -5.407573285753781e-02   -4.309356816376219e-02   -4.780551874749886e-02    4.628061115224267e-02
    2    1,12       1,3    
   -8.157803700060928e-02    8.371816540280537e-04   -2.670185013080324e-02    5.001094726254823e-02   -2.297777786219889e-02   -2.796446037606019e-03   -3.578070959841653e-02   -7.818087706059700e-02    3.074478682133902e-02
    2    1,13       1,3    
    2.696861278272730e-02   -7.011724037450046e-03   -1.452967066445421e-01   -5.387561849649928e-02   -1.030284067771046e-01   -1.927874524182041e-02   -9.351863434232870e-02    6.162786326357486e-02   -1.504142730715120e-02
    2    1,4        1,4    
   -3.916460062655521e-02    6.239015676877407e-02    8.923815789558523e-02    8.567224522074300e-02   -1.658443687209659e-02    1.015820074422927e-02    7.314696362080296e-03    7.486678112691032e-02    1.871112823304758e-02
    2    1,5        1,4    
   -4.683379374507191e-02   -3.947617202848166e-03   -9.460203420738162e-03   -6.867972613048354e-02    9.626626407111386e-03    3.265398824945541e-02    4.672531289224120e-02    4.814842743682603e-02    2.559288267530265e-02
    2    1,6        1,4    
   -6.780211667357297e-02   -5.802708059505262e-02    2.200946225155853e-02   -2.807934387683394e-02   -3.000209320822994e-02    6.385232934756548e-02    3.825366928737394e-02   -5.114065257733749e-02   -3.770424060767275e-02
    2    1,7        1,4    
    3.176593211275793e-02    3.913821417219208e-02   -2.674427338661766e-02   -9.980869108077592e-03   -8.623875029768302e-03    1.942536244963448e-02    7.489570961971713e-03    5.381198934604730e-02    1.361517858888845e-02
    2    1,8        1,4    
    6.132503526603117e-02   -4.076860812630536e-02   -2.960098785730512e-02    2.530770735022181e-02    7.465812150607004e-03   -1.147511587451567e-02   -6.278148764853331e-02    1.395521605936501e-02    1.999761522634129e-02
    2    1,9        1,4    
    1.969763652650641e-02    1.639593143852071e-02   -1.237296193562341e-02   -3.886080515726172e-02   -4.676263117209117e-03    6.492804161295194e-02   -6.212939903007506e-03    3.329520487184291e-02   -3.163643540606663e-02
    2    1,10       1,4    
   -2.715634557872126e-02    3.044699148574477e-02    2.801811959630033e-02   -2.525611022769648e-02    3.238125022760510e-02   -4.570507289728264e-02    3.293691803956658e-02    5.248368617149005e-02   -2.499517862154911e-02
    2    1,11       1,4    
    6.802311937332378e-03    5.400000880980386e-02   -4.339064975729290e-02    3.846824991606279e-02    6.255268338733262e-02    3.095270470858151e-03   -4.563963472242595e-02    2.655319956622112e-02    4.755521636923235e-02
    2    1,12       1,4    
   -6.857813283580765e-03   -5.554353793991661e-02   -9.812945918256709e-03    3.175883147628352e-02    2.209384728791100e-03    1.903158587982331e-02   -1.824677851396807e-02    1.733679979542836e-02   -4.312936142097804e-02
    2    1,13       1,4    
    6.955041980055593e-02    3.940005441579822e-02    2.382155737594768e-04    4.211889366978257e-02   -7.757158027519318e-03    6.373394906554675e-02   -3.607443380723549e-02   -2.070474632702947e-02   -2.342580666878060e-02
    2    1,5        1,5    
    1.257531797801898e-02    5.912677064642129e-02    1.958491946140933e-02    6.989393351952895e-03   -6.093240914179614e-02    3.418328423698268e-02   -9.037835568307870e-02    2.414799954977917e-02    1.118055543858226e-01
    2    1,6        1,5    
   -5.166206437680842e-02   -5.328967738079473e-02   -1.944643605450914e-02    3.387720071223053e-02   -1.980290071574281e-02   -3.913318707800937e-03    4.864437917676043e-02   -6.273432606137293e-02    6.322426562934974e-02
    2    1,7        1,5    
    5.811648797403017e-02   -1.226868726006401e-02   -1.824981964185719e-02    9.234139833181661e-03    2.184237954718482e-02    8.135087056218532e-03   -5.661602084258252e-02    4.236463366771661e-02   -8.168641713296329e-03
    2    1,8        1,5    
    5.790773055862283e-02    4.930501231765595e-02    2.503690757546263e-02   -3.676338300560734e-02   -1.593835179023815e-02   -2.779438027726838e-03    1.440875617047777e-02    1.800065393684862e-02    8.840133452766791e-03
    2    1,9        1,5    
    5.631108564466696e-02    3.955761986182797e-02   -2.675216156168455e-02    2.486702297493197e-02    6.270987224657943e-03    9.998420001568720e-03   -3.965192389972148e-02    5.712347867486053e-02   -1.204714661944027e-02
    2    1,10       1,5    
    2.764844646361729e-02    5.010281621762382e-02    1.128241655603101e-02   -9.180268090165497e-03   -2.948021148292191e-02   -7.108368561049055e-02    4.002898459238057e-02    2.424575647790685e-02    5.782477589856362e-03
    2    1,11       1,5    
    6.556853586495810e-02    4.229026065491291e-02    1.100042916417412e-02    3.970532936930914e-02    7.959121191639985e-03    4.534153742174406e-02    9.886038174468360e-03    2.656117471515227e-02   -1.304060303016063e-02
    2    1,12       1,5    
    3.587688585517512e-02    4.861714354700494e-02    4.989032869857753e-02    4.906481762340078e-02    3.030004058396600e-02   -1.157967313498081e-02    5.516098646132914e-02    5.698300537662145e-02   -5.351853194422108e-02
    2    1,13       1,5    
   -3.888038767126555e-02   -2.514777131395268e-03   -3.582745410634354e-02   -2.721546056676879e-02    4.419380181565573e-03    2.653384723753503e-02   -4.883872977773179e-02    3.428907781685937e-02   -3.642310545492025e-02
    2    1,6        1,6    
   -5.549268251768708e-02    9.775527274394676e-03    3.059788620734928e-02    1.108317088710302e-01    1.177370302144074e-03   -2.456851195688316e-02   -1.090714445949470e-01   -1.225240140697278e-02    9.936926755785966e-02
    2    1,7        1,6    
    4.415340419476707e-02    4.257374929700885e-02   -3.897625192363955e-03    1.037028554852122e-02    3.318049831668977e-02    6.112939487219819e-02   -6.471534879290802e-02    4.653517397523923e-02   -3.437427062672101e-02
    2    1,8        1,6    
   -5.052657369381383e-03    5.087566032612172e-02   -1.147483955227042e-02   -5.137902419054217e-04    4.118659204502860e-03    2.523601820516444e-02   -2.893188388671326e-03   -5.149557870783438e-02    4.187919659638616e-02
    2    1,9        1,6    
   -4.124982746744702e-02    4.442755939426762e-02    2.997597285226715e-02    1.613765413341176e-03   -4.997260513190706e-02   -3.485150655922335e-02    7.100134812824841e-03   -2.925052569038637e-02   -4.010987348053172e-02
    2    1,10       1,6    
    3.548531627568330e-03    1.017355652359067e-02    8.413240879182608e-03    6.193021104066750e-02   -5.789836525685618e-02   -4.701886419459145e-02    2.714699228847495e-02   -3.390769585655834e-02    1.191820904514873e-03
    2    1,11       1,6    
   -6.326544670975852e-02    3.873297097274150e-02   -3.960568866067876e-02   -3.443619019854386e-03    4.593369182490507e-02   -1.531581857849165e-02   -5.346003875254398e-02   -1.097355426995332e-02    2.505340093687220e-02
    2    1,12       1,6    
    8.005695948661235e-03    6.240223087064210e-02   -6.714343748529803e-03   -2.447141867755168e-02    1.953785762338912e-03    5.957839782088740e-02    7.480768481386394e-03    5.978842840418471e-02   -3.376145516041579e-02
    2    1,13       1,6    
    4.537939123942483e-03   -4.715968351819790e-02    5.210602046118040e-03    2.014868759436618e-02   -1.798620641889271e-02    4.726945953474045e-02   -3.145238537307936e-02   -4.705983320021036e-02   -5.552351286285320e-02
    2    1,7        1,7    
   -6.888049777735974e-03    5.871088228379551e-02    3.845049569651006e-01    1.914732620192694e-01    2.814059834290177e-01   -1.263461065885403e-02   -4.199436186662434e-02    7.686360126019566e-02    2.648146977363419e-01
    2    1,8        1,7    
   -3.334979101024161e-03   -5.739757177175679e-02   -5.711127107635860e-02   -5.031044004692258e-02   -3.643889544044987e-02    1.357041969327831e-02   -2.996840163969496e-02    1.048399820932081e-01   -1.099932777735522e-01
    2    1,9        1,7    
    1.463320709865749e-01    6.007556554358790e-02   -1.275715812806941e-01    9.110235068755804e-02   -1.561703160399710e-02   -5.855951101102051e-02    5.229865841538781e-02    4.152156107546292e-02    7.199147976797467e-03
    2    1,10       1,7    
    2.116354692455525e-02    1.507821835943331e-02   -1.756303813019184e-01   -1.291279600236861e-01   -1.460141833979242e-01    1.190491217190010e-02   -1.288927190492639e-02   -1.871578928449593e-02   -1.018153899407997e-01
    2    1,11       1,7    
   -5.992100737201145e-02   -1.953304411006726e-02   -1.242985704734918e-03   -7.106940119273016e-02   -5.074754695292492e-02   -4.827682777809433e-02    4.219009844775205e-02    4.166117552421235e-03   -2.152014165400459e-03
    2    1,12       1,7    
    3.576691223248862e-02   -1.227661389717961e-02    3.026475740623812e-02   -2.667065189224381e-02    8.297414631497520e-02   -5.188647506552534e-02   -2.148524703489953e-02    4.536023899570408e-02    9.923695545153029e-02
    2    1,13       1,7    
   -2.349268638038556e-03    2.425141499262385e-02    4.217183637522488e-03   -4.173204123783793e-03   -8.153160703436664e-02    1.692754063273499e-02   -4.707707320335467e-02    1.508675212374812e-02   -1.266195858978855e-01
    2    1,8        1,8    
    4.819620596821517e-02    3.237088467485264e-02    5.588355306341786e-02    3.265739086702003e-02   -2.524441906829106e-02   -5.312406781697692e-02    9.283084504341082e-03   -6.977656208119058e-02    1.785681025226628e-02
    2    1,9        1,8    
   -3.740554754409486e-02   -3.001586090232107e-03    2.402492752621384e-02    1.479456399623502e-02    3.169302293600113e-02    5.887059693960497e-03   -4.491808952565980e-02   -5.400967543123370e-02   -2.143053086522693e-02
    2    1,10       1,8    
   -7.321193154910866e-02    9.529055242260713e-03    4.481526834905293e-04    2.806212055844140e-02    4.665318720463169e-02    1.707365976658080e-02   -1.889201936449643e-02   -5.762604880159321e-02    4.869707770812352e-02
    2    1,11       1,8    
   -3.284384160948423e-02    2.846589902266562e-02   -1.766430274235334e-02   -5.977552669696478e-02    1.037186295799914e-02   -4.994305260870698e-02   -7.088755569022927e-03    4.990612054319063e-02    1.223572785595833e-02
    2    1,12       1,8    
   -4.464370219589372e-02    1.432230162671851e-03    5.040767255776729e-03    4.267946301728798e-02   -2.655672684396071e-02    6.290179441693926e-04    1.725236620407271e-02   -8.373112199570518e-02   -2.890537918577710e-02
    2    1,13       1,8    
    7.072370431646395e-02    2.170835606107391e-02   -8.855520945263349e-03    2.101326394089497e-02   -4.544227641384549e-02   -3.613185745439901e-02   -1.794440715167555e-02    4.553687068442953e-02   -3.372646335654568e-02
    2    1,9        1,9    
   -2.085693278959636e-01    8.725699993854914e-02    3.410426148911042e-01    2.065586225553452e-01   -4.935099940569989e-02   -4.198839360053687e-02   -2.450510894780384e-01    2.051294148324077e-01    5.122286087111872e-02
    2    1,10       1,9    
   -2.433800077935566e-01    2.915205988906984e-02    5.453855987935831e-01    2.709280165530516e-01   -4.078531376041518e-01    1.306591922650570e-01   -3.360870723097071e-01    3.030822983844981e-01    2.997020776404011e-01
    2    1,11       1,9    
   -9.047783922997682e-02   -7.029614036832565e-03   -3.385830466644538e-02   -2.039931156978859e-02   -2.339806670714144e-02    8.913287643976966e-02   -2.369057323331866e-02   -5.177843556455479e-02    2.896728618728299e-03
    2    1,12       1,9    
   -5.540385352608581e-02    5.644901438707157e-02    1.662879151280977e-02    1.622300022637601e-03    1.216897712415468e-01    1.918027444442995e-02    2.496699375802473e-02   -1.848107396918829e-02   -1.399506389847571e-01
    2    1,13       1,9    
   -2.720403555754958e-02    5.779585043684839e-02   -7.497057091024701e-03   -5.287362964772481e-02   -1.972123140384051e-02   -2.578615164251643e-02   -2.811676407863601e-02   -9.084084549423713e-02    4.346008589955102e-02
    2    1,10       1,10   
   -5.677423305764401e-02    2.587321287001062e-02    2.127668642327770e-01    1.721596673355793e-01   -3.649412728774489e-01    5.892328151062450e-02   -1.844552400563121e-01    1.133876643234111e-01    2.199389974577676e-01
    2    1,11       1,10   
    3.303884596222049e-02    1.262316543328939e-03    5.639768624767491e-02    7.686353704489587e-02    2.076461640593060e-02   -5.181946553394798e-02   -4.228652422000483e-02    2.734028014037001e-03   -2.016013740205521e-02
    2    1,12       1,10   
   -2.200300255247094e-02    5.023139283487841e-03    3.620904909976271e-02    7.197100218835294e-02    2.092146534930537e-01   -2.059842101182477e-02    4.862421782920039e-02   -7.209709321502951e-02    1.692329683058877e-02
    2    1,13       1,10   
   -1.478408957438446e-02   -4.889423200734196e-03   -2.386926074560474e-03   -1.643587601882502e-02   -1.377668613581648e-02   -6.973828498756282e-02    5.589034338835433e-02   -1.576227496914693e-02    1.032051825860172e-01
    2    1,11       1,11   
    2.399882524935780e-02    6.958341466001688e-02    3.885808060989328e-02    5.476427679376362e-02    1.124362565790156e-02   -4.912582034668941e-02   -6.544876235355479e-02   -5.546374209816114e-02   -9.692233274192056e-04
    2    1,12       1,11   
   -2.272020874606260e-02    1.788062606596653e-02   -1.856807431995506e-02   -8.929411859846872e-02   -1.685275859515092e-02   -1.826612525067170e-02   -5.924967510687905e-02    6.286541864660876e-02   -6.582768483398721e-02
    2    1,13       1,11   
   -2.401573783648369e-03   -2.074719611724964e-02    2.898206385723372e-02   -1.625754167865605e-02    6.578583407647208e-02   -1.734361183258352e-02   -4.247814260734118e-03    8.610983364557191e-02   -3.778153414278040e-02
    2    1,12       1,12   
   -3.757118902346511e-02    5.334831154676412e-02   -2.373145483452037e-02   -1.101546370722119e-02   -5.123735547851986e-03   -3.485153818733226e-02   -7.529621815751679e-02    5.886589854702145e-02   -5.541934413929770e-02
    2    1,13       1,12   
   -1.312723391727628e-02   -5.675346467733428e-02   -4.104690824718731e-02    2.593813496327542e-03    8.261308369846131e-04   -4.418008959144020e-02   -7.086346868782084e-03   -2.521505114660298e-02    6.414658506832878e-02
    2    1,13       1,13   
    1.192380423310413e-01    1.109176349113549e-02    2.797570258831004e-02   -8.372864832866643e-04   -4.236720050517125e-02    1.759611378126529e-02   -3.080104834822741e-02   -7.306561541265985e-02    8.368809076801927e-02
    2    2,1        2,1    
   -1.060004289539623e-04   -6.565405272031168e-02    8.772772892995226e-03   -4.935196467397379e-02   -3.584426297908336e-02    2.616354139571401e-02    8.738626546551168e-03   -4.557976484039592e-02    5.271278440614881e-02
    2    2,2        2,1    
   -2.944451956276008e-02    5.619130424231614e-02   -6.520202848864785e-02    4.291364166478613e-03   -2.999915625120221e-02   -2.682206490548678e-02   -3.032508288717381e-02   -3.225373976317611e-02    1.423522958971332e-02
    2    2,3        2,1    
    2.193984726178080e-02    3.484760461157056e-02    2.576356378072362e-02    6.229542925387571e-03    1.724932888018391e-02    5.940641715723294e-02   -2.950432392879947e-02   -2.875316423497478e-02   -1.596470627913074e-02
    2    2,4        2,1    
   -3.261129066527740e-02    3.132327152821303e-02   -2.241994510708300e-02    2.058677682185201e-02    3.362584250962135e-02   -1.549048309636142e-02   -4.134628080373632e-03    4.109455353850928e-02   -5.151653109695802e-03
    2    2,5        2,1    
    4.590759539563629e-02    2.289175657925600e-02    1.259481742986505e-02    1.177740045835035e-02    1.481448568155527e-02    2.682087818853450e-02    3.796475586138507e-02    4.614069791129081e-02    3.019493062950132e-02
    2    2,6        2,1    
   -1.027148634985122e-02    5.433079377635273e-03    2.965432331886904e-02   -3.099683792690804e-02   -7.764125019439369e-03    5.908490586340030e-02   -9.503419659239025e-03   -7.037022997994331e-02   -2.811155556752552e-02
    2    2,7        2,1    
    2.151252812171972e-02   -4.810416908810115e-02   -2.060090037719344e-02   -3.973324028555879e-02    9.566082076087353e-03   -3.611175449496319e-02   -1.782530906292951e-02    6.692522130319591e-02    2.279672550601184e-02
    2    2,2        2,2    
    5.916230187313335e-02   -4.220490964781474e-03    1.213624114754894e-02    2.809019829181653e-02    1.117459800848217e-02   -3.043678108441756e-02   -4.063064562639811e-02    1.951089330833087e-02    6.073885558044485e-03
    2    2,3        2,2    
    6.463960101062195e-02   -1.052692645065474e-02    2.987951031558272e-02   -6.125357897246979e-02   -9.417298431035722e-03    2.707868345344267e-02    3.009294448218231e-02    5.424286632004252e-03    4.586095818475083e-02
    2    2,4        2,2    
   -2.742253326707183e-02   -5.734430906045794e-02   -2.837910908574229e-02   -6.481545081163188e-02    1.245305375612694e-02    6.045599080379396e-02    2.070028838438398e-02    5.660172627227767e-02    3.183230380670065e-02
    2    2,5        2,2    
   -5.142976849222847e-02   -1.036680952676619e-02   -8.778626850998396e-03   -3.439150411909352e-02   -4.616387979703402e-02    5.876703241807648e-02    3.154800163254984e-02   -3.765249810888618e-02   -1.512588800428899e-02
    2    2,6        2,2    
   -5.476908540642621e-02   -6.286040440950266e-02   -2.504225275358551e-02   -1.397903222816291e-02    1.543435709150110e-02    3.527280706783389e-02   -2.083677171765323e-02   -7.748861037315932e-04   -9.138254178407289e-03
    2    2,7        2,2    
   -2.635253816200590e-02    4.808431611844979e-03    9.391834074901297e-03   -4.489170880413910e-03   -6.027322906509984e-03    4.459787965341152e-02    1.824005059585156e-02   -3.060726912479032e-02   -1.178234131292921e-02
    2    2,3        2,3    
    2.207802844894447e-02   -6.383867314597449e-02   -2.415975464495461e-03    8.800827920647379e-04    2.657773211806250e-03   -5.876577434821388e-02   -1.073015877479111e-02    4.840604073389711e-02    1.975765265488523e-02
    2    2,4        2,3    
   -2.596609595341498e-02   -6.628195648743759e-02    1.466881939773599e-02   -6.455581432364073e-02    2.588673610890161e-02    5.212202227438838e-02   -6.497276103257577e-03    6.331582001140268e-02   -5.321413444505198e-02
    2    2,5        2,3    
    2.502343221676744e-02   -3.168916717537962e-03    1.071277469399137e-02    5.745337007885982e-02    2.116623710820895e-02   -4.399270641466919e-02    4.046584733479140e-02   -6.712423071448245e-03    5.703740835168200e-02
    2    2,6        2,3    
    4.044951145912021e-02   -6.188342078760706e-02    3.635926362545996e-02    1.114238022243848e-02   -2.148874792966405e-02   -3.549569368651048e-02    5.236613475203274e-02   -8.682884728976568e-03    2.595989929791083e-02
    2    2,7        2,3    
   -4.084045238465319e-02    3.026787963674218e-02   -1.059903217564271e-03   -9.506585002660543e-03   -1.217428279777053e-03   -6.659939886120098e-02    2.281756767549412e-02    1.749905517481501e-02   -2.922112318025606e-03
    2    2,4        2,4    
   -5.457262241541735e-02   -2.702192290521747e-02   -5.026905713177428e-02   -3.069242090564077e-02    1.708445978175317e-02   -4.713043524652891e-03   -3.645818196715803e-02    5.823106948620557e-02   -2.108807864383264e-03
    2    2,5        2,4    
    2.337446130284017e-02    6.248766067769192e-02   -1.237654909663243e-02    2.259044499347596e-02    4.878445650749423e-03    2.000659789197162e-02    2.816015208820873e-02   -1.343185325779249e-02    4.814361133033927e-02
    2    2,6        2,4    
    6.036008382582216e-02    1.464057328313448e-02   -5.348004136362507e-02    5.119865723872982e-02    2.469783970497677e-02    1.746693714864135e-02   -4.146157254295157e-02    3.733774362686580e-02    4.027989017185594e-02
    2    2,7        2,4    
    2.272828395087278e-02   -6.255132232613046e-02   -9.022075235134836e-03   -2.141785795731580e-02    7.308975987741210e-03    3.012125794710492e-03   -1.906259500443600e-02    4.106030052322818e-02    3.741748184553546e-03
    2    2,5        2,5    
    1.696709077846873e-02   -1.816235716659167e-02   -1.541708412850686e-02   -3.817586985653488e-02   -5.204648220592090e-02    2.486650461782488e-02    3.112367243077332e-02    7.905256950440920e-03    4.552968408091963e-02
    2    2,6        2,5    
    1.114962181254324e-02   -4.600850729425482e-03   -4.283749865714325e-02    6.960013609667227e-03    4.786690669196949e-02    3.179474986199683e-02   -3.391032641327182e-02    6.333771690756224e-02   -1.100579425821392e-02
    2    2,7        2,5    
    6.375550733154324e-02    1.747877551818737e-02   -6.506790314883362e-03   -5.635025149927508e-02    7.219063532202491e-03    6.712079039454900e-02   -3.668078134757592e-02    1.727909490565095e-02    2.800409100976688e-02
    2    2,6        2,6    
    2.349733004915076e-02   -2.528720149896985e-02    1.940447943521993e-02    4.720071202615062e-03    1.032797419617333e-02    1.214523821903464e-02   -2.916934071573430e-02   -3.278447222361051e-02    4.174578221443715e-02
    2    2,7        2,6    
   -1.212970100826423e-02   -5.798907597794762e-02   -2.477270612596254e-02    2.345457470170773e-02    1.993989937131594e-04    5.619259707727123e-02    2.329619971932556e-02    5.871470931532539e-02   -3.174307072041593e-02
    2    2,7        2,7    
    2.041679387727641e-02    2.827473102680060e-02    1.310861944213923e-02   -1.264406300254509e-01    6.471270561700143e-03    8.915203941332281e-02    3.112381182501255e-03   -3.070590437173487e-02    9.112019279701408e-02
    2    3,1        3,1    
   -2.105856039359856e-02   -3.799236409345312e-02    1.673712306100858e-01    8.874595719516555e-02   -8.456211261106765e-02    5.000099086573512e-02   -4.405054624612825e-02    6.505547490938622e-02    1.352263502813436e-01
    2    3,2        3,1    
    1.855675544698559e-02   -1.741514876480342e-02    4.192361984958746e-02    6.378995270155269e-02   -1.198101311570646e-02   -4.915900202909960e-02    2.504786256315909e-02    7.782252330873950e-02    1.237469217962883e-03
    2    3,3        3,1    
   -5.707013497874118e-02    1.890602338583761e-02   -2.617535690078817e-03    1.059902552647632e-02    5.960591655660882e-02   -2.328756335192810e-02   -3.924234547467088e-02    3.202774707242092e-02    5.989077699646634e-03
    2    3,4        3,1    
   -3.525085840807626e-02    5.490104411101990e-02   -1.405891142398573e-02   -3.708992922052579e-02    5.583463221190068e-02    5.819062568063115e-02   -4.023617405294297e-02   -2.324536359391724e-02    4.875826600582357e-02
    2    3,5        3,1    
    2.050362044825159e-02    1.117023769725649e-02   -5.099842706723884e-02    5.387708289314722e-02   -3.882873853529487e-02   -4.414868372596205e-02    8.477118473114038e-03   -5.544958221126326e-03    4.784327869129226e-02
    2    3,6        3,1    
    3.434903110176447e-03    1.877675830029275e-02   -3.360550999707767e-02    6.935775987382284e-02    3.579107238187232e-03   -4.689812051399358e-02   -6.062255989744016e-02   -3.647489277037338e-02    9.531673409709816e-03
    2    3,7        3,1    
   -3.082110786330754e-02   -4.891002957415758e-02   -1.374708652985792e-02   -1.432330192360443e-02   -1.500570704234477e-02    1.560721887833128e-02   -4.946532215265396e-02    8.088633645480110e-02    6.687017657681989e-03
    2    3,8        3,1    
   -4.292848818943876e-02   -9.508652196880069e-03    2.650284041842649e-02   -5.881368889175917e-03   -1.095260945138217e-02    1.779541670712676e-02    2.498339771460612e-02   -5.134532287506974e-02    2.143627115144368e-02
    2    3,9        3,1    
   -5.240900645938989e-02    3.202411374847988e-02   -5.030647078095942e-02    6.244900676742839e-02    2.910245636185774e-02    3.472156973185147e-02   -2.256822463612525e-02   -3.112503275643659e-02    4.906811475952477e-02
    2    3,10       3,1    
   -3.851441250838041e-02    6.078772922444649e-02   -1.146263010310935e-02    1.752821091894147e-02    4.728609400481096e-02    3.339249715491017e-02    2.625778309440800e-02    4.197218217956619e-02   -2.484148028218521e-02
    2    3,11       3,1    
    3.055410286796788e-02    5.111984195862569e-02   -3.287414657405278e-02    5.875350505705537e-02    2.783874013794720e-02   -6.187637989711291e-03   -4.876477962387173e-02    3.434993843182867e-02    3.807068034214250e-02
    2    3,12       3,1    
    1.631420350939252e-02    1.881714892588143e-03    5.909263906352348e-02   -3.904128724442481e-02    6.423661096678206e-02   -4.902014913716386e-02   -4.306619616028089e-02   -3.965094060895680e-04    2.281144249512255e-02
    2    3,2        3,2    
   -8.225541985808053e-02    6.768938726495585e-02    5.906814591625136e-02   -1.124980516196006e-02   -1.753210244118279e-01   -6.499416934968871e-02   -6.070995557835062e-02    7.346879217660129e-02    3.633349517022631e-02
    2    3,3        3,2    
   -3.012565483959865e-02   -3.243078614821301e-02    5.159489670874604e-02   -3.925282342932034e-02   -4.447057680951735e-02    5.683642286313004e-02    4.187498384765399e-02    4.704459453888561e-02   -3.085841672652779e-02
    2    3,4        3,2    
   -2.677856331239971e-02    1.219501881863260e-02    7.256436638379188e-04   -7.127201035115871e-03   -1.476705197527888e-02    6.608262999400880e-02    5.011468920377468e-02   -5.947605823470120e-02    5.038074456791244e-02
    2    3,5        3,2    
    4.059216612153354e-02    1.005707822268335e-02    4.045793107872211e-02   -5.033160381628781e-02    2.013161544024184e-02   -2.215789562539393e-02   -3.337481339869518e-02    6.518631304820822e-02   -4.103677352580958e-02
    2    3,6        3,2    
   -4.055662477506504e-02    2.546072786720449e-02    1.738605004425920e-02   -1.438212207703465e-02   -2.835478385555424e-02   -4.092374913702081e-02    1.426668779765903e-02   -5.183138747926055e-02   -1.574286492931361e-02
    2    3,7        3,2    
   -6.217241174846007e-02   -5.415104607581066e-02    1.872751185948062e-02    4.276549758701429e-02    8.856645296598329e-03    5.163062764704534e-02   -3.346656804640893e-02    7.088511406121233e-03   -2.271774003326020e-02
    2    3,8        3,2    
   -3.345163137436210e-02    1.955072681200307e-02   -4.129300982154374e-03   -6.522464754475241e-02   -2.142210419044839e-02    6.448482308549050e-02    3.737177191201799e-02    4.942627834260920e-02   -3.677163397904040e-02
    2    3,9        3,2    
    1.940774265575273e-02    6.230016290153165e-02   -8.113663237261649e-02    3.448545902935557e-02   -7.044933832118733e-02   -4.132950092211478e-02   -2.065794135591850e-02    2.404425626850818e-02   -3.168310189077243e-02
    2    3,10       3,2    
   -3.392867415438027e-02   -5.699192976231877e-02   -6.889912602970599e-02   -4.205014695084464e-03   -2.823439267791518e-02    4.929756061894756e-02    4.918114574215347e-03    2.684271801423061e-02   -1.626422533985498e-02
    2    3,11       3,2    
    2.376379553260570e-02    3.411259793672240e-02    5.210096274215895e-02   -2.561148958027056e-02    7.167503839413948e-02    1.691342080552567e-02    5.520843200325842e-02    2.998769774689177e-02    3.118461766755755e-02
    2    3,12       3,2    
   -4.113965104985840e-02   -7.903569232005950e-03   -3.910885772939637e-02   -2.488285968006557e-02   -3.520924673276174e-02   -5.334927761910707e-02    3.397847399902702e-02   -2.235491702753985e-02    6.721454747735175e-02
    2    3,3        3,3    
   -6.046397997625957e-02   -1.299158142582138e-02    1.288423271205270e-01    9.106053243908106e-02   -5.017884885433515e-02    4.318243723114723e-02   -1.060516021511257e-01    8.308249254513163e-02    1.004853447869849e-01
    2    3,4        3,3    
   -2.322942127705103e-03    4.483054244689790e-02   -1.703903424530236e-02    3.795080620412832e-02    5.431330399770715e-02    3.529571869237747e-02   -2.972354983477380e-02   -2.330070349781290e-02    4.254661878033784e-02
    2    3,5        3,3    
    2.639558825851200e-02    3.429285129975589e-02    5.031978815571217e-02    4.350363816924824e-02    2.861001829758014e-02    9.848336459883632e-03   -1.641324786975845e-02   -2.139437790060309e-02   -4.586521675424936e-02
    2    3,6        3,3    
    3.804260452710255e-02   -1.611562128144002e-03   -6.363478210994559e-04   -2.779200849692440e-02   -4.337589785555411e-03    5.739610319168525e-02    9.369407426469887e-03    3.301577891262710e-02    7.652820438327619e-04
    2    3,7        3,3    
   -4.608468735931179e-02    7.522667764928673e-03    9.638908037611429e-03   -3.094554737689414e-02    5.879389627263325e-02   -1.316148458524666e-03   -2.430224419924077e-02    5.370157914879189e-02    3.053017064996398e-02
    2    3,8        3,3    
   -4.481055856922511e-02   -6.607156433116700e-02   -2.728937041404614e-02    4.922118355544607e-02    3.372893910447040e-02   -2.402310124181424e-02   -1.696502051766841e-02   -3.736180194135787e-02    5.288016487256406e-02
    2    3,9        3,3    
   -3.085501429863191e-02   -8.060859679057193e-03   -6.978445576495225e-02    2.464351951216836e-02    1.098274069320967e-02    5.011456953338127e-02   -5.519704902102186e-02   -1.196744024162568e-02    1.676009232403688e-02
    2    3,10       3,3    
   -3.841922891633045e-02   -4.141182908294181e-02    2.487474220078688e-02   -4.635629104329630e-02    9.857279924041530e-02    1.544447222168342e-02   -2.377485953882867e-03    3.376124339819272e-02   -1.942038575707405e-02
    2    3,11       3,3    
   -1.534336788784145e-02    2.404045519082988e-02    7.858817153090628e-03   -2.657654788842387e-02   -2.271664865911954e-02   -5.225332063973231e-02   -2.204533039893941e-03    3.584902236083607e-02   -2.251962000921381e-02
    2    3,12       3,3    
   -4.855823411629673e-02   -4.451125635895951e-05   -2.758250879556685e-02    3.136135355563963e-02    3.559200761878977e-03    1.342637884882239e-02   -6.034012638578915e-04    6.098282065997101e-03   -4.208986560968096e-02
    2    3,4        3,4    
    3.269959649179267e-02    7.118989415274114e-02    7.972489426235989e-02    1.081902305240309e-01   -2.394102131143742e-02   -2.668936619785653e-03   -5.803852629978208e-02    4.146860222232107e-02    4.066151438785790e-02
    2    3,5        3,4    
    4.512909839256832e-02    9.050163829606406e-03    5.520396988813007e-03    2.060473685931016e-02    4.436694068610923e-02   -4.608530222782432e-02   -4.621892467638378e-02    6.887806920530953e-02   -2.125913728075298e-02
    2    3,6        3,4    
    3.169770372951117e-02   -7.611244030031847e-03   -1.555879330281699e-02    1.401476923263020e-03    4.278490685104184e-03    6.083490998230449e-02   -3.833310589901617e-02   -5.140745090229294e-02    4.873721467536179e-02
    2    3,7        3,4    
   -2.646529022843232e-02   -1.177908908320541e-02    1.237964887389621e-02   -2.460455724264550e-02    1.224663621375925e-02   -4.525398529153862e-02    7.218662501746816e-02    5.212172221651096e-02    1.237451003257443e-02
    2    3,8        3,4    
   -7.204031521882778e-03    4.559284839651544e-02   -4.092426196638699e-02   -4.916088956313815e-03    2.762980733680597e-02    3.362533522371009e-02   -4.525006351897173e-02    2.846667305006320e-02    3.159055289793869e-03
    2    3,9        3,4    
    1.055639307644933e-02    5.944768535599863e-02   -4.758437613253819e-02    2.897493883008349e-02    4.962815444785711e-02    2.991128014110878e-02   -5.897245295121567e-02   -1.468772516541525e-02    6.528783042532901e-02
    2    3,10       3,4    
   -4.179533051062846e-02   -6.268964548282355e-02   -1.341218280104261e-02    6.431635663633815e-02    2.503041020881979e-02   -1.699661370838937e-02   -1.133374832244157e-02   -2.699571818053675e-04   -2.682470527726405e-02
    2    3,11       3,4    
    3.967469644447192e-02    5.904664081915741e-02   -2.423594273423499e-02    5.401862450636045e-02    9.394458197113422e-04    9.149418956511906e-04   -4.407248272850436e-02    4.157789886158791e-02   -5.686236079814810e-02
    2    3,12       3,4    
    4.562315400265888e-03    8.546149787875223e-03    2.023224724190257e-02   -1.783587191093261e-02   -7.639254059908789e-04    2.875548030898693e-02   -1.289628082583448e-03    5.965842554359022e-03   -3.987050687609951e-02
    2    3,5        3,5    
   -2.227460649900868e-02    4.706441711703287e-02    6.634421935612636e-02    6.422075806825946e-02   -6.914187001430015e-02   -5.892234553398253e-02   -3.646165101593261e-03    3.551748408327681e-03    1.067567303483362e-01
    2    3,6        3,5    
   -2.474278298736702e-02    1.243653702587560e-02    1.988046736931933e-02   -5.336821867182990e-02   -6.534346046882093e-03   -3.777196565910414e-02   -4.933450300617466e-02   -2.700114992049654e-02   -3.696792460141802e-02
    2    3,7        3,5    
    1.255190890581774e-02    4.024587744929595e-02   -5.638273531465161e-03    2.605930969016231e-02   -1.125045582582567e-02   -3.376998276366450e-03    4.130463210065705e-02    6.729676722666325e-02   -2.702490918950292e-02
    2    3,8        3,5    
    5.171349201861276e-02   -4.380888469485139e-02    2.525879914289085e-02   -1.402044493196988e-02    5.321396046581798e-04   -5.053020413645498e-03    1.218810075325617e-02    1.813340098462093e-02    1.946807492843898e-02
    2    3,9        3,5    
   -1.735311104532920e-02   -3.213699000598969e-02    4.977747912404346e-02    5.812789860391243e-02    1.252829887740126e-02    1.091959200257595e-02   -1.882741950774836e-03   -5.931676337620063e-02   -5.967262747878999e-02
    2    3,10       3,5    
    5.067353448467828e-02    4.227277481505002e-02   -3.054148268544874e-02    7.717367200232489e-02    6.307594273294741e-03   -3.726265784014877e-02   -4.501993810250144e-03    6.600536208093399e-02   -1.383127363444037e-02
    2    3,11       3,5    
   -1.358590225692374e-02   -3.571778716257484e-02    2.820767048738932e-02   -9.254680169023392e-03   -4.878987446350447e-02   -1.970326052630118e-02    4.077570502958264e-02   -3.334825809466568e-02   -3.555277864888163e-02
    2    3,12       3,5    
   -4.792478410731158e-02   -2.373515556833105e-03   -5.924764017486773e-02    2.159433958168781e-02   -5.513100723716094e-02   -6.070160165851582e-02   -2.223394200841287e-02    1.589381475193333e-03   -3.959620532550298e-02
    2    3,6        3,6    
   -6.393659713984343e-03   -5.667900348997036e-02    6.026606911591108e-03    3.673140214078197e-02   -2.364723564711262e-02    2.475014455763263e-02    4.659118159058828e-03   -3.700249711418316e-02   -1.843511406496072e-02
    2    3,7        3,6    
    6.122643611989788e-02    9.020147185229749e-03    3.425631941255759e-02    2.699499451275837e-02   -1.131846705502802e-03   -1.577157976046701e-02   -1.729353198120412e-02    1.030323211477249e-02   -4.083804392976693e-02
    2    3,8        3,6    
   -2.921554578300151e-02   -3.451085374229013e-02    2.791502234132397e-02   -3.894684418204814e-02   -1.721442147434785e-03    4.907443861304465e-02   -1.959006817358681e-02   -6.654654111619696e-02   -1.255894194076583e-02
    2    3,9        3,6    
    4.495699740913896e-02   -5.833897889374997e-02   -5.682852210278904e-03    2.209652105082508e-02    1.575758274204423e-02   -5.575731613897190e-02   -6.963340064714476e-03    6.755948712727837e-02    7.941545271701789e-03
    2    3,10       3,6    
    1.779202167101876e-02    4.780023434580487e-02    1.559716876999194e-02   -3.637545955056564e-02   -8.846843393984503e-04   -9.965292143860755e-03   -2.014726814454402e-02   -3.345821877731315e-02    2.675164960162070e-02
    2    3,11       3,6    
   -4.536466550725038e-02    4.667385341873015e-02   -6.475526483100886e-03    1.004361700909886e-02   -2.561553884171237e-02    7.866194925609849e-03    2.885750899230443e-02   -4.425701195196798e-02   -3.324077712595639e-03
    2    3,12       3,6    
   -3.969955439797130e-03    5.025395578364583e-02   -1.806699004072655e-02   -5.437794378107035e-03    4.276034450323646e-02   -4.644582648647298e-02   -1.535471593150767e-02    5.210556279082662e-02    2.981273901594564e-02
    2    3,7        3,7    
   -3.367225565524617e-03    6.557618181698159e-02    9.751344300300217e-03    2.682460966801585e-02   -3.642180623171033e-02   -4.628330993010354e-02   -5.196126867503113e-02   -3.788944163064322e-03    4.223204938614956e-02
    2    3,8        3,7    
   -4.647329918389546e-02    5.031662056612021e-02   -6.574211361650270e-03   -6.520364733311998e-03    1.271958032933060e-02    4.856368607725377e-02    5.735350575393758e-04   -5.094349559277090e-02    2.700402964009675e-02
    2    3,9        3,7    
   -9.877259552558240e-03    6.127062155190006e-02    8.063741150794954e-02    1.215352968555320e-02    1.456308340325367e-02   -6.530724355029581e-02    3.704641134620228e-02   -2.662431404997395e-02    3.054129538522761e-02
    2    3,10       3,7    
    3.054650723048222e-02    1.297435381264694e-02    2.085192774097530e-02   -5.542742065054761e-02   -3.334687840791883e-02   -6.183338454335707e-02   -4.045946969326945e-02   -1.526355574176760e-02   -5.845209395738617e-02
    2    3,11       3,7    
    1.603191285886114e-02    4.674748971255232e-02    2.863827197963061e-02   -5.808025966913608e-02   -3.345771400139149e-02   -4.087278665353829e-02   -3.651551781755445e-02   -1.457573874970973e-02   -5.943172810240414e-02
    2    3,12       3,7    
   -5.893910200033874e-02    6.086718512487442e-02    3.196332907773682e-02   -1.483458248713223e-02    4.412931987314390e-02    2.906623768455582e-02    4.730465893123523e-02   -2.264938626582105e-02    2.544876495024619e-02
    2    3,8        3,8    
    3.907087094366586e-02   -3.655670142471782e-02    1.986055658597783e-02    2.940120236757222e-02   -2.153239283120630e-02    5.596254015947030e-03    7.477617188749648e-03    2.210863588396016e-02   -2.758194828790171e-02
    2    3,9        3,8    
    5.550319899890681e-02    3.797139276634244e-02    8.302665339704718e-03   -6.636614548933471e-02   -3.101847228901684e-02   -2.046833211687096e-02   -3.529848711253194e-02    3.375793809058337e-02   -2.808369583183810e-02
    2    3,10       3,8    
   -4.126053273694885e-02   -2.721018582257569e-02   -6.967637040480389e-02    4.938426935384469e-02   -2.244726086174922e-02    9.523013025731424e-03    6.650163965256514e-02    3.280115483378539e-02    4.975969269376388e-02
    2    3,11       3,8    
   -5.301733682365777e-02    1.021687445180179e-02   -1.800545009295334e-02    8.147714645390960e-02    2.024661166875885e-02    4.687995772029071e-02    3.352961465455615e-02   -8.859271610506987e-03   -3.229074087264437e-02
    2    3,12       3,8    
   -3.989260944970804e-02    8.555780185110299e-03   -6.149763244622440e-03   -4.405204431827956e-02   -4.968305066973873e-02   -4.248919826569220e-03    5.098795756657946e-02   -1.325367503370943e-02    3.012408973412940e-03
    2    3,9        3,9    
   -1.392935057451134e-02    1.268453195210488e-03    3.094893002845172e-02   -7.898364575871631e-03   -2.749686709470739e-02    2.331909372636501e-03    2.206566459960790e-03    4.348373308512258e-02   -7.707823010760687e-02
    2    3,10       3,9    
   -4.085743633157980e-02    4.909152974712062e-02    2.406887583688115e-02   -3.125664220693036e-02    5.705178488155768e-02    1.982639663528763e-02   -9.279416399182897e-03   -3.926723378257317e-02    3.970921742257046e-02
    2    3,11       3,9    
   -4.343118120807518e-02    4.315107362213274e-02   -1.236582416291334e-02    2.198229542512150e-02    1.709588775359220e-02    1.577029549030005e-02    7.680080065497975e-02    6.631243200772022e-03    4.392145175981308e-02
    2    3,12       3,9    
    2.955608568954306e-03   -3.179400259865597e-02    1.134178400828323e-02    4.803014504065450e-02    4.500607064699788e-03    1.890012243453005e-02   -2.435033939164125e-02   -2.022366960890935e-02   -5.031731497666725e-02
    2    3,10       3,10   
    5.956077875453670e-02   -3.777272016346102e-02    1.583869741736453e-02    1.051303726555366e-02   -2.169202640714488e-02    6.591820756185940e-02    2.336191540239946e-02   -4.004945531023005e-03    6.214285338023742e-02
    2    3,11       3,10   
   -4.951003348387877e-02   -2.780424815844619e-02    1.246595443163762e-03    5.400426575843011e-02    2.407708231575336e-02    5.596540177813931e-02    5.740655144963983e-02   -4.773530250023479e-02    3.654160992691351e-02
    2    3,12       3,10   
    5.837836488908665e-02   -3.252359695730775e-02    4.777687794998240e-02    5.016770391538548e-02    3.227835372413804e-02   -2.547800171023987e-02   -2.955611620179467e-02    2.325308874537347e-02   -5.954402698688161e-02
    2    3,11       3,11   
    9.080587690604899e-03    8.393148888754363e-03    2.253530636509504e-02    5.730306089806370e-02   -9.253663943362527e-03   -1.767927480543201e-02    1.745292571972210e-03   -2.380717605039553e-02    8.206687947087407e-03
    2    3,12       3,11   
    4.018959498166473e-02    5.588390066530014e-02    1.583434129759461e-02    2.315428124866930e-02    2.106295599786756e-02    5.701047394910626e-04   -4.636537948415204e-02   -2.896325411230692e-02   -7.131418334090376e-03
    2    3,12       3,12   
   -3.412345367019402e-02   -4.194574753839818e-02   -8.672123440764233e-03    2.718989790457695e-02   -2.773386677307662e-02   -6.794956499206496e-02    2.442194566933343e-02    2.831586097564113e-02   -1.973815594935205e-02
    2    4,1        4,1    
   -6.024550015425852e-02    2.618379545469191e-02   -4.846003202197332e-02   -1.850034857649534e-02   -9.747168121058263e-02   -3.077646689652272e-02    3.300484574693216e-02    7.715892894502746e-03    2.714128165089881e-02
    2    4,2        4,1    
   -4.790433116243965e-02   -1.376844041196541e-03    1.115186754777368e-02   -9.860455492723335e-03   -3.930293354660919e-02    1.279171178735021e-02    2.751654656529983e-02    7.027304534539940e-03   -5.662041487723220e-02
    2    4,3        4,1    
   -3.547699486048779e-02    5.020767279539338e-02   -3.618835093754133e-02   -3.953158223150838e-02   -2.056849055307573e-02    4.497087002178809e-02    5.848101765498779e-02    3.487908111078582e-02    6.814294506958464e-02
    2    4,4        4,1    
    2.542101964510819e-02   -5.210318701984997e-02    4.813743190027930e-02   -3.802682522066758e-02   -1.796998852646244e-02    1.704977331541470e-02    4.412362930249715e-03    7.768845349786675e-03   -5.942945314118894e-02
    2    4,2        4,2    
   -3.268847957037112e-02   -2.016257349026036e-02    2.035604131631852e-02   -1.624732429790845e-02   -1.980434528112588e-02    9.824910269670367e-03   -6.781511861041109e-03   -2.182610827904680e-02   -3.603908764015565e-02
    2    4,3        4,2    
   -2.374421747577736e-02    4.823597128674505e-02   -4.791096571733569e-02    1.318171474592600e-02    2.214024862162343e-02   -4.775423422470281e-02    1.493513390368056e-02    3.545993801713025e-02    6.576305377905775e-02
    2    4,4        4,2    
    1.261966860865974e-02    3.655456589943078e-02   -1.199495843859207e-02    3.724279139196008e-02    1.096704184205465e-02    7.223758658495539e-03   -3.237242181313244e-02    4.228821309484503e-02   -6.655481909760669e-02
    2    4,3        4,3    
   -2.394817665023381e-02   -4.394134249442276e-02   -5.248227008805673e-02    2.957029780336715e-02    3.831072264933285e-03   -6.137459638707266e-02   -5.506145010486598e-02    3.143661707726838e-02    8.148155843502635e-03
    2    4,4        4,3    
    6.489040410423876e-03   -1.718482917695859e-02    3.617914809425756e-02   -6.869184731430101e-03    3.839733474316922e-02    2.258481464217604e-02   -2.369552581122093e-02    2.415765836197709e-02   -5.314137279201191e-02
    2    4,4        4,4    
   -1.150579046036472e-02    4.434719211023242e-02    5.148886242197276e-02   -2.637977170639152e-03   -2.764724392432312e-02    2.098994690110471e-02    5.757724914093844e-02   -5.532065311278747e-02   -1.372117870404539e-02
bias
   -8.038568193560749e-02    2.882970306853487e-03    1.798006585756582e-01   -2.260104813072626e-02   -5.530565273038561e-01   -2.178070462241542e-02    2.045293665968575e-01   -2.974389462952270e-01   -3.650733629333855e-01
