    7,1        1,3                # harmonic with-HN
    1.639595897826312e-01
    7,2        1,3    
   -7.224704380931406e-02
    7,3        1,3    
   -1.088037451731380e-01
    7,4        1,3    
   -7.750711060934275e-02
    7,5        1,3    
    1.508715613154964e-01
    7,6        1,3    
    2.746059725366650e-02
    7,1        1,14   
    1.657129047000630e-01
    7,2        1,14   
   -6.929198106027455e-02
    7,3        1,14   
   -6.519386307874216e-02
    7,4        1,14   
    3.883029507712182e-02
    7,5        1,14   
   -4.645563733254533e-02
    7,6        1,14   
    3.072204878964131e-01
    8,1        2,1    
    4.272023864158282e-01
    8,1        2,2    
    3.012763296163052e-01
    5,1        6,1    
   -3.963792882964472e-03
    5,1        2,1        4,1     # C2v-planar B2 x A2 <- G8 irred-5 x irred-2 x irred-4
    4.099190092615554e-02
    5,1        2,1        4,2    
   -2.465765118491919e-02
    5,1        2,1        4,3    
    3.655367839662311e-04
    5,1        2,2        4,1    
   -1.166287314865688e-01
    5,1        2,2        4,2    
    1.370086302396175e-01
    5,1        2,2        4,3    
   -1.046191362959204e-01
    5,1        6,1        1,1     # C2v-planar B1 x A1 <- G8 irred-5 x irred-6 x irred-1
   -5.309786108146595e-02
    5,1        6,1        1,2    
   -8.540125806888051e-02
    5,1        6,1        1,3    
   -2.414214081048826e-01
    5,1        6,1        1,5    
   -3.055373249672543e-01
    5,1        6,1        1,6    
   -4.905141969764878e-02
    5,1        6,1        1,7    
   -7.320137756631082e-01
    5,1        6,1        1,8    
    1.040646907604726e-01
    5,1        6,1        1,9    
   -1.031042591764551e-01
    5,1        6,1        1,10   
   -1.401095250148612e-01
    5,1        6,1        1,11   
   -5.010936038509614e-02
    5,1        6,1        1,12   
   -7.063428193508779e-02
    5,1        6,1        1,13   
    7.917803706944766e-02
    5,1        6,1        1,14   
   -8.419500126432278e-02
    5,1        8,1        3,1     # C2v-planar / C2v-perpendicular A2 x B2 <- G8 irred-5 x irred-8 x irred-3
    4.910575910068698e-02
    5,1        8,1        3,2    
    1.310226506030895e-01
    5,1        8,1        3,3    
    5.483274833604451e-01
    5,1        8,1        3,4    
   -2.752100004563544e-03
    5,1        8,1        3,5    
   -3.584675690022938e-02
    5,1        8,1        3,6    
    8.620445064943311e-02
    5,1        8,1        3,7    
    4.820850697691213e-02
    5,1        8,1        3,8    
    2.066002137840555e-01
    5,1        8,1        3,9    
   -2.121732286296921e-03
    5,1        8,1        3,10   
    2.873061195681648e-03
    1,22       7,1               # 1st-scaling bias replacing an irred-1 HN coord
    2.394230754488467e-01
    1,22       7,2    
   -5.152061158966602e-02
    1,22       7,3    
    1.951209322791849e-02
    1,22       7,4    
   -2.028534008766304e-01
    1,22       7,5    
   -5.205115822788607e-02
    1,22       7,6    
    3.419575038849675e-01
    1,22       5,1        6,1    
   -1.167596255328458e-02
    2,6        8,1               # 1st-scaling bias replacing an irred-2 HN coord
   -6.097088504434000e+00
    2,6        5,1        4,1    
   -7.464696045588272e-01
    2,6        5,1        4,2    
    7.545919800304633e-01
    2,6        5,1        4,3    
   -5.790095634871090e-01
    1,23       7,1               # 1st-scaling redundancy bias replacing an irred-1 HN coord
    2.808690925331344e-01
    1,23       7,2    
   -1.604323144256164e-01
    1,23       7,3    
   -8.549286779341138e-02
    1,23       7,4    
    1.083071566817899e-01
    1,23       7,5    
    4.922774208323221e-01
    1,23       7,6    
    2.630454367973004e-01
    1,23       5,1        6,1    
   -2.895572611510120e-02
    7,1        1,18              # 2nd-scaling harmonic with-HN
    2.865400475936118e-01
    7,2        1,18   
   -4.126273699955169e-02
    7,3        1,18   
    3.557261462437428e-03
    7,4        1,18   
   -1.205588122138557e-01
    7,5        1,18   
    1.893360998353012e-01
    7,6        1,18   
    1.957288116548724e-01
    7,1        1,19   
   -8.900718791649377e-01
    7,2        1,19   
    1.246347239557408e+00
    7,3        1,19   
   -4.638076242015553e-02
    7,4        1,19   
   -6.299361424764136e-01
    7,5        1,19   
   -2.856933304321569e-01
    7,6        1,19   
   -3.091199704402877e+00
    8,2        2,3    
    6.936999045458583e+00
    8,2        2,4    
   -1.677493225230765e+01
    7,8    
    2.463314394313843e+00
    7,8        1,1    
   -1.602989285669119e+00
    7,8        1,2    
   -5.217263090808825e-01
    7,8        1,18   
    8.697569243529945e-01
    7,8        1,19   
    8.115645879180718e+00
    7,8        1,5    
   -2.162801964386199e+00
    7,8        1,6    
   -2.808166640606016e-01
    7,8        1,7    
   -7.945330673714489e+00
    7,8        1,8    
    1.096123663567212e+00
    7,8        1,9    
   -1.439682554404021e+00
    7,8        1,10   
   -1.737485835983771e+00
    7,8        1,11   
   -4.934021666582237e-01
    7,8        1,12   
   -8.169945457586790e-01
    7,8        1,13   
    7.153545532048965e-01
    5,2        2,3        4,1    # 2nd-scaling C2v-planar B2 x A2 <- G8 irred-5 x irred-2 x irred-4
    1.247861014674289e-01
    5,2        2,3        4,2    
   -1.460673504018337e-01
    5,2        2,3        4,3    
    1.641918777551505e-01
    5,2        2,4        4,1    
    1.477521121242088e+00
    5,2        2,4        4,2    
   -4.724816654823265e+00
    5,2        2,4        4,3    
    8.158687697571539e+00
    5,2        8,2        3,1    # 2nd-scaling C2v-planar / C2v-perpendicular A2 x B2 <- G8 irred-5 x irred-8 x irred-3
   -5.633156926662021e+00
    5,2        8,2        3,2    
    2.149765936148729e+00
    5,2        8,2        3,3    
   -3.477266303697415e+00
    5,2        8,2        3,4    
   -9.111805155959286e-01
    5,2        8,2        3,5    
    4.102178214211598e+00
    5,2        8,2        3,6    
   -2.117267465637978e+00
    5,2        8,2        3,7    
   -2.486792031299997e+00
    5,2        8,2        3,8    
   -8.366795489183787e+00
    5,2        8,2        3,9    
    1.942857462813327e+00
    5,2        8,2        3,10   
   -1.122285806619109e+01
    1,24       7,1               # 2nd-scaling bias replacing an irred-1 HN coord
   -9.751644733626976e-01
    1,24       7,2    
    8.146295520050728e-01
    1,24       7,3    
    2.974567760335062e-01
    1,24       7,4    
    1.698152559172834e-02
    1,24       7,5    
   -6.715684900913851e-01
    1,24       7,6    
   -2.201307650616968e+00
    1,24       7,8    
   -8.649173013119404e+00
    2,7        8,2               # 2nd-scaling bias replacing an irred-2 HN coord
   -3.859493271926326e+00
    2,7        5,2        4,1    
   -2.826922964555258e-01
    2,7        5,2        4,2    
    3.305716056667177e-01
    2,7        5,2        4,3    
   -2.171652854931506e-02
