    1,21                                    # 4th-order Morse
    8.264157779168840e-02
    1,21       1,21   
   -6.765888348731675e-02
    2,5        2,5    
    4.922022222123974e-02
    1,21       1,21       1,21   
   -1.610187614079067e-01
    2,5        2,5        1,21   
   -8.726497993437904e-01
    1,21       1,21       1,21       1,21   
    2.127556263878494e-01
    2,5        2,5        1,21       1,21   
    2.603766284641133e-02
    2,5        2,5        2,5        2,5    
    5.465886775637346e-02
    1,22                                    # 1st-scaling bias
   -1.279841757489514e-01
    1,22       1,22   
   -1.061788298648918e-01
    2,6        2,6    
    1.465265503479315e-01
    1,22       1,1                          # 1st-scaling bias replacing an irred-1 HN coord
    2.256060479965108e-01
    1,22       1,2    
   -7.178624188493919e-03
    1,22       1,3    
    8.139720091647732e-04
    1,22       1,4    
   -2.148300597383341e-01
    1,22       1,5    
   -2.498859455543467e-02
    1,22       1,6    
   -2.350699638808419e-02
    1,22       1,7    
   -5.949043623198336e-02
    1,22       1,8    
   -6.676741124687728e-04
    1,22       1,9    
   -1.553432553529987e-02
    1,22       1,10   
    1.782796466184977e-03
    1,22       1,11   
   -1.446651390517322e-02
    1,22       1,12   
   -5.953563328338217e-03
    1,22       1,13   
    1.575481401907312e-03
    1,22       1,14   
    3.274112078234570e-01
    2,6        2,1                          # 1st-scaling bias replacing an irred-2 HN coord
   -1.663421524013202e-01
    2,6        2,2    
   -2.714268911111412e-01
    2,6        5,1        3,1    
    2.768431865074813e-02
    2,6        5,1        3,2    
   -4.125251347210041e-03
    2,6        5,1        3,3    
   -2.979202579317222e-02
    2,6        5,1        3,4    
   -5.788812426645616e-03
    2,6        5,1        3,5    
    1.954354116717323e-02
    2,6        5,1        3,6    
    5.475628831978854e-02
    2,6        5,1        3,7    
   -3.575984112249758e-03
    2,6        5,1        3,8    
    9.163021253719452e-03
    2,6        5,1        3,9    
    6.675046279971770e-03
    2,6        5,1        3,10   
   -1.080666021890208e-02
    1,23                                    # 1st-scaling redundancy bias
   -1.349837291220431e-01
    1,23       1,23   
   -1.080850075658576e-02
    1,23       1,1                          # 1st-scaling redundancy bias replacing an irred-1 HN coord
   -3.118099228361601e-01
    1,23       1,2    
    1.556704371446481e-02
    1,23       1,3    
    8.235640670739666e-02
    1,23       1,4    
    2.937357358222978e-01
    1,23       1,5    
   -5.241123952478646e-03
    1,23       1,6    
    5.482978872049771e-02
    1,23       1,7    
    1.558873682885322e-01
    1,23       1,8    
    3.281165057401079e-02
    1,23       1,9    
    2.861560081044901e-02
    1,23       1,10   
   -2.834196291436741e-03
    1,23       1,11   
    1.599082220621779e-02
    1,23       1,12   
    1.323835385048947e-02
    1,23       1,13   
   -7.372462740290478e-04
    1,23       1,14   
   -4.717350748877231e-01
    1,24                                    # 2nd-scaling bias
   -1.709475753932836e-01
    1,24       1,24   
    8.639606083198281e-03
    2,7        2,7    
   -5.888985440742620e-02
    1,18                                    # 2nd-scaling harmonic with-HN
   -5.754682169685445e-02
    1,19   
    2.693871987191191e-01
    1,18       1,1    
    1.994133975540023e-02
    1,18       1,2    
    1.620894199112423e-03
    1,18       1,18   
    8.019700389064166e-02
    1,18       1,19   
    1.853529703593916e-01
    1,18       1,5    
   -3.034004428017043e-02
    1,18       1,6    
    1.765221997030847e-02
    1,18       1,7    
    3.547587129249943e-02
    1,18       1,8    
    2.158003197352365e-02
    1,18       1,9    
    3.901338056133522e-03
    1,18       1,10   
    2.785510382823738e-05
    1,18       1,11   
   -6.937514510733299e-03
    1,18       1,12   
    2.985619453032495e-03
    1,18       1,13   
    1.201353883929944e-03
    1,19       1,1    
    8.434377473883160e-02
    1,19       1,2    
   -5.880074875429150e-02
    1,19       1,19   
    3.135408408014410e-01
    1,19       1,5    
    2.705071279708369e-02
    1,19       1,6    
   -5.517398405704563e-02
    1,19       1,7    
   -1.813733578984476e-01
    1,19       1,8    
   -5.608711133020552e-02
    1,19       1,9    
   -2.903499630408881e-02
    1,19       1,10   
    8.965524315602085e-03
    1,19       1,11   
   -6.183697426300337e-02
    1,19       1,12   
   -1.386717406524608e-02
    1,19       1,13   
   -9.164304838142569e-03
    2,3        2,3    
   -8.299400036434916e-02
    2,4        2,3    
   -1.098848078385949e-01
    2,4        2,4    
    1.486146103122073e-01
    3,14       3,1    
    2.766561489151950e-02
    3,14       3,2    
    4.727464886298590e-02
    3,14       3,3    
    8.436342620111488e-02
    3,14       3,4    
    3.172245625529172e-03
    3,14       3,5    
   -3.502181128561462e-03
    3,14       3,6    
   -3.038753841251640e-02
    3,14       3,7    
   -2.139799524772349e-03
    3,14       3,8    
    3.190893135536626e-03
    3,14       3,9    
   -1.534574523154944e-03
    3,14       3,10   
   -2.239312507546114e-02
    3,14       3,14   
    3.919495096669420e-02
    7,8        7,1    
    3.055627098294716e-02
    7,8        7,2    
   -1.685664967017794e-02
    7,8        7,3    
   -6.759217069437043e-03
    7,8        7,4    
    6.848141296595544e-03
    7,8        7,5    
    3.185741880578988e-04
    7,8        7,6    
    6.573171369780229e-02
    7,8        7,8    
    1.082928666211647e-01
    5,2        2,3        3,1               # 2nd-scaling C2v-planar B2 x B2 <- G8 irred-5 x irred-2 x irred-3
   -5.721083933384058e-04
    5,2        2,3        3,2    
   -9.323558474119836e-03
    5,2        2,3        3,3    
   -2.918716791764748e-02
    5,2        2,3        3,4    
   -3.606867576057673e-03
    5,2        2,3        3,5    
    6.985330536416816e-03
    5,2        2,3        3,6    
    8.442042196158831e-03
    5,2        2,3        3,7    
   -1.503520370488405e-03
    5,2        2,3        3,8    
    4.423015262982624e-03
    5,2        2,3        3,9    
    5.367281008879256e-03
    5,2        2,3        3,10   
   -4.618845024398571e-02
    5,2        2,4        3,1    
    2.382433802700321e-02
    5,2        2,4        3,2    
   -3.198185342172212e-01
    5,2        2,4        3,3    
   -5.057885473042756e-01
    5,2        2,4        3,4    
   -2.002857448372578e-02
    5,2        2,4        3,5    
    4.013414682157107e-02
    5,2        2,4        3,6    
   -1.694190855478425e-01
    5,2        2,4        3,7    
   -1.018177870713158e-02
    5,2        2,4        3,8    
    1.905807355960394e-03
    5,2        2,4        3,9    
   -1.793465729320875e-02
    5,2        2,4        3,10   
   -2.529100032174817e-01
    5,2        8,2        4,1               # 2nd-scaling C2v-planar / C2v-perpendicular A2 x A2 <- G8 irred-4 x irred-5 x irred-8
    8.359378112840116e-02
    5,2        8,2        4,2    
   -6.862065415639353e-02
    5,2        8,2        4,3    
   -1.431039659974752e-02
    8,2        8,2                          # 2nd-scaling NH2 rotation
   -5.536914953177242e-02
    1,24       1,1                          # 2nd-scaling bias replacing an irred-1 HN coord
    9.198649968820947e-02
    1,24       1,2    
   -1.176575637714675e-02
    1,24       1,18   
    1.368215433631454e-01
    1,24       1,19   
   -1.618192418515775e-01
    1,24       1,5    
   -3.133222754607781e-03
    1,24       1,6    
    2.441102473820808e-02
    1,24       1,7    
   -9.270987342745522e-02
    1,24       1,8    
   -9.411961893631384e-03
    1,24       1,9    
   -5.161569488210062e-03
    1,24       1,10   
    4.040833913434875e-03
    1,24       1,11   
   -1.679830220265257e-02
    1,24       1,12   
   -2.124845601028358e-03
    1,24       1,13   
    6.278500076244114e-04
    2,7        2,3                          # 2nd-scaling bias replacing an irred-2 HN coord
    1.669614950387634e-01
    2,7        2,4    
    6.901260461497738e-02
    2,7        5,2        3,1    
   -3.049787339751194e-02
    2,7        5,2        3,2    
   -6.498312503796408e-02
    2,7        5,2        3,3    
   -7.527194052287121e-02
    2,7        5,2        3,4    
    2.849214274360752e-03
    2,7        5,2        3,5    
    1.726879094170480e-03
    2,7        5,2        3,6    
    2.154220389664174e-03
    2,7        5,2        3,7    
    2.157601828865153e-03
    2,7        5,2        3,8    
   -5.722938480357456e-03
    2,7        5,2        3,9    
   -2.341070717477143e-03
    2,7        5,2        3,10   
    3.869154024863646e-02
bias
    3.716079648057838e-01
