0.0123646
0.0151878
0.0254344
0.035188
0.0291407
0.0381762
0.0381029
0.0431295
0.0416616
0.0443491
0.0431801
0.0450381
0.0457588
0.0450136
0.0454641
0.0474563
0.0459188
0.0477862
0.0468916
0.0476801
0.0479225
0.0465388
0.0443073
0.0447937
0.0455898
0.0458154
0.048319
0.0498691
0.0459333
0.0455663
0.0463042
0.0470526
0.047477
0.0443712
0.0433828
0.0452027
0.0470924
0.0472737
0.047677
0.0485635
0.0472609
0.0462909
0.044841
0.0442587
0.0461291
0.0459295
0.0456984
0.0476431
0.0456858
0.0464789
0.0487156
0.0466826
0.0478256
0.0477802
0.045517
0.0476051
0.0460604
0.0466295
0.0470931
0.0492017
0.0477142
0.0451447
0.0448303
0.0436779
0.0458236
0.0501131
0.0466985
0.0473363
0.0485796
0.046716
0.0481453
0.0476544
0.0453817
0.0462129
0.0441837
0.0466473
0.0469173
0.0484793
0.0476069
0.0464894
0.0452507
0.0485397
0.0460622
0.0445398
0.0473802
0.0461287
0.0470706
0.0471095
0.0465431
0.0467749
0.0466124
0.0458142
0.0467649
0.0458856
0.0445265
0.045303
0.045222
0.0440365
0.047089
0.0479425
0.0467144
0.0470214
0.0467313
0.046931
0.0471096
0.0468398
0.0454356
0.0484385
0.047632
0.0456551
0.0473494
0.0463163
0.0476719
0.0482263
0.0444592
0.0437472
0.0448673
0.0451627
0.0456016
0.0452925
0.0456191
0.0446955
0.0427778
0.0458185
0.0448376
0.0423955
0.044768
0.0445232
0.0457904
0.0465483
0.0454452
0.0478554
0.0439423
0.0458604
0.0475435
0.0455928
0.0462693
0.0452466
0.0455718
0.0437947
0.0460892
0.0437875
0.0442943
0.0466952
0.0455665
0.0462328
0.0441015
0.0460924
0.0476011
0.0479318
0.0466479
0.0450135
0.0441151
0.0453899
0.0463206
0.0465678
0.0455843
0.0438199
0.044615
0.0419044
0.0457785
0.045149
0.042317
0.0451251
0.0449487
0.0457368
0.0455983
0.0444741
0.0451505
0.045094
0.0437845
0.0428667
0.0443476
0.0447951
0.0450639
0.0443154
0.0433479
0.0463696
0.0433385
0.0440165
0.0438273
0.0447125
0.042855
0.0441177
0.0454163
0.0459305
0.0437776
0.0428953
0.0473401
0.0451467
0.0435189
0.046401
0.0434989
0.0440807
0.0467368
0.0435179
0.0442006
0.0454715
0.0427345
0.0470828
0.043128
0.0429834
0.0475396
0.0441241
0.0456262
0.0444114
0.044061
0.0460578
0.0456926
0.0444262
0.0439378
0.0448666
0.0443514
0.0438743
0.0434533
0.0446219
0.0440234
0.0454865
0.0436888
0.0454954
0.0438857
0.0450413
0.0458872
0.0446755
0.0447341
0.0440148
0.0436595
0.0434666
0.0449171
0.0434046
0.0449189
0.0434719
0.0447552
0.0443355
0.0448781
0.0445546
0.0454181
0.0438548
0.0443151
0.044681
0.0450918
0.0441287
0.044787
0.0435175
0.0438365
0.0447825
0.0446844
0.045402
0.0451506
0.0449272
0.0440096
0.0442104
0.0455833
0.045372
0.0431533
0.0453517
0.0435614
0.043003
0.0435543
0.0423798
0.0428986
0.0451083
0.0456119
0.0456625
0.045013
0.0424476
0.0440283
0.0442858
0.0421175
0.044336
0.0437217
0.0432314
0.0438435
0.0432598
0.0437382
0.0447353
0.0440322
0.0448646
0.0429464
0.0430992
0.0444053
0.0440914
0.043231
0.0449982
0.0428522
0.044783
0.0440117
0.0436042
0.0437113
0.0439848
0.0450794
0.0443198
0.043132
0.0442621
0.0448056
0.0453307
0.0446829
0.0442326
0.0430489
0.0446011
0.0447182
0.0442887
0.04486
0.0437245
0.0447734
0.0429064
0.0447269
0.0442562
0.0444154
0.0452111
0.0437554
0.0441785
0.0440024
0.0441948
0.0439493
0.0434804
0.0442103
0.0439143
0.0435822
0.0448267
0.0441097
0.043483
0.0432954
0.0437026
0.0432453
0.0447458
0.0446884
0.0443752
0.0430951
0.0449793
0.0441235
0.0442018
0.0448003
0.0436886
0.0432028
0.0435563
0.0427265
0.0429146
0.04288
0.0431035
0.044695
0.0419464
0.0435179
0.0436945
0.0442258
0.0436153
0.0455887
0.04388
0.0433515
0.0449728
0.0432138
0.044563
0.0452269
0.0436352
0.0446814
0.0441049
0.0426951
0.0427097
0.0424885
0.0439884
0.0440505
0.0427163
0.0450414
0.0429443
0.0434692
0.044311
0.0431504
0.0447748
0.0440554
0.0432164
0.0445819
0.0443411
0.0427133
0.0435653
0.0430473
0.0437733
0.0442867
0.0419843
0.0433432
0.0441539
0.0455396
0.0432103
0.0447918
0.0433855
0.0437281
0.0432272
0.0430825
0.0428761
0.043723
0.0448354
0.0425588
0.0431079
0.042588
0.0432839
0.0435687
0.0449299
0.0432502
0.0446017
0.0429392
0.0431096
0.0428443
0.0435735
0.0437006
0.043318
0.0443042
0.0438104
0.0438475
0.0447194
0.0429088
0.0433518
0.0444369
0.0424377
0.0434101
0.0433809
0.0419212
0.0438055
0.0453542
0.0420641
0.0437638
0.043668
0.0435688
0.0443884
0.0428974
0.0429721
0.0430834
0.0431127
0.0431088
0.044487
0.0444913
0.0439318
0.0435467
0.0436935
0.0436569
0.0435057
0.0431346
0.0426836
0.0441326
0.0446526
0.0417685
0.0427996
0.0442532
0.0432582
0.0422418
0.0427375
0.0437736
0.0423605
0.0425847
0.0443227
0.0428516
0.0435232
0.0432598
0.0428201
0.0430769
0.0438061
0.04395
0.0429614
0.0448311
0.0426334
0.043099
0.0427569
0.0430317
0.0431794
0.0431275
0.0427784
0.0433578
0.0435398
0.0436511
0.0420401
0.0431983
0.0435768
0.0434852
0.0439018
0.0440688
0.0430934
0.0435344
0.0430482
0.0441033
0.0436773
0.043457
0.0433629
0.0423356
0.0435016
0.0430748
0.0446847
0.0430451
0.0426386
0.0447559
0.0435637
0.0416076
0.0440074
0.0440692
0.043229
0.0434207
0.0432479
0.0421715
0.0442699
0.0446829
0.0436798
0.0434257
0.043359
0.0430157
0.0423052
0.0420756
0.042768
0.0426074
0.0431157
0.0437257
0.0431729
0.0429799
0.043854
0.0446313
0.0421665
0.0426511
0.0439776
0.0433429
0.0441471
0.043521
0.0428769
0.0425563
0.0437097
0.0418702
0.0437935
0.0410553
0.0435736
0.0425768
0.0420222
0.0414171
0.0432688
0.0431615
0.0433711
0.0443828
0.0433408
0.0439548
0.043295
0.0423081
0.0440245
0.0422059
0.0435664
0.0433723
0.0427301
0.0425811
0.0437243
0.0437112
0.0434056
0.0432645
0.0430168
0.0430439
0.0420277
0.0426376
0.0429098
0.0424462
0.0433052
0.0433042
0.0434596
0.0437432
0.0414355
0.0420276
0.0427388
0.0431965
0.0440053
0.0435536
0.0435912
0.0424935
0.0432653
0.0430518
0.0423372
0.0431738
0.0418266
0.0432467
0.0440537
0.0434296
0.0436287
0.04335
0.0432762
0.0427527
0.0421992
0.0426382
0.0444814
0.0437982
0.0420273
0.0422623
0.0426134
0.0431163
0.0423413
0.0422246
0.04226
0.0434201
0.0437633
0.0432965
0.0437778
0.0411754
0.0425272
0.0435988
0.0417902
0.0418867
0.0432827
0.0429269
0.0433222
0.0437866
0.0436514
0.0428247
0.0424969
0.0417838
0.0435583
0.0426574
0.0420373
0.0429082
0.0414955
0.0438858
0.0443753
0.0432168
0.0445169
0.0426882
0.0429563
0.0441874
0.0426309
0.0435547
0.0427394
0.0432332
0.0435987
0.0423178
0.0435209
0.0421795
0.0424492
0.0437219
0.0427329
0.0435756
0.0426549
0.0428428
0.0441871
0.0428387
0.0432008
0.0429944
0.0427395
0.0432018
0.043402
0.0432607
0.0411248
0.0431742
0.0427551
0.0430166
0.0427371
0.0430594
0.0425458
0.0418487
0.0419919
0.0431518
0.0424494
0.0422473
0.0424247
0.0424413
0.0435803
0.0424021
0.0437454
0.0424543
0.0444049
0.041912
0.0413867
0.0418691
0.0438038
0.0429338
0.0420823
0.0422376
0.0425344
0.0424413
0.0424397
0.0430526
0.0421985
0.0429514
0.0420437
0.04214
0.0424878
0.0422033
0.0421833
0.0425083
0.0419154
0.0417007
0.0416917
0.0433933
0.0418974
0.0424998
0.042182
0.0419247
0.0420549
0.0429675
0.0420036
0.0433363
0.0435891
0.0415031
0.0412702
0.0423846
0.042213
0.0425304
0.0426727
0.0426369
0.0419553
0.0436683
0.0425402
0.0416691
0.0426078
0.0424208
0.0425158
0.042121
0.0420034
0.0423895
0.0419995
0.0432189
0.0418638
0.0417036
0.0419261
0.0414795
0.0419278
0.0427818
0.043218
0.0421097
0.0423016
0.0419989
0.0412192
0.0420484
0.0425958
0.0423542
0.0425273
0.041982
0.0424186
0.0413382
0.0419905
0.0426106
0.0415333
0.0422916
0.0424021
0.0423458
0.0427207
0.0429441
0.0412594
0.0415979
0.0428854
0.0418943
0.0433454
0.0422679
0.0420055
0.0424466
0.0420015
0.0422022
0.0425482
0.0426047
0.0423947
0.0424744
0.0421328
0.0429423
0.0414459
0.041951
0.041449
0.0434231
0.0418746
0.042192
0.0427526
0.0422423
0.0416596
0.0421868
0.0414695
0.0436196
0.0409793
0.0418723
0.0420189
0.0417251
0.0410717
0.0427413
0.0433234
0.0426169
0.0414221
0.0425815
0.0427038
0.0422486
0.0424567
0.0420287
0.0416856
0.0419102
0.0422424
0.0412812
0.0416561
0.0414267
0.0431033
0.041236
0.0422
0.0425214
0.0426235
0.0422687
0.0419041
0.0409082
0.0423223
0.0421539
0.0426326
0.0419021
0.0419387
0.0409775
0.0421422
0.0423051
0.0405465
0.0422184
0.0418739
0.0417315
0.0417775
0.0417516
0.0413939
0.04267
0.0427267
0.0418806
0.0420652
0.0427071
0.0423387
0.0416909
0.0428756
0.0410335
0.0420338
0.0419791
0.0423885
0.0419961
0.0417634
0.0423484
0.0423156
0.0418069
0.0425125
0.0420007
0.041204
0.041728
0.0422077
0.0423399
0.0413804
0.0421523
0.0414486
0.0415175
0.0414843
0.0414142
0.0428224
0.0433098
0.0422698
0.0426187
0.0423994
0.0416073
0.0430862
0.0415633
0.0422655
0.0418485
0.0414276
0.0416492
0.0426731
0.0419009
0.0419021
0.0412098
0.0409783
0.0422326
0.0417819
0.0420316
0.0410832
0.0420824
0.041481
0.0425263
0.0409921
0.0417275
0.0416664
0.0419588
0.0426578
0.0417059
0.0409295
0.040517
0.0414354
0.0424983
0.042324
0.0406794
0.0412769
0.0419999
0.0417284
0.0416539
0.0423993
0.0419525
0.0421154
0.040579
0.0417247
0.0410854
0.0411568
0.0418457
0.0423682
0.0407625
0.0409706
0.0418542
0.0410659
0.0421287
0.0414592
0.0419885
0.0420569
0.0418607
0.0411323
0.0413557
0.0416356
0.0420355
0.0421357
0.0423281
0.0412742
0.0417668
0.0412239
0.0419098
0.0422569
0.0417661
0.041589
0.0420668
0.0413887
0.0415089
0.0417598
0.0404032
0.0417735
0.0410725
0.0414349
0.0423598
0.0412736
0.042818
0.0416242
0.0417761
0.040996
0.0415288
0.0416124
0.0404226
0.0422097
0.0414127
0.0424317
0.0432751
0.0414764
0.0420835
0.041809
0.0412463
0.0424137
0.0414501
0.0409125
0.0423348
0.042424
0.0423931
0.0417306
0.042114
0.0413881
0.0414789
0.0419026
0.0416411
0.0418343
0.0407839
0.0411882
0.0422554
0.0418488
0.0413404
0.041662
0.0413912
0.041688
0.0422229
0.040847
0.0427253
0.0426162
0.0415912
0.0414439
0.0412767
0.0421796
0.0414404
0.041983
0.0420259
0.0422142
0.041853
0.0418
0.0409593
0.0415814
0.0423473
0.041569
0.0421208
0.0408999
0.0406704
0.0417609
0.0405905
0.0416114
0.0417948
0.0411818
0.0425232
0.0407007
0.0406084
0.0411261
0.0416703
0.0411585
0.0413
0.0414244
0.0403878
0.0410994
0.0414924
0.0405862
0.0430373
0.0412604
0.0407727
0.0407837
0.0407464
0.042137
0.0419232
0.0419378
0.040861
0.0411522
0.0420355
0.0410745
0.0410112
0.0403296
0.0420737
0.0417336
0.0410662
0.0413979
0.0419961
0.0414522
0.0409669
0.0412548
0.0411221
0.0414718
0.0412973
0.0407779
0.0411247
0.0426832
0.0405115
0.0417911
0.041747
0.0417778
0.0412659
0.0417149
0.0410914
0.041074
0.0410772
0.0414918
0.04081
0.0401442
0.0418037
0.0414423
0.0417397
0.040059
0.04103
0.0417162
0.0407303
0.0411814
0.0414429
0.0415459
0.0413122
0.0399223
0.0415425
0.0412769
0.0414858
0.04169
0.0413884
0.0413026
0.0415761
0.0421586
0.041622
0.0412306
0.0417051
0.041479
0.0409145
0.0419884
0.0414767
0.0402381
0.0406962
0.0404779
0.0414287
0.0417486
0.0416058
0.0414759
0.040314
0.0423972
0.0422435
0.0409523
0.0410003
0.0413063
0.0402719
0.0410261
0.0405971
0.0417847
0.040831
0.0418624
0.0411118
0.0409057
0.0415007
0.0415274
0.0415313
0.041668
0.0412992
0.0401675
0.0416162
0.0412985
0.042092
0.0409418
0.0419119
0.0419698
0.0410843
0.0412677
0.041225
0.0411923
0.0400815
0.0404226
0.0414348
0.0410878
0.0409689
0.0417081
0.0402508
0.042192
0.0411611
0.0413365
0.0416439
0.0402221
0.0406697
0.0413684
0.0409012
0.0413942
0.0413856
0.0421929
0.0420397
0.0413592
0.0407965
0.0416477
0.0416401
0.0404525
0.040894
0.0412733
0.0404646
0.0412253
0.0412713
0.0408618
0.0423372
0.0401241
0.0419165
0.0419367
0.0415503
0.0415427
0.0413662
0.0408154
0.0415756
0.0418158
0.0407873
0.04074
0.0421151
0.0415577
0.0418274
0.0396516
0.0416606
0.0407412
0.0416867
0.0408608
0.0411511
0.040945
0.0418847
0.0406675
0.0401327
0.0413641
0.0411516
0.0411627
0.0409939
0.0425163
0.0412908
0.0414103
0.0417174
0.040478
0.0422791
0.0403578
0.0415774
0.0412134
0.0414524
0.0413669
0.0405177
0.0410024
0.0421623
0.0398417
0.0419201
0.0405631
0.0411954
0.0413533
0.0409167
0.0412419
0.0408715
0.042285
0.0413052
0.041122
0.040961
0.0408398
0.042663
0.0407932
0.0408125
0.040302
0.0412812
0.0410579
0.041616
0.0409515
0.0411328
0.0410533
0.0408267
0.0413833
0.0409254
0.0412562
0.0410616
0.0407287
0.0413679
0.0417148
0.0408904
0.0409431
0.0405663
0.0404113
0.0419737
0.041752
0.0416238
0.0413138
0.0408685
0.0415764
0.0406042
0.0409559
0.0412173
0.0408435
0.0420371
0.0415578
0.0413503
0.040453
0.040945
0.0407362
0.0422181
0.0411297
0.0419546
0.040877
0.0408845
0.0409544
0.0415341
0.0410729
0.0407109
0.0408391
0.0418029
0.0404439
0.0421327
0.0409054
0.0414125
0.0413269
0.0412596
0.0410578
0.0407431
0.040473
0.0406038
0.0414335
0.0415509
0.0411324
0.0415258
0.0409985
0.0408114
0.0409811
0.0412637
0.0423334
0.0410939
0.0408274
0.0416369
0.04057
0.0409243
0.0405255
0.0416434
0.0397652
0.0405958
0.040961
0.0409122
0.040773
0.0410953
0.0414879
0.0402388
0.0418549
0.039782
0.0402979
0.0409142
0.0413051
0.0411279
0.041169
0.0412582
0.0401599
0.0412423
0.041268
0.0412099
0.0402077
0.0411306
0.0403502
0.0418822
0.0399368
0.0412535
0.0419252
0.0414597
0.0416914
0.0409713
0.0419232
0.0404004
0.0408862
0.0404439
0.0419144
0.0409034
0.0415182
0.0405873
0.0404301
0.0407251
0.0406987
0.0414147
0.0412222
0.0407176
0.0410921
0.0402616
0.0407014
0.0416369
0.0406593
0.0412712
0.0401009
0.0408431
0.0414374
0.0405143
0.0405581
0.0411946
0.0401693
0.0403651
0.0415524
0.0409834
0.0408813
0.0415505
0.0407599
0.0414883
0.0409536
0.0419164
0.0415835
0.0403421
0.0407807
0.0412653
0.040753
0.0416914
0.0405108
0.041684
0.0417194
0.0418606
0.0405205
0.040833
0.0402661
0.0411592
0.040978
0.0402333
0.0412534
0.0401868
0.0406945
0.0414777
0.040798
0.0415891
0.0412638
0.0409246
0.0409584
0.0406756
0.0398509
0.0409056
0.0408356
0.0414767
0.0410466
0.0407421
0.0412457
0.0415902
0.0408497
0.0413921
0.041034
0.0404424
0.0411833
0.0399375
0.0416288
0.0415708
0.042003
0.0413953
0.0406216
0.0411168
0.0407166
0.0410307
0.0395032
0.0399346
0.0412768
0.0413795
0.0414375
0.0406825
0.0411003
0.040535
0.0415407
0.0404051
0.0417237
0.0416405
0.0412458
0.0401529
0.0408819
0.0405367
0.0417178
0.0417045
0.0408165
0.0417771
0.0395486
0.0409883
0.0412207
0.040671
0.0404659
0.0403408
0.0409725
0.0409599
0.0410701
0.0406007
0.0407124
0.041334
0.0406821
0.0416093
0.0410111
0.0420642
0.0401021
0.040142
0.0409436
0.0408151
0.0404631
0.0403477
0.0416606
0.0403403
0.0414513
0.0399694
0.0411058
0.0404715
0.0412289
0.0407138
0.0418926
0.0414215
0.0400399
0.0410554
0.0408157
0.0406344
0.0401169
0.0404359
0.041294
0.041181
0.0411348
0.0405537
0.0407891
0.0414003
0.0402619
0.0404071
0.0414937
0.0416078
0.0400671
0.0413015
0.0409095
0.0404695
0.0403886
0.0406846
0.0411067
0.0416209
0.0411436
0.0415599
0.0411664
0.0405906
0.0405979
0.0413108
0.0403767
0.04048
0.0403713
0.0408582
0.0415857
0.0403998
0.0409927
0.0406722
0.0406145
0.0407459
0.0409892
0.0403017
0.0405264
0.0400689
0.0406532
0.0411751
0.0405394
0.0419386
0.0410915
0.0411654
0.0409147
0.040982
0.0414943
0.0408786
0.0399195
0.0410654
0.040013
0.0406435
0.0404975
0.0404098
0.0406117
0.0409586
0.041392
0.0414056
0.0406056
0.0412645
0.0412662
0.0411543
0.040293
0.0409669
0.0403413
0.0410346
0.0400865
0.0409572
0.0401412
0.0409809
0.0410554
0.0417262
0.0414545
0.0406935
0.0404494
0.0409441
0.0408413
0.0414111
0.0407031
0.0404164
0.0400359
0.0416639
0.0400213
0.0413165
0.0411583
0.0412616
0.0407201
0.0411683
0.0407103
0.0401114
0.0415446
0.0403239
0.0411861
0.0407837
0.0404153
0.0405152
0.0406113
0.0414932
0.0409883
0.0408209
0.0408644
0.0412012
0.0409403
0.0415692
0.0410749
0.0405899
0.0404912
0.040528
0.0399523
0.0403883
0.04017
0.0409416
0.0403462
0.0403007
0.0404961
0.040505
0.0410013
0.0397507
0.040086
0.0413429
0.0400477
0.0410064
0.041253
0.0403629
0.0412069
0.0399976
0.040746
0.0412093
0.0398575
0.0404272
0.0407796
0.0403607
0.0411028
0.0418074
0.0405119
0.0410155
0.0414139
0.0414171
0.0404139
0.0405814
0.0400635
0.0404686
0.0411314
0.0410107
0.0403953
0.0406871
0.0400526
0.0403449
0.0396393
0.0405566
0.0407145
0.0412477
0.040527
0.0407114
0.0413777
0.040979
0.0403709
0.0407793
0.0402373
0.0405365
0.0408851
0.0404537
0.0400225
0.0406122
0.0406797
0.0405161
0.0406758
0.0406788
0.0411688
0.0415892
0.0405445
0.0412669
0.0411638
0.0411546
0.0405019
0.0408149
0.0404792
0.0404893
0.0406802
0.0402218
0.0404878
0.040981
0.0407338
0.040164
0.0406129
0.0405826
0.0404823
0.0407946
0.0411377
0.0405593
0.0398691
0.0398005
0.0405121
0.039917
0.0407742
0.0401482
0.040417
0.0406297
0.0406366
0.0406217
0.04055
0.040626
0.0404546
0.0408504
0.0402457
0.040791
0.0402822
0.0404515
0.0406675
0.0413225
0.0409912
0.0407831
0.0408996
0.0400388
0.0411225
0.0400682
0.04158
0.0409191
0.0407123
0.0408011
0.0403101
0.0414691
0.0406505
0.0401272
0.0405721
0.0408484
0.0409267
0.0406843
0.0401506
0.0395087
0.0401029
0.0406653
0.0402286
0.0403248
0.0402577
0.0401157
0.0404065
0.0408193
0.0404253
0.0405314
0.0404433
0.0404228
0.0403401
0.0409006
0.0407078
0.0411036
0.0406613
0.040947
0.0403797
0.040342
0.0407912
0.0396764
0.0395218
0.0401329
0.0408114
0.0404231
0.0402027
0.040301
0.0404693
0.040286
0.04075
0.03997
0.0405849
0.0408249
0.0402193
0.0406179
0.040283
0.0411959
0.0404415
0.0397558
0.0404118
0.040291
0.0398149
0.0408322
0.0394691
0.0406222
0.0392112
0.0408596
0.0400494
0.0405845
0.0405298
0.0405825
0.0402086
0.0403851
0.0406857
0.0399583
0.0401241
0.0406126
0.0399447
0.0409725
0.0412339
0.0402442
0.039847
0.0408974
0.0407653
0.0403749
0.0399614
0.0396891
0.0404811
0.0396226
0.04047
0.0396458
0.0403799
0.0397302
0.0400193
0.0397852
0.0402891
0.0408135
0.040506
0.0404286
0.0400296
0.0404007
0.0402841
0.0400168
0.0391492
0.0404574
0.0405634
0.0404946
0.0409006
0.0398705
0.0398306
0.0402726
0.04063
0.0397486
0.0410511
0.0408639
0.0409532
0.0402665
0.0418098
0.0392988
0.0403629
0.0397321
0.040327
0.0400451
0.0409565
0.0400754
0.0405712
0.0400809
0.0408955
0.0402235
0.040535
0.0404449
0.0391609
0.0407016
0.0401332
0.0396876
0.0405835
0.0405203
0.0403591
0.0408231
0.04021
0.0400621
0.0405491
0.0400696
0.0402131
0.0398196
0.0402892
0.0403477
0.0401168
0.039759
0.0404191
0.0402822
0.0404132
0.0403443
0.0405301
0.040866
0.0396209
0.0398686
0.0405304
0.0397332
0.0399291
0.0405122
0.0406501
0.0399414
0.0402242
0.040987
0.0398195
0.0396788
0.0402301
0.0403067
0.0405227
0.0404198
0.040495
0.0401804
0.0405037
0.0399479
0.0403222
0.0405363
0.0401201
0.0403513
0.0403993
0.0394039
0.0397652
0.0403997
0.0398209
0.0408395
0.0402841
0.0404224
0.0398223
0.0412603
0.0405098
0.0395868
0.0395279
0.0403485
0.0402655
0.0412211
0.0398493
0.0399184
0.0394808
0.0404319
0.0396297
0.0403702
0.0404601
0.0399612
0.0401428
0.0403392
0.0402078
0.040057
0.0399648
0.0398324
0.0394032
0.0405091
0.0394622
0.040428
0.0396668
0.0404362
0.039748
0.0396951
0.0404083
0.0404293
0.0403377
0.0409169
0.040209
0.0401981
0.040537
0.04051
0.0404066
0.0405996
0.0399836
0.0401896
0.039211
0.0406006
0.0406175
0.0395794
0.0401471
0.0397728
0.0406169
0.0405113
0.0399383
0.0415994
0.0397912
0.0396343
0.0397806
0.039175
0.0403794
0.0395766
0.0398893
0.0397951
0.0401462
0.0403646
0.0394409
0.0401529
0.0396441
0.0398846
0.0398619
0.0402444
0.0405526
0.0400966
0.0403017
0.0396641
0.0397253
0.0400781
0.0405499
0.0399147
0.0398907
0.0399143
0.0397907
0.0397806
0.0394821
0.0405782
0.0401002
0.0404657
0.0402483
0.0404828
0.0400728
0.0403074
0.0410276
0.0396424
0.0395231
0.0398293
0.0395675
0.0396536
0.0397314
0.0407114
0.0400671
0.039422
0.0404951
0.039923
0.0401888
0.040111
0.0392474
0.0393646
0.03935
0.0400266
0.0391882
0.0402449
0.0402604
0.0411812
0.0400927
0.0403535
0.0396479
0.0400112
0.0401548
0.0406069
0.039785
0.039761
0.0397006
0.0403828
0.0401735
0.0398634
0.0398969
0.0391446
0.0398815
0.0401083
0.0405126
0.0400623
0.0390468
0.0396829
0.0401844
0.0404925
0.0403645
0.0402935
0.0400901
0.0398812
0.0387938
0.0398248
0.0404308
0.0399388
0.0395975
0.0402834
0.0409629
0.0401955
0.0397987
0.0404254
0.0398088
0.039803
0.0399827
0.0400349
0.039564
0.0406044
0.0402556
0.0402727
0.039174
0.0403656
0.0398774
0.0405299
0.0398555
0.0399088
0.0390412
0.0396725
0.0403714
0.0401684
0.0395437
0.0397775
0.0404976
0.0396017
0.0396797
0.0405148
0.0397483
0.04038
0.0398609
0.039749
0.0401505
0.0400937
0.0398575
0.0401758
0.0400382
0.039659
0.0391715
0.0397188
0.0400483
0.039571
0.0399735
0.0405538
0.040192
0.0401982
0.0403764
0.0403234
0.0406156
0.0399215
0.0393373
0.0398592
0.0401779
0.0402025
0.0405702
0.0399179
0.0391517
0.0397986
0.040319
0.0389629
0.0405082
0.0405731
0.039394
0.0402796
0.0393091
0.0401751
0.0392003
0.0399894
0.0399911
0.0397799
0.0401404
0.0397937
0.0399784
0.0395849
0.0403567
0.0396942
0.0400526
0.039845
0.0395942
0.0398795
0.039704
0.0400624
0.0397746
0.0402529
0.0400259
0.0394572
0.0395711
0.0401657
0.0400521
0.0393623
0.0399775
0.0395956
0.040157
0.0393548
0.0400417
0.0404426
0.0398158
0.0406211
0.0399532
0.0401315
0.0400141
0.0395716
0.0395121
0.0397681
0.0399114
0.0398321
0.0400836
0.0412314
0.0398712
0.0407193
0.0402384
0.040142
0.039177
0.040019
0.0402697
0.0395285
0.040196
0.0397335
0.0404807
0.0400601
0.0399853
0.0401583
0.0398151
0.0393949
0.0395754
0.0402248
0.0397359
0.0394984
0.0395034
0.0389994
0.0400198
0.0396296
0.0395599
0.0405021
0.0399237
0.0408283
0.0404162
0.0400437
0.0394216
0.0401092
0.0399374
0.0391111
0.0391711
0.0398435
0.0397482
0.0398384
0.0394116
0.0407733
0.0392072
0.0405033
0.0388893
0.0403156
0.0397246
0.0398927
0.0402782
0.0401031
0.0396126
0.0396168
0.0396699
0.0397389
0.0397965
0.0402956
0.0402338
0.0396576
0.0406408
0.0402068
0.0399539
0.0393678
0.040557
0.0391328
0.0397184
0.0393321
0.0401681
0.0398997
0.0398396
0.0400622
0.0394571
0.0401006
0.0399732
0.0392046
0.0395534
0.0389276
0.0400576
0.0393188
0.0400955
0.039814
0.0396209
0.0401534
0.0392751
0.0392925
0.0392409
0.0396067
0.040563
0.0400741
0.0402496
0.0402554
0.0398139
0.0400184
0.0398749
0.0393343
0.0395926
0.040222
0.0390183
0.0389984
0.0401393
0.0396359
0.039421
0.0395957
0.0401329
0.0396868
0.0395509
0.0395503
0.0401957
0.040096
0.0406152
0.0393105
0.0393086
0.0393672
0.0398714
0.0396137
0.0401293
0.0401844
0.0398232
0.0390494
0.0393699
0.0401548
0.0393846
0.0400848
0.0387404
0.039787
0.0403347
0.039236
0.0403822
0.0397228
0.0395396
0.0400871
0.0395586
0.0396378
0.0396026
0.0396427
0.0399543
0.0402178
0.0400515
0.0391253
0.0394057
0.0393258
0.0396523
0.0397729
0.0405886
0.040025
0.0404052
0.0396757
0.0398179
0.0399122
0.039655
0.0394184
0.039412
0.0392504
0.0401379
0.0397566
0.0403913
0.0396232
0.0403164
0.0398528
0.0395139
0.0398614
0.0397846
0.0396667
0.0399875
0.0395819
0.0391567
0.0390574
0.0392417
0.0392042
0.0396981
0.040228
0.0397698
0.0392047
0.0398239
0.0392701
0.0396854
0.0397572
0.0396628
0.0399129
0.0399913
0.0391434
0.0396314
0.0397392
0.0399681
0.0393767
0.0399847
0.0402201
0.0392622
0.0402335
0.0403167
0.0392258
0.0392543
0.0396884
0.0394961
0.039521
0.0394945
0.0398616
0.0390615
0.039305
0.0391454
0.0402167
0.0392341
0.0397994
0.0396441
0.0393256
0.0390567
0.0393679
0.0396222
0.0392072
0.0395109
0.0398955
0.0398419
0.0393438
0.0395085
0.0398994
0.0395539
0.0400677
0.0391872
0.0403324
0.0393978
0.0401084
0.0399719
0.0396199
0.0399568
0.0396803
0.039616
0.039357
0.0394441
0.0394771
0.0401538
0.0397607
0.0404698
0.0394226
0.0397082
0.0393331
0.0396583
0.0401466
0.0399781
0.039
0.0393404
0.0397189
0.0388687
0.0389496
0.0396615
0.0401823
0.039461
0.0397257
0.0402205
0.0397952
0.0398266
0.0401555
0.0392772
0.0393836
0.0399021
0.0406579
0.0388748
0.0398479
0.0388504
0.0396133
0.0393001
0.040276
0.0395516
0.0390551
0.0390528
0.0401035
0.0393114
0.0396386
0.0398362
0.0399512
0.0394428
0.0399602
0.039484
0.0400133
0.0394846
0.0404869
0.0402117
0.0393635
0.0396869
0.0391338
0.0401494
0.0394656
0.0401803
0.0389346
0.039698
0.0398258
0.0394493
0.0390811
0.0395689
0.0390477
0.0402707
0.0392872
0.0397056
0.0389616
0.0398794
0.0390363
0.0400175
0.0400795
0.0393527
0.0391575
0.0403757
0.0391707
0.0397888
0.0395074
0.0397279
0.0397375
0.0396704
0.038841
0.0391061
0.0396957
0.0397615
0.039865
0.0391674
0.0392129
0.0396558
0.0397072
0.0396326
0.0392795
0.0389493
0.0396149
0.0383339
0.0392697
0.0395
0.0395192
0.0390616
0.0392817
0.0389652
0.0395353
0.0389988
0.0392729
0.0394506
0.0393891
0.0389727
0.0397521
0.0396685
0.0396653
0.0389758
0.0393319
0.0394303
0.0389768
0.0394983
0.0392278
0.0396785
0.0393723
0.0398161
0.0386564
0.0394349
0.0401179
0.039906
0.0397882
0.0395121
0.0395629
0.0397107
0.0399789
0.039582
0.0402609
0.0389919
0.0397457
0.0390747
0.0395584
0.0395366
0.0401772
0.0396105
0.039318
0.039065
0.0395809
0.0395502
0.0392818
0.0401176
0.0391689
0.0396653
0.0391987
0.0395334
0.0388351
0.0402768
0.0388586
0.0391914
0.0394885
0.0394958
0.0391918
0.0394593
0.0390709
0.0393307
0.0396467
0.0386559
0.0390957
0.0399653
0.0396036
0.0389418
0.0390533
0.03931
0.0392262
0.0393798
0.0397556
0.0392372
0.0395638
0.0401013
0.0395406
0.0392913
0.0395359
0.0393391
0.0392351
0.0391757
0.0390203
0.0393442
0.0394569
0.0388811
0.0390384
0.038616
0.0392533
0.0386812
0.0403432
0.039009
0.0400706
0.0385987
0.0397208
0.0388124
0.039469
0.0397001
0.0398261
0.0392996
0.0393267
0.0390088
0.0393384
0.0399403
0.0388174
0.0398277
0.0389897
0.0387026
0.0386231
0.0394674
0.0390277
0.0395287
0.0391778
0.0389372
0.0389267
0.0392384
0.0395765
0.0392189
0.0380913
0.0397034
0.0391043
0.0395621
0.0391523
0.039848
0.0392717
0.0397774
0.0392611
0.0394186
0.0393608
0.0387761
0.0394203
0.0389608
0.0392116
0.039291
0.0386767
0.0393567
0.0390353
0.0394761
0.0388593
0.039354
0.0389303
0.0392898
0.0389187
0.0385513
0.0395274
0.0386815
0.0389797
0.039859
0.0385075
0.0389233
0.039019
0.0396159
0.0392244
0.0388504
0.0386843
0.039288
0.038872
0.0389311
0.0394764
0.0391614
0.0386617
0.0387669
0.0393851
0.0383758
0.0387178
0.0393037
0.0386108
0.0394947
0.0395194
0.0379668
0.0395269
0.0393182
0.0385117
0.039182
0.039165
0.0385551
0.0395041
0.0382164
0.0394991
0.0394587
0.0388862
0.0391516
0.0384991
0.0395696
0.0388058
0.0398036
0.0391399
0.0396505
0.038706
0.0391376
0.0394506
0.0394197
0.0387324
0.0386877
0.038819
0.0394394
0.0390793
0.0392089
0.0383429
0.0390019
0.0392032
0.039226
0.0393779
0.0387178
0.0388784
0.0390718
0.0389872
0.0386864
0.0390823
0.0388679
0.0385946
0.0394871
0.0389593
0.03942
0.0397997
0.0395059
0.0390465
0.0388797
0.0394799
0.038873
0.0394387
0.0384794
0.0396328
0.0390822
0.0387791
0.0393613
0.0398424
0.0394812
0.0394571
0.0389683
0.038841
0.0391485
0.038768
0.0393397
0.0389707
0.0387406
0.0397055
0.038694
0.0387355
0.0393333
0.0399329
0.0393766
0.0392607
0.0390292
0.0388654
0.0384115
0.0381921
0.0394644
0.038641
0.0389658
0.0390083
0.038255
0.0394517
0.0385142
0.0394457
0.0394115
0.0388716
0.0397084
0.0391286
0.0394591
0.0389199
0.0389498
0.0387638
0.0387551
0.0386062
0.0389528
0.0386693
0.0384617
0.0391413
0.0390455
0.0390273
0.0395445
0.0388336
0.0394598
0.038988
0.0389409
0.0399351
0.0389344
0.0392114
0.0390471
0.0386425
0.0387608
0.0392952
0.0387444
0.0388895
0.0390768
0.0391101
0.0382559
0.0390726
0.0392044
0.0393226
0.0386399
0.0396115
0.0393355
0.0393595
0.0390433
0.0391149
0.0390736
0.0393324
0.0389143
0.0396849
0.0387027
0.0387167
0.0397322
0.0391247
0.0383843
0.0387833
0.0387435
0.0394216
0.039037
0.0386013
0.0387104
0.0390945
0.0391374
0.038642
0.0389541
0.0396443
0.0395899
0.0399798
0.0386796
0.0397025
0.0393779
0.0392952
0.0390258
0.0388801
0.0386562
0.0391936
0.0390004
0.0392567
0.0390251
0.0389831
0.0391693
0.039017
0.0389686
0.0393396
0.038607
0.0394434
0.0387364
0.0394488
0.0389967
0.039371
0.0383547
0.0389285
0.0392869
0.0388044
0.0392578
0.0385628
0.0392388
0.0390545
0.0389544
0.0394147
0.0387642
0.0399506
0.0391352
0.0383546
0.0393948
0.0390855
0.0387771
0.0392609
0.0385288
0.039121
0.0387547
0.0392061
0.039368
0.0388628
0.0380188
0.0396105
0.038817
0.0390765
0.0397181
0.038496
0.038983
0.0386068
0.0393549
0.0385362
0.0394217
0.0392043
0.0401746
0.0382757
0.0395112
0.0387194
0.0394313
0.0384479
0.0387839
0.0386546
0.038248
0.0385764
0.0391765
0.0391387
0.0385606
0.039357
0.0385135
0.0386379
0.0381522
0.0386541
0.0386135
0.0391072
0.0393403
0.0387934
0.0392465
0.038874
0.0384891
0.0386866
0.0387191
0.0387497
0.0382528
0.0389214
0.0387444
0.0386987
0.0399403
0.038296
0.0389421
0.0386236
0.0386716
0.0381905
0.0386433
0.0392598
0.0392512
0.0382677
0.0389124
0.0390282
0.0380979
0.0394133
0.0386554
0.0387017
0.0384679
0.03881
0.0392698
0.0385899
0.0390966
0.0389431
0.0382559
0.0389639
0.0381959
0.0385913
0.0388282
0.0392054
0.0392132
0.0388233
0.0385203
0.0388691
0.0387577
0.0389537
0.0383433
0.0389066
0.0391486
0.0389402
0.0386806
0.0390675
0.0383543
0.0390211
0.0375774
0.0387277
0.0384009
0.0390984
0.0385196
0.0392787
0.03858
0.0397507
0.0384518
0.0392081
0.0382651
0.0393893
0.0383157
0.0387369
0.0381666
0.0383149
0.0386867
0.038715
0.0387608
0.0397508
0.0382472
0.0392183
0.0381938
0.0387093
0.0389182
0.0394641
0.038965
0.038034
0.0387201
0.0387157
0.039089
0.0384083
0.039399
0.0389455
0.0382307
0.0389327
0.0386248
0.038479
0.0388069
0.0388871
0.0387188
0.0381822
0.0389517
0.0386386
0.0384935
0.0387091
0.0382529
0.0388987
0.0377963
0.0387207
0.0382003
0.038601
0.0386923
0.0384652
0.0394204
0.0385393
0.0387648
0.0387666
0.0381593
0.0384138
0.0384466
0.0391774
0.0389107
0.0389975
0.0384547
0.0386175
0.0388854
0.0380638
0.0383438
0.0384724
0.0379868
0.0386483
0.0384299
0.0381673
0.0391118
0.0385578
0.0386116
0.0382842
0.0390665
0.0391538
0.0381067
0.0386759
0.038085
0.0388429
0.0380187
0.038694
0.0387071
0.0385649
0.0392744
0.0387319
0.0384533
0.038436
0.0390224
0.0386668
0.0389438
0.0384162
0.0391328
0.03853
0.0388368
0.0388042
0.0384374
0.0387478
0.0382642
0.0385531
0.0387013
0.0382723
0.038302
0.0389514
0.0382797
0.038563
0.0385223
0.0381285
0.0387011
0.0390493
0.0381375
0.0390704
0.0383071
0.0385184
0.0383472
0.0386341
0.0387297
0.0383743
0.0383002
0.0388432
0.0390103
0.0390573
0.0384905
0.0386946
0.0379348
0.0384695
0.0386473
0.0389566
0.0381688
0.0388897
0.0386075
0.0391624
0.0387626
0.0389655
0.0386261
0.0388029
0.0383955
0.0383681
0.038012
0.0385729
0.0383485
0.038699
0.038973
0.0381042
0.038892
0.0387973
0.0387786
0.0381701
0.0388732
0.0390359
0.0383101
0.0387369
0.0384892
0.0389475
0.038471
0.0382582
0.0384017
0.0393195
0.0377847
0.0386634
0.0390114
0.0388179
0.0382147
0.038199
0.0383594
0.0387267
0.0386241
0.0387934
0.0387911
0.038287
0.0387024
0.0383063
0.0383723
0.0389053
0.0387073
0.0385791
0.0386773
0.0390014
0.0377857
0.039153
0.0385172
0.0380071
0.0386717
0.038333
0.0387098
0.0382985
0.0392548
0.0383775
0.0389565
0.0389379
0.0384506
0.038659
0.0383307
0.0387695
0.0387139
0.0387745
0.0386486
0.0381186
0.0383643
0.0382591
0.0393368
0.038248
0.0389763
0.0392123
0.0385841
0.0384636
0.0384879
0.0384822
0.0378101
0.0386208
0.0385108
0.0382327
0.0377844
0.0387699
0.0386688
0.0384654
0.038254
0.03859
0.0386808
0.0386995
0.0385233
0.0384519
0.0381455
0.0387742
0.0389973
0.0380858
0.0379063
0.0385927
0.0381728
0.0393057
0.0383301
0.0389035
0.0382595
0.0389619
0.0383749
0.0385838
0.0380253
0.0383812
0.0395987
0.0389007
0.0385113
0.0382515
0.0388546
0.0386634
0.038113
0.0385542
0.0386091
0.0383891
0.0385859
0.0393835
0.039121
0.0385026
0.0382107
0.0383352
0.0382812
0.0387397
0.038255
0.0385659
0.0382911
0.0387517
0.0383623
0.039096
0.0385947
0.0380296
0.0383094
0.0387274
0.0390621
0.0389455
0.0382179
0.0384103
0.0381815
0.0387361
0.038439
0.0393103
0.0383513
0.0384899
0.0389087
0.0380082
0.0384187
0.0381775
0.0378252
0.039081
0.0376389
0.0384004
0.0384132
0.038513
0.0377774
0.0382595
0.0384115
0.0384413
0.0384054
0.0381782
0.0389701
0.0384627
0.0387283
0.0383288
0.0386191
0.0390374
0.0381554
0.0386852
0.0380785
0.0387734
0.0381435
0.0381306
0.038398
0.0381257
0.0382251
0.0386889
0.0388091
0.039175
0.0385786
0.0386464
0.0386248
0.0387363
0.0390004
0.0387348
0.038794
0.0387083
0.0381931
0.0385012
0.0380125
0.0380957
0.0383283
0.0381639
0.0384141
0.0389639
0.0384098
0.0387702
0.0387264
0.037971
0.038588
0.0390124
0.0384246
0.038653
0.038236
0.0390789
0.0389248
0.0385758
0.0384554
0.0384153
0.0383266
0.0375316
0.0384777
0.0388929
0.0378019
0.0383008
0.0381152
0.0383517
0.0379699
0.0386166
0.0383912
0.0388474
0.039205
0.0384359
0.0386958
0.0390354
0.0386164
0.0390732
0.0382019
0.0387041
0.038545
0.0384467
0.0382583
0.0385862
0.0386386
0.0381996
0.0381564
0.0386381
0.0387366
0.0385043
0.0380659
0.0382084
0.0385402
0.0376473
0.0382396
0.0386561
0.0386991
0.0386065
0.0386198
0.0382957
0.0383009
0.0386005
0.0378284
0.038315
0.0384786
0.0381348
0.0386114
0.0377099
0.0379593
0.0382822
0.0382066
0.0385852
0.0389945
0.0379918
0.0380743
0.0387302
0.0379978
0.0386652
0.0391316
0.0384955
0.0382316
0.0385112
0.037722
0.038393
0.0381699
0.0391604
0.0381962
0.0377413
0.0382465
0.0379946
0.0386934
0.0382792
0.0388207
0.0382857
0.0386553
0.0387211
0.038373
0.03876
0.0383481
0.038776
0.038637
0.0386402
0.0384948
0.0378694
0.0393402
0.038271
0.0385608
0.0385389
0.038279
0.0386102
0.0380262
0.0392645
0.0383445
0.0387049
0.0385376
0.0388471
0.038707
0.0387255
0.038484
0.0384409
0.0383483
0.0387983
0.0389962
0.0388507
0.0385303
0.0387635
0.0387935
0.0381283
0.0381103
0.0391383
0.0387726
0.0376142
0.0379654
0.0379762
0.0385257
0.0388843
0.038059
0.0377409
0.0386848
0.0386037
0.0384971
0.0380866
0.0387091
0.0378955
0.0379492
0.0378767
0.0384816
0.0383951
0.0383817
0.0384745
0.0380834
0.0387925
0.0386772
0.0383916
0.0380664
0.0383382
0.0388159
0.0386179
0.0378047
0.0384916
0.0380982
0.038733
0.0379336
0.0389873
0.0382421
0.0382548
0.0384106
0.0385252
0.0385712
0.038915
0.0383937
0.0381954
0.0386535
0.0381988
0.0381038
0.0385536
0.0382441
0.0384684
0.0379275
0.0389298
0.038222
0.038234
0.0378649
0.0386314
0.0376354
0.0384975
0.0382319
0.0383213
0.0380539
0.0376698
0.0385314
0.038528
0.0386881
0.0382884
0.0383788
0.0382078
0.0381602
0.0385573
0.0382346
0.0383521
0.038603
0.0382536
0.0380914
0.0382008
0.0381274
0.0392867
0.0383333
0.0384566
0.0384123
0.0378894
0.0386205
0.0386256
0.0381169
0.0385692
0.0379624
0.0382275
0.0385974
0.0377331
0.0380939
0.0382062
0.0380146
0.0380567
0.0382482
0.0384667
0.0379708
0.038351
0.0381165
0.0376024
0.0376578
0.0380623
0.0376336
0.0386909
0.0381957
0.038582
0.0384589
0.0385777
0.0381852
0.037991
0.0383989
0.0380518
0.038426
0.0379521
0.0379149
0.0384261
0.038114
0.0376318
0.0381795
0.038029
0.038657
0.0388254
0.0384439
0.0382836
0.0378853
0.0379348
0.0378838
0.0382982
0.0379142
0.0382552
0.0386327
0.038406
0.0378404
0.0384353
0.0377121
0.0381859
0.0385168
0.0383869
0.038142
0.0386608
0.0381015
0.0391906
0.038113
0.0383172
0.0377138
0.0381188
0.038542
0.0386384
0.0378091
0.038237
0.0382851
0.0387763
0.0384829
0.0381024
0.0379966
0.0385596
0.0384173
0.0386081
0.0378356
0.0382941
0.0385948
0.0377097
0.0383115
0.0388146
0.0386068
0.0388966
0.0382984
0.0379031
0.0381672
0.0384179
0.0382818
0.038316
0.03838
0.037931
0.0383317
0.0387135
0.0385135
0.0379384
0.0383982
0.0377558
0.0386556
0.0389121
0.0385241
0.0379432
0.0380413
0.0380802
0.0379008
0.0387898
0.0379575
0.038202
0.0383547
0.0384728
0.0384495
0.0381618
0.0382394
0.0382757
0.0380922
0.0378898
0.0380798
0.0380671
0.0379415
0.0382204
0.0375393
0.0386096
0.0381968
0.038096
0.0377761
0.0383898
0.0384054
0.0384908
0.0383817
0.0384003
0.0382399
0.0383265
0.0381685
0.0384404
0.0384004
0.0387268
0.0387077
0.0381224
0.0374444
0.0386632
0.0381218
0.0381976
0.0378076
0.0382931
0.0378372
0.0381537
0.038025
0.0383261
0.0381998
0.0381737
0.0381687
0.0372654
0.0386113
0.0384389
0.0379696
0.037925
0.0384458
0.0378223
0.0383512
0.0380573
0.0374189
0.0385925
0.0383491
0.0383937
0.0381098
0.0386757
0.037901
0.0386125
0.0385327
0.0386573
0.0378224
0.0382578
0.0385039
0.0380242
0.0383207
0.0381321
0.0379414
0.037806
0.0379324
0.0378156
0.0385842
0.0387089
0.0381014
0.0382088
0.0385493
0.0382832
0.0381635
0.0386858
0.0384165
0.0380973
0.0380845
0.0382453
0.0387771
0.0384204
0.0375989
0.0386543
0.0383107
0.0373552
0.0384932
0.0381454
0.0384718
0.038229
0.0380788
0.0387243
0.0384351
0.0379727
0.0383414
0.0382836
0.0383653
0.0383076
0.0385246
0.0380601
0.0385569
0.0382781
0.0383939
0.0381769
0.038485
0.0383229
0.0384493
0.0379206
0.0376418
0.0378894
0.037929
0.0378468
0.0386923
0.0375899
0.0388737
0.0370919
0.0377681
0.0381415
0.0375903
0.0383656
0.0386249
0.0377242
0.0381971
0.0384565
0.0377627
0.0378865
0.0378135
0.0375681
0.0380988
0.0377083
0.0380828
0.0378846
0.03845
0.038096
0.0380826
0.0380645
0.0381053
0.0380392
0.0379795
0.0378353
0.038726
0.0380032
0.038298
0.0377477
0.038538
0.0387593
0.038171
0.038556
0.0378513
0.0381158
0.0386584
0.038409
0.0384662
0.0378821
0.038892
0.0386969
0.0379555
0.0383411
0.0381188
0.0382636
0.0381796
0.0380484
0.0388149
0.0372917
0.0378911
0.0380293
0.0380748
0.0378682
0.0381379
0.0382278
0.0385471
0.0374396
0.038018
0.0384763
0.0380242
0.0387502
0.0373681
0.0382234
0.0375671
0.0386853
0.0375776
0.0379609
0.0379689
0.0382932
0.0380931
0.0380761
0.0382667
0.0377792
0.0379311
0.0382311
0.0382769
0.0378055
0.0383671
0.0377923
0.0385665
0.0379957
0.0379378
0.03834
0.0380102
0.0379687
0.0374837
0.0376861
0.0378268
0.0380005
0.0378252
0.0383361
0.0379288
0.0376636
0.037562
0.0378935
0.0379544
0.0378025
0.0383893
0.0376807
0.0377554
0.0379109
0.0379768
0.0384152
0.0378122
0.0382873
0.0377107
0.0379759
0.0376716
0.038265
0.0385695
0.0379387
0.0380583
0.037341
0.0376492
0.0386986
0.0383302
0.0378049
0.0384213
0.0376938
0.0380161
0.0381667
0.038398
0.0387056
0.0373265
0.038363
0.0379611
0.0378653
0.038041
0.0380688
0.0383761
0.0379639
0.0377079
0.0382342
0.0380074
0.0381293
0.0376094
0.0382978
0.0380695
0.0383536
0.0379372
0.0383406
0.0375377
0.0382534
0.0374816
0.0386521
0.0379731
0.0383139
0.0383626
0.0377668
0.0385972
0.0378612
0.0379525
0.0377378
0.0380903
0.0377378
0.0383857
0.0376715
0.037825
0.0378117
0.0378944
0.0379427
0.0375632
0.038468
0.0375705
0.0380937
0.0376782
0.0382634
0.037381
0.038531
0.0377963
0.0376991
0.0382171
0.0381084
0.0380156
0.0378898
0.0381671
0.0373063
0.0380301
0.037636
0.0380745
0.037676
0.0381452
0.0382066
0.0382407
0.0378616
0.0377672
0.0378861
0.0378871
0.0380137
0.0385142
0.0376754
0.0376088
0.038107
0.0373764
0.0380025
0.0377515
0.0372358
0.0387317
0.0380413
0.0381473
0.0377962
0.0375662
0.0380272
0.0377731
0.0380479
0.0379583
0.0381683
0.0378365
0.0376177
0.0383096
0.0376616
0.0386187
0.0380678
0.0380677
0.0380377
0.0374969
0.0379167
0.0375736
0.0374551
0.0374982
0.0379835
0.0381074
0.0375683
0.0382423
0.0378683
0.0378986
0.0385822
0.0375647
0.0376375
0.0379039
0.037527
0.0377929
0.037319
0.0378173
0.0378429
0.0376452
0.0377368
0.0381398
0.0377571
0.0378861
0.038122
0.0376809
0.0385204
0.0379088
0.0382236
0.0374841
0.0377051
0.038129
0.0374863
0.0382531
0.0374482
0.0382234
0.0378115
0.0383786
0.0378423
0.0377699
0.0380833
0.0374402
0.0382101
0.0379861
0.0372861
0.0381236
0.0376664
0.0374587
0.0379174
0.0377138
0.0375862
0.0377002
0.0377945
0.0378506
0.0376018
0.0381044
0.0379088
0.0382621
0.0383309
0.037982
0.0375425
0.0379697
0.0375555
0.0382516
0.0375961
0.038159
0.0382377
0.037843
0.0378725
0.0371888
0.0382174
0.0379319
0.0380808
0.0379864
0.0375957
0.0379893
0.0380534
0.0378026
0.0380215
0.037815
0.0377648
0.0376365
0.037923
0.0377028
0.0376095
0.0376698
0.037731
0.0379911
0.0378493
0.0380093
0.0380354
0.0381032
0.037733
0.0382807
0.0376861
0.0379378
0.0375567
0.0380079
0.0374754
0.0375541
0.0384443
0.0371576
0.0379942
0.038319
0.0379524
0.038236
0.0375901
0.0379262
0.0378552
0.0378207
0.0385065
0.0377299
0.0378779
0.0373615
0.0378638
0.0377786
0.0380405
0.0379933
0.0381864
0.0381741
0.0376895
0.0377523
0.0376253
0.0374498
0.0376808
0.0377039
0.0381484
0.037721
0.0379012
0.0377674
0.0377927
0.0377053
0.0378456
0.0375167
0.0378719
0.0378499
0.0376445
0.0383149
0.0372606
0.0378729
0.0374951
0.0377967
0.0378257
0.0377382
0.0380789
0.0378509
0.0380307
0.0376009
0.038055
0.0380398
0.0381194
0.0378338
0.0377374
0.0381392
0.0375491
0.0381528
0.038461
0.03749
0.0380664
0.0376464
0.0381886
0.0380528
0.0377316
0.0377364
0.0375381
0.0378992
0.0376963
0.037795
0.0381023
0.0382042
0.0378738
0.0373381
0.0384544
0.0373261
0.0381168
0.0372942
0.0379374
0.0375796
0.0379536
0.0377416
0.0374247
0.0375206
0.0376512
0.0377439
0.0378134
0.0375146
0.0377052
0.0379786
0.0380502
0.0378612
0.037503
0.0374262
0.0373355
0.0374719
0.0378785
0.0382928
0.0376971
0.0384182
0.0377984
0.0376784
0.0372612
0.0379232
0.0378487
0.0382206
0.0376102
0.0377195
0.0380021
0.0372568
0.0378081
0.0376452
0.0378019
0.0378043
0.0377947
0.0373489
0.0383501
0.0382791
0.0382551
0.0378844
0.0374874
0.0376351
0.0380784
0.0375959
0.0375805
0.0375207
0.0380492
0.038032
0.037877
0.0379897
0.0379394
0.0374578
0.0375176
0.0375265
0.0373961
0.0375841
0.0375196
0.0376739
0.0372346
0.0380356
0.0378585
0.0378762
0.0379532
0.0378867
0.037831
0.0375609
0.037567
0.0375993
0.0376065
0.0371549
0.0380882
0.0374579
0.0375996
0.0375254
0.0378164
0.0379132
0.0380039
0.0375634
0.0373669
0.0378727
0.0374115
0.0380447
0.0374586
0.0374717
0.0376385
0.0380438
0.0375865
0.0379009
0.0377186
0.0380469
0.0379929
0.038493
0.0373557
0.0380617
0.0378801
0.0375317
0.0379988
0.0377514
0.0372757
0.0378048
0.0375664
0.0378091
0.0376998
0.037637
0.0379122
0.0373841
0.0377661
0.0377756
0.0376057
0.0376271
0.0378952
0.0376407
0.0375301
0.0378368
0.0378388
0.0373523
0.037588
0.037794
0.0377354
0.0372248
0.0373827
0.0379303
0.0378708
0.0377968
0.0375616
0.0381322
0.0382473
0.0377118
0.0378303
0.0374183
0.0375381
0.0380823
0.0376803
0.0380469
0.0378385
0.0373933
0.0374927
0.0381294
0.0375166
0.0376686
0.0371991
0.0374388
0.0379767
0.0373788
0.0379185
0.0373045
0.0380364
0.0381022
0.03775
0.037395
0.0375505
0.0376442
0.0375101
0.0373242
0.0377899
0.0374408
0.0375703
0.0379242
0.0374859
0.0371493
0.0373482
0.03778
0.0380004
0.0374092
0.03805
0.037702
0.0378794
0.0373983
0.0378409
0.0376317
0.0373553
0.0376116
0.0370209
0.0382166
0.0376778
0.0386379
0.0371822
0.0378999
0.0381963
0.0375226
0.0378787
0.0376474
0.037239
0.0380452
0.0378744
0.0372148
0.037761
0.0372764
0.0377882
0.0378143
0.0369845
0.0379158
0.0383019
0.0377387
0.0377519
0.0375555
0.037603
0.0380531
0.037448
0.0376075
0.0379467
0.0379159
0.0370684
0.0376623
0.0370655
0.0374825
0.0375845
0.0381553
0.0379894
0.0378438
0.0374802
0.0373729
0.0376049
0.0371219
0.0377469
0.037448
0.0373273
0.0375368
0.0383925
0.037338
0.0375826
0.0375708
0.0375633
0.0376582
0.0382002
0.0384357
0.0376351
0.0379689
0.0374962
0.0383161
0.0371358
0.0379473
0.0380306
0.0375928
0.0378103
0.0380632
0.0372483
0.037837
0.0374185
0.0376275
0.0374987
0.0374988
0.0385452
0.0376096
0.0370028
0.0375964
0.0375485
0.0376606
0.0374728
0.0378374
0.038022
0.0378331
0.037825
0.0382634
0.0377881
0.0382455
0.0374592
0.0380905
0.0371764
0.0381684
0.037993
0.0373078
0.0373025
0.0378869
0.037397
0.0379921
0.0371147
0.0377867
0.037468
0.0379375
0.0380672
0.03732
0.0378814
0.0371943
0.0376237
0.0374539
0.0379133
0.0372764
0.0378951
0.0372784
0.0374173
0.037547
0.0371112
0.0376443
0.0377112
0.0372214
0.0380688
0.0378512
0.0377257
0.037443
0.0378167
0.0377178
0.0375821
0.0379382
0.037302
0.0378756
0.0376185
0.0377502
0.0378461
0.0373172
0.0378633
0.0372261
0.0374776
0.0374639
0.0377611
0.0380069
0.0380287
0.0378396
0.0375816
0.0376305
0.037306
0.0379782
0.0377601
0.0377822
0.0381719
0.0375581
0.0382978
0.0372443
0.038564
0.0372796
0.0374376
0.0375118
0.0376232
0.037776
0.0373701
0.0375017
0.0377882
0.0374792
0.0377605
0.0383179
0.0378787
0.0375122
0.0379082
0.0374526
0.0372882
0.0375888
0.0376223
0.0373625
0.0377296
0.037588
0.0374161
0.0377571
0.0376039
0.0380383
0.0375422
0.0373323
0.0379611
0.0371848
0.0375627
0.0377681
0.0374329
0.0377544
0.0377845
0.0375021
0.0380148
0.0376392
0.0382303
0.0369648
0.0378955
0.0372003
0.0372769
0.0380419
0.0375239
0.0373157
0.0376349
0.0381019
0.0375219
0.0378423
0.0382815
0.0381412
0.0378845
0.03716
0.0380634
0.0374187
0.0373357
0.037567
0.0372349
0.0379823
0.0376239
0.0375595
0.0377108
0.0375206
0.0371719
0.0382564
0.0374237
0.0370364
0.0377447
0.037504
0.0377368
0.0381261
0.0381487
0.0375319
0.0374889
0.0380731
0.0374885
0.0376902
0.037507
0.0376684
0.0376664
0.037452
0.0372944
0.0369587
0.0377811
0.0374093
0.03755
0.0371993
0.0380104
0.0375862
0.0376977
0.0374
0.0376792
0.0374187
0.0373797
0.0373787
0.0379624
0.0374228
0.0376617
0.0377948
0.0373153
0.0378195
0.0378825
0.0374668
0.0379534
0.0376775
0.037906
0.037341
0.0368719
0.0377407
0.0370492
0.0380191
0.0375504
0.0374947
0.0374161
0.0376121
0.0376244
0.0374874
0.0375207
0.0373542
0.037483
0.0376818
0.037113
0.0375128
0.0379144
0.0372969
0.037523
0.0374333
0.0381142
0.0375684
0.0376492
0.0376697
0.0378575
0.0377771
0.0376805
0.037729
0.0374716
0.0380731
0.037375
0.0375193
0.0371018
0.0379021
0.0371515
0.0371532
0.0374838
0.036975
0.0373759
0.0369836
0.0372555
0.0380315
0.0376843
0.0374984
0.0371119
0.0377392
0.0374574
0.0374995
0.0374088
0.0374609
0.0373128
0.0370432
0.0372488
0.0380847
0.037905
0.0372461
0.0375641
0.0379009
0.0377015
0.0372142
0.0381382
0.0377536
0.0383787
0.0376568
0.0373386
0.0375156
0.0377092
0.037693
0.0375407
0.0375403
0.0374157
0.0377878
0.0375265
0.0372062
0.0373333
0.0373906
0.0368824
0.0377709
0.037542
0.0371689
0.0379113
0.0374902
0.037297
0.0371819
0.0373722
0.0371026
0.0375695
0.037365
0.0376869
0.0369034
0.0374518
0.0375667
0.0374453
0.0375447
0.0377492
0.0375722
0.0374134
0.0379449
0.0374499
0.0373317
0.0372325
0.0374306
0.0376771
0.0377415
0.037476
0.0374901
0.0371731
0.0372424
0.037261
0.0381951
0.0371925
0.0374852
0.0372755
0.0374306
0.0373472
0.0374635
0.0375818
0.0379892
0.0375064
0.0381107
0.037635
0.0376528
0.0373964
0.0374897
0.0379353
0.0365481
0.0377181
0.0373854
0.0375938
0.0374046
0.0380868
0.0376214
0.037529
0.0374736
0.0377162
0.0374324
0.0375318
0.0373398
0.0382438
0.0377282
0.0381676
0.0377848
0.0373503
0.0377236
0.0375664
0.0372552
0.0381499
0.0371955
0.0374113
0.0377345
0.0374945
0.0375694
0.0372056
0.0375589
0.0371491
0.0378496
0.0375951
0.0374255
0.0375039
0.0374783
0.0375262
0.0377404
0.0374052
0.0374305
0.0371793
0.037252
0.0372791
0.0375933
0.0369547
0.037339
0.0373517
0.0371905
0.0373446
0.0376053
0.0371717
0.0376493
0.037293
0.0373917
0.0370597
0.0374179
0.0373498
0.0374565
0.0372079
0.037963
0.0373564
0.0371866
0.0374367
0.0374073
0.0372752
0.037541
0.0372457
0.0376222
0.0372759
0.0373908
0.0373121
0.0375974
0.037498
0.0375624
0.03729
0.0377976
0.0376369
0.0372669
0.0376855
0.0377746
0.0372414
0.0371924
0.0372878
0.0373493
0.0376091
0.0375286
0.0373072
0.0373322
0.0372065
0.0375476
0.036928
0.0373999
0.0368658
0.0372625
0.0372341
0.0377145
0.0375212
0.0374384
0.03758
0.0372567
0.037097
0.0377275
0.0372213
0.0372054
0.0375352
0.0376439
0.0369754
0.0370858
0.0374286
0.0371375
0.0375057
0.0375692
0.0373215
0.0375224
0.0375399
0.0379887
0.0372041
0.0373586
0.0371412
0.0371495
0.0365863
0.0374695
0.0376228
0.0372641
0.0373465
0.0369744
0.0376433
0.0375487
0.0376846
0.0376601
0.0376008
0.0372584
0.0370257
0.0375411
0.0375871
0.0374556
0.0371933
0.037448
0.0371267
0.037245
0.0377686
0.0377123
0.0371532
0.0373949
0.0368875
0.0377126
0.0370006
0.0373713
0.0373742
0.0374896
0.0369865
0.0376306
0.0373076
0.0372679
0.0372105
0.0375358
0.0375473
0.036978
0.03781
0.0370422
0.0376155
0.037198
0.0372076
0.0374712
0.0375137
0.0369486
0.0372063
0.0375797
0.0372127
0.0375248
0.0371108
0.0374835
0.0372619
0.036992
0.0372173
0.0371013
0.0373412
0.0374521
0.0375589
0.0373442
0.0372268
0.0374154
0.036605
0.0372494
0.0372041
0.0369585
0.0375679
0.0376919
0.0369265
0.0373879
0.0371351
0.0378297
0.0371847
0.0373514
0.0372997
0.0369363
0.0373269
0.0377334
0.0372886
0.0372151
0.0368224
0.0375522
0.0374748
0.0371292
0.037141
0.0373192
0.0371693
0.0372901
0.0370088
0.0377998
0.0372778
0.0368547
0.0373702
0.0364308
0.0371778
0.0374047
0.0373981
0.0370065
0.0374581
0.0372934
0.0380932
0.0369336
0.0374706
0.0369531
0.0375214
0.036915
0.0375008
0.0372747
0.0374446
0.0375833
0.0370849
0.0373855
0.0381159
0.0371775
0.0372533
0.0369536
0.0373775
0.0370969
0.0371721
0.0378055
0.0370842
0.037398
0.0377452
0.0373657
0.037822
0.0370686
0.0375232
0.0367121
0.0377298
0.0374504
0.0371043
0.037076
0.0370279
0.0369501
0.0367952
0.0377057
0.0373711
0.0373315
0.0375895
0.037127
0.0364504
0.0368548
0.0373352
0.0368292
0.0371242
0.0370024
0.0368851
0.0372719
0.037748
0.0373488
0.0374109
0.0371535
0.0372342
0.0375965
0.037701
0.0374693
0.0369024
0.0373102
0.0376671
0.0371334
0.0375093
0.0377352
0.0368644
0.0374727
0.0363186
0.0372904
0.0370701
0.0376593
0.0364308
0.0373652
0.0372266
0.0372836
0.0373837
0.0373394
0.0368339
0.0379445
0.037479
0.037253
0.0372244
0.0373283
0.0373945
0.0366671
0.0372299
0.0370837
0.0366356
0.0370352
0.0371816
0.037572
0.0373625
0.0378887
0.0371937
0.0378673
0.0365199
0.0372551
0.0380086
0.036767
0.0374601
0.0372608
0.0375489
0.0373721
0.0376477
0.0370367
0.0369925
0.0370484
0.0375684
0.0373065
0.037299
0.0370407
0.0370163
0.0374225
0.037362
0.0376265
0.037327
0.0373329
0.037006
0.0371854
0.0376026
0.0378925
0.0369667
0.0374043
0.0367474
0.0371518
0.0375902
0.0372966
0.0374442
0.0372035
0.0374327
0.0371925
0.0371888
0.0366227
0.0374486
0.0373214
0.0374083
0.0370168
0.0371608
0.0368792
0.0372304
0.0376996
0.037263
0.0370738
0.036281
0.0371297
0.0370583
0.0369849
0.0374479
0.0369981
0.037578
0.0366974
0.0372054
0.0368264
0.0368545
0.0376372
0.0378587
0.0367022
0.0376316
0.0373557
0.037351
0.0371223
0.0370571
0.0375582
0.0374359
0.0370714
0.0371303
0.0369915
0.0371442
0.0373053
0.0369988
0.037599
0.0369539
0.0368771
0.0375208
0.0365844
0.0381213
0.0365186
0.0372934
0.037185
0.0374694
0.0368041
0.0369067
0.0372197
0.0375307
0.0375049
0.0374346
0.0370054
0.037263
0.0371946
0.0371825
0.0374253
0.0369141
0.0377943
0.037352
0.0374547
0.0372272
0.0366194
0.0372037
0.0378956
0.0372033
0.0375372
0.0371489
0.0374026
0.0371618
0.0376355
0.0370195
0.0372604
0.0373552
0.0370673
0.0367964
0.0369405
0.0375806
0.0374159
0.0369806
0.0370433
0.037016
0.0367617
0.037375
0.0375832
0.0372063
0.0370301
0.0368537
0.0373257
0.0372822
0.0371516
0.0365045
0.0375663
0.0372425
0.0372306
0.036972
0.0369752
0.0367076
0.037692
0.0374447
0.0371463
0.0373964
0.0374452
0.0372924
0.0375689
0.0369446
0.0374695
0.037113
0.0374022
0.0370481
0.0375254
0.0373175
0.0370398
0.0368518
0.0371293
0.0372798
0.036803
0.0376944
0.037842
0.0370074
0.0370122
0.037268
0.0374358
0.0373438
0.0365292
0.0378082
0.0365707
0.0383542
0.0372898
0.0382809
0.0369547
0.0373919
0.0371879
0.0371201
0.0372082
0.0373488
0.0365775
0.037059
0.0371825
0.0372082
0.0369516
0.0369421
0.0369483
0.0369124
0.0377936
0.0370797
0.0371176
0.0366145
0.0374545
0.0367292
0.0376646
0.0372403
0.0370988
0.0373063
0.0374553
0.036872
0.0372344
0.037312
0.0366722
0.0370076
0.0373297
0.0371734
0.0371916
0.0370885
0.0375322
0.0371696
0.0372421
0.0369966
0.0368005
0.037209
0.0370832
0.0371523
0.0371973
0.0374889
0.0367715
0.0373354
0.0367698
0.0375879
0.0373525
0.0376617
0.0375747
0.0374031
0.0370664
0.0371353
0.0371004
0.0375637
0.0369724
0.0374889
0.0366085
0.0373849
0.0363376
0.0367181
0.0369452
0.0373674
0.0370009
0.037182
0.0371438
0.0374871
0.0372694
0.0371803
0.0372623
0.0374111
0.0373088
0.0376062
0.0369489
0.0374652
0.0372266
0.0370751
0.0370876
0.0373437
0.0371237
0.0374485
0.0371273
0.036871
0.0370298
0.037336
0.0367595
0.0373508
0.0366583
0.0369346
0.036594
0.0369872
0.0371125
0.0369637
0.0370628
0.0375536
0.0375061
0.0370347
0.037266
0.0373273
0.0374071
0.0372736
0.0369015
0.0378604
0.0370273
0.0375967
0.0373968
0.037111
0.0369164
0.0369917
0.0370152
0.037231
0.0367282
0.0373064
0.0370261
0.0371689
0.0369704
0.0375356
0.0370018
0.0373773
0.0369181
0.0371775
0.0370212
0.0368298
0.0370102
0.0375091
0.0370457
0.0372075
0.037278
0.0368323
0.0373982
0.037148
0.037733
0.036963
0.0377783
0.0368558
0.0376108
0.0369531
0.0374046
0.0371602
0.0367054
0.0369385
0.0370371
0.0367824
0.0374701
0.0375339
0.0367026
0.0367673
0.0372656
0.0370778
0.0362164
0.0373034
0.0370534
0.0371579
0.0370173
0.0373105
0.036661
0.0372949
0.0370605
0.0372065
0.037097
0.0368512
0.0374173
0.0370946
0.0367391
0.0368109
0.0373054
0.0372521
0.0372433
0.0366909
0.0374185
0.0376123
0.037021
0.0374973
0.036796
0.037312
0.036806
0.036602
0.0370679
0.0364699
0.0366701
0.0370613
0.0369178
0.0367649
0.0375988
0.0371411
0.0378691
0.0371291
0.0370393
0.0367611
0.0377882
0.0369636
0.0373536
0.0373262
0.0375875
0.0375861
0.0372835
0.0364373
0.0372382
0.0367565
0.0371824
0.037029
0.0372825
0.0366327
0.0369881
0.0369626
0.037081
0.0370783
0.0368756
0.0364559
0.0367354
0.0373078
0.037024
0.03699
0.0373447
0.0368122
0.0373394
0.0366618
0.0371989
0.0372676
0.0365313
0.0377219
0.0366295
0.0369346
0.0366905
0.0370254
0.0370007
0.0373404
0.0368406
0.0370362
0.0373969
0.0371378
0.0367067
0.0372195
0.0376044
0.0365305
0.0373372
0.0372792
0.0368809
0.0372118
0.03707
0.037062
0.0372035
0.0363917
0.0369575
0.0369152
0.0370667
0.0371585
0.0370266
0.0366343
0.0372889
0.0366004
0.0373195
0.0372867
0.0373775
0.0370988
0.0373623
0.036981
0.0371029
0.0375446
0.0370093
0.0373366
0.0369436
0.0371908
0.0373144
0.0374144
0.0369475
0.0370905
0.036854
0.036892
0.0368685
0.0366554
0.0368986
0.0368379
0.0364532
0.0364776
0.0372413
0.0369505
0.0370612
0.0371795
0.037192
0.0366842
0.0370327
0.0368592
0.0366613
0.0372095
0.0366194
0.0366287
0.0370187
0.0369837
0.0366887
0.036976
0.0376216
0.0372091
0.0375228
0.0370084
0.0373085
0.0369753
0.0370201
0.037391
0.0365401
0.0372129
0.0370828
0.0372805
0.0368028
0.0374685
0.0376983
0.0365618
0.0372671
0.0375114
0.0366004
0.0367933
0.0370941
0.0367603
0.0368048
0.0370272
0.0369079
0.0370365
0.0371345
0.0368438
0.0370754
0.0371214
0.0364164
0.0376243
0.0369774
0.0369589
0.0369414
0.0370976
0.0372001
0.0368927
0.0372741
0.0367904
0.0365981
0.0372873
0.0369055
0.0371801
0.037002
0.0371388
0.0375067
0.037705
0.0373801
0.0369554
0.0370498
0.0367266
0.0368465
0.0370643
0.0371426
0.0370836
0.0369751
0.0368038
0.0368764
0.0369204
0.0369094
0.0367516
0.0371214
0.0374326
0.0366788
0.0374941
0.0372028
0.0379019
0.0370479
0.0367085
0.0373021
0.0368222
0.037902
0.0369677
0.0372522
0.0365571
0.0367745
0.0373207
0.0367298
0.0373227
0.0368512
0.0373823
0.0368486
0.0367393
0.0368318
0.0370164
0.0368997
0.0371783
0.0363414
0.0363134
0.0370477
0.0366462
0.036785
0.0369244
0.0366286
0.0370862
0.0369307
0.0373662
0.0365485
0.0370558
0.0373779
0.0370046
0.0372935
0.036711
0.0369947
0.0370224
0.0371395
0.0368685
0.0370067
0.0363507
0.0372261
0.0366259
0.0369778
0.0364374
0.0367478
0.0372284
0.0371911
0.0370106
0.0366837
0.0371104
0.0368568
0.0372968
0.0367823
0.037411
0.0365578
0.0368945
0.036639
0.0367978
0.0371202
0.0366514
0.0370202
0.0364707
0.0373567
0.0363714
0.0370221
0.036866
0.0366771
0.0372704
0.0365407
0.0370257
0.0366779
0.0371133
0.0366238
0.0369782
0.0361916
0.0369665
0.0374154
0.0367952
0.0368764
0.0366226
0.0369761
0.036739
0.0367867
0.0367012
0.0368124
0.0364068
0.0366482
0.036548
0.0367838
0.0366255
0.0368587
0.0367912
0.0371627
0.0366541
0.0368711
0.0365042
0.0369775
0.0364972
0.0365325
0.0367663
0.036815
0.0369532
0.037358
0.0368582
0.0376771
0.0369961
0.0367217
0.0369021
0.0369384
0.0369481
0.0368861
0.0364723
0.0368543
0.0372176
0.0369934
0.0368795
0.0369124
0.0371219
0.0365376
0.0368937
0.0365692
0.0372083
0.0369139
0.0373175
0.0367477
0.0364856
0.036671
0.0367624
0.0369688
0.0371388
0.0371976
0.03686
0.0371342
0.0364834
0.0371975
0.0369986
0.0363534
0.0370505
0.0367999
0.0368742
0.0365666
0.0368337
0.0368722
0.0362126
0.036977
0.0363068
0.0368406
0.0367976
0.0363943
0.0369452
0.0370236
0.0367696
0.0369342
0.0372521
0.036334
0.037338
0.0367284
0.0364699
0.0370694
0.0369794
0.0371502
0.0368211
0.0372051
0.0369045
0.0369817
0.0366445
0.037239
0.0367065
0.0368477
0.0368872
0.0368557
0.0367047
0.0369142
0.0368565
0.0366303
0.0364739
0.0366166
0.0364831
0.0366107
0.0362985
0.0362896
0.0365868
0.0368715
0.0366311
0.036208
0.0362301
0.0366812
0.0373394
0.0367548
0.0371357
0.0363992
0.0369188
0.0364347
0.0373649
0.0362159
0.0371317
0.03678
0.0368533
0.0368633
0.0369446
0.0370584
0.0365899
0.0364576
0.0368678
0.0367362
0.0370115
0.0370546
0.0367428
0.0370828
0.0364612
0.0370433
0.0363339
0.0368908
0.036639
0.0369942
0.0363627
0.0371593
0.0371495
0.0366341
0.0365971
0.0366578
0.0365497
0.0371783
0.036885
0.0366177
0.037148
0.0363052
0.0368277
0.0371402
0.0368035
0.0366724
0.0365065
0.0366991
0.0367023
0.0366294
0.0369932
0.0367086
0.0367547
0.0367464
0.0367526
0.0367645
0.0367282
0.0366818
0.0364839
0.0370215
0.0362159
0.0366335
0.0369748
0.0370391
0.0366889
0.0364172
0.0370628
0.0365326
0.0366498
0.0368784
0.0364209
0.0364613
0.036898
0.0362369
0.0368395
0.0371099
0.0367229
0.0364228
0.036091
0.0367846
0.0365869
0.0370714
0.0365545
0.0365497
0.0369315
0.036014
0.0365099
0.0364558
0.0364275
0.0366368
0.0366861
0.0369609
0.0365442
0.0363632
0.0369871
0.0364276
0.036964
0.0366191
0.0371001
0.0362391
0.0368317
0.0366504
0.0369475
0.0359647
0.0369808
0.0365512
0.0365697
0.0371801
0.0364706
0.0366204
0.0369609
0.0364567
0.036358
0.0364096
0.0364777
0.0366943
0.0365844
0.0362113
0.036828
0.0363467
0.0369469
0.0366183
0.036351
0.0366386
0.0362522
0.036644
0.0368688
0.0365277
0.0364564
0.0367194
0.0368965
0.0366503
0.0367106
0.0364795
0.0365298
0.0361704
0.0368416
0.0365497
0.0366362
0.0365889
0.0363574
0.0365194
0.0364358
0.0367187
0.0363838
0.0364355
0.0365676
0.0363292
0.0366674
0.0368674
0.0365598
0.0369517
0.0367725
0.0369767
0.0361202
0.0368089
0.0362622
0.0360717
0.035928
0.0368281
0.036208
0.0369661
0.036563
0.0365836
0.0368519
0.0364963
0.0364832
0.0367035
0.0366604
0.0364644
0.0370183
0.0365728
0.0366198
0.0363743
0.0365714
0.0369359
0.0372438
0.0365871
0.0367863
0.036796
0.0366935
0.0361782
0.0367935
0.0363954
0.0367185
0.0363859
0.0361987
0.0368568
0.036571
0.0363724
0.0365627
0.0362126
0.0365914
0.0363019
0.0367385
0.0367108
0.0362795
0.0367757
0.0365052
0.0363315
0.0369047
0.0366647
0.0364929
0.0365503
0.0366767
0.0365707
0.0366586
0.0370119
0.0365084
0.036277
0.0371554
0.0367024
0.0364305
0.0366558
0.0367302
0.0364418
0.0365859
0.0361671
0.0365996
0.0366333
0.0364097
0.0362744
0.0365704
0.0366964
0.0366037
0.0369396
0.0366645
0.0364453
0.0367652
0.0361579
0.0369442
0.0366435
0.036537
0.0361806
0.0362889
0.0369066
0.0360915
0.0365486
0.0360256
0.0368063
0.0366036
0.0365441
0.0364148
0.0369742
0.0366923
0.0365666
0.0366306
0.0365989
0.0361745
0.0363626
0.0364344
0.0367051
0.0361117
0.0364563
0.0366889
0.0363417
0.0364417
0.0365756
0.0363755
0.03683
0.0362287
0.0363167
0.0367262
0.0360974
0.0365575
0.0362939
0.0370104
0.03637
0.0364944
0.0363959
0.0361425
0.0365816
0.0364313
0.036696
0.0367368
0.036269
0.0367285
0.0369766
0.0363623
0.0363902
0.0365487
0.0369298
0.0368384
0.0368615
0.0367173
0.0364751
0.0365453
0.0363538
0.0363128
0.0365204
0.0368918
0.0363881
0.036559
0.0363584
0.036458
0.0366387
0.0367587
0.0364646
0.0363333
0.0365392
0.0364128
0.0367633
0.036448
0.0363466
0.0372919
0.036612
0.0363427
0.0367678
0.0362083
0.036469
0.0366579
0.0365737
0.0361012
0.036883
0.0368947
0.0364141
0.0368261
0.0362199
0.0372219
0.0367104
0.0364178
0.0364726
0.0365966
0.0365702
0.0367886
0.0364448
0.0369643
0.0363279
0.0369106
0.0361293
0.037049
0.0363888
0.036879
0.0362855
0.0364566
0.0363504
0.0365236
0.0363264
0.036322
0.0367203
0.0365291
0.0365398
0.0366825
0.036022
0.0362611
0.0366682
0.0360463
0.0366708
0.0359481
0.0371232
0.0365764
0.0366178
0.0362673
0.0364377
0.0365075
0.0363124
0.036547
0.0365852
0.0371317
0.0360307
0.0366689
0.0370203
0.0360634
0.036539
0.0362845
0.0361883
0.0369138
0.03576
0.0366275
0.036152
0.0369046
0.0365401
0.0368145
0.0365821
0.0363241
0.0366622
0.036555
0.0364949
0.0358027
0.0365386
0.0358064
0.0362353
0.0368948
0.0368174
0.0367853
0.0363259
0.0365854
0.036521
0.0372267
0.0365355
0.0366744
0.0365855
0.036852
0.0369345
0.0364622
0.0362739
0.0368727
0.0368529
0.0362254
0.0364463
0.0363026
0.0360069
0.0359699
0.0361759
0.0362259
0.0364797
0.0363516
0.0367764
0.0365193
0.0370669
0.036421
0.0365708
0.0364111
0.0365352
0.0366488
0.0363524
0.0365205
0.0368044
0.037241
0.036743
0.0364045
0.0366377
0.036269
0.0363638
0.0365872
0.036106
0.0359303
0.0366266
0.0364584
0.0364617
0.0368416
0.0364816
0.0366195
0.0364151
0.0364979
0.0367254
0.0362825
0.0364399
0.0362812
0.0369282
0.0366904
0.0367465
0.0368245
0.036673
0.0361688
0.0369768
0.036241
0.0361952
0.0360731
0.036443
0.036295
0.0366416
0.0367741
0.0369481
0.0361031
0.0362903
0.0368433
0.0363171
0.0369478
0.0365796
0.0365234
0.0364398
0.0368994
0.0362194
0.0367609
0.0366184
0.0367245
0.036492
0.0362741
0.0363213
0.0366033
0.0366223
0.0366902
0.0369923
0.0363712
0.036552
0.0360918
0.0363436
0.0367087
0.036505
0.0365079
0.0359664
0.0362071
0.0363476
0.0362893
0.0361932
0.0364407
0.0361522
0.0366393
0.0365728
0.0366081
0.0363725
0.0362454
0.0363856
0.03641
0.0365522
0.0361516
0.0361931
0.0363052
0.0361336
0.0364422
0.0361524
0.0363321
0.0360634
0.0361427
0.0369247
0.0359575
0.0360384
0.0366406
0.0362728
0.0364101
0.0361421
0.0358726
0.0367314
0.0361843
0.0365238
0.0362818
0.0364602
0.0362702
0.0366697
0.0363201
0.0364471
0.0364976
0.035844
0.0367851
0.0361588
0.0366085
0.0362022
0.0369132
0.0362933
0.0364033
0.036651
0.0361394
0.0360764
0.0360396
0.036416
0.0365129
0.0361368
0.0364759
0.0360545
0.0366728
0.0365604
0.0369043
0.0359856
0.0361967
0.0365576
0.0359323
0.0364632
0.0360081
0.0362488
0.036891
0.0368248
0.0363055
0.0363328
0.0359869
0.0369324
0.036103
0.0362496
0.0362272
0.036057
0.0361581
0.0369438
0.0363309
0.0365669
0.0362805
0.036314
0.0363153
0.0361089
0.0365491
0.0366018
0.0359669
0.0366124
0.0363919
0.0362364
0.0362615
0.0360549
0.0368227
0.0366103
0.0364002
0.0368635
0.0365184
0.0361389
0.0363154
0.0364353
0.0366562
0.0363942
0.0364976
0.0361565
0.0363098
0.0358823
0.0364726
0.0359904
0.0366142
0.0364769
0.0361252
0.0363845
0.0360859
0.0360121
0.0364929
0.0359416
0.0366908
0.0360658
0.0366507
0.0365822
0.0362644
0.037083
0.0357836
0.0365346
0.0364106
0.0362734
0.0367344
0.036143
0.0363172
0.036243
0.0363344
0.0359518
0.0362731
0.0365319
0.03612
0.0367019
0.03677
0.0362889
0.0363904
0.0361712
0.0361098
0.0359102
0.036233
0.0361606
0.0361349
0.0365127
0.0364152
0.0361558
0.0360671
0.0360755
0.0366885
0.0366572
0.0360584
0.0362523
0.0367088
0.0360634
0.0367998
0.0359439
0.0363106
0.0359826
0.0361155
0.0363324
0.0362589
0.0361033
0.0356766
0.0360127
0.0363477
0.0360578
0.0365007
0.0367046
0.0365964
0.0366425
0.0362136
0.0359901
0.0365872
0.0363543
0.036407
0.0363815
0.0363112
0.0365206
0.0362816
0.036425
0.0365827
0.0362489
0.0365933
0.0363266
0.0358947
0.0366408
0.0365036
0.0362692
0.0361439
0.0363006
0.0360059
0.0367176
0.0364091
0.0368837
0.0364985
0.036456
0.0362341
0.0364362
0.0361712
0.036227
0.0362031
0.0361515
0.036305
0.0359345
0.0364029
0.0361387
0.0361708
0.0367193
0.0363972
0.0364681
0.0358682
0.0362757
0.0362969
0.0361409
0.0362666
0.0354575
0.0363598
0.0366152
0.0361115
0.0361687
0.0360264
0.0363492
0.0362211
0.0366127
0.0361231
0.0363047
0.0362776
0.0359432
0.0360697
0.0366098
0.0365419
0.0362873
0.0363132
0.0367772
0.0360251
0.0367246
0.0355689
0.0366822
0.03655
0.0361807
0.0360558
0.0359273
0.0366233
0.0360407
0.0368369
0.0363048
0.0360436
0.0357969
0.0364937
0.0364792
0.0357728
0.0365889
0.0355964
0.0365895
0.0360917
0.0362632
0.0359877
0.0359177
0.0358332
0.0361889
0.0362013
0.0364195
0.0358023
0.03616
0.0360212
0.0362782
0.0370365
0.0358605
0.036502
0.03614
0.0365349
0.0358212
0.0362178
0.0360262
0.0365274
0.0360073
0.0362056
0.0359746
0.0362305
0.0361308
0.0362431
0.0363906
0.0362075
0.0365236
0.0359546
0.0360909
0.036496
0.036571
0.0360078
0.0363154
0.0362781
0.035633
0.0371179
0.0361193
0.0366854
0.0364652
0.0363159
0.0361534
0.036025
0.0365795
0.0362573
0.0359549
0.0361415
0.0360389
0.0364573
0.0361094
0.0365634
0.0362859
0.0361509
0.0363104
0.0357294
0.03579
0.0359258
0.0363029
0.0361974
0.0362346
0.0356098
0.036474
0.0364821
0.0359645
0.0366316
0.0363117
0.0359165
0.0359557
0.0366352
0.0359152
0.0359179
0.0364095
0.0366226
0.0360218
0.0364901
0.0359317
0.0361065
0.0362256
0.0361904
0.0361951
0.0365364
0.0361676
0.036638
0.0362315
0.0362936
0.0361579
0.0362417
0.0366537
0.0364466
0.0356868
0.0364148
0.0364538
0.0360788
0.0365894
0.0364342
0.0367899
0.0361242
0.0362413
0.0360698
0.0361302
0.0359272
0.0362574
0.0360857
0.0362007
0.0361574
0.0358198
0.0363304
0.0358663
0.0363256
0.0361128
0.0358405
0.035972
0.0362009
0.0361878
0.0363545
0.0361857
0.0359424
0.0367112
0.0361708
0.0359909
0.0356071
0.0363
0.0358086
0.0357832
0.0359941
0.035645
0.0360555
0.0361395
0.0354921
0.0360674
0.0364225
0.036368
0.0364184
0.036193
0.0363172
0.0360894
0.0363144
0.0363048
0.0355843
0.0361369
0.0360012
0.0360624
0.0359862
0.0359792
0.0363775
0.0355446
0.0363103
0.0360645
0.036494
0.035815
0.0365307
0.0358398
0.0361534
0.0362892
0.0356757
0.0358831
0.0361446
0.0358787
0.0362957
0.0365368
0.0362885
0.0358344
0.0366444
0.0365726
0.0361574
0.0359679
0.0364477
0.0358651
0.0363588
0.0360136
0.0366557
0.0357683
0.0357622
0.0364915
0.0359517
0.0362999
0.0360806
0.0359904
0.0360372
0.0361296
0.0367505
0.0358432
0.0365425
0.035823
0.0366334
0.0356318
0.0365393
0.0357947
0.0362996
0.0361106
0.0358538
0.0362332
0.0366694
0.0359474
0.0364818
0.0358823
0.0359161
0.0361493
0.0357963
0.0362662
0.0357608
0.0361577
0.0359407
0.0362497
0.0359162
0.0361663
0.0356389
0.0360696
0.0359409
0.0361174
0.0358138
0.0362986
0.0361012
0.036382
0.0362232
0.0363222
0.0361788
0.0362219
0.0362438
0.0359153
0.0366817
0.0358522
0.0367103
0.0358659
0.0360138
0.0359641
0.0360735
0.0362209
0.0361223
0.0356419
0.0362078
0.0359169
0.0359906
0.0356899
0.0359259
0.0363932
0.0360548
0.0360433
0.0355848
0.0360794
0.0363562
0.0366893
0.0358705
0.0364007
0.0359181
0.0363296
0.0363529
0.03643
0.0361127
0.0361386
0.0362992
0.0362464
0.0358765
0.0363978
0.0361775
0.0363385
0.0358787
0.0360563
0.0361707
0.036361
0.0358033
0.0362534
0.0358406
0.0363571
0.035941
0.035824
0.0361406
0.035694
0.0359982
0.0356547
0.0363388
0.0356784
0.0358298
0.0362601
0.0356368
0.0360268
0.0361594
0.0361719
0.036356
0.0359608
0.0360756
0.0359605
0.0354927
0.0357402
0.0360486
0.0362976
0.0363362
0.0362711
0.0366041
0.0359224
0.0366817
0.036075
0.0358749
0.0363964
0.0366127
0.0362072
0.0356154
0.0364345
0.0361643
0.0364577
0.0360191
0.0360812
0.0361811
0.0358683
0.0358711
0.0355275
0.0359069
0.0361374
0.0359911
0.0362502
0.0361534
0.0361709
0.0359933
0.0366718
0.0358926
0.0361486
0.0355685
0.0364611
0.0363344
0.0363671
0.036189
0.0360575
0.0365255
0.0357275
0.0361905
0.0357493
0.0358123
0.0361206
0.0363387
0.0366678
0.0363104
0.035772
0.0364369
0.0357909
0.0361899
0.0360773
0.0364164
0.0354509
0.0361378
0.0365684
0.0359541
0.0362723
0.0362168
0.0357041
0.0363317
0.0362879
0.0363966
0.0360211
0.0359379
0.0360098
0.0359183
0.0364741
0.0359304
0.0361993
0.0362398
0.0365708
0.0361106
0.0362093
0.0358031
0.0356084
0.0360987
0.0359818
0.0360263
0.0358077
0.0359965
0.0358596
0.0358689
0.0361995
0.0355899
0.036446
0.0360266
0.036213
0.0362572
0.0360746
0.035934
0.035879
0.0360767
0.0360881
0.0362338
0.036165
0.0359401
0.0356687
0.0356529
0.0361578
0.0360671
0.036042
0.0361674
0.0363505
0.0361686
0.0363763
0.0359174
0.0362159
0.0362266
0.0358455
0.0362336
0.0362027
0.0361545
0.0354534
0.0363652
0.0360356
0.0359741
0.0360804
0.0357632
0.0361103
0.0362349
0.0359351
0.0362218
0.0361795
0.0358039
0.0357538
0.0361141
0.0354895
0.0360688
0.0360419
0.0362046
0.0362053
0.035949
0.0361293
0.0362325
0.0360474
0.0360758
0.0356563
0.0360475
0.0357849
0.0360721
0.0363707
0.0359739
0.0361317
0.0360579
0.0358483
0.0355644
0.0360831
0.0356675
0.0363565
0.0361747
0.0362733
0.036022
0.0359319
0.0360963
0.0358534
0.0362537
0.0356028
0.0363394
0.0358351
0.0361348
0.0359153
0.0361906
0.0358409
0.0365465
0.0357969
0.0364692
0.0358352
0.0358108
0.0355667
0.0360883
0.0362865
0.0358562
0.0361847
0.0355465
0.0364177
0.0360577
0.0360459
0.0359553
0.0357358
0.0362338
0.0358055
0.035761
0.0366109
0.0362463
0.0358879
0.0360321
0.0359947
0.0364923
0.036296
0.0360872
0.0363218
0.0360095
0.0362753
0.0361831
0.0362808
0.0360362
0.036521
0.0359491
0.0362583
0.0361077
0.036303
0.0358984
0.0361591
0.0359192
0.0361262
0.036103
0.0359002
0.036415
0.0359458
0.0359291
0.036199
0.0359087
0.0362982
0.0357448
0.035921
0.0361141
0.0357968
0.0360676
0.036123
0.0356766
0.0356339
0.0358375
0.0361267
0.0357462
0.0357687
0.0362339
0.0356581
0.0359104
0.0356536
0.0357312
0.0361461
0.0357246
0.0357377
0.0362131
0.0360645
0.0361007
0.0360212
0.036354
0.0358227
0.0361579
0.0357439
0.0362577
0.0356865
0.0359988
0.0355429
0.0360534
0.0357295
0.0356332
0.0363031
0.0359762
0.0362274
0.0360179
0.0358926
0.0360958
0.0358138
0.0360501
0.0358225
0.0362171
0.0360799
0.0362027
0.0357005
0.036338
0.035611
0.0361385
0.0357341
0.0359548
0.0358342
0.0360448
0.035876
0.0361211
0.0358482
0.0357068
0.0359112
0.0359064
0.0358807
0.036236
0.0357034
0.0358861
0.0360095
0.0358264
0.0352925
0.0360372
0.0358644
0.0356055
0.0358359
0.0358464
0.03611
0.0358591
0.0362991
0.0361081
0.0358187
0.0358999
0.0361694
0.035674
0.0359389
0.0360807
0.0360119
0.036126
0.0357434
0.0357989
0.0360597
0.0359649
0.0359841
0.035827
0.036217
0.0359592
0.0358446
0.0360022
0.0358987
0.036176
0.0358561
0.0353509
0.0358473
0.0355545
0.0357417
0.0356467
0.0355278
0.0359322
0.0356224
0.0359581
0.0355922
0.0355506
0.0359351
0.0358323
0.0357631
0.0354484
0.0361371
0.0364046
0.0356107
0.0358779
0.035666
0.0356823
0.0362384
0.0357214
0.0359371
0.0354157
0.0359107
0.0360803
0.035963
0.0359503
0.0357603
0.0363013
0.0359925
0.036284
0.0357692
0.0361204
0.0363819
0.0361996
0.0361005
0.0357929
0.0356461
0.0359603
0.0356007
0.0361892
0.0357851
0.0361383
0.0352031
0.0360053
0.0360053
0.0358595
0.0364103
0.03569
0.0362555
0.0361749
0.0359191
0.0355598
0.035747
0.0355862
0.0354302
0.0355847
0.0358712
0.0355242
0.0360223
0.0351824
0.0361798
0.0359405
0.0361336
0.0359735
0.0352416
0.0357379
0.0358209
0.0360616
0.0362482
0.0358487
0.0362388
0.0356735
0.036291
0.0361544
0.0361089
0.0354523
0.0360178
0.0356294
0.035688
0.0358347
0.0356596
0.0356998
0.0357439
0.0354664
0.0356907
0.0357585
0.0359705
0.0355665
0.0360489
0.0361685
0.0359787
0.0361898
0.0358159
0.0360192
0.0361145
0.0359839
0.0358964
0.0362233
0.0354546
0.0360677
0.0359859
0.0359583
0.0360579
0.0359633
0.0354894
0.0356844
0.035797
0.0361792
0.0358729
0.0358353
0.036084
0.0357484
0.0364359
0.0356561
0.0362005
0.0359524
0.0363435
0.0359084
0.0361704
0.0353687
0.0361202
0.0356646
0.036069
0.036014
0.035781
0.0358573
0.0357673
0.0362228
0.0355217
0.0359138
0.0356359
0.0358609
0.0358536
0.0361363
0.0358099
0.0359336
0.0360138
0.0359018
0.0355558
0.0359496
0.035234
0.0353763
0.0354063
0.0357223
0.0357035
0.0364865
0.0352317
0.0357259
0.0357619
0.0359348
0.0362021
0.0359329
0.0358238
0.0356257
0.0356019
0.0359666
0.0356066
0.0361365
0.0357175
0.0356587
0.0354892
0.0359593
0.0361095
0.0357771
0.0354104
0.0362366
0.0357732
0.0358677
0.0360122
0.0358742
0.0358055
0.0357071
0.0357868
0.0356558
0.0360675
0.035834
0.0357547
0.0352454
0.0356846
0.0360554
0.0357383
0.0355397
0.0355361
0.0356155
0.0353692
0.0363136
0.0356148
0.035966
0.0357936
0.035906
0.035789
0.0356729
0.035885
0.035691
0.0358632
0.0355384
0.0359014
0.0357278
0.0360494
0.0359425
0.0362184
0.0358438
0.0355732
0.0359871
0.0356487
0.0357859
0.0359212
0.0358672
0.0356562
0.0360457
0.0359013
0.0355538
0.035323
0.0356638
0.0356198
0.035682
0.0359446
0.0356287
0.0358553
0.0360569
0.0358297
0.0358376
0.0356098
0.0363208
0.0356432
0.035576
0.0359728
0.0361004
0.0357588
0.0353561
0.0358361
0.0358685
0.0353143
0.0360262
0.0354752
0.035582
0.0360912
0.0356745
0.0358833
0.0357516
0.0359249
0.0355202
0.035694
0.0355058
0.0357261
0.0353075
0.0358682
0.0360329
0.0356579
0.0357375
0.0354716
0.0357545
0.0360609
0.0356909
0.0355797
0.0356687
0.035936
0.0356919
0.0364727
0.035525
0.0358969
0.0356115
0.0358405
0.0354394
0.0357237
0.0357668
0.0356704
0.0356496
0.0353846
0.0357523
0.0356372
0.0358253
0.0356144
0.0360968
0.0362051
0.0356779
0.0357647
0.0362877
0.0356844
0.0360835
0.0353604
0.0360437
0.0351661
0.036043
0.0356958
0.0355391
0.0358494
0.0353313
0.0358583
0.0358467
0.0357941
0.0357478
0.0356202
0.0362016
0.0355096
0.0357387
0.0360262
0.0358448
0.0355263
0.0357144
0.0356595
0.035825
0.0358395
0.0356871
0.0358698
0.0353115
0.0358717
0.035899
0.0358617
0.0358546
0.0356571
0.0357826
0.0356634
0.0355203
0.0356499
0.0357867
0.0354211
0.0356532
0.0358161
0.0358775
0.0356244
0.0360965
0.0355387
0.0355307
0.0350789
0.0355887
0.035674
0.0357513
0.0358344
0.0362232
0.0358334
0.0355708
0.03581
0.0361686
0.03534
0.0360378
0.035891
0.0356957
0.0356462
0.0353046
0.0356444
0.0357086
0.0358118
0.0359249
0.0355439
0.0357812
0.0356526
0.0356965
0.0357243
0.0354315
0.0354548
0.0358396
0.0358673
0.0358645
0.0357496
0.0353674
0.0355653
0.0355989
0.0355122
0.0358875
0.0356927
0.0361623
0.0360324
0.0360979
0.0358304
0.0358026
0.0363273
0.0356599
0.035794
0.0355651
0.0356432
0.0354677
0.0356119
0.0356125
0.0355114
0.0355406
0.0352998
0.0359001
0.0356996
0.0361513
0.0356439
0.0356882
0.0358294
0.0357438
0.0359904
0.0357896
0.036117
0.0356671
0.0355221
0.0355559
0.0353442
0.0352896
0.0359275
0.0354589
0.0361706
0.0356001
0.0360293
0.035767
0.0355562
0.0358343
0.0354553
0.0358701
0.0358256
0.0354618
0.0358778
0.0352051
0.0356457
0.0358054
0.0354754
0.0360759
0.0361995
0.0357947
0.0353814
0.035925
0.0356969
0.0355518
0.0358124
0.0351945
0.0358057
0.0355163
0.0356756
0.0357451
0.0354141
0.0355667
0.0356394
0.0357502
0.035291
0.0354423
0.0355322
0.0354721
0.0358276
0.0360353
0.035825
0.0357429
0.0352997
0.0359684
0.0357858
0.0356454
0.0357776
0.0358222
0.035609
0.0353959
0.0358533
0.0357
0.0359764
0.0356444
0.0358725
0.035749
0.0357471
0.0353398
0.0357304
0.0357504
0.0358393
0.0352399
0.0358157
0.035501
0.0355674
0.03535
0.0352481
0.0355621
0.0358035
0.0356947
0.0356526
0.0353676
0.035816
0.0355542
0.0354378
0.0358123
0.0352045
0.0354782
0.0354726
0.0356771
0.0351201
0.0359461
0.0353748
0.0355403
0.0355991
0.0355768
0.0355163
0.034988
0.0357941
0.0355546
0.0358848
0.0356852
0.035874
0.0357688
0.035611
0.0357501
0.0351908
0.0359095
0.035346
0.0355919
0.0355694
0.035479
0.0355591
0.0355193
0.0355388
0.0357303
0.0359212
0.0357564
0.0359844
0.0359133
0.0351393
0.035859
0.0358166
0.0354774
0.0358751
0.0358651
0.0359876
0.035503
0.0355872
0.0360946
0.0360115
0.0356994
0.035738
0.0356204
0.0356066
0.0356566
0.0352362
0.0358485
0.0359355
0.0358534
0.0355945
0.0357344
0.0355636
0.0353255
0.0357615
0.0355484
0.0360865
0.0352687
0.0355915
0.0355747
0.0355442
0.035872
0.0358672
0.0355728
0.0358227
0.0358661
0.0359477
0.0363298
0.0356092
0.0357075
0.0355511
0.0357356
0.0354611
0.0358636
0.0352449
0.0355477
0.0350998
0.0356993
0.0353407
0.0354123
0.0359865
0.0352129
0.0357905
0.0355935
0.0356153
0.0351488
0.0356394
0.0356094
0.0356854
0.0353618
0.0358185
0.0352767
0.0353909
0.0358034
0.0354461
0.0356019
0.0355037
0.0360945
0.0349074
0.0357228
0.0357196
0.035894
0.0355044
0.035818
0.035542
0.0355793
0.0354987
0.0352584
0.0355983
0.0353124
0.0357151
0.0357142
0.035432
0.0351676
0.0356119
0.0353755
0.0353039
0.0356767
0.0358313
0.0355661
0.0357188
0.035977
0.0354487
0.0355917
0.03542
0.0359719
0.0352608
0.0357748
0.0350062
0.0354878
0.0351497
0.0357503
0.0353426
0.0357447
0.0354884
0.0359765
0.0358923
0.03578
0.0357469
0.0357894
0.0355902
0.0352363
0.0358652
0.0354494
0.0358197
0.0354369
0.036021
0.0356367
0.0357941
0.0355203
0.0353095
0.0353332
0.0352591
0.0361208
0.0358928
0.0354109
0.0355318
0.0354421
0.0358995
0.0353627
0.0353963
0.0354327
0.0355232
0.0351076
0.0353089
0.0354997
0.0357964
0.0356365
0.0356411
0.0356446
0.0352834
0.035642
0.0361015
0.0351776
0.0356226
0.0352234
0.0359511
0.0355441
0.0357725
0.0357371
0.0350171
0.0351858
0.035329
0.035792
0.0356844
0.0359188
0.0355239
0.0351368
0.0357654
0.0353677
0.0353697
0.0355843
0.0356567
0.0356826
0.0355527
0.0352499
0.0356881
0.0353531
0.0352169
0.0355719
0.0347584
0.0353964
0.0355208
0.0356021
0.0354769
0.0355509
0.0352911
0.0354159
0.0354596
0.0361361
0.0351986
0.0357455
0.0355585
0.0350927
0.0357424
0.035564
0.0356642
0.0354171
0.0357525
0.0351923
0.0352098
0.0353533
0.0358036
0.035458
0.0351212
0.0355984
0.0352978
0.0353566
0.0352106
0.0358003
0.0351998
0.0355398
0.0354374
0.0356618
0.0357648
0.0354114
0.0353016
0.0350124
0.0352729
0.0354825
0.0359437
0.0352861
0.0357506
0.0357786
0.0356665
0.0356897
0.0358584
0.0354288
0.0353403
0.0358696
0.0357125
0.0356294
0.0355855
0.0354925
0.0348406
0.0353058
0.035891
0.0355115
0.0353749
0.0356668
0.0352161
0.0357067
0.0351178
0.0356949
0.0352248
0.0350974
0.0355244
0.0355366
0.0357686
0.0357262
0.0350832
0.0354961
0.0352604
0.0352289
0.035445
0.0355619
0.0354359
0.0355507
0.0359317
0.0355197
0.0358031
0.0355269
0.0352316
0.0354653
0.035515
0.0352724
0.035625
0.0351924
0.0355481
0.0354765
0.0354726
0.035495
0.0353555
0.0355971
0.0353811
0.0353654
0.035167
0.0355616
0.0353682
0.0353734
0.0354525
0.0358225
0.0354587
0.0351745
0.035905
0.0353457
0.0354134
0.0354564
0.0357458
0.0350906
0.0354379
0.0355455
0.0355473
0.0353082
0.0354698
0.0358091
0.0352396
0.0352551
0.0354195
0.0349352
0.0357967
0.035123
0.0357236
0.0355881
0.035436
0.0353217
0.0354295
0.0355548
0.0353767
0.0353884
0.0353206
0.0356324
0.0358479
0.0355903
0.0361629
0.0349784
0.0360058
0.0351388
0.0352516
0.0351455
0.0352819
0.0354178
0.0358384
0.0353132
0.0360518
0.0344891
0.0356452
0.0352197
0.0353797
0.0358817
0.035175
0.0357399
0.0349438
0.035994
0.0356156
0.0358795
0.0351816
0.0359797
0.0355874
0.0356889
0.035487
0.0354094
0.0354891
0.0354975
0.0356287
0.0350563
0.0355747
0.0353832
0.0354071
0.0352885
0.0351148
0.0350139
0.0353549
0.0353001
0.035446
0.0358463
0.0356033
0.0353226
0.0352572
0.0353166
0.035683
0.0350818
0.0357418
0.0349858
0.0358578
0.035431
0.0353073
0.0356117
0.0353613
0.0354406
0.0352157
0.0352038
0.0354908
0.0351816
0.0354204
0.0355766
0.0357328
0.0348286
0.0354955
0.0352255
0.0357738
0.0354752
0.0354368
0.0356883
0.0354318
0.0355832
0.0350596
0.0354204
0.0353204
0.0354845
0.0352096
0.035554
0.0353343
0.0353329
0.0353694
0.035468
0.0352761
0.0356589
0.0351573
0.0352986
0.0351461
0.0352645
0.03517
0.0346332
0.0354059
0.035397
0.0356665
0.0356326
0.0355347
0.0354992
0.035361
0.0355239
0.0349317
0.0356271
0.0355195
0.0356891
0.0352702
0.0355409
0.034718
0.0358054
0.0356994
0.0351512
0.0355916
0.0357302
0.035761
0.0356849
0.035498
0.0358619
0.0351954
0.0354274
0.0355109
0.0352811
0.0354705
0.0356696
0.0351839
0.0351118
0.0354289
0.0350612
0.035294
0.0355283
0.0355916
0.0353519
0.0352502
0.0351671
0.0353029
0.0358289
0.0353224
0.0356255
0.0354662
0.0349236
0.0354957
0.0350146
0.0351268
0.0355427
0.0348777
0.0354446
0.0357607
0.0353936
0.0356959
0.0350119
0.0351947
0.0353873
0.0351014
0.0353522
0.0354472
0.0353778
0.034945
0.0360827
0.0351802
0.0355824
0.0355007
0.0353404
0.0351699
0.0353781
0.0353088
0.0354882
0.0353973
0.0353439
0.0356389
0.0350498
0.0353927
0.0357584
0.0351696
0.0356133
0.0356069
0.0353916
0.0349556
0.0357415
0.0353346
0.0354138
0.0355446
0.0355584
0.0351388
0.0354664
0.0352649
0.0354156
0.0348393
0.0353444
0.0351334
0.035721
0.0353321
0.035178
0.0353523
0.0349722
0.0356121
0.0354609
0.0352078
0.0355391
0.0349444
0.0356511
0.0353287
0.0355721
0.0355392
0.0353865
0.035309
0.0352246
0.0353739
0.0347694
0.03572
0.0347502
0.0352643
0.0354026
0.0353536
0.0354511
0.0356283
0.034934
0.0350189
0.0351231
0.0354194
0.034815
0.0350081
0.0355058
0.0346878
0.0355616
0.0351558
0.03534
0.0349878
0.0351344
0.0350808
0.0349582
0.0350874
0.0352832
0.0353374
0.0354046
0.0353661
0.0351958
0.0355401
0.0354105
0.0353141
0.0353422
0.0353711
0.0352118
0.035666
0.0351872
0.0353111
0.0349366
0.0351202
0.0349424
0.035134
0.0354629
0.0351605
0.0350633
0.0353936
0.0355784
0.0350844
0.0353063
0.0352505
0.0351559
0.0350876
0.035536
0.0353042
0.0350562
0.0349211
0.0352916
0.035256
0.0352015
0.0354128
0.0354142
0.0352407
0.0356409
0.0350605
0.0357033
0.0347251
0.0356058
0.0351962
0.0354492
0.0355416
0.0351628
0.035146
0.0352541
0.035161
0.0349829
0.0353073
0.0348664
0.035222
0.0347459
0.0350902
0.0350387
0.0356432
0.0351359
0.0354956
0.0349473
0.0351878
0.0351842
0.0351601
0.0353793
0.0350684
0.0350786
0.0348823
0.035397
0.0350894
0.0353132
0.0353529
0.0350764
0.0352322
0.0351407
0.0348735
0.0354472
0.0354112
0.0352391
0.0354086
0.0357267
0.0353226
0.0351704
0.0353405
0.0347952
0.0356259
0.034983
0.0345557
0.0358434
0.034995
0.0354539
0.0353971
0.0352787
0.035398
0.0350652
0.0357944
0.0351255
0.0351662
0.0347037
0.0353264
0.0353808
0.035718
0.0355298
0.0354315
0.0353186
0.035273
0.0351896
0.0354016
0.0350438
0.0354194
0.0348944
0.0351012
0.0353386
0.0352499
0.0352539
0.0349852
0.0352886
0.0354289
0.0350309
0.0353278
0.0350899
0.0352886
0.035019
0.035364
0.0353061
0.0350662
0.0349327
0.0354613
0.0350857
0.0350751
0.0355243
0.0352253
0.0351066
0.0350142
0.0350273
0.0350546
0.0351876
0.0350988
0.0350332
0.0347882
0.0350477
0.0353683
0.0356183
0.0358015
0.0353159
0.0353317
0.0350541
0.0347366
0.0351983
0.0350143
0.0352259
0.0348843
0.0355166
0.0350243
0.0352471
0.0349833
0.0353355
0.0349839
0.0352403
0.0349936
0.0351188
0.0350242
0.0354021
0.0355677
0.0351918
0.0355981
0.0354074
0.0349165
0.0352517
0.0357017
0.0352666
0.0350693
0.0352886
0.0350718
0.0350574
0.0353807
0.0355974
0.0351796
0.0353934
0.0345173
0.0355508
0.0348952
0.0353478
0.0354253
0.0350672
0.0351636
0.0351539
0.0354557
0.0352307
0.0353806
0.035165
0.0353026
0.0351004
0.035504
0.0351406
0.0353413
0.0356519
0.0352636
0.0355318
0.035108
0.0355655
0.035039
0.0354143
0.035362
0.0349451
0.0348922
0.0355288
0.0350973
0.0348791
0.035261
0.0356053
0.0349244
0.035564
0.035127
0.0354568
0.0349329
0.035407
0.035009
0.0348298
0.0354017
0.035273
0.0349797
0.0353452
0.0350027
0.0353337
0.0350128
0.0356716
0.0346917
0.0356708
0.0351693
0.0352069
0.035432
0.0351168
0.0351514
0.0352407
0.0355335
0.03517
0.0354688
0.0348124
0.0348067
0.0351351
0.0354185
0.0354915
0.0352263
0.0353185
0.0352953
0.0351617
0.0352952
0.0355619
0.0350196
0.0352691
0.0356267
0.0351399
0.0348776
0.0350557
0.0353294
0.0351982
0.0351422
0.0352731
0.0351895
0.0352019
0.0349316
0.0353277
0.0352975
0.0355263
0.0351796
0.0354656
0.0350485
0.0356061
0.0352041
0.0353515
0.0350451
0.0352806
0.034926
0.0351812
0.0352726
0.0348609
0.0355344
0.0351559
0.0352238
0.0351852
0.0350367
0.0351069
0.0351264
0.0349253
0.0349106
0.0353587
0.0353749
0.0352955
0.0352546
0.0353387
0.0352513
0.0354478
0.0346217
0.0354449
0.0348282
0.0355153
0.0348729
0.0353038
0.0353283
0.0350993
0.0355223
0.0352894
0.0353292
0.0353916
0.035121
0.0350839
0.035221
0.0354332
0.0355864
0.0351552
0.0349815
0.035732
0.0354534
0.0352979
0.0355937
0.0352843
0.0353819
0.0346943
0.0354964
0.035497
0.0350694
0.0352969
0.0350374
0.0350047
0.0352864
0.0352939
0.0350542
0.0353129
0.03459
0.035547
0.035098
0.0352052
0.0354256
0.0354603
0.0350972
0.0354827
0.0352485
0.0351879
0.0356034
0.0349049
0.035424
0.0351289
0.0348512
0.0349341
0.0355119
0.0354772
0.0350427
0.0356701
0.0352242
0.0347931
0.0350618
0.0348598
0.0352468
0.0347348
0.0353654
0.0355151
0.0350667
0.0346451
0.035384
0.0350537
0.0358053
0.034817
0.0355268
0.0348716
0.035843
0.0350873
0.0349711
0.0352669
0.0346642
0.0350772
0.0351719
0.0354998
0.0351515
0.0352592
0.0350468
0.0349409
0.0351821
0.0349931
0.0351013
0.0353106
0.0349383
0.0347815
0.0352353
0.0350057
0.035449
0.0350543
0.0350569
0.0351006
0.0349096
0.0350508
0.0354737
0.0351196
0.0353505
0.0349828
0.0350897
0.0350281
0.0353529
0.03519
0.0350515
0.035439
0.035378
0.035085
0.0352391
0.0355733
0.0353087
0.0351044
0.0354222
0.0350669
0.0354787
0.0347512
0.0351752
0.0351186
0.0352054
0.0347382
0.034995
0.0355583
0.0357405
0.0351475
0.035405
0.0355935
0.0350743
0.035579
0.0347569
0.0350798
0.0349521
0.035723
0.035209
0.0350434
0.0348089
0.0354326
0.0352297
0.0347326
0.0348746
0.0350939
0.03546
0.0352022
0.0350518
0.0351206
0.0352381
0.0352405
0.0350358
0.0351655
0.0353819
0.0354128
0.0349997
0.0351396
0.0350777
0.0352272
0.0353651
0.0350641
0.0353564
0.0346737
0.0351308
0.0351403
0.0349417
0.0353157
0.0354881
0.0351049
0.0351277
0.0351373
0.0354076
0.0350551
0.0351526
0.0349815
0.0350978
0.0352424
0.0350139
0.0348929
0.0350872
0.0355076
0.0355968
0.0350532
0.0352806
0.0348004
0.0355095
0.0352723
0.0354128
0.0355065
0.0352819
0.0348725
0.0352418
0.0348788
0.0353418
0.0351074
0.0352027
0.0353055
0.0354265
0.0349624
0.0355847
0.0350403
0.0350411
0.0350401
0.035402
0.0353203
0.0348929
0.0351983
0.0354273
0.0349895
0.0348335
0.0347097
0.0349678
0.0346004
0.0348121
0.0349051
0.0353788
0.0347237
0.0346172
0.0349867
0.0349199
0.0352088
0.0352769
0.0349017
0.0355792
0.0350907
0.0351805
0.0346875
0.035345
0.0351156
0.0351267
0.0352347
0.0351779
0.0355771
0.0349858
0.0356376
0.0355277
0.0354896
0.0351107
0.0347581
0.0353781
0.0348404
0.0354071
0.0353803
0.035297
0.035025
0.0349809
0.035155
0.0352145
0.0354865
0.0353189
0.0348656
0.0351835
0.0348586
0.0352755
0.0349294
0.0350205
0.0349474
0.0348884
0.0350684
0.0351418
0.034817
0.035071
0.0349268
0.034953
0.0348894
0.0354325
0.0351661
0.0350021
0.0352646
0.0345104
0.0352476
0.0352113
0.0354292
0.0350222
0.03549
0.0351334
0.0351694
0.0351126
0.0353243
0.0350845
0.0352707
0.0349855
0.0352054
0.0351696
0.0352698
0.035035
0.0353243
0.0349866
0.0354391
0.0350495
0.0355019
0.03476
0.0353316
0.034995
0.0352398
0.0352918
0.0353279
0.0346424
0.0352717
0.0352491
0.0351176
0.0348523
0.0347679
0.0354123
0.035532
0.0351214
0.0350194
0.0349694
0.0349896
0.03514
0.0357399
0.034866
0.0353926
0.0351841
0.0353151
0.0353251
0.0355262
0.0350838
0.0354976
0.0351612
0.0350592
0.0348911
0.0351585
0.0349427
0.0354034
0.0347765
0.0353246
0.0350477
0.0349919
0.0350746
0.0348184
0.0349417
0.0351233
0.0352351
0.0351422
0.0347948
0.0347064
0.0352323
0.0349073
0.0348324
0.0358193
0.0347167
0.0349411
0.0350418
0.034994
0.0351413
0.0350797
0.0353915
0.0348739
0.03506
0.034961
0.0347267
0.0348331
0.0347485
0.0351023
0.0349638
0.0348985
0.0349299
0.0350637
0.0352304
0.0349862
0.035179
0.0349933
0.0352044
0.034782
0.0351513
0.0350963
0.0353047
0.03493
0.0350466
0.0351439
0.0352065
0.0348648
0.03516
0.0353064
0.035288
0.0351261
0.0352317
0.0352567
0.0354493
0.0353446
0.0350698
0.0349173
0.0353812
0.0353084
0.0351165
0.0357612
0.0348673
0.0352743
0.035099
0.0354366
0.0351401
0.0354409
0.0349814
0.0349636
0.0352635
0.0351179
0.035146
0.0347203
0.0351785
0.0351115
0.035373
0.0351992
0.035385
0.0350433
0.0349583
0.0350267
0.0349717
0.0349597
0.0358455
0.0351163
0.0352082
0.0349006
0.0349981
0.0352078
0.0347115
0.0349647
0.0352101
0.0347696
0.0348429
0.035112
0.0346369
0.0351691
0.0349498
0.0350787
0.0353198
0.0347395
0.0349256
0.0348758
0.0351697
0.034762
0.034886
0.0350852
0.034941
0.0351037
0.0349468
0.0349995
0.0351214
0.0347715
0.0349222
0.034725
0.0346694
0.0349624
0.0346639
0.0348177
0.0348092
0.0351569
0.0349699
0.0352361
0.0351123
0.0351427
0.0348957
0.034892
0.0351056
0.0350023
0.034813
0.0354657
0.0350323
0.0353081
0.0351404
0.0348212
0.0349799
0.0343771
0.0349256
0.0348174
0.0353546
0.0352775
0.0347397
0.0352868
0.0349407
0.0349751
0.0350608
0.0347854
0.0350983
0.0345897
0.0352492
0.0352879
0.0346087
0.0348777
0.0349656
0.0348084
0.0352965
0.034571
0.0347542
0.0350367
0.0348707
0.0351696
0.0351178
0.035071
0.0350145
0.0349903
0.0347677
0.0351843
0.0351129
0.0348766
0.0347718
0.0348697
0.0349415
0.0351917
0.0348538
0.0349855
0.0348189
0.0345069
0.0348238
0.0351047
0.0349548
0.034947
0.0346951
0.0347403
0.035267
0.0349845
0.0350992
0.0347086
0.0349259
0.0352762
0.0348463
0.0346261
0.034918
0.0349059
0.0346843
0.0350181
0.0350521
0.0346057
0.0347129
0.0354149
0.0350479
0.0352001
0.0350624
0.0348472
0.034749
0.0351739
0.0352626
0.0347874
0.0350553
0.0347424
0.0349785
0.0349413
0.0347191
0.0350687
0.0347555
0.0348492
0.0349026
0.0350361
0.0352471
0.0347299
0.0349811
0.0349174
0.0351488
0.0347434
0.034693
0.0346496
0.0350914
0.0346392
0.0347356
0.0350594
0.0349282
0.0351116
0.0350042
0.0347532
0.0351779
0.0347837
0.0349227
0.0349597
0.0350632
0.0347586
0.0353593
0.0349872
0.0349595
0.0351297
0.0345987
0.0350467
0.0347198
0.0350518
0.0348968
0.034661
0.0346077
0.0348377
0.0348367
0.0347514
0.0350273
0.0350546
0.0349801
0.0353514
0.0347163
0.0350583
0.0345904
0.0347885
0.035177
0.0352718
0.0352626
0.0345506
0.035091
0.034932
0.0352598
0.035222
0.0348898
0.0345362
0.0348953
0.0347659
0.0349591
0.0350025
0.0349886
0.0351802
0.0348488
0.0348676
0.0345655
0.0347497
0.0350044
0.0342618
0.0351355
0.0344773
0.034816
0.0344298
0.0352298
0.0349142
0.0348903
0.0347871
0.0350678
0.0352142
0.0350599
0.035038
0.0349538
0.035024
0.0346239
0.0351745
0.034649
0.0346216
0.0349213
0.0349949
0.0350013
0.0351111
0.0347103
0.0349698
0.0348988
0.034376
0.0351828
0.0346761
0.0345163
0.0353124
0.034662
0.034713
0.0350654
0.0345869
0.0349084
0.0347354
0.0350442
0.0350506
0.0348746
0.0350922
0.0349956
0.0350416
0.035216
0.0350691
0.0349313
0.0346036
0.0350002
0.0346916
0.0349322
0.0347432
0.0348524
0.0350687
0.0346655
0.0348184
0.0350492
0.0349151
0.0345842
0.0351118
0.0348
0.0347132
0.0348568
0.0350219
0.0350374
0.0349804
0.0349281
0.0347606
0.0348048
0.0347254
0.0350354
0.0347409
0.0349131
0.0351752
0.0349695
0.0346516
0.035072
0.0348687
0.0346381
0.035116
0.0348051
0.0348768
0.0353695
0.0348531
0.0350806
0.0348044
0.0348316
0.0344839
0.0349957
0.0351412
0.0348439
0.0353511
0.0347874
0.035108
0.0348554
0.0349676
0.0345148
0.0352394
0.0347512
0.0351946
0.0348693
0.0350797
0.035095
0.0347742
0.0349111
0.0352239
0.0344066
0.0351102
0.0348935
0.0349118
0.0343609
0.034687
0.0347387
0.0349075
0.0351763
0.0350466
0.0349127
0.0352043
0.0349773
0.0347711
0.0348683
0.0350989
0.0349464
0.035087
0.0348484
0.0350141
0.0350674
0.0350797
0.0347061
0.0352569
0.0344191
0.0349221
0.0346695
0.0350652
0.0346102
0.0348938
0.0350021
0.0349208
0.034736
0.0349832
0.0348699
0.0344151
0.0347835
0.0350556
0.034805
0.035368
0.0352471
0.0348101
0.0344487
0.0347385
0.0352607
0.034704
0.034775
0.0350318
0.0347792
0.0350337
0.0349192
0.0347696
0.0345697
0.0349173
0.034788
0.0349856
0.0350005
0.0346485
0.0344303
0.0351669
0.0349025
0.0344447
0.0349689
0.0349608
0.0346705
0.0349796
0.0346956
0.034709
0.0346053
0.0351016
0.0348613
0.0347357
0.0349725
0.0350876
0.0348196
0.0348537
0.0348937
0.0347025
0.034801
0.0347387
0.0346522
0.0352717
0.0348431
0.0349784
0.0346355
0.034714
0.0348821
0.0345484
0.0350087
0.0346834
0.0350665
0.0351572
0.0350132
0.0346505
0.0348733
0.0352985
0.0349033
0.0346923
0.0349269
0.0349147
0.0349497
0.0349008
0.0347942
0.0348827
0.0347861
0.0351443
0.0349485
0.0350352
0.0347873
0.0350972
0.0345813
0.0353198
0.0349009
0.034927
0.0349529
0.0353129
0.0346503
0.0348096
0.0346767
0.0346068
0.0347174
0.0348288
0.0351412
0.0346151
0.0352306
0.0349557
0.0348893
0.0350768
0.0349284
0.0349647
0.0347519
0.0350221
0.0345674
0.0351531
0.0352884
0.0345332
0.0349138
0.0350131
0.034606
0.0350284
0.0351201
0.0349317
0.0347858
0.0349589
0.0349512
0.034815
0.0347878
0.0348345
0.0346757
0.0351161
0.0346758
0.0348826
0.0349691
0.0350337
0.035285
0.0344943
0.03534
0.0348143
0.0348011
0.0347271
0.0349654
0.0344934
0.0347474
0.034867
0.0346972
0.0349223
0.0347421
0.0346857
0.0350114
0.0346093
0.0351619
0.0350952
0.03449
0.0346775
0.0348269
0.0349961
0.034806
0.0348055
0.0347157
0.0347102
0.0346191
0.0351546
0.0351785
0.0347726
0.0351453
0.0348561
0.0347131
0.0344678
0.0352355
0.0348059
0.0347698
0.0346754
0.0347438
0.0347354
0.0347089
0.0349736
0.0349234
0.034633
0.0350913
0.0344258
0.0351672
0.0349299
0.0351512
0.0349695
0.0351866
0.0347542
0.0344918
0.0349839
0.03456
0.0347479
0.0353288
0.0345912
0.0349933
0.0348918
0.0344673
0.0352109
0.0349136
0.034936
0.034679
0.0351368
0.0348475
0.0347654
0.0352063
0.034829
0.0348177
0.0347421
0.0345261
0.034464
0.0347202
0.0345358
0.034743
0.0349241
0.0346162
0.035181
0.0349565
0.0350399
0.0348565
0.0350521
0.0349986
0.0350539
0.0349038
0.0349992
0.0346113
0.0351509
0.0346971
0.0350143
0.0347869
0.0347885
0.0346024
0.0348155
0.0349263
0.0345247
0.0349814
0.0350355
0.0347347
0.0347772
0.034739
0.0342831
0.0347634
0.034988
0.0348656
0.0346333
0.0345602
0.0350039
0.0346516
0.0347275
0.0349581
0.0345778
0.0347055
0.0347431
0.0347671
0.0349742
0.0347924
0.0347218
0.0348788
0.0349424
0.0349182
0.0348913
0.0352375
0.0348077
0.0346957
0.0348522
0.0343595
0.0351665
0.0348335
0.0351656
0.0344202
0.0348999
0.0346842
0.0347916
0.0345843
0.0350262
0.0347445
0.0350135
0.0346322
0.0345193
0.0342734
0.0344492
0.0346293
0.0349031
0.0349903
0.0345775
0.0348656
0.0346916
0.0345926
0.0345434
0.034818
0.0342226
0.0350874
0.0343412
0.0349653
0.0350113
0.0349595
0.0353577
0.0346085
0.0349465
0.0348827
0.0345101
0.0349936
0.0347387
0.034859
0.0348977
0.0350889
0.034556
0.0348089
0.0348095
0.0349237
0.0348466
0.0345796
0.0344488
0.0345597
0.0349761
0.0348797
0.0346708
0.0346466
0.0351146
0.0345175
0.0349883
0.0343935
0.0350685
0.0350817
0.0347192
0.0348492
0.0348184
0.0347809
0.0348473
0.0349212
0.0347184
0.0346887
0.0345835
0.0350927
0.0350035
0.0349895
0.0349218
0.0352027
0.0349256
0.0342114
0.0347011
0.0348936
0.034669
0.0349053
0.0343826
0.0347428
0.0345865
0.0352726
0.0344742
0.0351296
0.0347321
0.0347016
0.0349067
0.034801
0.0349884
0.0348553
0.034875
0.0345543
0.0349792
0.0346291
0.0351422
0.0347835
0.034949
0.0347484
0.0347707
0.0344189
0.0347434
0.0346235
0.034944
0.0347548
0.0349741
0.0350104
0.0348587
0.0350476
0.0345922
0.0346069
0.0342745
0.0344867
0.0346448
0.034466
0.0345343
0.0346161
0.034973
0.0348407
0.0349636
0.0346719
0.0347596
0.0344893
0.0349387
0.0346026
0.0349434
0.0345974
0.0346912
0.0346041
0.0345374
0.0343016
0.0349508
0.0344563
0.0345946
0.0350115
0.0345973
0.0348446
0.0353296
0.0350477
0.0349679
0.035045
0.0348786
0.0346479
0.0344546
0.0346509
0.0346978
0.0346882
0.0344025
0.035178
0.034623
0.0344931
0.0351106
0.0345012
0.0350359
0.0348265
0.0345053
0.0344018
0.0350585
0.0345
0.0350454
0.0344669
0.0346679
0.0345846
0.0346104
0.0352822
0.0347537
0.0351128
0.034392
0.0347594
0.0344261
0.0350662
0.0348552
0.0347003
0.0349084
0.034993
0.0346391
0.0343671
0.0348698
0.0344697
0.0348346
0.0349085
0.0349303
0.0343979
0.0346894
0.0346521
0.0344297
0.0344903
0.0347018
0.0347057
0.0350911
0.0342095
0.0346232
0.0345944
0.0348642
0.0348168
0.0346733
0.0349556
0.0347595
0.0346696
0.0346431
0.0347535
0.0346124
0.0347938
0.0344627
0.0345873
0.0345817
0.0344239
0.0347196
0.0345737
0.0347717
0.0349291
0.0347832
0.0346604
0.034973
0.03494
0.0348138
0.0348882
0.0348708
0.0347692
0.0349627
0.0350688
0.0344406
0.0345111
0.0347032
0.0343642
0.0348032
0.0346314
0.034667
0.0345329
0.0350776
0.0347904
0.0348012
0.0348367
0.0346905
0.0344638
0.0347086
0.0344664
0.0347035
0.0344981
0.0342395
0.0349396
0.0346236
0.0349124
0.0347903
0.0343635
0.0348075
0.0342734
0.034808
0.0346574
0.0345104
0.034615
0.0348914
0.0346555
0.0345448
0.0352259
0.0347058
0.0347486
0.0344915
0.0348795
0.0344594
0.0349577
0.0345555
0.0347963
0.0350225
0.0346464
0.0349026
0.034826
0.0346678
0.0345477
0.0346563
0.034409
0.0348222
0.0345612
0.0347708
0.0349309
0.0351397
0.034751
0.0343674
0.0349886
0.0347706
0.0345987
0.0345246
0.0346876
0.0344566
0.0346899
0.0350633
0.0346417
0.0349944
0.0346202
0.0346177
0.03456
0.034723
0.0348524
0.0345351
0.0348979
0.0344934
0.0345257
0.0348259
0.0345764
0.0346157
0.0345737
0.0343867
0.0350078
0.0349655
0.0346678
0.0345832
0.0350951
0.0347984
0.0349196
0.0346321
0.0347303
0.0347907
0.034878
0.0349858
0.0348404
0.0346073
0.0347311
0.0340112
0.0345866
0.0346805
0.0346823
0.0345417
0.034699
0.0344337
0.0344672
0.0348441
0.0346636
0.0348676
0.0345983
0.0349488
0.0347706
0.0349609
0.0347905
0.0345101
0.0347875
0.0340866
0.034622
0.0350417
0.0340545
0.0344656
0.0346576
0.0349183
0.0343
0.0347674
0.0347625
0.0346312
0.0346771
0.03462
0.0349349
0.0345171
0.034727
0.0348064
0.0344189
0.034658
0.0344643
0.0348046
0.0348742
0.0345762
0.0348242
0.0347309
0.0345621
0.0343285
0.0346506
0.0345131
0.0348814
0.0347915
0.0344592
0.034554
0.0346559
0.0346132
0.0345266
0.0345543
0.0348257
0.0343026
0.034763
0.034399
0.0349173
0.0342845
0.0349827
0.0344463
0.0346278
0.0348543
0.0345663
0.0344664
0.0348211
0.0349271
0.0347348
0.0347353
0.0345786
0.0349345
0.034677
0.0346465
0.0345878
0.0345286
0.0343688
0.0345711
0.0348015
0.034466
0.0343899
0.0344017
0.034591
0.0347104
0.0344442
0.0346568
0.0342371
0.0348112
0.034758
0.0348425
0.0346501
0.0350495
0.0344019
0.0347257
0.0349154
0.0342492
0.0344985
0.0349634
0.0345254
0.0346395
0.0345828
0.0340717
0.0345442
0.0346737
0.0347346
0.034552
0.0349215
0.0346791
0.0343031
0.034652
0.0349087
0.0344956
0.034977
0.0344325
0.0348838
0.034569
0.0347627
0.0345811
0.0347303
0.0347092
0.034561
0.034847
0.0344353
0.034833
0.0347027
0.0346576
0.0347004
0.0346478
0.034708
0.0341608
0.0344184
0.0346003
0.0344965
0.0343898
0.034813
0.0351099
0.0346968
0.0347675
0.034583
0.0347914
0.0346323
0.034339
0.0346882
0.0344632
0.0345354
0.0352253
0.0340402
0.0348473
0.034246
0.0346368
0.0344201
0.0344304
0.0346175
0.0348755
0.0345919
0.0342726
0.0346346
0.0348511
0.0344098
0.0348883
0.0348206
0.0345674
0.0346989
0.034735
0.0346584
0.0347394
0.034212
0.0347183
0.0343698
0.0347112
0.0348049
0.0346911
0.0346033
0.0345128
0.0345894
0.0342806
0.0345479
0.0343751
0.0347819
0.0347512
0.0348364
0.0348549
0.0341101
0.0348856
0.034077
0.0344794
0.034987
0.0344607
0.0351928
0.0346854
0.0345927
0.0342296
0.0347624
0.0344966
0.0344123
0.0349978
0.0346619
0.0345307
0.0342576
0.0349405
0.0344953
0.0347876
0.0348623
0.0345325
0.034758
0.0343301
0.0347429
0.034486
0.0344124
0.0349597
0.0346778
0.0342807
0.0346001
0.0348884
0.0345301
0.034455
0.0345078
0.0346881
0.0346697
0.0346564
0.034797
0.0347617
0.0347108
0.0345683
0.0346886
0.0345074
0.0344656
0.0348652
0.034762
0.0344904
0.0341498
0.0344257
0.0346631
0.0340323
0.0344614
0.0344795
0.0349409
0.0342931
0.034806
0.0344112
0.0344136
0.0348074
0.0349175
0.0344131
0.0351433
0.0347485
0.0344889
0.0348491
0.0346434
0.034405
0.0346695
0.0345933
0.0346229
0.0344296
0.0345208
0.0349447
0.0345576
0.0344071
0.0343341
0.0345718
0.0342264
0.0346905
0.0345123
0.0347865
0.0348982
0.0347643
0.0348324
0.0348788
0.0345213
0.0343439
0.0341902
0.0347904
0.0341536
0.0347546
0.0344213
0.0343137
0.0349793
0.0344106
0.0344893
0.0343358
0.0349878
0.034933
0.0346661
0.0349298
0.034806
0.0344898
0.0343849
0.0346714
0.0349139
0.0348481
0.0345461
0.0343917
0.0342371
0.0346698
0.0342455
0.0348642
0.0343919
0.0346027
0.034627
0.0348078
0.0345794
0.0346625
0.0343088
0.0347079
0.0347821
0.0347179
0.0345964
0.0347319
0.0349441
0.0339359
0.034764
0.0342044
0.0344047
0.0348138
0.0344917
0.0347416
0.034433
0.0342101
0.0345022
0.0345386
0.0343868
0.0345017
0.0345405
0.0345791
0.0345312
0.034527
0.0349945
0.0343449
0.0343836
0.0345984
0.0343622
0.0345838
0.0346522
0.0344103
0.0344203
0.0346127
0.034483
0.0346541
0.0346407
0.0343986
0.0348615
0.0343293
0.034736
0.034583
0.0348254
0.034392
0.0345455
0.0345646
0.0347136
0.034526
0.0343003
0.0342427
0.034491
0.0349045
0.0346304
0.0348955
0.0346686
0.0347894
0.0346418
0.0345029
0.0341708
0.034648
0.0345143
0.0345127
0.0342268
0.0346583
0.0344244
0.0344906
0.0346002
0.0346444
0.0347135
0.0343113
0.0348828
0.0347683
0.0345573
0.0343102
0.0343537
0.0345264
0.0346556
0.0348455
0.0343387
0.0343294
0.0339688
0.0343975
0.0344848
0.0344531
0.0344254
0.0347801
0.0344752
0.0349024
0.0346231
0.0346726
0.0346731
0.0347868
0.0348302
0.0346022
0.0344217
0.0343847
0.0344819
0.0345084
0.0347916
0.0340862
0.0345966
0.0343534
0.0345625
0.0344678
0.0346594
0.0346557
0.0345691
0.0348616
0.0344203
0.034522
0.0343813
0.0346402
0.0344883
0.0344986
0.0345196
0.034738
0.034094
0.0348961
0.0346675
0.0347086
0.034709
0.0344136
0.034452
0.0346537
0.0348151
0.0344136
0.0349382
0.0344585
0.0347906
0.0345025
0.0348515
0.0346004
0.0344592
0.034228
0.0343972
0.0347743
0.0344896
0.0348364
0.0347621
0.0344075
0.0346226
0.0346257
0.0345569
0.0345997
0.0346566
0.0345855
