    16.825055     0.736480    -5.315142     0.115871     0.000078     0.403458    -0.842356    14.655053
    14.486147     0.517446    -1.033407    -0.526463     0.069503     0.103141    -0.011603    -0.004397
    -0.107021     0.000068    -0.000676     0.003706     0.017785     1.034325    -0.593183    -0.081649
     0.072891     0.263264    -0.013976    -0.019948     0.163197     0.519949    -1.266503     0.255997
     0.079875     0.011246     0.107530    -0.029627
     0.736480     8.798669     2.966034    -0.016715     0.054830     0.058981    -0.543333    -2.063037
    -1.900951    -0.271901     0.282181     0.087940     0.193420    -0.226404     0.000982    -0.005706
     0.063721     0.001279     0.002123     0.015135    -0.067082     0.586877    -0.493926    -0.239258
    -0.046491     0.177718     0.068220     0.065340     0.198894     0.291300    -0.495947    -0.011763
     0.002835     0.014212     0.081316    -0.220999
    -5.315142     2.966034    17.164899    -0.021792     0.049132    -0.280247     2.263132   -14.004376
   -14.221110    -0.196619     0.661734    -0.254439     0.092667     0.102639     0.007654    -0.029863
    -0.086385     0.005189    -0.013412     0.059364     0.204796     1.761240    -1.172365     0.012165
     0.748995     0.112705     0.054187     0.089422     0.223586     0.079597     0.166228     0.081083
     0.145026     0.353034     0.371701     0.081670
     0.115871    -0.016715    -0.021792     5.974292     0.057863     0.020551    -0.008127    -0.116251
     0.108978    -0.010610     0.010367    -0.003771     0.001495     0.001652    -0.000338    -0.000396
    -0.000897    -0.001323    -0.000070    -0.000123    -0.000214    -0.007233     0.004688    -0.001092
    -0.003712    -0.000091    -0.009457     0.000190    -0.001980    -0.000816     0.002826    -0.000398
    -0.001607    -0.000480    -0.000319    -0.001514
     0.000078     0.054830     0.049132     0.057863     5.985053     0.052844     0.007202    -0.053775
    -0.294367     0.009263    -0.011002     0.001953    -0.001702    -0.003157    -0.000094    -0.000769
    -0.003515     0.000441    -0.001371     0.001715     0.000507    -0.016320     0.004065    -0.002109
    -0.001210     0.000110    -0.001471     0.009846    -0.001987    -0.003260     0.007712    -0.003739
    -0.001565    -0.001219     0.000882    -0.002070
     0.403458     0.058981    -0.280247     0.020551     0.052844     6.022997    -0.020313     0.749977
     0.831337     0.013002    -0.021726    -0.002146    -0.003316    -0.020507     0.000431     0.038217
    -0.005403    -0.000678    -0.000377    -0.007715    -0.011314    -0.024672     0.003635    -0.020374
    -0.006497    -0.002754     0.000160     0.006056    -0.042322    -0.000239     0.002662     0.015836
    -0.012014     0.028383     0.000258    -0.016940
    -0.842356    -0.543333     2.263132    -0.008127     0.007202    -0.020313     4.061673    -2.007670
    -1.882757    -0.023809     0.067735    -0.146682     0.023416     0.091977    -0.005622     0.003202
    -0.030715    -0.000045     0.001587     0.000926    -0.114408    -0.634162     0.059306    -0.246634
    -0.073905     0.017215     0.002260    -0.025405    -0.026204     0.048716     0.212233    -0.174040
    -0.068755    -0.064184    -0.176886    -0.232923
    14.655053    -2.063037   -14.004376    -0.116251    -0.053775     0.749977    -2.007670    29.965499
    28.617939     0.524122    -2.276420    -0.206496     0.039402     0.066006    -0.020161     0.011202
    -0.057261    -0.002104     0.008468    -0.030085    -0.086890    -0.069195     0.291208    -0.001026
    -0.346864     0.102572    -0.056644    -0.055674    -0.042750     0.466425    -1.320877     0.298587
    -0.035126    -0.132618    -0.101111    -0.020810
    14.486147    -1.900951   -14.221110     0.108978    -0.294367     0.831337    -1.882757    28.617939
    30.393493     0.953995    -2.196387    -0.115080     0.033582     0.029310    -0.020441     0.008268
    -0.019141    -0.001664     0.012593    -0.028295    -0.107654    -0.221721     0.327479    -0.019775
    -0.380254     0.146856    -0.039393    -0.042636    -0.073432     0.441932    -1.286419     0.275520
    -0.040709    -0.117186    -0.120417    -0.037210
     0.517446    -0.271901    -0.196619    -0.010610     0.009263     0.013002    -0.023809     0.524122
     0.953995     1.227895     0.023558    -0.007360     0.005842     0.002895    -0.001501    -0.000311
     0.003067    -0.000307     0.004119     0.001342    -0.004672     0.009659    -0.007710    -0.005779
    -0.007159     0.000255     0.010023     0.006935    -0.001738     0.004735    -0.022266     0.003150
    -0.023763     0.002247    -0.000642    -0.003573
    -1.033407     0.282181     0.661734     0.010367    -0.011002    -0.021726     0.067735    -2.276420
    -2.196387     0.023558     1.227294     0.006757     0.000084     0.015352     0.002964    -0.008630
     0.010665    -0.000528     0.001222    -0.014051     0.022201     0.000163     0.006598     0.011078
     0.003658    -0.001867    -0.009798    -0.001782    -0.005605    -0.001102     0.023142    -0.035748
     0.001603    -0.038814     0.003746     0.015361
    -0.526463     0.087940    -0.254439    -0.003771     0.001953    -0.002146    -0.146682    -0.206496
    -0.115080    -0.007360     0.006757     4.309303     2.129716     1.131756     0.018408     0.089826
     0.254418     0.267718     0.218500    -0.143990    -0.001984    -0.062320     0.023779     0.022723
    -0.042858    -0.057423     0.002465     0.011946    -0.044183    -0.106706     0.200150     0.020016
     0.023043     0.017162    -0.039279    -0.029505
     0.069503     0.193420     0.092667     0.001495    -0.001702    -0.003316     0.023416     0.039402
     0.033582     0.005842     0.000084     2.129716     7.053465     1.213818     0.041587     0.185679
     1.127992     0.077217    -0.163714    -0.219935    -0.076903     0.084243    -0.038603     0.014131
     0.008718     0.001659    -0.044107    -0.019243     0.007078    -0.021125     0.147843    -0.164286
    -0.023435     0.055384     0.055612    -0.009154
     0.103141    -0.226404     0.102639     0.001652    -0.003157    -0.020507     0.091977     0.066006
     0.029310     0.002895     0.015352     1.131756     1.213818     6.060739     0.007886     0.089531
     0.990467    -0.010996    -0.018532    -0.471698     0.404606    -0.145090     0.086010    -0.046461
    -0.009135     0.105249     0.038683     0.046443     0.108714     0.158323    -0.306044    -0.102386
    -0.060616    -0.295050    -0.018231     0.015932
    -0.011603     0.000982     0.007654    -0.000338    -0.000094     0.000431    -0.005622    -0.020161
    -0.020441    -0.001501     0.002964     0.018408     0.041587     0.007886     5.955481     0.044926
    -0.196835    -0.009644    -0.010798    -0.011291     0.013915    -0.004235     0.002689    -0.001879
     0.000811    -0.000018    -0.000545     0.001909    -0.002428    -0.000140     0.001884     0.003445
     0.011850     0.001244    -0.000831    -0.002662
    -0.004397    -0.005706    -0.029863    -0.000396    -0.000769     0.038217     0.003202     0.011202
     0.008268    -0.000311    -0.008630     0.089826     0.185679     0.089531     0.044926     5.974113
     0.216072     0.008693     0.012837    -0.008593    -0.035709     0.010289    -0.008839     0.001786
    -0.005605    -0.000829    -0.007307    -0.010950     0.035711    -0.009588    -0.004762    -0.006898
     0.004542    -0.044948    -0.005214     0.008908
    -0.107021     0.063721    -0.086385    -0.000897    -0.003515    -0.005403    -0.030715    -0.057261
    -0.019141     0.003067     0.010665     0.254418     1.127992     0.990467    -0.196835     0.216072
     2.981991     0.112430     0.702524    -0.430941    -0.144997     0.028041    -0.027571     0.021360
    -0.037084    -0.023957    -0.022926     0.011554     0.023218    -0.067217     0.152389    -0.024797
     0.002795    -0.013517     0.023742    -0.006424
     0.000068     0.001279     0.005189    -0.001323     0.000441    -0.000678    -0.000045    -0.002104
    -0.001664    -0.000307    -0.000528     0.267718     0.077217    -0.010996    -0.009644     0.008693
     0.112430     0.604950    -0.022454     0.026812     0.001737     0.000749    -0.000253     0.000051
     0.000840     0.001063    -0.003652     0.001373     0.001807     0.002664    -0.006364     0.000235
    -0.003029    -0.003760     0.000516    -0.000093
    -0.000676     0.002123    -0.013412    -0.000070    -0.001371    -0.000377     0.001587     0.008468
     0.012593     0.004119     0.001222     0.218500    -0.163714    -0.018532    -0.010798     0.012837
     0.702524    -0.022454     1.175355     0.018152    -0.023342     0.004358    -0.002912     0.002225
    -0.004115    -0.004379    -0.005332    -0.025984    -0.000494    -0.007074     0.017059     0.008712
     0.009140    -0.006381     0.001433     0.002008
     0.003706     0.015135     0.059364    -0.000123     0.001715    -0.007715     0.000926    -0.030085
    -0.028295     0.001342    -0.014051    -0.143990    -0.219935    -0.471698    -0.011291    -0.008593
    -0.430941     0.026812     0.018152     1.170430     0.000187     0.017077    -0.006777    -0.000734
     0.020262    -0.000783    -0.000435     0.003759    -0.032728     0.005516    -0.007285    -0.020665
    -0.000953     0.009725     0.004356     0.000512
     0.017785    -0.067082     0.204796    -0.000214     0.000507    -0.011314    -0.114408    -0.086890
    -0.107654    -0.004672     0.022201    -0.001984    -0.076903     0.404606     0.013915    -0.035709
    -0.144997     0.001737    -0.023342     0.000187     0.880652    -0.167918     0.141345    -0.067292
     0.001278     0.091711     0.032955     0.031169     0.084203     0.154287    -0.166888    -0.038004
    -0.044674     0.000732    -0.090254    -0.063622
     1.034325     0.586877     1.761240    -0.007233    -0.016320    -0.024672    -0.634162    -0.069195
    -0.221721     0.009659     0.000163    -0.062320     0.084243    -0.145090    -0.004235     0.010289
     0.028041     0.000749     0.004358     0.017077    -0.167918     0.916033    -0.284351    -0.069811
    -0.211918     0.156804     0.019497     0.047704     0.127278     0.241849    -0.442713     0.058772
     0.034428     0.061127     0.024509    -0.013455
    -0.593183    -0.493926    -1.172365     0.004688     0.004065     0.003635     0.059306     0.291208
     0.327479    -0.007710     0.006598     0.023779    -0.038603     0.086010     0.002689    -0.008839
    -0.027571    -0.000253    -0.002912    -0.006777     0.141345    -0.284351     6.392040     0.148460
     0.238091    -0.093612    -0.006805    -0.033672    -0.096842    -0.139316     0.297296    -0.049010
    -0.027120    -0.041306    -0.064043     0.070141
    -0.081649    -0.239258     0.012165    -0.001092    -0.002109    -0.020374    -0.246634    -0.001026
    -0.019775    -0.005779     0.011078     0.022723     0.014131    -0.046461    -0.001879     0.001786
     0.021360     0.000051     0.002225    -0.000734    -0.067292    -0.069811     0.148460     0.020675
     0.004688     0.001306    -0.008074     0.008900    -0.023409    -0.002142     0.127537    -0.042214
    -0.022315    -0.016531    -0.065361    -0.105906
     0.072891    -0.046491     0.748995    -0.003712    -0.001210    -0.006497    -0.073905    -0.346864
    -0.380254    -0.007159     0.003658    -0.042858     0.008718    -0.009135     0.000811    -0.005605
    -0.037084     0.000840    -0.004115     0.020262     0.001278    -0.211918     0.238091     0.004688
     0.662155     0.023684    -0.011749     0.033737     0.012730     0.013247     0.073989    -0.008562
    -0.009810    -0.021477     0.069610    -0.127477
     0.263264     0.177718     0.112705    -0.000091     0.000110    -0.002754     0.017215     0.102572
     0.146856     0.000255    -0.001867    -0.057423     0.001659     0.105249    -0.000018    -0.000829
    -0.023957     0.001063    -0.004379    -0.000783     0.091711     0.156804    -0.093612     0.001306
     0.023684     0.596368    -0.484533     0.354292     0.262443     0.376407    -0.301385     0.034053
     0.029136     0.040508     0.022603    -0.020882
    -0.013976     0.068220     0.054187    -0.009457    -0.001471     0.000160     0.002260    -0.056644
    -0.039393     0.010023    -0.009798     0.002465    -0.044107     0.038683    -0.000545    -0.007307
    -0.022926    -0.003652    -0.005332    -0.000435     0.032955     0.019497    -0.006805    -0.008074
    -0.011749    -0.484533     2.052250    -0.425522    -0.003650     0.071964    -0.037867     0.019021
     0.014134     0.003763     0.011517    -0.010330
    -0.019948     0.065340     0.089422     0.000190     0.009846     0.006056    -0.025405    -0.055674
    -0.042636     0.006935    -0.001782     0.011946    -0.019243     0.046443     0.001909    -0.010950
     0.011554     0.001373    -0.025984     0.003759     0.031169     0.047704    -0.033672     0.008900
     0.033737     0.354292    -0.425522     2.245646    -0.413180    -0.345632    -0.068683     0.017992
     0.054502     0.023697    -0.015592     0.016855
     0.163197     0.198894     0.223586    -0.001980    -0.001987    -0.042322    -0.026204    -0.042750
    -0.073432    -0.001738    -0.005605    -0.044183     0.007078     0.108714    -0.002428     0.035711
     0.023218     0.001807    -0.000494    -0.032728     0.084203     0.127278    -0.096842    -0.023409
     0.012730     0.262443    -0.003650    -0.413180     1.998497     0.192518    -0.312706     0.025223
     0.012787     0.067131     0.021979    -0.027536
     0.519949     0.291300     0.079597    -0.000816    -0.003260    -0.000239     0.048716     0.466425
     0.441932     0.004735    -0.001102    -0.106706    -0.021125     0.158323    -0.000140    -0.009588
    -0.067217     0.002664    -0.007074     0.005516     0.154287     0.241849    -0.139316    -0.002142
     0.013247     0.376407     0.071964    -0.345632     0.192518     1.009288    -0.496560     0.062090
     0.046927     0.053672     0.057815    -0.049525
    -1.266503    -0.495947     0.166228     0.002826     0.007712     0.002662     0.212233    -1.320877
    -1.286419    -0.022266     0.023142     0.200150     0.147843    -0.306044     0.001884    -0.004762
     0.152389    -0.006364     0.017059    -0.007285    -0.166888    -0.442713     0.297296     0.127537
     0.073989    -0.301385    -0.037867    -0.068683    -0.312706    -0.496560     2.298128    -0.111534
    -0.102278    -0.179905     0.111303    -0.163926
     0.255997    -0.011763     0.081083    -0.000398    -0.003739     0.015836    -0.174040     0.298587
     0.275520     0.003150    -0.035748     0.020016    -0.164286    -0.102386     0.003445    -0.006898
    -0.024797     0.000235     0.008712    -0.020665    -0.038004     0.058772    -0.049010    -0.042214
    -0.008562     0.034053     0.019021     0.017992     0.025223     0.062090    -0.111534     1.827373
     0.906073     0.584485     0.027695    -0.010278
     0.079875     0.002835     0.145026    -0.001607    -0.001565    -0.012014    -0.068755    -0.035126
    -0.040709    -0.023763     0.001603     0.023043    -0.023435    -0.060616     0.011850     0.004542
     0.002795    -0.003029     0.009140    -0.000953    -0.044674     0.034428    -0.027120    -0.022315
    -0.009810     0.029136     0.014134     0.054502     0.012787     0.046927    -0.102278     0.906073
     2.221448    -0.324705     0.025606     0.006312
     0.011246     0.014212     0.353034    -0.000480    -0.001219     0.028383    -0.064184    -0.132618
    -0.117186     0.002247    -0.038814     0.017162     0.055384    -0.295050     0.001244    -0.044948
    -0.013517    -0.003760    -0.006381     0.009725     0.000732     0.061127    -0.041306    -0.016531
    -0.021477     0.040508     0.003763     0.023697     0.067131     0.053672    -0.179905     0.584485
    -0.324705     1.846579    -0.012592     0.040017
     0.107530     0.081316     0.371701    -0.000319     0.000882     0.000258    -0.176886    -0.101111
    -0.120417    -0.000642     0.003746    -0.039279     0.055612    -0.018231    -0.000831    -0.005214
     0.023742     0.000516     0.001433     0.004356    -0.090254     0.024509    -0.064043    -0.065361
     0.069610     0.022603     0.011517    -0.015592     0.021979     0.057815     0.111303     0.027695
     0.025606    -0.012592     0.115979    -0.063578
    -0.029627    -0.220999     0.081670    -0.001514    -0.002070    -0.016940    -0.232923    -0.020810
    -0.037210    -0.003573     0.015361    -0.029505    -0.009154     0.015932    -0.002662     0.008908
    -0.006424    -0.000093     0.002008     0.000512    -0.063622    -0.013455     0.070141    -0.105906
    -0.127477    -0.020882    -0.010330     0.016855    -0.027536    -0.049525    -0.163926    -0.010278
     0.006312     0.040017    -0.063578     0.104889
