    1,1                                     # harmonic no-HN
    7.067696159009614e-03
    1,2    
   -8.758758054654820e-04
    1,5    
   -9.029219240788871e-03
    1,6    
    3.099892990964390e-03
    1,7    
   -2.645816682363421e-03
    1,8    
    1.537756407713458e-03
    1,9    
    3.118150423873885e-03
    1,10   
   -7.230941169262181e-04
    1,11   
   -8.745815872373815e-04
    1,12   
   -3.111177559507369e-04
    1,13   
   -6.383784106275439e-04
    1,1        1,1    
    1.733639449364413e+00
    1,2        1,1    
   -1.082047947583783e-02
    1,5        1,1    
    1.318971603601566e-01
    1,6        1,1    
    4.391644432488145e-02
    1,7        1,1    
    6.773424303974147e-01
    1,8        1,1    
    1.553665964170743e-01
    1,9        1,1    
    1.094873858841003e-01
    1,10       1,1    
   -1.370449064609194e-02
    1,11       1,1    
   -1.459854343432330e-02
    1,12       1,1    
   -6.728495783851618e-06
    1,13       1,1    
   -1.343247392709340e-02
    1,2        1,2    
    7.653532539780903e-01
    1,5        1,2    
    9.219404577553689e-03
    1,6        1,2    
    1.773387832498212e-02
    1,7        1,2    
    1.766004315856306e-02
    1,8        1,2    
    3.783302277994351e-02
    1,9        1,2    
   -3.836023535421518e-02
    1,10       1,2    
   -4.079187833358861e-02
    1,11       1,2    
   -2.196039230985672e-02
    1,12       1,2    
   -1.647470730560629e-04
    1,13       1,2    
   -2.510245245130461e-03
    1,5        1,5    
    1.692499677780065e+00
    1,6        1,5    
    4.105126463186233e-01
    1,7        1,5    
   -2.689820159278721e-03
    1,8        1,5    
   -8.804792110712036e-02
    1,9        1,5    
   -8.381088768292969e-03
    1,10       1,5    
    3.290499207652475e-02
    1,11       1,5    
    4.332254701111900e-03
    1,12       1,5    
   -6.947612832808255e-02
    1,13       1,5    
   -3.255870491389915e-03
    1,6        1,6    
    1.678144994419393e+00
    1,7        1,6    
    2.104393151393480e-01
    1,8        1,6    
    1.655814289955522e-01
    1,9        1,6    
   -5.496779039637496e-04
    1,10       1,6    
    5.219802882719578e-02
    1,11       1,6    
    5.142707428039553e-02
    1,12       1,6    
    8.754852607546196e-02
    1,13       1,6    
   -6.109149594987871e-02
    1,7        1,7    
    1.581503264398349e+00
    1,8        1,7    
   -4.843204329254661e-02
    1,9        1,7    
    3.553522050499860e-02
    1,10       1,7    
    2.865449490577048e-02
    1,11       1,7    
   -2.601200396603604e-03
    1,12       1,7    
   -3.733422189106869e-03
    1,13       1,7    
    9.181357541733995e-02
    1,8        1,8    
    2.092578967381067e-01
    1,9        1,8    
    1.226975362482842e-02
    1,10       1,8    
   -2.811931628463427e-02
    1,11       1,8    
   -2.640045323816157e-02
    1,12       1,8    
    3.467307598951230e-02
    1,13       1,8    
   -3.647937330616516e-02
    1,9        1,9    
    2.126548220181285e-01
    1,10       1,9    
    5.427694936196650e-02
    1,11       1,9    
   -4.929759716928282e-02
    1,12       1,9    
   -1.402752186260109e-04
    1,13       1,9    
   -9.966026178953619e-04
    1,10       1,10   
    7.737678497076139e-01
    1,11       1,10   
   -8.010987396054922e-02
    1,12       1,10   
    4.075760388891184e-03
    1,13       1,10   
    7.184569603204506e-04
    1,11       1,11   
    7.702907915491177e-01
    1,12       1,11   
   -2.932729546107755e-03
    1,13       1,11   
    5.018685731747541e-03
    1,12       1,12   
    9.558061951510592e-02
    1,13       1,12   
    1.176701680248173e-03
    1,13       1,13   
    9.702468504199599e-02
    3,1        3,1    
    1.386752828156427e+00
    3,2        3,1    
    7.685937383458988e-01
    3,3        3,1    
   -3.542519243747433e-01
    3,4        3,1    
    6.995538432338422e-02
    3,5        3,1    
    3.262287132678550e-02
    3,6        3,1    
    4.651583906179781e-02
    3,7        3,1    
   -9.724600227788077e-02
    3,8        3,1    
   -6.281995475976548e-02
    3,9        3,1    
   -6.697564727321767e-03
    3,10       3,1    
    8.197857517843263e-02
    3,2        3,2    
    1.507216659675351e+00
    3,3        3,2    
    3.254107197385118e-01
    3,4        3,2    
    1.833205107370832e-02
    3,5        3,2    
    9.191285560255667e-02
    3,6        3,2    
    5.639333684914093e-02
    3,7        3,2    
   -9.362724621741586e-03
    3,8        3,2    
    6.061459027135477e-02
    3,9        3,2    
   -6.535082656874656e-02
    3,10       3,2    
   -1.046901857116534e-02
    3,3        3,3    
    1.521875454959432e+00
    3,4        3,3    
   -9.837830699225504e-02
    3,5        3,3    
    9.343824585877262e-03
    3,6        3,3    
    9.148679512354307e-02
    3,7        3,3    
    1.262318884433296e-02
    3,8        3,3    
    1.402965747251710e-02
    3,9        3,3    
    7.455830844633482e-02
    3,10       3,3    
   -1.038246381395151e-01
    3,4        3,4    
    1.980629204375262e-01
    3,5        3,4    
   -3.402743700971562e-02
    3,6        3,4    
    3.533672863284989e-02
    3,7        3,4    
   -2.350379495840419e-02
    3,8        3,4    
   -2.003200935545818e-02
    3,9        3,4    
   -2.042199261554405e-02
    3,10       3,4    
    3.931246040398189e-02
    3,5        3,5    
    8.356341279878926e-01
    3,6        3,5    
    2.568556733502814e-02
    3,7        3,5    
    1.529202050509076e-03
    3,8        3,5    
    2.742463913452814e-03
    3,9        3,5    
    3.249448122168080e-03
    3,10       3,5    
   -1.820607511654699e-02
    3,6        3,6    
    8.208419598971829e-01
    3,7        3,6    
   -1.539844438425714e-04
    3,8        3,6    
   -2.595762594390125e-03
    3,9        3,6    
    5.940959726214483e-04
    3,10       3,6    
   -5.814750203909495e-02
    3,7        3,7    
    9.171579975421680e-02
    3,8        3,7    
   -4.373365803592313e-03
    3,9        3,7    
    5.850286763796352e-03
    3,10       3,7    
    4.059444715592803e-04
    3,8        3,8    
    9.119840174505833e-02
    3,9        3,8    
    1.496107618004493e-03
    3,10       3,8    
   -5.740705124733965e-03
    3,9        3,9    
    9.164429955265965e-02
    3,10       3,9    
   -3.027128694560516e-04
    3,10       3,10   
    1.321464838221802e-01
    4,1        4,1    
    4.005282934548839e-02
    4,2        4,1    
   -5.637392904689355e-02
    4,3        4,1    
   -4.590730604415443e-02
    4,2        4,2    
    6.442531168749216e-02
    4,3        4,2    
    1.934880169894055e-02
    4,3        4,3    
    4.805546086387245e-02
    7,1        7,1    
    2.606873406445096e-02
    7,2        7,1    
    9.538320601943609e-03
    7,3        7,1    
   -3.119350728565563e-02
    7,4        7,1    
   -2.603252408203320e-02
    7,5        7,1    
    1.602160800049917e-02
    7,6        7,1    
    2.099013182198652e-02
    7,2        7,2    
    3.868806434111582e-02
    7,3        7,2    
   -2.570536120393793e-02
    7,4        7,2    
   -5.832986691127302e-02
    7,5        7,2    
   -4.755456528458597e-02
    7,6        7,2    
   -1.347058760893259e-02
    7,3        7,3    
    5.470557279030545e-02
    7,4        7,3    
    2.141128628798650e-02
    7,5        7,3    
   -3.476035331695833e-03
    7,6        7,3    
    1.257404551823566e-03
    7,4        7,4    
    6.599150190367618e-02
    7,5        7,4    
    2.815297614233520e-02
    7,6        7,4    
   -8.484468897674076e-03
    7,5        7,5    
    5.645190705248671e-02
    7,6        7,5    
    1.217817800942681e-02
    7,6        7,6    
    5.759000990344670e-02
    1,8        1,8        1,8               # 4th-order benzene angles
   -3.366499475081444e-02
    1,8        1,8        1,8        1,8    
    7.551108650477667e-02
    1,9        1,9        1,9    
   -2.535860002643516e-03
    1,9        1,9        1,9        1,9    
    4.269225557307837e-02
    3,4        3,4        3,4        3,4    
    3.214374502593927e-02
    4,1        4,1        4,1        4,1    
    2.445970254200399e-04
    7,1        7,1        7,1        7,1    
    2.435300740217411e-03
    7,2        7,2        7,2        7,2    
    5.365431728474343e-05
    7,6        7,6        7,6        7,6    # 4th-order N out of benzene
    6.905554864423936e-02
    1,15                                    # no-HN redundancy
   -2.022792720812789e-02
    1,15       1,15   
    6.961102488474565e-02
    1,15       1,15       1,15   
    6.407591828813437e-02
    1,15       1,15       1,15       1,15   
    9.556164740942481e-02
    1,16   
   -2.008569332581694e-02
    1,16       1,16   
    7.715256895168664e-02
    3,11       3,11   
    6.690612475346189e-02
    1,16       1,16       1,16   
    1.959513858855623e-02
    3,11       3,11       1,16   
    1.525853458879111e-01
    1,16       1,16       1,16       1,16   
    9.728978192366949e-02
    3,11       3,11       3,11       3,11   
    1.041191389317939e-01
    1,17   
   -1.890759791614552e-02
    1,17       1,17   
    9.146489812978087e-02
    3,12       3,12   
    6.927005788167183e-02
    1,17       1,17       1,17   
   -1.276873228470559e-02
    3,12       3,12       1,17   
    9.781673073098857e-02
    1,17       1,17       1,17       1,17   
    9.575671992943763e-02
    3,12       3,12       3,12       3,12   
    1.020704606050541e-01
    3,7        3,7        3,7        3,7    # no-HN corresponding independency
    5.199685725943161e-02
    7,3        7,3        7,3        7,3    
    3.573767626100974e-02
    1,12       1,12       1,12   
   -7.544918890797376e-03
    3,8        3,8        1,12   
   -2.089589879617058e-02
    4,2        4,2        1,12   
    5.596613717935640e-03
    7,4        7,4        1,12   
   -3.277465522365435e-03
    1,12       1,12       1,12       1,12   
    2.184108773769484e-02
    4,2        4,2        1,12       1,12   
    9.869009558148849e-02
    7,4        7,4        1,12       1,12   
    1.004781427132025e-01
    3,8        3,8        3,8        3,8    
    2.386660923026883e-02
    4,2        4,2        4,2        4,2    
    2.234322940270838e-02
    7,4        7,4        7,4        7,4    
    1.788446873456687e-02
    1,13       1,13       1,13   
   -8.999004782308067e-03
    3,9        3,9        1,13   
   -6.612245865223276e-03
    4,3        4,3        1,13   
    5.498663815910242e-03
    7,5        7,5        1,13   
    1.574902321502667e-03
    1,13       1,13       1,13       1,13   
    2.482421331622482e-02
    4,3        4,3        1,13       1,13   
    9.427550519549857e-02
    7,5        7,5        1,13       1,13   
    1.055413435947072e-01
    3,9        3,9        3,9        3,9    
    2.659650652451646e-02
    4,3        4,3        4,3        4,3    
    2.486000797155406e-02
    7,5        7,5        7,5        7,5    
    1.773560432353097e-02
    3,7        3,7        1,15              # no-HN redundancy coupled with corresponding independency
   -9.469998594554876e-02
    7,3        7,3        1,15   
   -9.599180890454692e-02
    3,7        3,7        1,15       1,15   
    1.077179310561758e-01
    7,3        7,3        1,15       1,15   
    9.699647874417514e-02
    1,16       1,12   
    7.628723867727403e-03
    3,11       3,8    
    3.291349461013744e-02
    1,16       1,12       1,12   
   -7.241974856151638e-02
    1,16       1,16       1,12   
   -2.205850169839790e-01
    3,11       3,8        1,12   
    8.013826192394423e-02
    3,11       3,11       1,12   
    6.634091202674999e-02
    3,8        3,8        1,16   
   -7.536578212965069e-02
    3,11       3,8        1,16   
   -1.937245791037513e-01
    4,2        4,2        1,16   
   -5.804613740417751e-02
    7,4        7,4        1,16   
   -4.169824287182475e-02
    1,16       1,12       1,12       1,12   
    4.685083498230228e-02
    1,16       1,16       1,12       1,12   
    9.747552373496118e-02
    1,16       1,16       1,16       1,12   
    1.680503368237087e-01
    3,8        3,8        1,16       1,12   
    1.002527688022489e-01
    4,2        4,2        1,16       1,12   
    1.482067070368120e-01
    7,4        7,4        1,16       1,12   
    1.910704935116375e-01
    3,8        3,8        1,16       1,16   
    9.912457393837501e-02
    4,2        4,2        1,16       1,16   
    1.012353176295800e-01
    7,4        7,4        1,16       1,16   
    9.754290376801221e-02
    3,11       3,8        3,8        3,8    
   -2.912810466854186e-03
    3,11       3,11       3,8        3,8    
    1.038484451011607e-01
    3,11       3,11       3,11       3,8    
    3.741038833435884e-01
    1,17       1,13   
    3.191212708749611e-02
    3,12       3,9    
    1.565734263526602e-02
    1,17       1,13       1,13   
   -8.817794246625803e-02
    1,17       1,17       1,13   
   -2.009145738992566e-01
    3,12       3,9        1,13   
    7.615465883231495e-02
    3,12       3,12       1,13   
    4.577852971465211e-02
    3,9        3,9        1,17   
   -8.751082983774085e-02
    3,12       3,9        1,17   
   -1.566818577035639e-01
    4,3        4,3        1,17   
   -1.039499594116922e-01
    7,5        7,5        1,17   
   -5.410215481803212e-02
    1,17       1,13       1,13       1,13   
    1.944023971165227e-02
    1,17       1,17       1,13       1,13   
    1.003528014333931e-01
    1,17       1,17       1,17       1,13   
    2.131371024119058e-01
    3,9        3,9        1,17       1,13   
    1.415501315412032e-02
    4,3        4,3        1,17       1,13   
   -8.903944974430344e-02
    7,5        7,5        1,17       1,13   
    1.278104733222359e-01
    3,9        3,9        1,17       1,17   
    1.006863735456465e-01
    4,3        4,3        1,17       1,17   
    1.108624101511337e-01
    7,5        7,5        1,17       1,17   
    9.320051876896228e-02
    3,12       3,9        3,9        3,9    
    6.504228559882651e-03
    3,12       3,12       3,9        3,9    
    1.039723700132037e-01
    3,12       3,12       3,12       3,9    
    2.876209247050361e-01
    1,3                                     # harmonic with-HN
    2.974621363915834e-01
    1,14   
    2.468578823808770e-03
    1,3        1,1    
   -2.894045973221093e-02
    1,3        1,2    
   -1.263346223122159e-02
    1,3        1,3    
    1.451111707154566e-01
    1,3        1,5    
   -1.453652916163089e-02
    1,3        1,6    
   -4.773019806181245e-02
    1,3        1,7    
    1.373262115142740e-02
    1,3        1,8    
   -4.718188854538240e-03
    1,3        1,9    
   -1.785812663701117e-03
    1,3        1,10   
   -1.228192922368163e-02
    1,3        1,11   
    1.654712431412585e-02
    1,3        1,12   
   -3.999260110744272e-04
    1,3        1,13   
    1.956639795630432e-04
    1,3        1,14   
   -8.128691393578405e-03
    1,14       1,1    
    1.098602769901418e-01
    1,14       1,2    
    8.118320330865183e-05
    1,14       1,5    
   -1.607541625041784e-03
    1,14       1,6    
    4.897920588029888e-03
    1,14       1,7    
    1.666627201778760e-02
    1,14       1,8    
    1.253215270255706e-02
    1,14       1,9    
    1.057029922166522e-02
    1,14       1,10   
    7.713511110754820e-04
    1,14       1,11   
    1.377469238787698e-03
    1,14       1,12   
    5.192713686317989e-04
    1,14       1,13   
    2.581563888093013e-03
    1,14       1,14   
    1.079795621918382e-01
    2,1        2,1    
    7.420785781290938e-02
    2,2        2,1    
   -2.187309359028807e-02
    2,2        2,2    
    8.870025808877244e-02
    6,1        6,1    
    1.561852594565100e-02
    5,1        2,1        3,1               # C2v-planar B2 x B2 <- G8 irred-5 x irred-2 x irred-3
   -1.602281222626154e-03
    5,1        2,1        3,2    
   -5.338953156025969e-03
    5,1        2,1        3,3    
   -3.770137417142579e-02
    5,1        2,1        3,4    
   -7.994222569270624e-04
    5,1        2,1        3,5    
    1.016763634865515e-03
    5,1        2,1        3,6    
    8.410059786928903e-03
    5,1        2,1        3,7    
    8.761087723431200e-05
    5,1        2,1        3,8    
   -1.223426786335386e-04
    5,1        2,1        3,9    
   -1.265935353675376e-03
    5,1        2,1        3,10   
    4.053291282277982e-02
    5,1        2,2        3,1    
   -2.152803402311262e-03
    5,1        2,2        3,2    
    4.347441589251468e-04
    5,1        2,2        3,3    
   -6.122270980417307e-03
    5,1        2,2        3,4    
    6.171317576283344e-03
    5,1        2,2        3,5    
    7.814183919579790e-04
    5,1        2,2        3,6    
    1.891521189614708e-03
    5,1        2,2        3,7    
   -2.728659491999303e-04
    5,1        2,2        3,8    
   -1.145805915481451e-03
    5,1        2,2        3,9    
    2.622582846498274e-03
    5,1        2,2        3,10   
    1.311779945620809e-02
    5,1        6,1        7,1               # C2v-planar B1 x B1 <- G8 irred-5 x irred-6 x irred-7
    1.681700419154203e-03
    5,1        6,1        7,2    
    2.512987131489949e-04
    5,1        6,1        7,3    
   -3.523296397149819e-04
    5,1        6,1        7,4    
   -1.181035027506986e-03
    5,1        6,1        7,5    
   -1.083209456013523e-03
    5,1        6,1        7,6    
    7.534889817444984e-03
    8,1        2,1        7,1               # C2v-perpendicular B1 x B1 <- G8 irred-8 x irred-2 x irred-7
    3.444557333430673e-03
    8,1        2,1        7,2    
   -2.682662214384102e-03
    8,1        2,1        7,3    
   -4.397665127256369e-03
    8,1        2,1        7,4    
   -6.133138567594724e-03
    8,1        2,1        7,5    
   -2.998279148613629e-03
    8,1        2,1        7,6    
   -3.495604963223426e-02
    8,1        2,2        7,1    
    3.467399251245683e-03
    8,1        2,2        7,2    
    2.094012679543940e-02
    8,1        2,2        7,3    
   -5.701994896595156e-02
    8,1        2,2        7,4    
    1.631879282453701e-02
    8,1        2,2        7,5    
    2.035557847202006e-02
    8,1        2,2        7,6    
   -1.743148958950646e-03
    8,1        6,1        3,1               # C2v-perpendicular B2 x B2 <- G8 irred-8 x irred-6 x irred-3
    8.519340855467995e-03
    8,1        6,1        3,2    
    5.979324226873380e-03
    8,1        6,1        3,3    
    3.917363810255428e-03
    8,1        6,1        3,4    
    5.725221079469706e-03
    8,1        6,1        3,5    
    5.718025636003096e-03
    8,1        6,1        3,6    
    8.859657608049664e-03
    8,1        6,1        3,7    
   -2.826914231941003e-05
    8,1        6,1        3,8    
    4.406197789629773e-03
    8,1        6,1        3,9    
    1.202360239331971e-03
    8,1        6,1        3,10   
   -3.538069933487759e-03
    5,1        8,1        4,1               # C2v-planar / C2v-perpendicular A2 x A2 <- G8 irred-4 x irred-5 x irred-8
    2.524972687749959e-03
    5,1        8,1        4,2    
    2.712079022308077e-03
    5,1        8,1        4,3    
   -8.987614634787183e-03
    1,4                                     # HN spherical coordinate angles
   -1.551292673021925e-02
    1,4        1,4    
    2.381440990948097e-02
    3,13       3,13   
    4.987981773389286e-02
    5,1        5,1    
    5.469834379313544e-02
    7,7        7,7    
    7.633924730625812e-02
    8,1        8,1    
    2.446160822058602e-02
    1,4        1,4        1,4    
   -1.221500448440149e-02
    2,2        2,2        1,4    
   -4.004661647635564e-02
    3,13       3,13       1,4    
   -1.734658435459787e-02
    5,1        5,1        1,4    
   -1.630759725987204e-01
    7,7        7,7        1,4    
   -1.526832939213968e-02
    8,1        8,1        1,4    
   -3.145962314163974e-01
    5,1        3,13       2,2    
    1.765170745053222e-01
    8,1        7,7        2,2    
    1.880350091363245e-01
    1,4        1,4        1,4        1,4    
    2.299570246004697e-02
    2,2        2,2        1,4        1,4    
    2.875996045246481e-01
    3,13       3,13       1,4        1,4    
   -2.384741440926292e-02
    5,1        5,1        1,4        1,4    
    1.478305291793449e-01
    7,7        7,7        1,4        1,4    
    1.052266020994873e-01
    8,1        8,1        1,4        1,4    
    2.735076041938414e-01
    5,1        3,13       2,2        1,4    
   -2.601570559409591e-02
    8,1        7,7        2,2        1,4    
   -3.104318492551956e-01
    2,2        2,2        2,2        2,2    
    3.120697134082734e-02
    3,13       3,13       2,2        2,2    
    5.768756322781415e-02
    5,1        5,1        2,2        2,2    
    4.287065983395787e-02
    7,7        7,7        2,2        2,2    
    5.172637537368072e-02
    8,1        8,1        2,2        2,2    
    4.800532651809422e-03
    3,13       3,13       3,13       3,13   
    6.869372142484491e-02
    5,1        5,1        3,13       3,13   
    3.616315321920503e-02
    7,7        7,7        3,13       3,13   
    1.864530398363755e-01
    8,1        8,1        3,13       3,13   
    1.597890261629645e-01
    8,1        7,7        5,1        3,13   
    1.453511411423639e-01
    5,1        5,1        5,1        5,1    
    3.968219513523946e-02
    7,7        7,7        5,1        5,1    
    6.940694960531345e-02
    8,1        8,1        5,1        5,1    
    1.224196527304599e-01
    7,7        7,7        7,7        7,7    
    3.607275965752296e-02
    8,1        8,1        7,7        7,7    
    3.001539662365977e-01
    8,1        8,1        8,1        8,1    
    9.331189201668214e-02
    6,1        6,1        1,1               # C out of NH2 x 1st-order terms
   -4.500272991273189e-02
    6,1        6,1        1,2    
   -3.586681821601162e-03
    6,1        6,1        1,3    
    2.791046026823003e-02
    6,1        6,1        1,5    
    9.828160209917645e-03
    6,1        6,1        1,6    
   -9.338577872163488e-03
    6,1        6,1        1,7    
   -1.549015327139304e-02
    6,1        6,1        1,8    
   -1.593811974029220e-02
    6,1        6,1        1,9    
   -3.884198448005536e-03
    6,1        6,1        1,10   
    5.845431465553982e-04
    6,1        6,1        1,11   
    3.846376311650943e-03
    6,1        6,1        1,12   
    9.952296113548403e-04
    6,1        6,1        1,13   
   -7.316022046404462e-03
    6,1        6,1        1,14   
   -1.310342104617736e-02
    1,4        1,1                          # 1st-order terms coupled with NH2 rotation
   -2.598352225869344e-02
    1,4        1,2    
    2.410332716933956e-03
    1,4        1,3    
    1.531574842877348e-02
    1,4        1,5    
    1.350209182633747e-02
    1,4        1,6    
    1.480187631638985e-02
    1,4        1,7    
    2.859083165251401e-04
    1,4        1,8    
   -1.713563104228976e-03
    1,4        1,9    
   -4.395082168937404e-03
    1,4        1,10   
    1.519876934650032e-03
    1,4        1,11   
    4.901922020818047e-03
    1,4        1,12   
   -8.441938334931864e-04
    1,4        1,13   
    4.818969188757348e-04
    1,4        1,14   
   -5.239395014818773e-02
    3,13       3,1    
    1.145099152517272e-05
    3,13       3,2    
   -1.393380833666956e-02
    3,13       3,3    
    4.791279360462140e-04
    3,13       3,4    
   -6.661375445009568e-03
    3,13       3,5    
   -4.115632991777860e-03
    3,13       3,6    
   -4.086886018631420e-03
    3,13       3,7    
    8.717166014289029e-04
    3,13       3,8    
   -3.643872497912365e-03
    3,13       3,9    
    1.384353042697093e-03
    3,13       3,10   
   -2.038688084541739e-02
    7,7        7,1    
    2.585061689613503e-03
    7,7        7,2    
   -2.368899368398359e-03
    7,7        7,3    
    3.184200746247218e-04
    7,7        7,4    
    3.344836086262393e-04
    7,7        7,5    
    7.360754472682496e-05
    7,7        7,6    
   -3.633499958453969e-04
    1,4        1,4        1,1    
   -1.260611715953594e-01
    1,4        1,4        1,2    
   -3.016724876297827e-03
    1,4        1,4        1,3    
   -7.972840451932132e-02
    1,4        1,4        1,5    
    1.574211985670593e-02
    1,4        1,4        1,6    
    4.810255981386539e-02
    1,4        1,4        1,7    
    2.357280262746714e-03
    1,4        1,4        1,8    
   -1.800801717846351e-02
    1,4        1,4        1,9    
   -1.313555324979293e-02
    1,4        1,4        1,10   
    4.063679518788349e-03
    1,4        1,4        1,11   
   -2.646137175664698e-03
    1,4        1,4        1,12   
    9.554743979958528e-04
    1,4        1,4        1,13   
    3.636208998035406e-03
    1,4        1,4        1,14    
   -1.133042401959316e-02
    2,2        2,2        1,1    
   -7.125060274360349e-02
    2,2        2,2        1,2    
    7.759128722402479e-04
    2,2        2,2        1,3    
    1.626292762040311e-02
    2,2        2,2        1,5    
    2.914222658028811e-02
    2,2        2,2        1,6    
   -5.510789904699671e-04
    2,2        2,2        1,7    
    8.654446592211434e-03
    2,2        2,2        1,8    
   -8.559436957712155e-03
    2,2        2,2        1,9    
   -8.862946113549033e-03
    2,2        2,2        1,10   
    1.514327717649667e-03
    2,2        2,2        1,11   
   -5.420149173378856e-03
    2,2        2,2        1,12   
    4.406140780565390e-03
    2,2        2,2        1,13   
   -2.899178105165304e-03
    2,2        2,2        1,14    
    6.221183428190711e-03
    3,13       3,13       1,1    
   -1.441051165032224e-01
    3,13       3,13       1,2    
    5.384903346031725e-03
    3,13       3,13       1,3    
   -4.671713118913023e-02
    3,13       3,13       1,5    
   -5.360956024285934e-02
    3,13       3,13       1,6    
    4.580771132509873e-02
    3,13       3,13       1,7    
   -5.845518065081945e-02
    3,13       3,13       1,8    
    1.050249097628648e-02
    3,13       3,13       1,9    
    8.049317894149666e-04
    3,13       3,13       1,10   
   -1.650432259605923e-04
    3,13       3,13       1,11   
   -7.727262053387143e-03
    3,13       3,13       1,12   
   -2.132554993279195e-03
    3,13       3,13       1,13   
    9.442463730734171e-03
    3,13       3,13       1,14    
   -3.990674602995541e-02
    5,1        5,1        1,1    
   -4.655755578459846e-03
    5,1        5,1        1,2    
   -8.689104002450372e-04
    5,1        5,1        1,3    
    8.268770663981241e-04
    5,1        5,1        1,5    
   -6.089045254511385e-03
    5,1        5,1        1,6    
   -9.933564544693442e-03
    5,1        5,1        1,7    
   -4.927059268017024e-03
    5,1        5,1        1,8    
   -4.560286127412255e-04
    5,1        5,1        1,9    
    1.054425873560477e-03
    5,1        5,1        1,10   
   -1.369980958179281e-03
    5,1        5,1        1,11   
   -1.540289896508425e-03
    5,1        5,1        1,12   
   -2.786978944863903e-04
    5,1        5,1        1,13   
    9.549412776816979e-05
    5,1        5,1        1,14   
    2.793136483858343e-03
    7,7        7,7        1,1    
   -1.259764163562678e-01
    7,7        7,7        1,2    
    6.241732580615061e-03
    7,7        7,7        1,3    
   -4.925558883296355e-02
    7,7        7,7        1,5    
   -2.028144120461230e-02
    7,7        7,7        1,6    
    4.247023054485508e-02
    7,7        7,7        1,7    
   -1.009902896919411e-02
    7,7        7,7        1,8    
    1.560586429948699e-02
    7,7        7,7        1,9    
   -5.365819787119682e-03
    7,7        7,7        1,10   
    9.802282103857545e-04
    7,7        7,7        1,11   
   -6.590080678810162e-03
    7,7        7,7        1,12   
   -1.082876520012028e-03
    7,7        7,7        1,13   
    1.053387040252683e-02
    7,7        7,7        1,14   
   -2.904229778522794e-03
    8,1        8,1        1,1    
   -1.018274083447061e-01
    8,1        8,1        1,2    
    4.352105508710322e-04
    8,1        8,1        1,3    
    4.375199138478803e-03
    8,1        8,1        1,5    
   -1.355279070851339e-02
    8,1        8,1        1,6    
   -3.081662587122808e-03
    8,1        8,1        1,7    
   -1.369047325787364e-02
    8,1        8,1        1,8    
   -1.591608762609967e-03
    8,1        8,1        1,9    
   -1.172410782253379e-02
    8,1        8,1        1,10   
    9.947441810971842e-04
    8,1        8,1        1,11   
    1.963817243039759e-03
    8,1        8,1        1,12   
   -1.936200327260666e-03
    8,1        8,1        1,13   
    3.308478218378069e-03
    8,1        8,1        1,14   
   -1.423228865261077e-02
    1,14       1,14       1,14              # with-HN corresponding independency
   -3.361320546436806e-03
    1,14       1,14       1,14       1,14   
    2.221504921381189e-02
    6,1        6,1        1,14       1,14   
   -3.394277823995294e-02
    6,1        6,1        6,1        6,1    
   -4.027499231545292e-03
    1,14       1,14       1,4               # with-HN redundancy coupled with corresponding independency
   -3.958619220634040e-02
    6,1        6,1        1,4    
   -1.795483609427105e-02
    1,14       1,4        1,4        1,4    
    8.302871285610056e-03
    1,14       1,14       1,4        1,4    
    2.628767656547549e-02
    6,1        6,1        1,4        1,4    
   -1.746434115345583e-02
    1,14       1,14       1,14       1,4    
    2.286883620807747e-03
    2,2        2,2        1,14       1,4    
   -6.065566700952727e-04
    6,1        6,1        1,14       1,4    
   -4.649724162247715e-02
    1,21                                    # 4th-order Morse
    1.115494013646827e-01
    1,21       1,21
    1.764814495658235e-02
    2,5        2,5
    1.562691137039959e-02
    1,21       1,21       1,21
    3.818515352035774e-02
    2,5        2,5        1,21
    3.615299885307905e-01
    1,21       1,21       1,21       1,21
    1.144901430687625e-02
    2,5        2,5        1,21       1,21
   -4.757392677920677e-02
    2,5        2,5        2,5        2,5
    1.029683402365480e-01
    1,22                                    # 1st-scaling bias
   -1.092456465021205e+00
    1,22       1,22   
    5.287368028287289e-01
    2,6        2,6    
   -1.631939194021422e-01
    1,22       1,22       1,22   
    2.404087094096686e-02
    2,6        2,6        1,22   
    2.393767714338450e-01
    1,22       1,22       1,22       1,22   
    1.407600264955431e-02
    2,6        2,6        1,22       1,22   
    3.438398211724357e-01
    2,6        2,6        2,6        2,6    
   -1.621158036355899e-01
    1,22       1,1                          # 1st-scaling bias replacing an irred-1 HN coord
    8.550836660286857e-04
    1,22       1,2    
   -1.148416638280446e-04
    1,22       1,3    
    8.488095067680321e-04
    1,22       1,4    
   -2.006020374943737e-03
    1,22       1,5    
   -1.139180644803197e-03
    1,22       1,6    
    1.175330841221597e-03
    1,22       1,7    
   -1.541000243383693e-03
    1,22       1,8    
   -3.535207504043460e-04
    1,22       1,9    
   -1.855703853962979e-04
    1,22       1,10   
    2.729975232471262e-04
    1,22       1,11   
   -1.371283982705043e-04
    1,22       1,12   
   -2.405147343387754e-04
    1,22       1,13   
   -7.481742731931620e-07
    1,22       1,4        1,1    
   -4.742833790373609e-04
    1,22       1,4        1,2    
    2.793403433811668e-05
    1,22       1,4        1,3    
    2.709687517976430e-04
    1,22       1,4        1,4    
   -2.612250332817904e-04
    1,22       1,4        1,5    
    2.427581035742679e-04
    1,22       1,4        1,6    
    1.042435676594324e-03
    1,22       1,4        1,7    
    4.327369457264319e-04
    1,22       1,4        1,8    
    3.804759293666695e-04
    1,22       1,4        1,9    
    4.680213475626031e-05
    1,22       1,4        1,10   
   -2.733347362539062e-04
    1,22       1,4        1,11   
   -2.247554352479392e-04
    1,22       1,4        1,12   
    5.146557715142327e-05
    1,22       1,4        1,13   
   -1.963510687896875e-04
    1,22       2,2        2,2    
   -5.956487218763623e-04
    1,22       3,13       3,13   
   -1.458549461136276e-03
    1,22       5,1        5,1    
    2.040720939042402e-04
    1,22       7,7        7,7    
    5.140037377314229e-04
    1,22       8,1        8,1    
   -2.370042283206828e-03
    1,22       1,4        1,4        1,4    
   -1.648697246127240e-06
    1,22       1,4        2,2        2,2    
   -8.573771901738814e-06
    1,22       1,4        3,13       3,13   
    3.437903036718036e-06
    1,22       1,4        5,1        5,1    
   -9.135738017503814e-07
    1,22       1,4        7,7        7,7    
   -4.143719937521533e-06
    1,22       1,4        8,1        8,1    
   -2.396059797081660e-05
    1,22       5,1        3,13       2,2    
   -8.240893020314378e-06
    1,22       8,1        7,7        2,2    
   -2.469039583953803e-06
    2,6        2,1                          # 1st-scaling bias replacing an irred-2 HN coord
    2.141410839597775e-03
    2,6        2,2    
   -1.072284704176224e-02
    2,6        2,2        1,2    
   -3.493869794849134e-03
    2,6        2,2        1,3    
   -1.227087333713982e-02
    2,6        2,2        1,4    
   -9.667236987204199e-02
    2,6        2,2        1,8    
   -5.726941497718801e-03
    2,6        2,2        1,9    
   -3.644415488063942e-03
    2,6        2,2        1,10   
   -5.980669265054630e-04
    2,6        2,2        1,11   
    2.118600773595130e-04
    2,6        2,2        1,12   
   -4.101755263826116e-03
    2,6        2,2        1,13   
    2.129148020706421e-03
    2,6        5,1        3,1    
   -4.373654194992235e-04
    2,6        5,1        3,2    
   -2.571018856849211e-03
    2,6        5,1        3,3    
    3.555504182461906e-03
    2,6        5,1        3,4    
    9.252264390060480e-04
    2,6        5,1        3,5    
   -5.110121799680019e-04
    2,6        5,1        3,6    
    5.684103336917961e-04
    2,6        5,1        3,7    
   -8.712331326625778e-04
    2,6        5,1        3,8    
   -8.709462317581027e-04
    2,6        5,1        3,9    
   -5.570766728203238e-04
    2,6        5,1        3,10   
   -1.964985203678621e-03
    2,6        5,1        3,13   
   -8.289393089981769e-03
    2,6        8,1        7,1    
    1.062492712101362e-03
    2,6        8,1        7,2    
   -3.330926898434187e-04
    2,6        8,1        7,3    
    3.062867290137204e-04
    2,6        8,1        7,4    
   -3.624390221894167e-05
    2,6        8,1        7,5    
    5.465795226724012e-04
    2,6        8,1        7,6    
    9.441854954378702e-03
    2,6        8,1        7,7    
    6.688482186683285e-03
    2,6        5,1        3,13       1,4    
   -7.343959611798530e-05
    2,6        2,2        3,13       3,13   
   -1.320562948022697e-04
    2,6        2,2        5,1        5,1    
   -7.983830702134668e-05
    1,22       1,22       1,1               # 1st-scaling bias replacing a sqaure of HN coords
    3.949190704017907e-04
    1,22       1,22       1,2    
   -5.711631300089345e-05
    1,22       1,22       1,3    
    4.360446737822665e-04
    1,22       1,22       1,4    
   -1.226386493519000e-03
    1,22       1,22       1,5    
   -6.955658495261006e-04
    1,22       1,22       1,6    
    8.673048606243064e-04
    1,22       1,22       1,7    
   -9.620027106590390e-04
    1,22       1,22       1,8    
   -3.237237669807755e-04
    1,22       1,22       1,9    
   -1.293433121312979e-04
    1,22       1,22       1,10   
    2.402969265745668e-04
    1,22       1,22       1,11   
   -4.720904946033597e-05
    1,22       1,22       1,12   
   -1.863192569751259e-04
    1,22       1,22       1,13   
   -1.249261371444113e-06
    2,6        2,6        1,1    
    1.593258450088551e-03
    2,6        2,6        1,2    
   -1.554557105748045e-04
    2,6        2,6        1,3    
    2.565466893366274e-03
    2,6        2,6        1,4    
   -1.588140550510313e-02
    2,6        2,6        1,5    
   -1.307702280452362e-03
    2,6        2,6        1,6    
    1.644869326160732e-03
    2,6        2,6        1,7    
   -1.351512967785229e-03
    2,6        2,6        1,8    
   -2.518082859634162e-05
    2,6        2,6        1,9    
   -2.692877558192894e-04
    2,6        2,6        1,10   
   -3.491744950651062e-04
    2,6        2,6        1,11   
   -6.212940802241065e-04
    2,6        2,6        1,12   
    1.435807680533993e-06
    2,6        2,6        1,13   
    5.042857251599958e-04
    1,22       1,22       1,4        1,4    
    9.943418699945162e-03
    1,22       1,22       2,2        2,2    
    9.765676047378704e-03
    1,22       1,22       3,13       3,13   
    8.972357331952240e-03
    1,22       1,22       5,1        5,1    
    1.017596087097517e-02
    1,22       1,22       7,7        7,7    
    1.024028972665232e-02
    1,22       1,22       8,1        8,1    
    8.743922366008031e-03
    2,6        2,6        1,4        1,4    
   -1.338022278621941e-01
    2,6        2,6        2,2        2,2    
   -1.226259482753394e-01
    2,6        2,6        3,13       3,13   
   -1.960491374073534e-02
    2,6        2,6        5,1        5,1    
   -2.658683665619963e-03
    1,23                                    # 1st-scaling redundancy bias
    4.572752037016468e-02
    1,23       1,23    
    4.022110350573894e-02
    1,23       1,23       1,23   
    2.412083067166923e-03
    1,23       1,23       1,23       1,23   
   -3.619238111341683e-02
    1,23       1,3                          # 1st-scaling redundancy bias replacing an irred-1 HN coord
    7.506320582496380e-04
    1,23       1,1    
    5.912169383448683e-04
    1,23       1,2    
   -9.480834417571438e-05
    1,23       1,5    
   -1.252025407141909e-03
    1,23       1,6    
    1.529082338303304e-03
    1,23       1,7    
   -1.777777059344563e-03
    1,23       1,8    
   -6.444374698953480e-04
    1,23       1,9    
   -2.255123581536766e-04
    1,23       1,10   
    5.242234102334298e-04
    1,23       1,11   
   -1.678704074878102e-05
    1,23       1,12   
   -3.728151446114611e-04
    1,23       1,13   
   -6.478026584233184e-05
    1,23       1,14   
    1.713111760616833e-03
    1,23       6,1        6,1    
   -7.568900134517306e-05
    1,23       1,4    
   -1.656373773728557e-03
    1,23       1,4        1,4    
    1.965171120120527e-04
    1,23       2,2        2,2    
   -7.779243768681969e-05
    1,23       3,13       3,13   
   -1.547474824464668e-03
    1,23       5,1        5,1    
    4.408160017051272e-04
    1,23       7,7        7,7    
    3.631912956367513e-04
    1,23       8,1        8,1    
   -2.459950404153804e-03
    1,23       1,14       1,14   
   -6.111236408242112e-04
    1,23       1,14       1,14       1,14   
   -6.626229216137811e-07
    1,23       1,14       6,1        6,1    
    1.831369260332178e-07
    1,23       1,14       1,4    
   -3.348638694864565e-04
    1,23       1,4        1,4        1,4    
    2.587842586240743e-06
    1,23       1,14       1,4        1,4    
    1.060181543076962e-05
    1,23       1,14       1,14       1,4    
    1.340292438210591e-06
    1,23       2,2        2,2        1,4    
    3.369970781476395e-07
    1,23       1,4        6,1        6,1    
   -8.361148207988753e-07
    1,23       1,23       1,1               # 1st-scaling redundancy bias replacing a square of HN coords
    7.909408254328249e-04
    1,23       1,23       1,2    
   -4.784745992318323e-05
    1,23       1,23       1,3    
    8.408246714958401e-04
    1,23       1,23       1,5    
   -1.179699339972715e-03
    1,23       1,23       1,6    
    2.200928084910781e-03
    1,23       1,23       1,7    
   -1.787700141176656e-03
    1,23       1,23       1,8    
   -9.509113378077600e-04
    1,23       1,23       1,9    
   -2.253800121471788e-04
    1,23       1,23       1,10   
    6.301440419163762e-04
    1,23       1,23       1,11   
    5.378829808731761e-05
    1,23       1,23       1,12   
   -4.396985116257902e-04
    1,23       1,23       1,13   
    6.732810154705165e-05
    1,23       1,23       1,14   
    9.503496307848497e-04
    1,23       1,23       1,14       1,14   
    9.295106214890339e-03
    1,23       1,23       6,1        6,1    
    9.874268777216325e-03
    1,23       1,23       1,4    
   -2.323913734474937e-03
    1,23       1,23       1,4        1,4    
    1.010623577837394e-02
    1,23       1,23       1,14       1,4    
   -5.247594848245478e-04
    1,18                                    # 2nd-scaling
    4.318952068199641e-02
    1,18       1,1    
   -6.895283902616042e-04
    1,18       1,2    
   -1.425699847772160e-04
    1,18       1,18   
   -1.857580798708924e-02
    1,18       1,5    
    5.740404057044114e-04
    1,18       1,6    
   -3.922688770130497e-04
    1,18       1,7    
    1.228412405021031e-03
    1,18       1,8    
    6.254518370845079e-04
    1,18       1,9    
    2.317892042305159e-04
    1,18       1,10   
   -1.676225567913090e-04
    1,18       1,11   
    5.440880802655072e-04
    1,18       1,12   
    1.739312994499983e-04
    1,18       1,13   
    1.890250074690303e-05
    2,3        2,3    
   -1.792372572116320e-02
    2,4        2,3    
    6.753213744048990e-04
    2,4        2,4    
    1.111311609128745e-02
    5,2        2,3        3,1    
    8.764857263464040e-05
    5,2        2,3        3,2    
    1.939477615583613e-04
    5,2        2,3        3,3    
   -6.061883380935630e-04
    5,2        2,3        3,4    
    3.245850274975711e-04
    5,2        2,3        3,5    
    4.663240846592008e-04
    5,2        2,3        3,6    
   -4.021518564907891e-04
    5,2        2,3        3,7    
    3.906820295668091e-05
    5,2        2,3        3,8    
   -4.290064339919242e-05
    5,2        2,3        3,9    
   -2.802670954910451e-04
    5,2        2,3        3,10   
    1.082873488014329e-04
    8,2        2,3        7,1    
   -6.990674333298718e-04
    8,2        2,3        7,2    
    2.837934328173833e-04
    8,2        2,3        7,3    
    2.123495129435289e-05
    8,2        2,3        7,4    
   -7.737316685104370e-05
    8,2        2,3        7,5    
    1.452243650734594e-04
    8,2        2,3        7,6    
   -8.886288455743264e-04
    8,2        2,4        7,1    
   -2.346053686138774e-03
    8,2        2,4        7,2    
    1.396127963910361e-03
    8,2        2,4        7,3    
    8.918721683376003e-04
    8,2        2,4        7,4    
    5.376070680182361e-04
    8,2        2,4        7,5    
   -7.914454126629943e-04
    8,2        2,4        7,6    
   -6.994515444116938e-03
    5,2        8,2        4,1    
   -5.107734567824590e-04
    5,2        8,2        4,2    
    6.959444211436238e-04
    5,2        8,2        4,3    
   -1.652899025961752e-03
    1,19   
    2.026387482328670e-03
    1,19       1,19   
    1.099337764636438e-02
    3,14       3,14   
    1.072324550718640e-02
    5,2        5,2    
    9.900686381557824e-03
    7,8        7,8    
    1.274357161385991e-02
    8,2        8,2    
    9.088847758063984e-03
    3,14       3,14       1,19   
    2.193420764922474e-05
    5,2        5,2        1,19   
    3.518012985210463e-05
    7,8        7,8        1,19   
    2.849757379393308e-05
    8,2        8,2        1,19   
    1.122295227389387e-05
    5,2        3,14       2,4    
    2.047046807341547e-04
    8,2        7,8        2,4    
    1.923443723484065e-05
    7,8        7,8        1,19       1,19   
    3.275058717264481e-05
    8,2        8,2        1,19       1,19   
    1.184458513718938e-05
    8,2        7,8        2,4        1,19   
    3.406862742207113e-05
    7,8        7,8        2,4        2,4    
    2.452891603040590e-05
    8,2        8,2        2,4        2,4    
   -1.476413543789871e-05
    3,14       3,14       3,14       3,14   
    4.221046977008915e-06
    5,2        5,2        3,14       3,14   
    3.238256541820753e-05
    7,8        7,8        3,14       3,14   
    3.926688507697869e-04
    8,2        8,2        3,14       3,14   
    7.884299550616119e-06
    8,2        7,8        5,2        3,14   
    4.439091541315274e-04
    5,2        5,2        5,2        5,2    
   -2.149092674031078e-06
    7,8        7,8        5,2        5,2    
    4.752202733884953e-07
    8,2        8,2        5,2        5,2    
    4.314186631014763e-04
    7,8        7,8        7,8        7,8    
    5.517790159604098e-06
    8,2        8,2        7,8        7,8    
    7.374001530663774e-06
    8,2        8,2        8,2        8,2    
   -6.815966909099516e-05
    1,19       1,1    
    2.647453506404056e-03
    1,19       1,2    
   -1.569919218998427e-04
    1,19       1,18   
   -1.969413635790878e-03
    1,19       1,5    
   -1.805878061977712e-03
    1,19       1,6    
    1.670339676201479e-04
    1,19       1,7    
   -6.437442288030708e-03
    1,19       1,8    
    9.743474883251350e-04
    1,19       1,9    
   -7.053438251828981e-04
    1,19       1,10   
   -1.987329564445870e-03
    1,19       1,11   
   -1.608578920030167e-03
    1,19       1,12   
    5.954165246896793e-04
    1,19       1,13   
   -2.493715579321635e-04
    3,14       3,1    
    3.425883383147821e-03
    3,14       3,2    
   -2.733001161565224e-03
    3,14       3,3    
    5.207732844054514e-04
    3,14       3,4    
   -6.878499271057124e-05
    3,14       3,5    
    6.410947895484764e-05
    3,14       3,6    
   -1.018905731231000e-03
    3,14       3,7    
    8.926740686399858e-04
    3,14       3,8    
    9.947506201609265e-05
    3,14       3,9    
   -6.777816126041521e-04
    3,14       3,10   
   -1.339791253480562e-03
    7,8        7,1    
   -3.429566003084345e-04
    7,8        7,2    
    1.776734058163700e-04
    7,8        7,3    
    7.272652231188180e-05
    7,8        7,4    
    1.229197609620099e-04
    7,8        7,5    
   -1.908228129815954e-04
    7,8        7,6    
   -9.613213357739228e-04
    1,19       1,19       1,18   
   -1.594018811211542e-05
    2,4        2,4        1,18   
   -7.055934788971389e-05
    3,14       3,14       1,1    
    1.205211107100851e-05
    3,14       3,14       1,2    
    7.283062535929604e-06
    3,14       3,14       1,18   
   -1.363827517816848e-06
    3,14       3,14       1,5    
    2.251805072664177e-05
    3,14       3,14       1,6    
    3.129984390919470e-05
    3,14       3,14       1,7    
    1.453581681164483e-06
    3,14       3,14       1,8    
   -1.145212987408792e-05
    3,14       3,14       1,9    
   -1.090954368364142e-05
    3,14       3,14       1,10   
   -1.006330956783310e-05
    3,14       3,14       1,11   
   -3.489626946199493e-05
    3,14       3,14       1,12   
   -7.161595417280951e-06
    3,14       3,14       1,13   
    5.453773458143139e-06
    5,2        5,2        1,1    
    7.224177992285856e-06
    5,2        5,2        1,2    
   -1.558691088685309e-06
    5,2        5,2        1,18   
   -6.098382035162556e-06
    5,2        5,2        1,5    
    4.608509577590428e-07
    5,2        5,2        1,6    
    8.813933195942291e-06
    5,2        5,2        1,7    
    3.409139932522619e-06
    5,2        5,2        1,8    
   -3.650551167858890e-06
    5,2        5,2        1,9    
   -7.368067647632041e-07
    5,2        5,2        1,10   
   -4.084946543706512e-06
    5,2        5,2        1,11   
   -6.311945932030114e-06
    5,2        5,2        1,12   
   -3.584387380886263e-06
    5,2        5,2        1,13   
    6.523805168070415e-07
    7,8        7,8        1,1    
    5.493606537906720e-05
    7,8        7,8        1,2    
   -4.988079131346048e-06
    7,8        7,8        1,18   
   -2.946349246041435e-05
    7,8        7,8        1,5    
   -2.409000631199072e-05
    7,8        7,8        1,6    
   -9.146505643525645e-06
    7,8        7,8        1,7    
   -5.740871641030241e-05
    7,8        7,8        1,8    
   -4.055573192623929e-06
    7,8        7,8        1,9    
   -3.805668918237076e-06
    7,8        7,8        1,10   
   -1.303996790291283e-05
    7,8        7,8        1,11   
   -8.729301260239944e-06
    7,8        7,8        1,12   
    3.079416050835742e-07
    7,8        7,8        1,13   
    5.289589828448885e-06
    8,2        8,2        1,1    
    2.934380893388653e-05
    8,2        8,2        1,2    
    2.247880862984652e-06
    8,2        8,2        1,18   
    1.670219151822521e-05
    8,2        8,2        1,5    
   -1.860569229791768e-05
    8,2        8,2        1,6    
   -4.525518897822717e-05
    8,2        8,2        1,7    
   -3.200091193372408e-05
    8,2        8,2        1,8    
    7.028748120638764e-06
    8,2        8,2        1,9    
   -6.470903585380318e-06
    8,2        8,2        1,10   
    1.839990666454396e-06
    8,2        8,2        1,11   
    1.310556999855738e-06
    8,2        8,2        1,12   
    6.120205810697580e-06
    8,2        8,2        1,13   
    3.069314254316579e-06
    1,24   
    7.437707412019343e-03
    1,24       1,24   
   -1.469117242725070e-02
    2,7        2,7    
    3.273190064640043e-02
    1,24       1,24       1,24   
    9.012426287885372e-03
    2,7        2,7        1,24   
   -1.179901859610151e-01
    1,24       1,24       1,24       1,24   
   -3.983980526146084e-04
    2,7        2,7        1,24       1,24   
   -1.177989080089063e-03
    2,7        2,7        2,7        2,7    
   -1.505037280162235e-02
    1,24       1,1    
    1.175385776480313e-03
    1,24       1,2    
   -7.989712565247394e-05
    1,24       1,18   
    7.875628008660714e-05
    1,24       1,19   
    2.377084574455424e-03
    1,24       1,5    
   -3.922733824254080e-04
    1,24       1,6    
   -1.437277980281792e-04
    1,24       1,7    
   -8.828449677189385e-04
    1,24       1,8    
    2.178945127076320e-04
    1,24       1,9    
   -1.854489187010478e-04
    1,24       1,10   
   -9.886143152516170e-05
    1,24       1,11   
   -3.354252542072285e-04
    1,24       1,12   
   -4.375900927176459e-05
    1,24       1,13   
   -1.967244111027576e-04
    1,24       1,19       1,1    
    1.953683564314080e-03
    1,24       1,19       1,2    
   -9.961429953578792e-04
    1,24       1,19       1,18   
   -1.150056127244756e-03
    1,24       1,19       1,19   
    6.059373933984619e-04
    1,24       1,19       1,5    
    6.391394035250092e-04
    1,24       1,19       1,6    
   -7.871973093262300e-04
    1,24       1,19       1,7    
   -3.706411813489356e-03
    1,24       1,19       1,8    
    1.173794326211112e-03
    1,24       1,19       1,9    
   -1.567074665038804e-04
    1,24       1,19       1,10   
   -2.504611053792957e-03
    1,24       1,19       1,11   
   -1.324918069000914e-03
    1,24       1,19       1,12   
    1.143804098309989e-03
    1,24       1,19       1,13   
   -4.527401134560393e-05
    1,24       2,4        2,4    
    2.697132714116159e-03
    1,24       3,14       3,14   
    5.577728807375366e-04
    1,24       5,2        5,2    
   -1.527644049708903e-04
    1,24       7,8        7,8    
    1.179383688260277e-03
    1,24       8,2        8,2    
   -1.844525207414252e-03
    1,24       1,19       3,14       3,14   
    1.591965837770285e-05
    1,24       1,19       5,2        5,2    
    1.814423607774882e-05
    1,24       1,19       7,8        7,8    
    1.268790448117822e-05
    1,24       1,19       8,2        8,2    
    4.021228173056679e-06
    1,24       5,2        3,14       2,4    
    2.121410357371721e-04
    1,24       8,2        7,8        2,4    
    2.201790310593998e-05
    2,7        2,3    
   -4.343818249614948e-03
    2,7        2,4    
    4.797097574999719e-03
    2,7        2,4        1,18   
   -4.497218103175535e-03
    2,7        2,4        1,19   
    6.263323477091485e-04
    2,7        2,4        1,8    
   -5.839954784058213e-04
    2,7        2,4        1,9    
    1.415375174161864e-03
    2,7        2,4        1,12   
    1.370292928782236e-03
    2,7        2,4        1,13   
    6.197129169372009e-03
    2,7        5,2        3,1    
    4.317894621478994e-03
    2,7        5,2        3,2    
   -2.021464287216144e-03
    2,7        5,2        3,3    
   -1.668486381530435e-03
    2,7        5,2        3,4    
   -5.305041190864382e-05
    2,7        5,2        3,5    
    4.804481518886929e-04
    2,7        5,2        3,6    
   -1.033022202919199e-03
    2,7        5,2        3,7    
    1.062089082422711e-03
    2,7        5,2        3,8    
    9.698747282122090e-04
    2,7        5,2        3,9    
    1.011667678280688e-04
    2,7        5,2        3,10   
    9.933857628365234e-04
    2,7        5,2        3,14   
    1.413979401505257e-03
    2,7        8,2        7,1    
   -5.001379407112375e-04
    2,7        8,2        7,2    
    2.296072572956726e-04
    2,7        8,2        7,3    
    1.478588018907050e-04
    2,7        8,2        7,4    
    7.526352574657598e-05
    2,7        8,2        7,5    
   -3.124516872648885e-04
    2,7        8,2        7,6    
   -1.703989479645651e-03
    2,7        8,2        7,8    
    3.230338073417294e-03
    2,7        5,2        3,14       1,19   
    4.391346251308382e-04
    2,7        8,2        7,8        1,19   
    3.335140868201615e-05
    2,7        2,4        3,14       3,14   
    4.889502030962135e-04
    2,7        2,4        5,2        5,2    
    2.242523117614857e-04
    2,7        2,4        7,8        7,8    
    1.707881410607336e-05
    2,7        2,4        8,2        8,2    
   -7.097798532454472e-06
    1,24       1,24       1,1    
    4.253875091160190e-04
    1,24       1,24       1,2    
   -1.402760529715508e-04
    1,24       1,24       1,18   
   -1.690799503664403e-05
    1,24       1,24       1,19   
    1.453184433846662e-03
    1,24       1,24       1,5    
   -1.814776572854890e-04
    1,24       1,24       1,6    
    8.877276698155057e-05
    1,24       1,24       1,7    
   -9.447492052618814e-05
    1,24       1,24       1,8    
    8.010805559092798e-06
    1,24       1,24       1,9    
   -1.078012946434595e-04
    1,24       1,24       1,10   
   -2.067900094406772e-04
    1,24       1,24       1,11   
   -2.743123719359844e-04
    1,24       1,24       1,12   
   -1.074328710245647e-04
    1,24       1,24       1,13   
   -2.163786534494844e-06
    2,7        2,7        1,1    
   -1.203644084977819e-04
    2,7        2,7        1,2    
   -7.231620384431196e-04
    2,7        2,7        1,18   
   -1.148395458950009e-03
    2,7        2,7        1,19   
    7.519341113263378e-03
    2,7        2,7        1,5    
    8.156621780100496e-04
    2,7        2,7        1,6    
   -6.293815871240628e-05
    2,7        2,7        1,7    
   -1.520435602279009e-03
    2,7        2,7        1,8    
   -9.411200643331667e-04
    2,7        2,7        1,9    
   -1.095753407618768e-03
    2,7        2,7        1,10   
   -2.610950055485247e-03
    2,7        2,7        1,11   
   -3.378254628808584e-03
    2,7        2,7        1,12   
   -1.828129123522062e-04
    2,7        2,7        1,13   
   -3.770347268105190e-04
    1,24       1,24       1,19       1,19   
    9.769445593810376e-03
    1,24       1,24       2,4        2,4    
    1.189030767495944e-02
    1,24       1,24       3,14       3,14   
    1.026686663513932e-02
    1,24       1,24       5,2        5,2    
    9.832679707061453e-03
    1,24       1,24       7,8        7,8    
    1.034768505935498e-02
    1,24       1,24       8,2        8,2    
    7.761629847387252e-03
    2,7        2,7        1,19       1,19   
    1.176048615479084e-02
    2,7        2,7        3,14       3,14   
    1.126358946265907e-02
    2,7        2,7        5,2        5,2    
    1.259984958942452e-02
    2,7        2,7        7,8        7,8    
    1.245633139267298e-02
    2,7        2,7        8,2        8,2    
    1.113842407715991e-02
bias
    2.171339293267333e-02
