 N      7.    0.00000000    0.00000000   -4.28115402   14.00307401
 C      6.    0.00000000    0.00000000   -1.77206556   12.00000000
 C      6.    0.00000000   -2.34068011   -0.40902142   12.00000000
 C      6.    0.00000000    2.34068011   -0.40902142   12.00000000
 C      6.    0.00000000   -2.30154068    2.16096036   12.00000000
 C      6.    0.00000000    2.30154068    2.16096036   12.00000000
 C      6.    0.00000000    0.00000000    3.47181402   12.00000000
 H      1.    0.00000000   -1.65614638   -5.30329630    1.00782504
 H      1.    0.00000000    1.65614638   -5.30329630    1.00782504
 H      1.    0.00000000   -4.07413202   -1.44476209    1.00782504
 H      1.    0.00000000    4.07413202   -1.44476209    1.00782504
 H      1.    0.00000000   -4.04201308    3.19559098    1.00782504
 H      1.    0.00000000    4.04201308    3.19559098    1.00782504
 H      1.    0.00000000    0.00000000    5.49809531    1.00782504
