 N      7.   -4.47596628    0.15727041   -0.23602497   14.00307401
 C      6.   -1.75551680    0.01746090   -0.10624754   12.00000000
 C      6.   -0.37487214    0.20035680   -2.34102816   12.00000000
 C      6.   -0.45912028   -0.14791770    2.17741124   12.00000000
 C      6.    2.23698144    0.16503880   -2.28489928   12.00000000
 C      6.    2.16034957   -0.13178230    2.22008176   12.00000000
 C      6.    3.51712252    0.01208475   -0.00619802   12.00000000
 H      1.   -5.17246359   -1.58356383   -0.76361308    1.00782504
 H      1.   -5.12749787    0.41200784    1.57638378    1.00782504
 H      1.   -1.36095187    0.38448924   -4.10147230    1.00782504
 H      1.   -1.49458168   -0.30398123    3.91477514    1.00782504
 H      1.    3.27790571    0.29396642   -4.02170609    1.00782504
 H      1.    3.13271994   -0.25198607    3.99712834    1.00782504
 H      1.    5.54533417    0.00997514    0.02888104    1.00782504
