    3,1        1,3                # harmonic with-HN
    8.609317015933145e-02
    3,2        1,3    
   -3.579575811195627e-02
    3,3        1,3    
    5.968883511809754e-01
    3,4        1,3    
   -3.946835089399345e-01
    3,5        1,3    
   -7.880631652985290e-03
    3,6        1,3    
    2.288474210022771e-01
    3,7        1,3    
    2.040433122605564e-01
    3,8        1,3    
   -1.112478824060708e-01
    3,9        1,3    
   -1.966725145581150e-01
    3,10       1,3    
    1.464550744660947e+00
    3,1        1,14   
    2.875837934288206e-01
    3,2        1,14   
    7.185968566459720e-02
    3,3        1,14   
    3.610231449821606e-01
    3,4        1,14   
    5.527195360472562e-02
    3,5        1,14   
   -4.448115466885869e-02
    3,6        1,14   
    1.055917309641569e-01
    3,7        1,14   
    1.063432679744117e-02
    3,8        1,14   
    9.408879240577797e-03
    3,9        1,14   
   -6.898589769436991e-03
    3,10       1,14   
    1.434239239127805e-02
    5,1        2,1    
    7.354406872801105e-01
    5,1        2,2    
   -9.857069718041903e-01
    8,1        6,1    
   -7.056468182600744e-01
    5,1        2,1        1,1    # C2v-planar B2 x A1 <- G8 irred-5 x irred-2 x irred-1
   -1.903897697650538e-01
    5,1        2,1        1,2    
   -1.807355002937617e-01
    5,1        2,1        1,3    
   -3.385656798838362e-01
    5,1        2,1        1,5    
   -5.770174540852773e-01
    5,1        2,1        1,6    
   -4.700751198613074e-01
    5,1        2,1        1,7    
   -6.779620290562419e-02
    5,1        2,1        1,8    
   -2.654621649515134e-02
    5,1        2,1        1,9    
   -8.837136612498049e-02
    5,1        2,1        1,10   
   -2.221071132776464e-01
    5,1        2,1        1,11   
   -1.666239202493687e-01
    5,1        2,1        1,12   
   -3.803586056513028e-02
    5,1        2,1        1,13   
   -4.803809359385767e-02
    5,1        2,1        1,14   
    5.497826158604490e-03
    5,1        2,2        1,1    
   -6.674495385709680e-01
    5,1        2,2        1,2    
   -1.734270398697156e-01
    5,1        2,2        1,3    
    7.500812465506143e-02
    5,1        2,2        1,5    
   -2.504717806978782e-01
    5,1        2,2        1,6    
    5.094754415223012e-01
    5,1        2,2        1,7    
   -1.217596120011243e+00
    5,1        2,2        1,8    
   -2.219718008464029e-01
    5,1        2,2        1,9    
   -1.023718119289904e-01
    5,1        2,2        1,10   
   -1.698480125428857e-01
    5,1        2,2        1,11   
   -1.990123773063471e-01
    5,1        2,2        1,12   
   -9.861118045705387e-02
    5,1        2,2        1,13   
   -8.841846953296753e-02
    5,1        2,2        1,14   
   -1.712608854078876e-02
    5,1        6,1        4,1    # C2v-planar B1 x A2 <- G8 irred-5 x irred-6 x irred-4
   -1.072739044622865e-01
    5,1        6,1        4,2    
    4.761115704285532e-02
    5,1        6,1        4,3    
    4.802739112664930e-02
    5,1        8,1        7,1    # C2v-planar / C2v-perpendicular A2 x B1 <- G8 irred-5 x irred-8 x irred-7
    2.269046969348437e-02
    5,1        8,1        7,2    
    6.387288221784365e-02
    5,1        8,1        7,3    
    4.764711687117009e-02
    5,1        8,1        7,4    
   -4.488213426893421e-02
    5,1        8,1        7,5    
    4.288949173030834e-02
    5,1        8,1        7,6    
   -1.292655415222122e-01
    1,22       3,1               # 1st-scaling bias replacing an irred-1 HN coord
   -3.658227117984946e+00
    1,22       3,2    
    1.148717156604997e+00
    1,22       3,3    
   -3.992842226734246e+00
    1,22       3,4    
   -5.957436831802260e-01
    1,22       3,5    
    7.511002779306129e-03
    1,22       3,6    
   -2.264526928481538e-01
    1,22       3,7    
    3.394398355884902e-01
    1,22       3,8    
    1.837227755156115e-01
    1,22       3,9    
   -7.134103399833799e-01
    1,22       3,10   
    3.366911395777161e+00
    1,22       5,1        2,1    
   -4.117990790699880e-02
    1,22       5,1        2,2    
    1.422213601713040e-01
    2,6        5,1               # 1st-scaling bias replacing an irred-2 HN coord
   -1.908260721990912e+00
    2,6        5,1        1,1    
   -1.613729819734927e+00
    2,6        5,1        1,2    
    4.359196536712449e-01
    2,6        5,1        1,3    
   -6.938620524511737e-01
    2,6        5,1        1,5    
    2.953819118359912e+00
    2,6        5,1        1,6    
    2.822669208189391e+00
    2,6        5,1        1,7    
   -1.711172028427252e+00
    2,6        5,1        1,8    
   -6.858394061188821e-01
    2,6        5,1        1,9    
   -1.734164212626347e-01
    2,6        5,1        1,10   
    5.223977891020123e-01
    2,6        5,1        1,11   
    4.971298629865125e-01
    2,6        5,1        1,12   
   -1.654171835717740e-01
    2,6        5,1        1,13   
   -4.193816392778831e-01
    2,6        5,1        1,14   
   -1.110769743809190e+00
    1,23       3,1               # 1st-scaling redundancy bias replacing an irred-1 HN coord
    2.157127649700751e+00
    1,23       3,2    
   -5.224189490891904e-01
    1,23       3,3    
    1.835467988339105e+00
    1,23       3,4    
    1.175352965219803e+00
    1,23       3,5    
   -9.896554129828736e-03
    1,23       3,6    
   -9.816092754339534e-02
    1,23       3,7    
   -5.406669813141467e-01
    1,23       3,8    
   -2.847766161304789e-02
    1,23       3,9    
    9.457560668843965e-01
    1,23       3,10   
   -4.986055776017646e+00
    1,23       5,1        2,1    
   -3.521676040796389e-01
    1,23       5,1        2,2    
    8.544089173433733e-01
    3,1        1,18               # 2nd-scaling harmonic with-HN
   -2.091628341283358e+00
    3,2        1,18   
    7.364788438812901e-01
    3,3        1,18   
   -2.783444947257806e+00
    3,4        1,18   
    3.720090175695754e-01
    3,5        1,18   
   -3.863931340334144e-03
    3,6        1,18   
   -3.553540795277553e-01
    3,7        1,18   
   -1.027935094768747e-01
    3,8        1,18   
    1.964324019092278e-01
    3,9        1,18   
    2.842157707231076e-02
    3,10       1,18   
   -6.152655404291917e-01
    3,1        1,19   
   -5.323412649109684e+00
    3,2        1,19   
   -3.319878373852301e+00
    3,3        1,19   
   -8.247495204205757e+00
    3,4        1,19   
    9.590569088750798e-01
    3,5        1,19   
   -3.409519307988224e-01
    3,6        1,19   
   -2.364334900808691e+00
    3,7        1,19   
   -1.775033786792082e-01
    3,8        1,19   
    5.284994075093585e-01
    3,9        1,19   
    1.813753134178589e-02
    3,10       1,19   
   -1.360101137663316e-01
    5,2        2,3    
    4.422216419803560e-01
    5,2        2,4    
   -1.155360151883038e+01
    7,8        4,1    
   -1.043777327973044e+00
    7,8        4,2    
    6.485925075096743e-01
    7,8        4,3    
    3.155069684361543e-01
    5,2        2,3        1,1    # 2nd-scaling C2v-planar B2 x A1 <- G8 irred-5 x irred-2 x irred-1
    1.776262715698647e+00
    5,2        2,3        1,2    
    4.414993583384289e-01
    5,2        2,3        1,18   
   -6.337598703812969e-02
    5,2        2,3        1,19   
    1.122111284122117e+01
    5,2        2,3        1,5    
   -6.585377156197231e-01
    5,2        2,3        1,6    
   -4.235969971815505e+00
    5,2        2,3        1,7    
    3.901660972138220e+00
    5,2        2,3        1,8    
    1.210316207027181e+00
    5,2        2,3        1,9    
    2.509642936199266e-01
    5,2        2,3        1,10   
    1.947175079019093e-01
    5,2        2,3        1,11   
    3.465958799009978e-01
    5,2        2,3        1,12   
    3.483998766478009e-01
    5,2        2,3        1,13   
    5.715468232470357e-01
    5,2        2,4        1,1    
    1.719679403077589e+01
    5,2        2,4        1,2    
    5.379156022888689e+00
    5,2        2,4        1,18   
   -7.022834578179142e+00
    5,2        2,4        1,19   
    5.938563787980977e+00
    5,2        2,4        1,5    
    1.041372468114382e+01
    5,2        2,4        1,6    
   -1.020900899123538e+01
    5,2        2,4        1,7    
    2.164681003069511e+01
    5,2        2,4        1,8    
    7.313821783093962e+00
    5,2        2,4        1,9    
    2.085669734856476e+00
    5,2        2,4        1,10   
    4.006046865695149e+00
    5,2        2,4        1,11   
    4.001343196515132e+00
    5,2        2,4        1,12   
    2.764543556663883e+00
    5,2        2,4        1,13   
    6.202592642549476e-01
    5,2        8,2        7,1    # 2nd-scaling C2v-planar / C2v-perpendicular A2 x B1 <- G8 irred-5 x irred-8 x irred-7
   -3.249025694145063e+00
    5,2        8,2        7,2    
   -6.180439228572423e-01
    5,2        8,2        7,3    
   -1.765704853052807e-01
    5,2        8,2        7,4    
    1.089899466302486e+00
    5,2        8,2        7,5    
   -4.329751777055129e+00
    5,2        8,2        7,6    
    5.344424267217588e+00
    5,2        8,2        7,8    
    8.675237765270740e+00
    1,24       3,1                # 2nd-scaling bias replacing an irred-1 HN coord
    5.656826248823491e-01
    1,24       3,2    
   -1.028423645075155e-01
    1,24       3,3    
   -5.321079815274342e-02
    1,24       3,4    
    8.437809911730747e-01
    1,24       3,5    
   -3.960121051279779e-03
    1,24       3,6    
   -2.754384241794592e-01
    1,24       3,7    
   -3.867194577384575e-01
    1,24       3,8    
    1.654169645527907e-01
    1,24       3,9    
    5.111633964826646e-01
    1,24       3,10   
   -3.115452548894915e+00
    1,24       5,2        2,3    
   -1.339018989240471e+00
    1,24       5,2        2,4    
    3.354722997425479e+00
    2,7        5,2               # 2nd-scaling bias replacing an irred-2 HN coord
   -1.644196159533521e+00
    2,7        5,2        1,1    
   -4.456707624281886e+00
    2,7        5,2        1,2    
   -5.953368402374416e-01
    2,7        5,2        1,18   
   -1.472931543141207e+00
    2,7        5,2        1,19   
   -5.636423670909639e+00
    2,7        5,2        1,5    
    2.351721238589406e+00
    2,7        5,2        1,6    
    5.154841101451112e+00
    2,7        5,2        1,7    
   -6.536500079267678e+00
    2,7        5,2        1,8    
   -2.138472143454233e+00
    2,7        5,2        1,9    
   -8.178195564992440e-01
    2,7        5,2        1,10   
   -5.981309443141271e-01
    2,7        5,2        1,11   
   -6.184912614607537e-01
    2,7        5,2        1,12   
   -6.909864710948701e-01
    2,7        5,2        1,13   
   -1.276659469394694e+00
    8,1        2,1        4,1               # C2v-perpendicular B1 x A2 <- G8 irred-8 x irred-2 x irred-4
   -1.635970875163598e-01
    8,1        2,1        4,2    
   -4.258752428220928e-01
    8,1        2,1        4,3    
    7.865157474874309e-01
    8,1        2,2        4,1    
    2.778912224524687e+00
    8,1        2,2        4,2    
    2.420576557644685e+00
    8,1        2,2        4,3    
   -6.025209890034174e+00
    8,1        6,1        1,1               # C2v-perpendicular B2 x A1 <- G8 irred-8 x irred-6 x irred-1
   -1.474761718991850e-01
    8,1        6,1        1,2    
   -9.784418422830798e-02
    8,1        6,1        1,3    
    1.553842012136330e-01
    8,1        6,1        1,5    
   -1.563947308132867e-01
    8,1        6,1        1,6    
    1.476014488949139e-01
    8,1        6,1        1,7    
   -2.692377535135733e-01
    8,1        6,1        1,8    
   -7.480033967828906e-02
    8,1        6,1        1,9    
   -4.152608085960282e-02
    8,1        6,1        1,10   
   -1.067873164103072e-01
    8,1        6,1        1,11   
   -1.093987453258507e-01
    8,1        6,1        1,12   
   -4.036888667379706e-02
    8,1        6,1        1,13   
   -5.186334452210101e-02
    8,1        6,1        1,14   
    1.435749221846012e-01
    3,13                                     # HN spherical coordinate angles
    4.293291578001441e+00
    3,13       1,4    
   -1.179433152208240e-01
    1,22       8,1        6,1    # 1st-scaling bias replacing an irred-1 HN coord    
    5.478839850055551e-01
    1,22       3,13   
   -2.990644062035859e+00
    2,6        8,1        4,1    # 1st-scaling bias replacing an irred-2 HN coord
    2.105693211305449e-01
    2,6        8,1        4,2    
    4.979176587873337e-02
    2,6        8,1        4,3    
    1.870514714858992e-01
    3,14                         # 2nd-scaling harmonic with-HN
    9.530843173429685e-01
    3,14       1,1    
    1.785822081489373e+00
    3,14       1,2    
    8.218080353091100e-01
    3,14       1,18   
    1.623157952763325e+00
    3,14       1,19   
    3.150603268209779e+00
    3,14       1,5    
    1.127219551944148e+00
    3,14       1,6    
   -5.565406840851337e-01
    3,14       1,7    
    2.527839415006076e+00
    3,14       1,8    
    7.746590116735508e-01
    3,14       1,9    
    4.949328870434402e-01
    3,14       1,10   
    1.002710569024355e+00
    3,14       1,11   
    9.220715727254285e-01
    3,14       1,12   
    3.623761882913880e-01
    3,14       1,13   
    5.463215630389130e-01
    8,2        2,3        4,1    # 2nd-scaling C2v-perpendicular B1 x A2 <- G8 irred-8 x irred-2 x irred-4
   -5.388551345005541e-01
    8,2        2,3        4,2    
    4.742901296922860e-01
    8,2        2,3        4,3    
   -6.454785478025687e-02
    8,2        2,4        4,1    
    7.636844426040017e+00
    8,2        2,4        4,2    
   -2.626676107460563e+00
    8,2        2,4        4,3    
   -6.715353027113463e+00
    1,24       3,14              # 2nd-scaling bias replacing an irred-1 HN coord    
   -1.967076992564149e-01
    2,7        8,2        4,1    # 2nd-scaling bias replacing an irred-2 HN coord
   -4.184758493037758e-01
    2,7        8,2        4,2    
    3.659627826367378e-01
    2,7        8,2        4,3    
    2.755958044740271e-01
